  Time                 , V(Q1:G)              , V(Q1:D)              , I(Q1:D)              
  2.000000000000e-08  ,4.185574220948e-04  ,2.998251637223e-02  ,6.193850208271e-03  
  2.056000426412e-08  ,4.307076001659e-04  ,3.085128061910e-02  ,6.367272937301e-03  
  2.168001279235e-08  ,4.558717482749e-04  ,3.263768513285e-02  ,6.714108724695e-03  
  2.392002984881e-08  ,5.098470333544e-04  ,3.650104964212e-02  ,7.407665012417e-03  
  2.840006396174e-08  ,6.328142356238e-04  ,4.539264688770e-02  ,8.794091149540e-03  
  3.736013218760e-08  ,9.351103309319e-04  ,6.790173447507e-02  ,1.156325617010e-02  
  5.528026863933e-08  ,1.741658691480e-03  ,1.325461785533e-01  ,1.710382314489e-02  
  9.112054154277e-08  ,4.062129725551e-03  ,3.490889674121e-01  ,2.812403970097e-02  
  1.179754142463e-07  ,6.451020697887e-03  ,6.014417284470e-01  ,3.618971805890e-02  
  1.404910688102e-07  ,6.865381055298e-03  ,7.444320630148e-01  ,1.489145987284e-02  
  1.621990804374e-07  ,5.266866472997e-03  ,7.663492413620e-01  ,-8.570099732794e-03  
  1.835673455894e-07  ,3.791725790595e-03  ,7.662857287082e-01  ,-1.578074997854e-03  
  2.263038758934e-07  ,2.006567504032e-03  ,7.714662688119e-01  ,2.334374878676e-03  
  3.004520539939e-07  ,7.055685591672e-04  ,7.837723307482e-01  ,-1.304382360104e-03  
  4.215686921775e-07  ,6.319697120275e-06  ,7.981937758331e-01  ,2.749852230023e-04  
  5.739181642234e-07  ,-4.627915724331e-05  ,8.153012568086e-01  ,3.309664659860e-04  
  8.326500062644e-07  ,6.769039134161e-05  ,8.436363785095e-01  ,3.263335895103e-04  
  1.096865475625e-06  ,1.315736921264e-04  ,8.739596958049e-01  ,3.524892043237e-04  
  1.625296414346e-06  ,1.703376767050e-04  ,9.428110497536e-01  ,4.215918549566e-04  
  2.000000020000e-06  ,2.160017024601e-04  ,9.996050153828e-01  ,4.649571431018e-04  
  2.001000018000e-06  ,5.768610131677e-01  ,9.999021306981e-01  ,-4.856691140505e-04  
  2.001060577250e-06  ,6.118308758271e-01  ,9.999204751690e-01  ,-5.457775360406e-04  
  2.001181695751e-06  ,6.818969787629e-01  ,9.999580335281e-01  ,-6.719618941464e-04  
  2.001423932753e-06  ,8.226211187746e-01  ,1.000036304221e+00  ,-9.463764186256e-04  
  2.001908406756e-06  ,1.106495491887e+00  ,1.000199919728e+00  ,-1.544576162187e-03  
  2.002877354763e-06  ,1.683916196338e+00  ,1.000537641236e+00  ,-2.813769585800e-03  
  2.004815250776e-06  ,2.876821023723e+00  ,1.001209778454e+00  ,-5.326349312991e-03  
  2.008691042803e-06  ,5.409449740343e+00  ,1.002524566808e+00  ,-1.013339882648e-02  
  2.010000020000e-06  ,6.307930036507e+00  ,1.002960173170e+00  ,-1.169411060464e-02  
  2.010775178405e-06  ,6.408940862262e+00  ,1.003118606582e+00  ,-1.191565842023e-02  
  2.012325457963e-06  ,6.608608869234e+00  ,1.003368172397e+00  ,-1.188407681991e-02  
  2.015426017078e-06  ,6.994181908004e+00  ,1.003783068984e+00  ,-1.122538189495e-02  
  2.021627135309e-06  ,7.713373753621e+00  ,1.004659227853e+00  ,-1.023109346488e-02  
  2.034029371771e-06  ,8.969405696910e+00  ,1.006432233632e+00  ,-8.367606613944e-03  
  2.044662840399e-06  ,9.875058479715e+00  ,1.007994173825e+00  ,-7.035249202019e-03  
  2.054904408487e-06  ,1.060473561849e+01  ,2.740330324663e-01  ,6.197951128016e-01  
  2.059695876869e-06  ,1.091325384832e+01  ,1.835677512323e-01  ,6.213068287336e-01  
  2.062035359177e-06  ,1.105588181459e+01  ,1.758918742227e-01  ,6.220280340687e-01  
  2.065359808239e-06  ,1.125003849825e+01  ,1.758656388809e-01  ,6.230525108610e-01  
  2.069684870276e-06  ,1.148844856755e+01  ,1.775646362059e-01  ,6.243852201194e-01  
  2.076599009069e-06  ,1.183885947811e+01  ,1.787015372593e-01  ,6.265166926694e-01  
  2.090427286657e-06  ,1.243896164935e+01  ,1.796346614994e-01  ,6.307786739576e-01  
  2.118083841833e-06  ,1.332703608483e+01  ,1.818752192959e-01  ,6.393022215747e-01  
  2.173396952185e-06  ,1.431585586793e+01  ,1.863895373233e-01  ,6.563474301809e-01  
  2.284023172888e-06  ,1.494014776647e+01  ,1.959630963361e-01  ,6.904300726359e-01  
  2.418133623632e-06  ,1.500056733167e+01  ,2.076172874903e-01  ,7.317336174152e-01  
  2.632400400671e-06  ,1.499994019731e+01  ,2.263988132304e-01  ,7.976914141644e-01  
  2.834960825476e-06  ,1.499995796718e+01  ,2.440643296418e-01  ,8.600086895583e-01  
  3.240081675085e-06  ,1.499980681387e+01  ,2.794184201991e-01  ,9.845357996736e-01  
  4.050323374304e-06  ,1.499971984611e+01  ,3.500055737595e-01  ,1.233160908865e+00  
  5.670806772741e-06  ,1.499955936800e+01  ,4.906930741637e-01  ,1.728699050729e+00  
  8.911773569616e-06  ,1.499963835047e+01  ,7.697861018503e-01  ,2.711741265480e+00  
  1.201000002000e-05  ,1.500039183525e+01  ,9.772259593439e-01  ,3.442302247106e+00  
  1.201100001800e-05  ,1.442373976732e+01  ,9.772105188889e-01  ,3.442835787934e+00  
  1.201300012636e-05  ,1.321600067677e+01  ,9.771440448686e-01  ,3.444058012705e+00  
  1.201700034308e-05  ,1.067460257293e+01  ,9.770173050031e-01  ,3.446469545489e+00  
  1.202000002000e-05  ,8.646107976609e+00  ,9.769385796866e-01  ,3.448201444399e+00  
  1.202080006334e-05  ,8.542447624775e+00  ,9.769757531107e-01  ,3.448408366741e+00  
  1.202240007553e-05  ,8.337622341984e+00  ,9.770843424241e-01  ,3.448672303452e+00  
  1.202560009989e-05  ,7.942462549925e+00  ,9.773355925925e-01  ,3.449051676500e+00  
  1.203200014863e-05  ,7.206595572892e+00  ,9.778436930860e-01  ,3.449787873180e+00  
  1.204480024609e-05  ,5.931268002418e+00  ,9.789275892220e-01  ,3.450969498114e+00  
  1.207040044102e-05  ,3.995314660782e+00  ,1.401492914701e+00  ,8.482300004484e-02  
  1.209746989045e-05  ,2.634895373823e+00  ,1.438422804126e+00  ,-6.786700063764e-02  
  1.211460920605e-05  ,2.016460520348e+00  ,1.443938886338e+00  ,2.544529114890e-03  
  1.213469895157e-05  ,1.471414851693e+00  ,1.459024699194e+00  ,4.716650790056e-03  
  1.217487844262e-05  ,7.584047113189e-01  ,1.489894326220e+00  ,3.092725585330e-03  
  1.221359165940e-05  ,4.145676073993e-01  ,1.519604935715e+00  ,2.513861209886e-03  
  1.225142868790e-05  ,2.194706880402e-01  ,1.548676008751e+00  ,2.252274727237e-03  
  1.229721697602e-05  ,1.068109012356e-01  ,1.583926064558e+00  ,2.078394368155e-03  
  1.233023198876e-05  ,6.146294852525e-02  ,1.609393960245e+00  ,2.004008125232e-03  
  1.237203272614e-05  ,3.232070147368e-02  ,1.641702495927e+00  ,1.952164934122e-03  
  1.240097972188e-05  ,2.039593236068e-02  ,1.664118978394e+00  ,1.928333182146e-03  
  1.242986413273e-05  ,1.340045305480e-02  ,1.686522122850e+00  ,1.911886824916e-03  
  1.248763295445e-05  ,5.436948641220e-03  ,1.731434524124e+00  ,1.887800797741e-03  
  1.254388781819e-05  ,2.744873988668e-03  ,1.775305994812e+00  ,1.872157121479e-03  
  1.265639754567e-05  ,1.083039016221e-03  ,1.863451258999e+00  ,1.846623042271e-03  
  1.276449652943e-05  ,9.593179019480e-04  ,1.948644249072e+00  ,1.825448664106e-03  
  1.298069449696e-05  ,9.525372964585e-04  ,2.120496456064e+00  ,1.784659758019e-03  
  1.335033866200e-05  ,9.758520049298e-04  ,2.418785184585e+00  ,1.721733184846e-03  
  1.408962699208e-05  ,1.008352400378e-03  ,3.031779025688e+00  ,1.612022432989e-03  
  1.556820365224e-05  ,1.074844266259e-03  ,4.319018827269e+00  ,1.434202469694e-03  
  1.852535697255e-05  ,1.186488017706e-03  ,7.111452608567e+00  ,1.226712751044e-03  
  2.200000002000e-05  ,1.311781424519e-03  ,1.069122682386e+01  ,1.049889859562e-03  
  2.200100001800e-05  ,5.779570883071e-01  ,1.069242459783e+01  ,-1.726987078599e-04  
  2.200113852895e-05  ,6.580680863371e-01  ,1.069259000816e+01  ,-3.372474393092e-04  
  2.200141555085e-05  ,8.189669917826e-01  ,1.069292362357e+01  ,-6.930429717428e-04  
  2.200196959465e-05  ,1.143858531189e+00  ,1.069359346529e+01  ,-1.429089121112e-03  
  2.200307768225e-05  ,1.806198679393e+00  ,1.069493223213e+01  ,-2.889909734786e-03  
  2.200529385745e-05  ,3.180396529104e+00  ,1.069760284955e+01  ,-5.735397688213e-03  
  2.200972620784e-05  ,6.119045944796e+00  ,1.070291871020e+01  ,-1.114518727791e-02  
  2.201000002000e-05  ,6.308734833053e+00  ,1.070324608907e+01  ,-1.146812713248e-02  
  2.201054763767e-05  ,6.380341100824e+00  ,1.070383570535e+01  ,-1.148840592436e-02  
  2.201164287302e-05  ,6.521732788098e+00  ,1.070499623726e+01  ,-1.134964675239e-02  
  2.201383334372e-05  ,6.800123089252e+00  ,1.070730331325e+01  ,-1.093828269456e-02  
  2.201821428511e-05  ,7.328077525361e+00  ,1.071191815981e+01  ,-1.012500161232e-02  
  2.202697616789e-05  ,8.285912225796e+00  ,1.072117160453e+01  ,-8.733528485531e-03  
  2.204449993345e-05  ,9.861433802616e+00  ,1.073972930783e+01  ,-6.438437280138e-03  
  2.205469232771e-05  ,1.044982692090e+01  ,2.193913340097e+00  ,6.176744861210e+00  
  2.206060138318e-05  ,1.083611214407e+01  ,1.713534473718e+00  ,6.178690509477e+00  
  2.206493911121e-05  ,1.110193423563e+01  ,1.731153348106e+00  ,6.179972100288e+00  
  2.207006958100e-05  ,1.139455479660e+01  ,1.754072676102e+00  ,6.181467656294e+00  
  2.207958248231e-05  ,1.188091329070e+01  ,1.758821264310e+00  ,6.184250008588e+00  
  2.209860828492e-05  ,1.266749357653e+01  ,1.757068509257e+00  ,6.189813407829e+00  
  2.212382402990e-05  ,1.342877101438e+01  ,1.759870148431e+00  ,6.197186758079e+00  
  2.217425551984e-05  ,1.429817366191e+01  ,1.763872732152e+00  ,6.211931992081e+00  
  2.227511849973e-05  ,1.490657020749e+01  ,1.771812516427e+00  ,6.241416407006e+00  
  2.240934815976e-05  ,1.508750818174e+01  ,1.782977847837e+00  ,6.280641705125e+00  
  2.261467424009e-05  ,1.506526058198e+01  ,1.800014056152e+00  ,6.340614293701e+00  
  2.299147096250e-05  ,1.496865978110e+01  ,1.831268458132e+00  ,6.450580079017e+00  
  2.368402925107e-05  ,1.502141128934e+01  ,1.888544567534e+00  ,6.652392160503e+00  
  2.480020967099e-05  ,1.500474778598e+01  ,1.980654892734e+00  ,6.976814739834e+00  
  2.703257051084e-05  ,1.499588934608e+01  ,2.163994105811e+00  ,7.622584840316e+00  
  3.149729219052e-05  ,1.500398438030e+01  ,2.527198292748e+00  ,8.901924218828e+00  
  3.201000002000e-05  ,1.500052705651e+01  ,2.568614358302e+00  ,9.047800940758e+00  
  3.201100001800e-05  ,1.442818314681e+01  ,2.568553562976e+00  ,9.048085251193e+00  
  3.201300012636e-05  ,1.322031167426e+01  ,2.568329169561e+00  ,9.048653843281e+00  
  3.201700034308e-05  ,1.067865814458e+01  ,2.567878363887e+00  ,9.049791266054e+00  
  3.202000002000e-05  ,8.653504623384e+00  ,2.567583904964e+00  ,9.050644141052e+00  
  3.202080006334e-05  ,8.549755738763e+00  ,2.567623873705e+00  ,9.050871575707e+00  
  3.202240007553e-05  ,8.344756101775e+00  ,2.567792219239e+00  ,9.051326523171e+00  
  3.202560009989e-05  ,7.949329896522e+00  ,2.568276697345e+00  ,9.052236400662e+00  
  3.203200014863e-05  ,7.213391195917e+00  ,2.569267060255e+00  ,9.054055964575e+00  
  3.204480024609e-05  ,5.936879875374e+00  ,2.571770181901e+00  ,9.057694963306e+00  
  3.204800027046e-05  ,5.655562439733e+00  ,2.572613108553e+00  ,9.058604657144e+00  
  3.205440031919e-05  ,5.132009705166e+00  ,2.575177630667e+00  ,9.060423933626e+00  
  3.205600033137e-05  ,5.008973670489e+00  ,2.576129956163e+00  ,9.060878718797e+00  
  3.205920035574e-05  ,4.771667875492e+00  ,2.579173653292e+00  ,9.061788219643e+00  
  3.206560040447e-05  ,4.347309581632e+00  ,3.518118816609e+00  ,9.063857751311e+00  
  3.206656693104e-05  ,4.317259710378e+00  ,4.939639056290e+00  ,9.063708650181e+00  
  3.206849998418e-05  ,4.276058942862e+00  ,9.128692665636e+00  ,2.273194391726e+00  
  3.206936918754e-05  ,4.227434393901e+00  ,9.403312154387e+00  ,-3.755084243175e-01  
  3.206997706178e-05  ,4.188382087966e+00  ,9.385320839796e+00  ,-1.907372659922e-01  
  3.207071373794e-05  ,4.141517073295e+00  ,9.368552491820e+00  ,-1.568268316645e-02  
  3.207157213795e-05  ,4.087908446012e+00  ,9.366739615841e+00  ,1.595318796434e-02  
  3.207328893799e-05  ,3.982886801233e+00  ,9.370136937954e+00  ,1.096558682547e-02  
  3.207672253806e-05  ,3.780790569317e+00  ,9.376289838288e+00  ,7.279230060031e-03  
  3.208358973819e-05  ,3.406353050390e+00  ,9.387902880436e+00  ,6.683885768161e-03  
  3.209732413847e-05  ,2.761849503041e+00  ,9.411101750729e+00  ,5.813978935666e-03  
  3.212479293901e-05  ,1.810242162050e+00  ,9.457478042690e+00  ,4.425853711366e-03  
  3.217973054010e-05  ,7.466377588880e-01  ,9.550140324469e+00  ,2.858385559899e-03  
  3.222377837259e-05  ,3.316264192567e-01  ,9.624394210103e+00  ,2.250365936069e-03  
  3.225741923410e-05  ,1.744529179702e-01  ,9.681094236531e+00  ,2.013374062222e-03  
  3.228943288881e-05  ,9.505853933227e-02  ,9.735050267098e+00  ,1.892902242749e-03  
  3.232279956895e-05  ,5.748217812368e-02  ,9.791289050977e+00  ,1.835232712801e-03  
  3.237232506830e-05  ,2.555614388876e-02  ,9.874775672054e+00  ,1.778947558812e-03  
  3.242334068376e-05  ,1.242648004453e-02  ,9.960790100379e+00  ,1.751345540688e-03  
  3.252537191469e-05  ,3.350519670111e-03  ,1.013287100145e+01  ,1.721321323286e-03  
  3.264259040910e-05  ,2.102658188044e-03  ,1.033065052323e+01  ,1.703367136414e-03  
  3.287702739793e-05  ,2.004546993220e-03  ,1.072646052186e+01  ,1.666208231366e-03  
  3.322411716539e-05  ,2.038314889946e-03  ,1.131299760330e+01  ,1.620111567616e-03  
  3.391829670030e-05  ,2.024539948905e-03  ,1.248738705370e+01  ,1.529413256275e-03  
  3.530665577013e-05  ,2.036206662338e-03  ,1.483710084980e+01  ,1.382473385151e-03  
  3.808337390977e-05  ,2.001682908998e-03  ,1.950690581982e+01  ,1.159645375477e-03  
  4.200000002000e-05  ,1.958684687295e-03  ,2.591800316137e+01  ,9.477501064496e-04  
  4.200100001800e-05  ,5.786041726369e-01  ,2.591973461476e+01  ,-3.102022832125e-04  
  4.200135210450e-05  ,7.830053950417e-01  ,2.592034621183e+01  ,-7.721465273447e-04  
  4.200205627750e-05  ,1.196356489868e+00  ,2.592157075898e+01  ,-1.708461781355e-03  
  4.200346462350e-05  ,2.042922964417e+00  ,2.592401750326e+01  ,-3.554772802250e-03  
  4.200628131549e-05  ,3.814829653857e+00  ,2.592890041637e+01  ,-7.130802498485e-03  
  4.201000002000e-05  ,6.309200096479e+00  ,2.593532653094e+01  ,-1.162577654590e-02  
  4.201056335840e-05  ,6.382845962037e+00  ,2.593622783789e+01  ,-1.160036896684e-02  
  4.201169007245e-05  ,6.527667273555e+00  ,2.593801493406e+01  ,-1.139829782965e-02  
  4.201394350055e-05  ,6.811489383884e+00  ,2.594158805948e+01  ,-1.098508972668e-02  
  4.201845035675e-05  ,7.352869080405e+00  ,2.594873723496e+01  ,-1.019660285934e-02  
  4.202746406916e-05  ,8.333021954629e+00  ,2.596304744849e+01  ,-8.768046562990e-03  
  4.204549149397e-05  ,9.931451146871e+00  ,2.554003336999e+01  ,4.280136124121e+00  
  4.205664948347e-05  ,1.035906945148e+01  ,3.623131127018e+00  ,1.038962769924e+01  
  4.206218973521e-05  ,1.072545371167e+01  ,2.888977479585e+00  ,1.039106222909e+01  
  4.206550226334e-05  ,1.093533206677e+01  ,2.922142044146e+00  ,1.039203483925e+01  
  4.206953004721e-05  ,1.117672187754e+01  ,2.951500281959e+00  ,1.039315519698e+01  
  4.207758561495e-05  ,1.161759830502e+01  ,2.956207430619e+00  ,1.039541448403e+01  
  4.209369675043e-05  ,1.235411266058e+01  ,2.952423299347e+00  ,1.039993280715e+01  
  4.211727932814e-05  ,1.316720137002e+01  ,2.955248711428e+00  ,1.040654662999e+01  
  4.216444448355e-05  ,1.413295057205e+01  ,2.958683186305e+00  ,1.041977318155e+01  
  4.225877479437e-05  ,1.485618154017e+01  ,2.965557658428e+00  ,1.044622138955e+01  
  4.238594726447e-05  ,1.509520938294e+01  ,2.975704581271e+00  ,1.048186688437e+01  
  4.257336810950e-05  ,1.508154878275e+01  ,2.990620260675e+00  ,1.053437612592e+01  
  4.291068271521e-05  ,1.496436854874e+01  ,3.017482090640e+00  ,1.062881062476e+01  
  4.349938587073e-05  ,1.502268053679e+01  ,3.064185698576e+00  ,1.079340710380e+01  
  4.434968189124e-05  ,1.500597444223e+01  ,3.131548811935e+00  ,1.103065794692e+01  
  4.605027393225e-05  ,1.499498693429e+01  ,3.265779065844e+00  ,1.150344525668e+01  
  4.945145801428e-05  ,1.500474345006e+01  ,3.532289922959e+00  ,1.244220490207e+01  
  5.201000002000e-05  ,1.500026922918e+01  ,3.731090925226e+00  ,1.314244318989e+01  
  5.201100001800e-05  ,1.442362183225e+01  ,3.731020075839e+00  ,1.314271587108e+01  
  5.201300012636e-05  ,1.321588463344e+01  ,3.730788004068e+00  ,1.314326119312e+01  
  5.201700034308e-05  ,1.067449054660e+01  ,3.730345109013e+00  ,1.314435213563e+01  
  5.202000002000e-05  ,8.649522941276e+00  ,3.730075626468e+00  ,1.314517014037e+01  
  5.202080006334e-05  ,8.545822054848e+00  ,3.730132075829e+00  ,1.314538826731e+01  
  5.202240007553e-05  ,8.340917250698e+00  ,3.730331539386e+00  ,1.314582462600e+01  
  5.202560009989e-05  ,7.945673861092e+00  ,3.730863200965e+00  ,1.314669731461e+01  
  5.203200014863e-05  ,7.210075894029e+00  ,3.731972676745e+00  ,1.314844245437e+01  
  5.204480024609e-05  ,5.934160176474e+00  ,3.734991016762e+00  ,1.315193259270e+01  
  5.205843331847e-05  ,4.815037083396e+00  ,3.744651960274e+00  ,1.315564883630e+01  
  5.206184158656e-05  ,4.572578023365e+00  ,3.754442026768e+00  ,1.315657605683e+01  
  5.206620986197e-05  ,4.361569943975e+00  ,8.223323707876e+00  ,1.315790695827e+01  
  5.207109520766e-05  ,4.296361818986e+00  ,2.134606606756e+01  ,5.427550040161e+00  
  5.207342276904e-05  ,4.166172903300e+00  ,2.195497671865e+01  ,-4.717538383269e-01  
  5.207520271275e-05  ,4.054864561235e+00  ,2.192076060636e+01  ,-9.855482367159e-02  
  5.207717637155e-05  ,3.934909901416e+00  ,2.190508748039e+01  ,9.860309349463e-02  
  5.208112368915e-05  ,3.700943916291e+00  ,2.192248785124e+01  ,1.488177946313e-02  
  5.208901832435e-05  ,3.280664834596e+00  ,2.194120041741e+01  ,5.218660437817e-03  
  5.210480759475e-05  ,2.579583180921e+00  ,2.197655035466e+01  ,6.228297595718e-03  
  5.213638613555e-05  ,1.568685498880e+00  ,2.204769421173e+01  ,3.754181854141e-03  
  5.218316386077e-05  ,6.993803116756e-01  ,2.215279648012e+01  ,2.470679441617e-03  
  5.221666167113e-05  ,3.806144701197e-01  ,2.222798124675e+01  ,2.003858103804e-03  
  5.225333640906e-05  ,1.917524120992e-01  ,2.231023809520e+01  ,1.724777362098e-03  
  5.229148934219e-05  ,1.068963411210e-01  ,2.239575379178e+01  ,1.597172315419e-03  
  5.234674880836e-05  ,4.102505780881e-02  ,2.251952777133e+01  ,1.495498154804e-03  
  5.240474412772e-05  ,1.212233203897e-02  ,2.264932618624e+01  ,1.447494587629e-03  
  5.252073476646e-05  ,-3.974797402791e-03  ,2.290861214134e+01  ,1.412396509532e-03  
  5.266762445304e-05  ,3.036325376903e-03  ,2.323637548121e+01  ,1.408242991163e-03  
  5.283809373710e-05  ,3.865733558663e-03  ,2.361590777475e+01  ,1.392924284203e-03  
  5.317903230521e-05  ,2.129456292603e-03  ,2.437217716556e+01  ,1.358673438749e-03  
  5.386090944144e-05  ,2.986988409014e-03  ,2.587295231314e+01  ,1.299649235349e-03  
  5.522466371390e-05  ,2.273802377775e-03  ,2.882311296824e+01  ,1.190852661468e-03  
  5.795217225883e-05  ,2.688559862211e-03  ,3.448543546182e+01  ,1.011857656417e-03  
  6.200000002000e-05  ,1.935303764779e-03  ,4.219142120310e+01  ,8.075156229379e-04  
  6.200100001800e-05  ,5.785846110615e-01  ,4.219334419941e+01  ,-4.677052685707e-04  
  6.200158088389e-05  ,9.169748379168e-01  ,4.219446421775e+01  ,-1.237488004974e-03  
  6.200274261567e-05  ,1.606403777417e+00  ,4.219670404642e+01  ,-2.773093878674e-03  
  6.200506607923e-05  ,3.038786790274e+00  ,4.220117642307e+01  ,-5.765432317427e-03  
  6.200971300635e-05  ,6.111216392850e+00  ,4.221009321128e+01  ,-1.144617444495e-02  
  6.201000002000e-05  ,6.310026311346e+00  ,4.221064273454e+01  ,-1.178384126218e-02  
  6.201057408723e-05  ,6.385057465281e+00  ,4.221166845009e+01  ,-1.173954647138e-02  
  6.201172222170e-05  ,6.533119727059e+00  ,4.221371094522e+01  ,-1.156392639831e-02  
  6.201401849064e-05  ,6.823037837520e+00  ,4.221778162695e+01  ,-1.107622158592e-02  
  6.201861102852e-05  ,7.373601730899e+00  ,4.222594528130e+01  ,-1.033428028509e-02  
  6.202779610428e-05  ,8.368550978819e+00  ,4.224226733300e+01  ,-8.855933749405e-03  
  6.204616625580e-05  ,9.965586402471e+00  ,4.121775762598e+01  ,9.969895008979e+00  
  6.205809463534e-05  ,1.020763950200e+01  ,4.531155610526e+00  ,1.301752732411e+01  
  6.206391949925e-05  ,1.060164371376e+01  ,3.611678306311e+00  ,1.301864490568e+01  
  6.206671570215e-05  ,1.078469074570e+01  ,3.666882027214e+00  ,1.301957208436e+01  
  6.207044061992e-05  ,1.101664539794e+01  ,3.700768302547e+00  ,1.302058163275e+01  
  6.207789045546e-05  ,1.144309987955e+01  ,3.703613393327e+00  ,1.302260843312e+01  
  6.209279012653e-05  ,1.216526591645e+01  ,3.698275403705e+00  ,1.302667573653e+01  
  6.211529087994e-05  ,1.300095442149e+01  ,3.701120376372e+00  ,1.303281827542e+01  
  6.216029238674e-05  ,1.401827247329e+01  ,3.704175518269e+00  ,1.304510250664e+01  
  6.225029540035e-05  ,1.481482536148e+01  ,3.710357191348e+00  ,1.306966677798e+01  
  6.237367701504e-05  ,1.509834401195e+01  ,3.719936182350e+00  ,1.310333109397e+01  
  6.255091738674e-05  ,1.509270766504e+01  ,3.733664994603e+00  ,1.315167000613e+01  
  6.286725115750e-05  ,1.496191791539e+01  ,3.758205588014e+00  ,1.323788392728e+01  
  6.340102267239e-05  ,1.502308002502e+01  ,3.799426218765e+00  ,1.338318283626e+01  
  6.413039278958e-05  ,1.500674484265e+01  ,3.855699806184e+00  ,1.358137054650e+01  
  6.558913302395e-05  ,1.499447121808e+01  ,3.967888859107e+00  ,1.397651710315e+01  
  6.850661349270e-05  ,1.500515198824e+01  ,4.190860735879e+00  ,1.476192108570e+01  
  7.201000002000e-05  ,1.500029487371e+01  ,4.456195619847e+00  ,1.569651344480e+01  
  7.201100001800e-05  ,1.442364703879e+01  ,4.456118973592e+00  ,1.569677887294e+01  
  7.201300012636e-05  ,1.321590909328e+01  ,4.455883376818e+00  ,1.569730968142e+01  
  7.201700034308e-05  ,1.067451375585e+01  ,4.455446503558e+00  ,1.569837163017e+01  
  7.202000002000e-05  ,8.649545441048e+00  ,4.455192630748e+00  ,1.569916788411e+01  
  7.202080006334e-05  ,8.545844438336e+00  ,4.455258457102e+00  ,1.569938020540e+01  
  7.202240007553e-05  ,8.340939399031e+00  ,4.455475495565e+00  ,1.569980496792e+01  
  7.202560009989e-05  ,7.945695518314e+00  ,4.456035852836e+00  ,1.570065445849e+01  
  7.203200014863e-05  ,7.210096978228e+00  ,4.457221455081e+00  ,1.570235317684e+01  
  7.204480024609e-05  ,5.934183170745e+00  ,4.460566878093e+00  ,1.570575046166e+01  
  7.205871346030e-05  ,4.794181609700e+00  ,4.472730825910e+00  ,1.570944190113e+01  
  7.206219176385e-05  ,4.548025027502e+00  ,4.487196133939e+00  ,1.571035921131e+01  
  7.206608692739e-05  ,4.376351782088e+00  ,9.318295811896e+00  ,1.571136376462e+01  
  7.207063774202e-05  ,4.363547933050e+00  ,2.514566737332e+01  ,1.571176478248e+01  
  7.207426021430e-05  ,4.313108781363e+00  ,3.458657735200e+01  ,6.539315392762e+00  
  7.207608001861e-05  ,4.220875677078e+00  ,3.527419693600e+01  ,-1.581465537468e-01  
  7.207699336666e-05  ,4.162929994201e+00  ,3.526829575938e+01  ,-7.883572338078e-02  
  7.207882006276e-05  ,4.049111749340e+00  ,3.526413854596e+01  ,5.939747051720e-03  
  7.208124410916e-05  ,3.899780275972e+00  ,3.526984924035e+01  ,8.576243550828e-03  
  7.208609220195e-05  ,3.622432995108e+00  ,3.528205760877e+01  ,6.510319966300e-03  
  7.209578838754e-05  ,3.125056808190e+00  ,3.530615987180e+01  ,5.770415870163e-03  
  7.211518075872e-05  ,2.318507268645e+00  ,3.535434551487e+01  ,4.607066175119e-03  
  7.215396550107e-05  ,1.265941690606e+00  ,3.545061416902e+01  ,3.068237970227e-03  
  7.218938854146e-05  ,7.013399481917e-01  ,3.553840704747e+01  ,2.243820075525e-03  
  7.223409798551e-05  ,3.476682766599e-01  ,3.564905976600e+01  ,1.724721844327e-03  
  7.227558877874e-05  ,1.700422423636e-01  ,3.575161739114e+01  ,1.462737612524e-03  
  7.232838061261e-05  ,7.450596644825e-02  ,3.588193926027e+01  ,1.319459199681e-03  
  7.241297152448e-05  ,1.031947628500e-02  ,3.609038983679e+01  ,1.219441751876e-03  
  7.250248578000e-05  ,-5.325818909465e-03  ,3.631048239838e+01  ,1.189863445153e-03  
  7.268151429105e-05  ,-4.968064162199e-03  ,3.674916026233e+01  ,1.176961172228e-03  
  7.290934708524e-05  ,5.149527539604e-04  ,3.730449703213e+01  ,1.168175411859e-03  
  7.336501267362e-05  ,4.212434291405e-03  ,3.840518692717e+01  ,1.141094299214e-03  
  7.427634385038e-05  ,1.822225424459e-03  ,4.056535395115e+01  ,1.075554847239e-03  
  7.609900620389e-05  ,3.514948770464e-03  ,4.471163207513e+01  ,9.655343701152e-04  
  7.974433091092e-05  ,1.516587548589e-03  ,5.224416422727e+01  ,7.702982427197e-04  
  8.200000002000e-05  ,2.821285190320e-03  ,5.636403738448e+01  ,6.807987836489e-04  
  8.200100001800e-05  ,5.794563165716e-01  ,5.636589906556e+01  ,-6.102756067733e-04  
  8.200177944186e-05  ,1.034768788546e+00  ,5.636735324937e+01  ,-1.646691637770e-03  
  8.200333828959e-05  ,1.968405019643e+00  ,5.637025934966e+01  ,-3.694361294582e-03  
  8.200645598504e-05  ,3.931086329321e+00  ,5.637605845896e+01  ,-7.649308507509e-03  
  8.201000002000e-05  ,6.312320833790e+00  ,5.638263013453e+01  ,-1.192601319122e-02  
  8.201062355909e-05  ,6.393735195258e+00  ,5.638370362475e+01  ,-1.186464818725e-02  
  8.201187060002e-05  ,6.554731663116e+00  ,5.638583968418e+01  ,-1.163643634851e-02  
  8.201436468187e-05  ,6.868149064580e+00  ,5.639011101285e+01  ,-1.117754846182e-02  
  8.201935284558e-05  ,7.461201757736e+00  ,5.639865683258e+01  ,-1.031374390526e-02  
  8.202932917300e-05  ,8.523807159337e+00  ,5.641575787949e+01  ,-8.765449818564e-03  
  8.203995370093e-05  ,9.494413218802e+00  ,5.643398129193e+01  ,-7.352122147956e-03  
  8.204668679062e-05  ,9.980854256702e+00  ,5.502537681325e+01  ,1.333444212277e+01  
  8.205208101097e-05  ,1.000572352397e+01  ,3.385625877627e+01  ,1.417236619787e+01  
  8.205652453724e-05  ,1.001925212247e+01  ,1.608785601673e+01  ,1.417248095100e+01  
  8.206109770361e-05  ,1.015379029118e+01  ,4.732304921369e+00  ,1.417340642783e+01  
  8.206491016570e-05  ,1.041552341054e+01  ,3.868867313467e+00  ,1.417430872100e+01  
  8.206682980779e-05  ,1.054790315804e+01  ,3.968377117656e+00  ,1.417483271109e+01  
  8.206934996668e-05  ,1.071544197555e+01  ,4.029235415765e+00  ,1.417551093669e+01  
  8.207439028445e-05  ,1.103108931495e+01  ,4.037095048882e+00  ,1.417686730047e+01  
  8.208447092000e-05  ,1.159469352559e+01  ,4.024135937122e+00  ,1.417958564371e+01  
  8.209668391171e-05  ,1.217460960494e+01  ,4.028372700255e+00  ,1.418287972542e+01  
  8.212110989514e-05  ,1.305778570371e+01  ,4.030222543204e+00  ,1.418946761729e+01  
  8.216996186200e-05  ,1.410787981702e+01  ,4.032091283625e+00  ,1.420264239601e+01  
  8.226766579572e-05  ,1.497248482279e+01  ,4.039565126359e+00  ,1.422898710247e+01  
  8.239188187543e-05  ,1.499923020594e+01  ,4.049080733969e+00  ,1.426247038854e+01  
  8.261330120984e-05  ,1.500026150947e+01  ,4.065993215152e+00  ,1.432212620844e+01  
  8.284232609692e-05  ,1.500022502911e+01  ,4.083511745672e+00  ,1.438379171890e+01  
  8.330037587109e-05  ,1.500046483146e+01  ,4.118491449107e+00  ,1.450700253917e+01  
  8.421647541943e-05  ,1.500060066348e+01  ,4.188314608831e+00  ,1.475294423269e+01  
  8.604867451611e-05  ,1.499957815980e+01  ,4.327418184105e+00  ,1.524291336323e+01  
  8.971307270947e-05  ,1.499976772594e+01  ,4.603466952914e+00  ,1.621525311591e+01  
  9.201000002000e-05  ,1.500027597871e+01  ,4.775039355497e+00  ,1.681959184610e+01  
  9.201100001800e-05  ,1.442612404126e+01  ,4.774959413194e+00  ,1.681985408447e+01  
  9.201300012636e-05  ,1.321831316091e+01  ,4.774722201267e+00  ,1.682037851356e+01  
  9.201700034308e-05  ,1.067677716319e+01  ,4.774288056427e+00  ,1.682142771108e+01  
  9.202000002000e-05  ,8.651708299919e+00  ,4.774041045427e+00  ,1.682221440078e+01  
  9.202080006334e-05  ,8.547981431362e+00  ,4.774110801991e+00  ,1.682242416941e+01  
  9.202240007553e-05  ,8.343025280783e+00  ,4.774335204266e+00  ,1.682284383273e+01  
  9.202560009989e-05  ,7.947682799472e+00  ,4.774907987416e+00  ,1.682368312232e+01  
  9.203200014863e-05  ,7.211900903766e+00  ,4.776127020479e+00  ,1.682536142871e+01  
  9.204480024609e-05  ,5.935670321225e+00  ,4.779615318365e+00  ,1.682871788418e+01  
  9.205870898995e-05  ,4.795730029329e+00  ,4.792623281760e+00  ,1.683236368950e+01  
  9.206218617592e-05  ,4.549596049722e+00  ,4.808431976533e+00  ,1.683326864645e+01  
  9.206607835922e-05  ,4.382812293779e+00  ,9.907587055762e+00  ,1.683421347068e+01  
  9.207051443491e-05  ,4.370862491249e+00  ,2.540778499159e+01  ,1.683692950542e+01  
  9.207118983004e-05  ,4.373011303922e+00  ,2.805623873276e+01  ,1.683556292976e+01  
  9.207254062030e-05  ,4.373033106821e+00  ,3.303239882716e+01  ,1.683549096584e+01  
  9.207524220082e-05  ,4.369260540328e+00  ,4.267927970081e+01  ,1.683463909494e+01  
  9.207567163366e-05  ,4.369015836940e+00  ,4.423784431052e+01  ,1.683426497655e+01  
  9.207574860747e-05  ,4.368961223229e+00  ,4.451634437349e+01  ,1.683414231274e+01  
  9.207576785093e-05  ,4.368946644737e+00  ,4.458589967794e+01  ,1.683410567587e+01  
  9.207580633783e-05  ,4.368915835358e+00  ,4.472487908023e+01  ,1.683405100038e+01  
  9.207588331164e-05  ,4.368832969415e+00  ,4.500116135862e+01  ,1.681968185222e+01  
  9.207597688628e-05  ,4.367165109590e+00  ,4.521415447678e+01  ,1.579700129022e+01  
  9.207608019324e-05  ,4.363744133974e+00  ,4.532843892091e+01  ,1.482478160813e+01  
  9.207626410616e-05  ,4.356686959956e+00  ,4.546005534437e+01  ,1.362848299717e+01  
  9.207643905511e-05  ,4.349975774448e+00  ,4.558708386219e+01  ,1.243953523207e+01  
  9.207678895300e-05  ,4.336341198625e+00  ,4.583047004283e+01  ,1.011617088711e+01  
  9.207748874878e-05  ,4.308144590214e+00  ,4.628270813827e+01  ,5.729912854704e+00  
  9.207888834035e-05  ,4.239693735815e+00  ,4.685675258398e+01  ,1.215263677602e-01  
  9.208168752348e-05  ,4.064126770847e+00  ,4.688610830314e+01  ,-9.960750527830e-02  
  9.208459436750e-05  ,3.888615945318e+00  ,4.688295507083e+01  ,1.879896619716e-03  
  9.208816952859e-05  ,3.683356001854e+00  ,4.689120989027e+01  ,7.310787288564e-03  
  9.209531985079e-05  ,3.304740043219e+00  ,4.690905613271e+01  ,4.983313703172e-03  
  9.210962049519e-05  ,2.656498785570e+00  ,4.694427365404e+01  ,4.900592185904e-03  
  9.213822178399e-05  ,1.696973970282e+00  ,4.701478751170e+01  ,3.515191671039e-03  
  9.217720322167e-05  ,8.870700751998e-01  ,4.711072006374e+01  ,2.330555046791e-03  
  9.222556643044e-05  ,4.125571759759e-01  ,4.722949470766e+01  ,1.635938991710e-03  
  9.226911358391e-05  ,2.091717280655e-01  ,4.733624409076e+01  ,1.336809964362e-03  
  9.232604198014e-05  ,8.479241712241e-02  ,4.747553580488e+01  ,1.151908265916e-03  
  9.241025142228e-05  ,1.021093665535e-02  ,4.768106090768e+01  ,1.037910968446e-03  
  9.252561025178e-05  ,3.405214105776e-03  ,4.796162063216e+01  ,1.020763034843e-03  
  9.273203305756e-05  ,2.791053704925e-03  ,4.846081558304e+01  ,1.007016169199e-03  
  9.294885091340e-05  ,2.775571520889e-03  ,4.898120196706e+01  ,9.936705644689e-04  
  9.338248662507e-05  ,2.811357690692e-03  ,5.000971013974e+01  ,9.675479125690e-04  
  9.424975804841e-05  ,2.743158438203e-03  ,5.201672800449e+01  ,9.167761133511e-04  
  9.598430089509e-05  ,2.541532268222e-03  ,5.582503403094e+01  ,8.230707722715e-04  
  9.945338658845e-05  ,2.143165798019e-03  ,6.257465330489e+01  ,6.536939687791e-04  
  1.020000000200e-04  ,1.851126971829e-03  ,6.676445930637e+01  ,5.512967197087e-04  
  1.020010000180e-04  ,5.784967852235e-01  ,6.676610580323e+01  ,-7.425120138919e-04  
  1.020019264046e-04  ,1.120734567574e+00  ,6.676763451112e+01  ,-1.974058077984e-03  
  1.020037791777e-04  ,2.237873490185e+00  ,6.677068818882e+01  ,-4.396324599401e-03  
  1.020074847240e-04  ,4.605867946595e+00  ,6.677677715911e+01  ,-9.045449976212e-03  
  1.020100000200e-04  ,6.312456502777e+00  ,6.678089665883e+01  ,-1.205645409164e-02  
  1.020107411293e-04  ,6.409046728969e+00  ,6.678201129063e+01  ,-1.196934795871e-02  
  1.020122234223e-04  ,6.597988671060e+00  ,6.678423036023e+01  ,-1.169695084535e-02  
  1.020151880083e-04  ,6.965945278209e+00  ,6.678866866419e+01  ,-1.116106554052e-02  
  1.020211171803e-04  ,7.656647177072e+00  ,6.679754844147e+01  ,-1.015506136428e-02  
  1.020329755244e-04  ,8.870848053912e+00  ,6.681531868306e+01  ,-8.385785979185e-03  
  1.020456042585e-04  ,9.930109952070e+00  ,6.628096784126e+01  ,5.315826627259e+00  
  1.020546358523e-04  ,1.000509799286e+01  ,3.264896840276e+01  ,1.418269499666e+01  
  1.020611588356e-04  ,1.003173465363e+01  ,6.928412554719e+00  ,1.418504193005e+01  
  1.020649183986e-04  ,1.026227459736e+01  ,4.161618892225e+00  ,1.418406586043e+01  
  1.020670466569e-04  ,1.041048550416e+01  ,3.988299867077e+00  ,1.418476457262e+01  
  1.020697184351e-04  ,1.059280645545e+01  ,4.010521883344e+00  ,1.418547860316e+01  
  1.020749316064e-04  ,1.092844968672e+01  ,4.053614024031e+00  ,1.418684157816e+01  
  1.020830095259e-04  ,1.139902226003e+01  ,4.036467578265e+00  ,1.418906357558e+01  
  1.020991653648e-04  ,1.218502756793e+01  ,4.028476444943e+00  ,1.419342020370e+01  
  1.021314770428e-04  ,1.329315699296e+01  ,4.036320652756e+00  ,1.420213407169e+01  
  1.021961003986e-04  ,1.448341539484e+01  ,4.037269275157e+00  ,1.421955946580e+01  
  1.023078591076e-04  ,1.513833373788e+01  ,4.045353955873e+00  ,1.424968797620e+01  
  1.024527222362e-04  ,1.499355562936e+01  ,4.056540658192e+00  ,1.428872721792e+01  
  1.025942713467e-04  ,1.497818545104e+01  ,4.067359856204e+00  ,1.432685779939e+01  
  1.028773695675e-04  ,1.500802291904e+01  ,4.088981592722e+00  ,1.440307303184e+01  
  1.034435660091e-04  ,1.500522784464e+01  ,4.132206297584e+00  ,1.455531999817e+01  
  1.045759588924e-04  ,1.499595722696e+01  ,4.218449409618e+00  ,1.485908058326e+01  
  1.068407446590e-04  ,1.500430430998e+01  ,4.390092051854e+00  ,1.546368166031e+01  
  1.113703161922e-04  ,1.500024086833e+01  ,4.730103200168e+00  ,1.666131078264e+01  
  1.120100000200e-04  ,1.499990028900e+01  ,4.777768062781e+00  ,1.682920261195e+01  
  1.120110000180e-04  ,1.442301377954e+01  ,4.777689218419e+00  ,1.682946482350e+01  
  1.120130001264e-04  ,1.321529448074e+01  ,4.777452363055e+00  ,1.682998919396e+01  
  1.120170003431e-04  ,1.067393520732e+01  ,4.777018370322e+00  ,1.683103828555e+01  
  1.120200000200e-04  ,8.648992773929e+00  ,4.776771444462e+00  ,1.683182489341e+01  
  1.120208000633e-04  ,8.545298464033e+00  ,4.776841282033e+00  ,1.683203464029e+01  
  1.120224000755e-04  ,8.340406647062e+00  ,4.777065834016e+00  ,1.683245426019e+01  
  1.120256000999e-04  ,7.945188260501e+00  ,4.777638917588e+00  ,1.683329346250e+01  
  1.120320001486e-04  ,7.209637326276e+00  ,4.778858843216e+00  ,1.683497159400e+01  
  1.120448002461e-04  ,5.933807405997e+00  ,4.782351828995e+00  ,1.683832769964e+01  
  1.120587089900e-04  ,4.794225823745e+00  ,4.795413384311e+00  ,1.684197312085e+01  
  1.120621861759e-04  ,4.548172085272e+00  ,4.811375220769e+00  ,1.684287773929e+01  
  1.120661245528e-04  ,4.382322966169e+00  ,1.012616584044e+01  ,1.684382585768e+01  
  1.120704905930e-04  ,4.371315434852e+00  ,2.543743959878e+01  ,1.684665111106e+01  
  1.120767490807e-04  ,4.369169626388e+00  ,4.829357807433e+01  ,1.684388059100e+01  
  1.120772908311e-04  ,4.367740721562e+00  ,5.017104383955e+01  ,1.684375053792e+01  
  1.120774262687e-04  ,4.367407214476e+00  ,5.064221803798e+01  ,1.684364620759e+01  
  1.120776971438e-04  ,4.366999423320e+00  ,5.160462287183e+01  ,1.684356976779e+01  
  1.120777648626e-04  ,4.366934303509e+00  ,5.184798610976e+01  ,1.684353033149e+01  
  1.120779003002e-04  ,4.366806011032e+00  ,5.233494444434e+01  ,1.684247959384e+01  
  1.120781711754e-04  ,4.366545501788e+00  ,5.330815091406e+01  ,1.684321984068e+01  
  1.120783994891e-04  ,4.361862385230e+00  ,5.377954909754e+01  ,1.526315150280e+01  
  1.120786627740e-04  ,4.352348559343e+00  ,5.400694526036e+01  ,1.320360691121e+01  
  1.120788117856e-04  ,4.346570895277e+00  ,5.410763540578e+01  ,1.225606909367e+01  
  1.120790470377e-04  ,4.337460421310e+00  ,5.427013833934e+01  ,1.070638480900e+01  
  1.120795175419e-04  ,4.318952325292e+00  ,5.458722461349e+01  ,7.642310311313e+00  
  1.120804585502e-04  ,4.279434949668e+00  ,5.514496671038e+01  ,2.197395851720e+00  
  1.120823405669e-04  ,4.167791241433e+00  ,5.538668117394e+01  ,-1.421561057386e-01  
  1.120861046002e-04  ,3.936358661068e+00  ,5.538460540669e+01  ,-3.983948608842e-02  
  1.120902791605e-04  ,3.694683121053e+00  ,5.538936768148e+01  ,6.179007822511e-03  
  1.120986282811e-04  ,3.254990116751e+00  ,5.540849854628e+01  ,5.722616609364e-03  
  1.121153265223e-04  ,2.520611899829e+00  ,5.544676795829e+01  ,4.560674447281e-03  
  1.121487230048e-04  ,1.483166934830e+00  ,5.552315145406e+01  ,3.046491720601e-03  
  1.121850639567e-04  ,8.055135899891e-01  ,5.560608774594e+01  ,2.056862260430e-03  
  1.122255772338e-04  ,4.281539373641e-01  ,5.569834541018e+01  ,1.504813643378e-03  
  1.122816413627e-04  ,1.743144569824e-01  ,5.582571676291e+01  ,1.131738158500e-03  
  1.123368114219e-04  ,7.308010153988e-02  ,5.595073757211e+01  ,9.812644466377e-04  
  1.124454230056e-04  ,9.512709804673e-03  ,5.619597281631e+01  ,8.825874385718e-04  
  1.125594466910e-04  ,3.190738394181e-03  ,5.645217333494e+01  ,8.672441278640e-04  
  1.127874940619e-04  ,1.189726113362e-03  ,5.696072288629e+01  ,8.519095888650e-04  
  1.130973905311e-04  ,2.015413413676e-03  ,5.764352480319e+01  ,8.365264159413e-04  
  1.137171834693e-04  ,2.569643185813e-03  ,5.898024809305e+01  ,8.047694121173e-04  
  1.149567693458e-04  ,2.397829105824e-03  ,6.153647792174e+01  ,7.423742496788e-04  
  1.174359410987e-04  ,2.100548983136e-03  ,6.616691499139e+01  ,6.252878838501e-04  
  1.220000000200e-04  ,1.516971481965e-03  ,7.295659068038e+01  ,4.345397029886e-04  
  1.220010000180e-04  ,5.781625761346e-01  ,7.295796099398e+01  ,-8.577159765612e-04  
  1.220020136695e-04  ,1.172156507823e+00  ,7.295935357380e+01  ,-2.201476336246e-03  
  1.220040409725e-04  ,2.399331365343e+00  ,7.296213479159e+01  ,-4.846064753768e-03  
  1.220080955784e-04  ,5.013005741863e+00  ,7.296767496392e+01  ,-9.899997973125e-03  
  1.220100000200e-04  ,6.313004927728e+00  ,7.297026717630e+01  ,-1.216820530657e-02  
  1.220108109412e-04  ,6.418572622639e+00  ,7.297126213641e+01  ,-1.206624727015e-02  
  1.220124327463e-04  ,6.626632073417e+00  ,7.297324207669e+01  ,-1.176715241543e-02  
  1.220156763566e-04  ,7.028433633924e+00  ,7.297720200806e+01  ,-1.118040260562e-02  
  1.220221635771e-04  ,7.776423492172e+00  ,7.298512586758e+01  ,-1.009093022770e-02  
  1.220351380182e-04  ,9.074627278460e+00  ,7.300098518008e+01  ,-8.199316283301e-03  
  1.220441934538e-04  ,9.840896807656e+00  ,7.301206140695e+01  ,-7.083406228560e-03  
  1.220510561836e-04  ,9.988716559403e+00  ,5.324447868373e+01  ,1.345704263630e+01  
  1.220575814021e-04  ,1.000469547990e+01  ,2.701440013580e+01  ,1.345663861157e+01  
  1.220640321148e-04  ,1.008326579080e+01  ,4.855662430433e+00  ,1.345715246296e+01  
  1.220679690016e-04  ,1.035344824652e+01  ,3.720907051803e+00  ,1.345814622416e+01  
  1.220699106229e-04  ,1.048844154361e+01  ,3.772482186119e+00  ,1.345868680422e+01  
  1.220724166257e-04  ,1.065708243149e+01  ,3.822312622938e+00  ,1.345934765785e+01  
  1.220774286312e-04  ,1.097525191799e+01  ,3.832305377220e+00  ,1.346072002073e+01  
  1.220874526424e-04  ,1.154484145602e+01  ,3.826982963603e+00  ,1.346343924449e+01  
  1.221075006646e-04  ,1.245680213670e+01  ,3.824799559331e+00  ,1.346888706540e+01  
  1.221475967092e-04  ,1.364285760241e+01  ,3.828576258051e+00  ,1.347978253447e+01  
  1.222277887982e-04  ,1.476397251795e+01  ,3.833190711148e+00  ,1.350157023031e+01  
  1.223405011815e-04  ,1.516602611226e+01  ,3.841653339001e+00  ,1.353218564861e+01  
  1.224894889516e-04  ,1.514709133727e+01  ,3.853150710875e+00  ,1.357263955374e+01  
  1.227365859670e-04  ,1.495534084376e+01  ,3.872284592375e+00  ,1.363969495132e+01  
  1.231487163228e-04  ,1.502308972606e+01  ,3.903971862125e+00  ,1.375143115852e+01  
  1.236448177022e-04  ,1.500889097582e+01  ,3.942115423651e+00  ,1.388576029417e+01  
  1.246370204610e-04  ,1.499328883329e+01  ,4.018235083719e+00  ,1.415385182292e+01  
  1.266214259786e-04  ,1.500597413338e+01  ,4.169810281013e+00  ,1.468777552147e+01  
  1.305902370137e-04  ,1.500048514215e+01  ,4.470432082646e+00  ,1.574665953234e+01  
  1.320100000200e-04  ,1.499966423725e+01  ,4.577150909446e+00  ,1.612255894639e+01  
  1.320110000180e-04  ,1.442188057121e+01  ,4.577073861704e+00  ,1.612282316458e+01  
  1.320130001264e-04  ,1.321419463886e+01  ,4.576837917851e+00  ,1.612335154876e+01  
  1.320170003431e-04  ,1.067289970208e+01  ,4.576402166563e+00  ,1.612440866360e+01  
  1.320200000200e-04  ,8.648003244928e+00  ,4.576150920934e+00  ,1.612520128940e+01  
  1.320208000633e-04  ,8.544320757641e+00  ,4.576218287018e+00  ,1.612541264278e+01  
  1.320224000755e-04  ,8.339452302689e+00  ,4.576438209755e+00  ,1.612583547140e+01  
  1.320256000999e-04  ,7.944278986089e+00  ,4.577003444220e+00  ,1.612668109211e+01  
  1.320320001486e-04  ,7.208811835729e+00  ,4.578202205735e+00  ,1.612837206703e+01  
  1.320448002461e-04  ,5.933126439894e+00  ,4.581604602949e+00  ,1.613175386293e+01  
  1.320587104801e-04  ,4.793555749246e+00  ,4.594122154285e+00  ,1.613542764799e+01  
  1.320621880386e-04  ,4.547494134670e+00  ,4.609193892216e+00  ,1.613634005547e+01  
  1.320660817120e-04  ,4.378654321656e+00  ,9.590507137778e+00  ,1.613732583322e+01  
  1.320705654714e-04  ,4.366469800318e+00  ,2.522898599897e+01  ,1.614034734704e+01  
  1.320769893620e-04  ,4.365229895661e+00  ,4.873152241804e+01  ,1.613739625558e+01  
  1.320834013316e-04  ,4.196453656929e+00  ,6.040154144989e+01  ,2.212278145245e-01  
  1.320865633580e-04  ,4.002765522228e+00  ,6.045272951209e+01  ,-2.266011904358e-01  
  1.320880836490e-04  ,3.911237308046e+00  ,6.043326649039e+01  ,-5.434762326199e-03  
  1.320911242310e-04  ,3.735102083428e+00  ,6.043775149404e+01  ,1.070207569481e-02  
  1.320972053948e-04  ,3.405886494957e+00  ,6.045056723128e+01  ,5.928885071333e-03  
  1.321093677226e-04  ,2.831062639534e+00  ,6.047545849900e+01  ,4.681402923875e-03  
  1.321336923781e-04  ,1.949986094708e+00  ,6.052503670495e+01  ,3.801372380058e-03  
  1.321714936439e-04  ,1.056348288950e+00  ,6.060198562030e+01  ,2.296286283889e-03  
  1.322145878020e-04  ,4.930402800265e-01  ,6.068944834270e+01  ,1.472426290600e-03  
  1.322632967177e-04  ,1.844592398299e-01  ,6.078803492541e+01  ,1.020492256661e-03  
  1.323325453940e-04  ,5.909474786061e-02  ,6.092773425310e+01  ,8.344191014123e-04  
  1.324198900405e-04  ,1.392204406768e-02  ,6.110322207605e+01  ,7.643152108123e-04  
  1.325180350486e-04  ,-6.646486055478e-04  ,6.129946729522e+01  ,7.382708566335e-04  
  1.327143250648e-04  ,2.979230367666e-03  ,6.168897124030e+01  ,7.340678742570e-04  
  1.329608498755e-04  ,3.007822931641e-03  ,6.217250359597e+01  ,7.222306405011e-04  
  1.334538994971e-04  ,1.902691871789e-03  ,6.312058884989e+01  ,6.972787161222e-04  
  1.344399987403e-04  ,2.452195230907e-03  ,6.494009165209e+01  ,6.524354386600e-04  
  1.364121972266e-04  ,1.650727902933e-03  ,6.826763149432e+01  ,5.644804609883e-04  
  1.403565941993e-04  ,1.627180231996e-03  ,7.365357318133e+01  ,4.053033292146e-04  
  1.420000000200e-04  ,9.960484496254e-04  ,7.539400451865e+01  ,3.476970547741e-04  
  1.420010000180e-04  ,5.776447154261e-01  ,7.539510545061e+01  ,-9.484392821728e-04  
  1.420020485010e-04  ,1.192329976357e+00  ,7.539626332766e+01  ,-2.341244066005e-03  
  1.420041454669e-04  ,2.463655175796e+00  ,7.539857404445e+01  ,-5.072939800671e-03  
  1.420083393987e-04  ,5.176435827491e+00  ,7.540317184278e+01  ,-1.028682908267e-02  
  1.420100000200e-04  ,6.312543754111e+00  ,7.540498381175e+01  ,-1.226092592759e-02  
  1.420108388064e-04  ,6.421695151024e+00  ,7.540578624078e+01  ,-1.215314366456e-02  
  1.420125163046e-04  ,6.636705583533e+00  ,7.540738119455e+01  ,-1.184370121577e-02  
  1.420158713010e-04  ,7.051437766060e+00  ,7.541057127994e+01  ,-1.123819719071e-02  
  1.420225812939e-04  ,7.821639017294e+00  ,7.541695570192e+01  ,-1.011606491388e-02  
  1.420360012797e-04  ,9.148030891380e+00  ,7.542973746163e+01  ,-8.183940076597e-03  
  1.420456438211e-04  ,9.929769042291e+00  ,7.486889746680e+01  ,5.467917600825e+00  
  1.420480544564e-04  ,9.979545362373e+00  ,6.845411011306e+01  ,1.237397474922e+01  
  1.420515837965e-04  ,9.984281345762e+00  ,5.394551443892e+01  ,1.237268192374e+01  
  1.420552491096e-04  ,9.990240052752e+00  ,3.896095535993e+01  ,1.237219910282e+01  
  1.420625797358e-04  ,1.001608299172e+01  ,1.002728933445e+01  ,1.237259750292e+01  
  1.420667602566e-04  ,1.021616572906e+01  ,3.982401774746e+00  ,1.237337099166e+01  
  1.420709057597e-04  ,1.049976180547e+01  ,3.379279088432e+00  ,1.237446683046e+01  
  1.420732657311e-04  ,1.065869057162e+01  ,3.469430365531e+00  ,1.237510972157e+01  
  1.420764475015e-04  ,1.086370025757e+01  ,3.518748258745e+00  ,1.237598015453e+01  
  1.420828110424e-04  ,1.124480304815e+01  ,3.523001192980e+00  ,1.237772460438e+01  
  1.420955381242e-04  ,1.190579802657e+01  ,3.513779294692e+00  ,1.238122200910e+01  
  1.421110383121e-04  ,1.256133893418e+01  ,3.517557535563e+00  ,1.238548187678e+01  
  1.421420386878e-04  ,1.348975317437e+01  ,3.519839903025e+00  ,1.239400120039e+01  
  1.422040394393e-04  ,1.445579690144e+01  ,3.523391105986e+00  ,1.241103798899e+01  
  1.423262528029e-04  ,1.510184401177e+01  ,3.532920092349e+00  ,1.244461194920e+01  
  1.424612454024e-04  ,1.514834294527e+01  ,3.543429588963e+00  ,1.248168326549e+01  
  1.427277020064e-04  ,1.494994532917e+01  ,3.564286448804e+00  ,1.255481527536e+01  
  1.430731228438e-04  ,1.502247518026e+01  ,3.591143904825e+00  ,1.264953755535e+01  
  1.435229710189e-04  ,1.501060777572e+01  ,3.626131317762e+00  ,1.277275703965e+01  
  1.444226673690e-04  ,1.499219798180e+01  ,3.695970984655e+00  ,1.301872467178e+01  
  1.462220600692e-04  ,1.500683648518e+01  ,3.835091162967e+00  ,1.350877971756e+01  
  1.498208454696e-04  ,1.500060087545e+01  ,4.111229959370e+00  ,1.448142523324e+01  
  1.520100000200e-04  ,1.499953795614e+01  ,4.277827666061e+00  ,1.506823842587e+01  
  1.520110000180e-04  ,1.442018658162e+01  ,4.277753435384e+00  ,1.506850563811e+01  
  1.520130001264e-04  ,1.321255052887e+01  ,4.277518981715e+00  ,1.506904001092e+01  
  1.520170003431e-04  ,1.067135176746e+01  ,4.277080691408e+00  ,1.507010909643e+01  
  1.520200000200e-04  ,8.646524038663e+00  ,4.276822997674e+00  ,1.507091070103e+01  
  1.520208000633e-04  ,8.542859223986e+00  ,4.276886611127e+00  ,1.507112445125e+01  
  1.520224000755e-04  ,8.338025690996e+00  ,4.277099503777e+00  ,1.507155206717e+01  
  1.520256000999e-04  ,7.942919748124e+00  ,4.277653006628e+00  ,1.507240726413e+01  
  1.520320001486e-04  ,7.207577846171e+00  ,4.278820339835e+00  ,1.507411740165e+01  
  1.520448002461e-04  ,5.932108507531e+00  ,4.282088164905e+00  ,1.507753752754e+01  
  1.520587149504e-04  ,4.792387330814e+00  ,4.293809072798e+00  ,1.508125424092e+01  
  1.520621936265e-04  ,4.546285032326e+00  ,4.307615167490e+00  ,1.508217828138e+01  
  1.520660902801e-04  ,4.372555641626e+00  ,9.022478578951e+00  ,1.508323877260e+01  
  1.520706925038e-04  ,4.359458075532e+00  ,2.499853401191e+01  ,1.508367205942e+01  
  1.520771014932e-04  ,4.359476631552e+00  ,4.849637287889e+01  ,1.508333061460e+01  
  1.520835186783e-04  ,4.225959857734e+00  ,6.234581342847e+01  ,3.932852606826e-01  
  1.520851229745e-04  ,4.126368480089e+00  ,6.240333759459e+01  ,-1.464730257742e-01  
  1.520870031286e-04  ,4.010340860782e+00  ,6.239243622565e+01  ,-7.256754084078e-03  
  1.520893142987e-04  ,3.872298284169e+00  ,6.239497236038e+01  ,7.908264080799e-03  
  1.520939366389e-04  ,3.610126860702e+00  ,6.240336073552e+01  ,6.132106051178e-03  
  1.521031813193e-04  ,3.136673096007e+00  ,6.241990377986e+01  ,5.221727739263e-03  
  1.521216706801e-04  ,2.365727642923e+00  ,6.245294900802e+01  ,4.111623133503e-03  
  1.521586494017e-04  ,1.309130771314e+00  ,6.251887687368e+01  ,2.563361138438e-03  
  1.521998302508e-04  ,6.415318459222e-01  ,6.259206746720e+01  ,1.588693017420e-03  
  1.522414164114e-04  ,3.349182099126e-01  ,6.266575705189e+01  ,1.140069330559e-03  
  1.522997514773e-04  ,1.139182948222e-01  ,6.276880339186e+01  ,8.154405276920e-04  
  1.523615257311e-04  ,4.258007331941e-02  ,6.287752837501e+01  ,7.087532263148e-04  
  1.524850742388e-04  ,-5.713306980339e-03  ,6.309380542571e+01  ,6.329146797240e-04  
  1.526011006403e-04  ,1.587830330443e-03  ,6.329549745708e+01  ,6.384581944001e-04  
  1.528331534434e-04  ,3.778885627835e-03  ,6.369477297708e+01  ,6.314710729120e-04  
  1.531796233225e-04  ,1.244374263031e-03  ,6.428069308069e+01  ,6.127881047369e-04  
  1.538725630808e-04  ,2.455796219151e-03  ,6.541558139114e+01  ,5.849359088195e-04  
  1.552584425974e-04  ,1.324357872065e-03  ,6.753626682412e+01  ,5.259607997712e-04  
  1.580302016306e-04  ,1.803114529106e-03  ,7.117448585620e+01  ,4.183200706181e-04  
  1.620000000200e-04  ,5.679349619209e-04  ,7.497829371509e+01  ,2.753546236967e-04  
  1.620010000180e-04  ,5.772189601713e-01  ,7.497917575799e+01  ,-1.019750287689e-03  
  1.620020429130e-04  ,1.188586631109e+00  ,7.498009899954e+01  ,-2.402141543900e-03  
  1.620041287031e-04  ,2.452826234265e+00  ,7.498194121777e+01  ,-5.120557074735e-03  
  1.620083002831e-04  ,5.149679343195e+00  ,7.498560212324e+01  ,-1.030890570437e-02  
  1.620100000200e-04  ,6.312135365635e+00  ,7.498708499032e+01  ,-1.233008965521e-02  
  1.620108343360e-04  ,6.420714124983e+00  ,7.498770045248e+01  ,-1.222334188010e-02  
  1.620125028935e-04  ,6.634613644230e+00  ,7.498892143944e+01  ,-1.191556192463e-02  
  1.620158400086e-04  ,7.047281669038e+00  ,7.499136361498e+01  ,-1.131304293597e-02  
  1.620225142387e-04  ,7.813946230595e+00  ,7.499625238118e+01  ,-1.019603626202e-02  
  1.620358626989e-04  ,9.135284628060e+00  ,7.500604351662e+01  ,-8.271242296788e-03  
  1.620454471258e-04  ,9.919687444298e+00  ,7.459884392162e+01  ,3.968835995328e+00  
  1.620478432325e-04  ,9.973273359734e+00  ,6.847721359181e+01  ,1.124715853045e+01  
  1.620514478234e-04  ,9.978314450973e+00  ,5.365815678682e+01  ,1.124587181959e+01  
  1.620551887599e-04  ,9.983072462563e+00  ,3.825723521904e+01  ,1.124530131347e+01  
  1.620626706329e-04  ,1.001191028524e+01  ,8.878480963061e+00  ,1.124590873784e+01  
  1.620669509915e-04  ,1.023355433085e+01  ,3.591053420048e+00  ,1.124660346643e+01  
  1.620711695102e-04  ,1.052267954436e+01  ,2.974392473020e+00  ,1.124713042395e+01  
  1.620739787516e-04  ,1.071110045237e+01  ,3.128922588639e+00  ,1.124866026698e+01  
  1.620794534383e-04  ,1.105423591482e+01  ,3.247567116109e+00  ,1.125018611373e+01  
  1.620851583478e-04  ,1.138151277879e+01  ,3.209054174427e+00  ,1.125177112285e+01  
  1.620965681669e-04  ,1.195926232892e+01  ,3.196287697013e+00  ,1.125494293052e+01  
  1.621146611569e-04  ,1.269306582224e+01  ,3.199361261672e+00  ,1.125997323316e+01  
  1.621505550739e-04  ,1.369963932083e+01  ,3.200261144549e+00  ,1.126995197206e+01  
  1.622223429081e-04  ,1.470056737309e+01  ,3.205283667373e+00  ,1.128990691657e+01  
  1.623524240849e-04  ,1.499802064204e+01  ,3.215428357762e+00  ,1.132605601304e+01  
  1.625120453236e-04  ,1.500024827766e+01  ,3.227992000345e+00  ,1.137039593664e+01  
  1.627320579884e-04  ,1.500000621921e+01  ,3.245356855512e+00  ,1.143147889583e+01  
  1.630698494312e-04  ,1.500125777190e+01  ,3.271948666690e+00  ,1.152518682133e+01  
  1.637454323170e-04  ,1.500169828918e+01  ,3.325079613588e+00  ,1.171233337741e+01  
  1.650965980885e-04  ,1.499979673666e+01  ,3.431037952050e+00  ,1.208555204971e+01  
  1.677989296314e-04  ,1.499998435045e+01  ,3.641738793284e+00  ,1.282771354107e+01  
  1.720100000200e-04  ,1.499986826474e+01  ,3.966876758652e+00  ,1.397296180095e+01  
  1.720110000180e-04  ,1.442322683973e+01  ,3.966803922389e+00  ,1.397323212228e+01  
  1.720130001264e-04  ,1.321550126835e+01  ,3.966570593375e+00  ,1.397377272432e+01  
  1.720170003431e-04  ,1.067412968290e+01  ,3.966129578858e+00  ,1.397485423905e+01  
  1.720200000200e-04  ,8.649178236045e+00  ,3.965865177393e+00  ,1.397566517130e+01  
  1.720208000633e-04  ,8.545481532951e+00  ,3.965924739152e+00  ,1.397588141164e+01  
  1.720224000755e-04  ,8.340584993004e+00  ,3.966130042157e+00  ,1.397631400062e+01  
  1.720256000999e-04  ,7.945357530063e+00  ,3.966671079616e+00  ,1.397717914564e+01  
  1.720320001486e-04  ,7.209789313528e+00  ,3.967805214597e+00  ,1.397890919064e+01  
  1.720448002461e-04  ,5.933926142343e+00  ,3.970929662701e+00  ,1.398236913615e+01  
  1.720587194208e-04  ,4.793508315798e+00  ,3.981777159938e+00  ,1.398613043178e+01  
  1.720621992144e-04  ,4.547244469531e+00  ,3.994156076511e+00  ,1.398706666834e+01  
  1.720661420617e-04  ,4.366087925660e+00  ,8.468135634565e+00  ,1.398824016930e+01  
  1.720708813760e-04  ,4.351955233945e+00  ,2.483805776320e+01  ,1.398862715300e+01  
  1.720773291084e-04  ,4.353348332522e+00  ,4.853193230423e+01  ,1.398832845244e+01  
  1.720837850365e-04  ,4.206711976497e+00  ,6.197045823105e+01  ,4.147799546954e-01  
  1.720853990186e-04  ,4.106831257073e+00  ,6.205213350540e+01  ,-3.624577379026e-01  
  1.720867112521e-04  ,4.025131952010e+00  ,6.201929031693e+01  ,-1.966136855019e-02  
  1.720893357191e-04  ,3.867980657111e+00  ,6.201827985029e+01  ,3.072081468104e-02  
  1.720945846531e-04  ,3.571886752325e+00  ,6.202897040693e+01  ,6.637721415510e-03  
  1.721050825212e-04  ,3.044304302941e+00  ,6.204561729432e+01  ,4.902491460496e-03  
  1.721260782573e-04  ,2.208510129776e+00  ,6.207863032394e+01  ,3.919505531817e-03  
  1.721680697295e-04  ,1.114637829863e+00  ,6.214451505227e+01  ,2.206938992618e-03  
  1.722104784343e-04  ,5.223510227446e-01  ,6.221080482085e+01  ,1.341596324060e-03  
  1.722591217849e-04  ,1.935912075628e-01  ,6.228658245241e+01  ,8.606181826558e-04  
  1.723258313033e-04  ,6.476792799374e-02  ,6.239009341034e+01  ,6.701938380244e-04  
  1.724121984336e-04  ,1.496849532925e-02  ,6.252345685727e+01  ,5.941241519242e-04  
  1.725064572189e-04  ,4.025192377505e-03  ,6.266818280094e+01  ,5.743692360081e-04  
  1.726949747894e-04  ,1.437258367181e-03  ,6.295506768515e+01  ,5.630022928119e-04  
  1.730236586425e-04  ,1.949639353296e-03  ,6.344705974160e+01  ,5.506140831446e-04  
  1.736810263488e-04  ,1.598642876339e-03  ,6.439966104951e+01  ,5.241748801338e-04  
  1.749957617614e-04  ,1.643999662789e-03  ,6.617849264985e+01  ,4.737684054196e-04  
  1.776252325866e-04  ,1.162253763209e-03  ,6.922659097504e+01  ,3.770974256917e-04  
  1.820000000200e-04  ,8.346482952202e-04  ,7.279328057839e+01  ,2.303772076598e-04  
  1.820010000180e-04  ,5.774789895270e-01  ,7.279401437281e+01  ,-1.064464710654e-03  
  1.820020119931e-04  ,1.170476434003e+00  ,7.279476015483e+01  ,-2.404902871490e-03  
  1.820040359433e-04  ,2.395527518673e+00  ,7.279624806601e+01  ,-5.045541061700e-03  
  1.820080838438e-04  ,5.004442845588e+00  ,7.279920166954e+01  ,-1.009178045916e-02  
  1.820100000200e-04  ,6.311825031079e+00  ,7.280058984165e+01  ,-1.237488580044e-02  
  1.820108096001e-04  ,6.417225289421e+00  ,7.280106709423e+01  ,-1.227343711549e-02  
  1.820124287975e-04  ,6.622977254072e+00  ,7.280201159565e+01  ,-1.197615646933e-02  
  1.820156671924e-04  ,7.022700815804e+00  ,7.280390102402e+01  ,-1.139397511824e-02  
  1.820221439821e-04  ,7.768749658075e+00  ,7.280768386736e+01  ,-1.030697168098e-02  
  1.820350975615e-04  ,9.065286416985e+00  ,7.281526290322e+01  ,-8.418259072726e-03  
  1.820442126018e-04  ,9.837172841717e+00  ,7.282060592401e+01  ,-7.293755705740e-03  
  1.820511408967e-04  ,9.972200485369e+00  ,5.162439781755e+01  ,1.028568487520e+01  
  1.820577413661e-04  ,9.987247127071e+00  ,2.493071255894e+01  ,1.028546029442e+01  
  1.820640773398e-04  ,1.007826823827e+01  ,3.930369203549e+00  ,1.028594058831e+01  
  1.820678264720e-04  ,1.033612187216e+01  ,2.836712847441e+00  ,1.028686833465e+01  
  1.820697241348e-04  ,1.046839225143e+01  ,2.867869376145e+00  ,1.028741761144e+01  
  1.820722208244e-04  ,1.063714981538e+01  ,2.916384822231e+00  ,1.028810417082e+01  
  1.820772142035e-04  ,1.095567678529e+01  ,2.930594159958e+00  ,1.028951206292e+01  
  1.820872009617e-04  ,1.152606402216e+01  ,2.926412200689e+00  ,1.029231113498e+01  
  1.821067304236e-04  ,1.242232240556e+01  ,2.923922513681e+00  ,1.029779625370e+01  
  1.821457893473e-04  ,1.360047756364e+01  ,2.928516705626e+00  ,1.030875930947e+01  
  1.822239071948e-04  ,1.473289876215e+01  ,2.932983228900e+00  ,1.033068674693e+01  
  1.823365480525e-04  ,1.516352946656e+01  ,2.941725907563e+00  ,1.036229661425e+01  
  1.824845821482e-04  ,1.515155512044e+01  ,2.953525268112e+00  ,1.040382356509e+01  
  1.827283413035e-04  ,1.495492258772e+01  ,2.973014938194e+00  ,1.047216564280e+01  
  1.831316024882e-04  ,1.502294528279e+01  ,3.005052921294e+00  ,1.058512295456e+01  
  1.836071521861e-04  ,1.500904333350e+01  ,3.042829582180e+00  ,1.071816303066e+01  
  1.845582515818e-04  ,1.499325539984e+01  ,3.118224606067e+00  ,1.098370501910e+01  
  1.864604503733e-04  ,1.500597250000e+01  ,3.268385374202e+00  ,1.151264363564e+01  
  1.902648479563e-04  ,1.500050573399e+01  ,3.566303936160e+00  ,1.256200665141e+01  
  1.920100000200e-04  ,1.499963677643e+01  ,3.701889053078e+00  ,1.303958328146e+01  
  1.920110000180e-04  ,1.442136227780e+01  ,3.701819060539e+00  ,1.303985625390e+01  
  1.920130001264e-04  ,1.321369161137e+01  ,3.701587369210e+00  ,1.304040215541e+01  
  1.920170003431e-04  ,1.067242590398e+01  ,3.701144322704e+00  ,1.304149426933e+01  
  1.920200000200e-04  ,8.647550134095e+00  ,3.700874218499e+00  ,1.304231315038e+01  
  1.920208000633e-04  ,8.543872894406e+00  ,3.700930303427e+00  ,1.304253151264e+01  
  1.920224000755e-04  ,8.339014814784e+00  ,3.701129082092e+00  ,1.304296833961e+01  
  1.920256000999e-04  ,7.943861555233e+00  ,3.701659684835e+00  ,1.304384196219e+01  
  1.920320001486e-04  ,7.208431320675e+00  ,3.702766449258e+00  ,1.304558897178e+01  
  1.920448002461e-04  ,5.932806447860e+00  ,3.705773611431e+00  ,1.304908285015e+01  
  1.920587238911e-04  ,4.792259746921e+00  ,3.715943793417e+00  ,1.305288233301e+01  
  1.920676407460e-04  ,4.359029010440e+00  ,1.426686746394e+01  ,1.305465456454e+01  
  1.920760062579e-04  ,4.344501766004e+00  ,4.379890204599e+01  ,1.305471840856e+01  
  1.920831632856e-04  ,4.205012848358e+00  ,6.017440731531e+01  ,4.203626269283e-01  
  1.920845034588e-04  ,4.122418133274e+00  ,6.025562479043e+01  ,-3.575982515427e-01  
  1.920858948547e-04  ,4.035501994914e+00  ,6.022356393540e+01  ,-2.374359511195e-02  
  1.920886307079e-04  ,3.871370932178e+00  ,6.022150611019e+01  ,3.451150262227e-02  
  1.920941024143e-04  ,3.562921487613e+00  ,6.023210509356e+01  ,6.694666625859e-03  
  1.921050458271e-04  ,3.015919196008e+00  ,6.024781754258e+01  ,4.798949050967e-03  
  1.921269326526e-04  ,2.157732470449e+00  ,6.027892862909e+01  ,3.816251607913e-03  
  1.921707063037e-04  ,1.052557273351e+00  ,6.034101228094e+01  ,2.070915956853e-03  
  1.922123580295e-04  ,4.973682605358e-01  ,6.039985103539e+01  ,1.259714234555e-03  
  1.922624378521e-04  ,1.759902202236e-01  ,6.047034625660e+01  ,7.895795846640e-04  
  1.923278718311e-04  ,6.036901477597e-02  ,6.056207889719e+01  ,6.186322242101e-04  
  1.924167542774e-04  ,1.310144719141e-02  ,6.068605862334e+01  ,5.464049580518e-04  
  1.925096540767e-04  ,3.646609080746e-03  ,6.081488353815e+01  ,5.291399754473e-04  
  1.926954536754e-04  ,1.309909019332e-03  ,6.107021790622e+01  ,5.187761206588e-04  
  1.930316238720e-04  ,1.756877143566e-03  ,6.152434252446e+01  ,5.069335980612e-04  
  1.937039642650e-04  ,1.438832780806e-03  ,6.240212041215e+01  ,4.817944166009e-04  
  1.950486450512e-04  ,1.472349512895e-03  ,6.403504900458e+01  ,4.337501551490e-04  
  1.977380066234e-04  ,1.023464226715e-03  ,6.680711287151e+01  ,3.414904069986e-04  
  2.020000000200e-04  ,7.324645385685e-04  ,6.985546312266e+01  ,2.076267532272e-04  
  2.020010000180e-04  ,5.773769429526e-01  ,6.985611854939e+01  ,-1.086247574057e-03  
  2.020019708287e-04  ,1.145947802458e+00  ,6.985675806167e+01  ,-2.372590941309e-03  
  2.020039124500e-04  ,2.319000443493e+00  ,6.985803380895e+01  ,-4.908940013989e-03  
  2.020077956926e-04  ,4.811595804710e+00  ,6.986056485616e+01  ,-9.764829168014e-03  
  2.020100000200e-04  ,6.311551567614e+00  ,6.986198990062e+01  ,-1.239716813513e-02  
  2.020107766685e-04  ,6.412716435626e+00  ,6.986238711862e+01  ,-1.230281105675e-02  
  2.020123299283e-04  ,6.612220942538e+00  ,6.986317133262e+01  ,-1.201652836899e-02  
  2.020154364479e-04  ,6.998065598158e+00  ,6.986473979992e+01  ,-1.145287027774e-02  
  2.020216494871e-04  ,7.718489099636e+00  ,6.986788115010e+01  ,-1.040319599005e-02  
  2.020340755654e-04  ,8.976106452636e+00  ,6.987417741737e+01  ,-8.571084890665e-03  
  2.020425826383e-04  ,9.710269661909e+00  ,6.987849650389e+01  ,-7.501578809539e-03  
  2.020489312780e-04  ,9.963602293760e+00  ,5.735745273709e+01  ,9.593574763042e+00  
  2.020548880172e-04  ,9.979691018987e+00  ,3.343832806841e+01  ,9.593117402485e+00  
  2.020621188057e-04  ,1.000597169201e+01  ,4.880800281542e+00  ,9.593494839360e+00  
  2.020655918938e-04  ,1.023016610292e+01  ,2.844433947755e+00  ,9.594041145268e+00  
  2.020691745055e-04  ,1.047922410003e+01  ,2.639609543885e+00  ,9.595204737246e+00  
  2.020725075227e-04  ,1.070247306616e+01  ,2.699821728999e+00  ,9.596135633891e+00  
  2.020775575263e-04  ,1.101984372687e+01  ,2.729890321649e+00  ,9.597556188258e+00  
  2.020863328201e-04  ,1.151732557622e+01  ,2.730404048958e+00  ,9.600031716310e+00  
  2.021038834077e-04  ,1.233547525565e+01  ,2.726692157749e+00  ,9.604993437031e+00  
  2.021389845831e-04  ,1.345587608499e+01  ,2.732113076318e+00  ,9.614916825129e+00  
  2.022091869337e-04  ,1.460472338117e+01  ,2.735486724578e+00  ,9.634760850515e+00  
  2.023224238378e-04  ,1.515135702777e+01  ,2.744266151154e+00  ,9.666761613765e+00  
  2.024772290212e-04  ,1.498794536874e+01  ,2.756767543359e+00  ,9.710493278340e+00  
  2.026231650335e-04  ,1.497498220802e+01  ,2.768464407794e+00  ,9.751701798372e+00  
  2.029150370580e-04  ,1.500952385926e+01  ,2.791833088588e+00  ,9.834067662489e+00  
  2.034987811071e-04  ,1.499407645567e+01  ,2.838549557163e+00  ,9.998594951509e+00  
  2.045176867467e-04  ,1.499847996964e+01  ,2.919892433393e+00  ,1.028511923659e+01  
  2.065554980260e-04  ,1.500015460264e+01  ,3.081877760634e+00  ,1.085568996663e+01  
  2.106311205846e-04  ,1.500055636324e+01  ,3.403053498014e+00  ,1.198698229968e+01  
  2.120100000200e-04  ,1.499961133708e+01  ,3.510875558657e+00  ,1.236676755186e+01  
  2.120110000180e-04  ,1.442164423544e+01  ,3.510807100079e+00  ,1.236704243380e+01  
  2.120130001264e-04  ,1.321396526970e+01  ,3.510576469370e+00  ,1.236759216443e+01  
  2.120170003431e-04  ,1.067268349512e+01  ,3.510131955618e+00  ,1.236869191124e+01  
  2.120200000200e-04  ,8.647796181038e+00  ,3.509857739683e+00  ,1.236951652210e+01  
  2.120208000633e-04  ,8.544115949902e+00  ,3.509911246850e+00  ,1.236973641400e+01  
  2.120224000755e-04  ,8.339251960845e+00  ,3.510105183327e+00  ,1.237017629578e+01  
  2.120256000999e-04  ,7.944087316035e+00  ,3.510628155025e+00  ,1.237105602923e+01  
  2.120320001486e-04  ,7.208635805959e+00  ,3.511715070042e+00  ,1.237281526775e+01  
  2.120448002461e-04  ,5.932973269972e+00  ,3.514636723724e+00  ,1.237633360644e+01  
  2.120587268713e-04  ,4.792164293713e+00  ,3.524306165884e+00  ,1.238016056565e+01  
  2.120676452163e-04  ,4.354856804500e+00  ,1.383502164679e+01  ,1.238198303502e+01  
  2.120760181788e-04  ,4.340384033524e+00  ,4.336307729546e+01  ,1.238206749992e+01  
  2.120829293374e-04  ,4.181240411782e+00  ,5.776516802109e+01  ,3.224545676645e-01  
  2.120863826815e-04  ,3.971328627474e+00  ,5.782953863544e+01  ,-2.683331805299e-01  
  2.120878955219e-04  ,3.880872312112e+00  ,5.780489533112e+01  ,-7.845233409787e-03  
  2.120909212026e-04  ,3.706911722338e+00  ,5.780692610447e+01  ,1.135665677212e-02  
  2.120969725642e-04  ,3.381655009035e+00  ,5.781553773633e+01  ,5.697501247126e-03  
  2.121090752873e-04  ,2.813343933010e+00  ,5.783180587904e+01  ,4.370798597452e-03  
  2.121332807336e-04  ,1.941150120427e+00  ,5.786411974197e+01  ,3.591837556706e-03  
  2.121721310410e-04  ,1.031823129262e+00  ,5.791592565267e+01  ,2.020804060863e-03  
  2.122156722340e-04  ,4.749385791684e-01  ,5.797375135466e+01  ,1.206642721812e-03  
  2.122634274754e-04  ,1.802206080615e-01  ,5.803695299989e+01  ,7.756148449986e-04  
  2.123323423657e-04  ,1.407622372581e-02  ,5.812779353385e+01  ,5.310486460317e-04  
  2.124134166035e-04  ,4.555826175297e-03  ,5.823413655920e+01  ,5.142864785045e-04  
  2.125446183476e-04  ,1.570964050087e-03  ,5.840507933411e+01  ,5.052667482037e-04  
  2.126734120640e-04  ,1.550824024588e-03  ,5.857150055298e+01  ,5.006790640784e-04  
  2.129309994969e-04  ,1.525109737441e-03  ,5.890022176210e+01  ,4.915485647418e-04  
  2.134461743626e-04  ,1.473765615020e-03  ,5.954112784941e+01  ,4.734836143969e-04  
  2.144765240941e-04  ,1.267833986214e-03  ,6.075643833683e+01  ,4.322536294212e-04  
  2.165372235570e-04  ,1.251869435865e-03  ,6.291904132470e+01  ,3.753799874397e-04  
  2.206586224827e-04  ,7.517270571944e-04  ,6.617142781008e+01  ,2.408135813613e-04  
  2.220000000200e-04  ,6.400307924801e-04  ,6.692259378180e+01  ,2.041421520255e-04  
  2.220010000180e-04  ,5.772856961400e-01  ,6.692323033718e+01  ,-1.086249402172e-03  
  2.220019295711e-04  ,1.121399610372e+00  ,6.692382585611e+01  ,-2.321720236679e-03  
  2.220037886772e-04  ,2.242517223133e+00  ,6.692501319095e+01  ,-4.752444413897e-03  
  2.220075068894e-04  ,4.619361369872e+00  ,6.692736926119e+01  ,-9.416209443425e-03  
  2.220100000200e-04  ,6.311945276573e+00  ,6.692893548645e+01  ,-1.239914088965e-02  
  2.220107436624e-04  ,6.408854151170e+00  ,6.692930230795e+01  ,-1.231193271908e-02  
  2.220122309846e-04  ,6.598400484470e+00  ,6.693002553312e+01  ,-1.203866660699e-02  
  2.220152056289e-04  ,6.969129802051e+00  ,6.693147213763e+01  ,-1.149872703300e-02  
  2.220211549175e-04  ,7.662985725521e+00  ,6.693436931072e+01  ,-1.048774715226e-02  
  2.220330534947e-04  ,8.880751027717e+00  ,6.694017702927e+01  ,-8.713654606203e-03  
  2.220451234353e-04  ,9.906138692223e+00  ,6.672450766907e+01  ,2.107129443728e+00  
  2.220538182628e-04  ,9.975597481466e+00  ,3.386633598230e+01  ,9.197548000909e+00  
  2.220604209674e-04  ,9.999091944442e+00  ,7.460859318861e+00  ,9.198077418965e+00  
  2.220644509864e-04  ,1.021876110030e+01  ,2.971273063408e+00  ,9.198824563832e+00  
  2.220670940799e-04  ,1.040167638851e+01  ,2.561487221228e+00  ,9.199673749076e+00  
  2.220703294945e-04  ,1.062171287102e+01  ,2.568889295090e+00  ,9.200580139414e+00  
  2.220743557883e-04  ,1.088156828420e+01  ,2.608999285852e+00  ,9.201718717228e+00  
  2.220805867088e-04  ,1.125364825713e+01  ,2.618384287344e+00  ,9.203484034249e+00  
  2.220930485499e-04  ,1.190058029577e+01  ,2.614301360504e+00  ,9.207021077972e+00  
  2.221119104398e-04  ,1.268247503574e+01  ,2.616481351236e+00  ,9.212374787819e+00  
  2.221496342194e-04  ,1.371356107005e+01  ,2.619177217618e+00  ,9.223081623620e+00  
  2.222250817788e-04  ,1.464997134871e+01  ,2.624436450527e+00  ,9.244492270031e+00  
  2.223451732171e-04  ,1.510202143341e+01  ,2.634082273311e+00  ,9.278562921290e+00  
  2.224977134240e-04  ,1.512405814874e+01  ,2.646358244592e+00  ,9.321822899572e+00  
  2.227785705102e-04  ,1.495528914206e+01  ,2.669027697625e+00  ,9.401424256589e+00  
  2.231945155633e-04  ,1.497214085181e+01  ,2.702456601797e+00  ,9.519196088055e+00  
  2.240264056695e-04  ,1.502033181304e+01  ,2.769188844027e+00  ,9.754323002345e+00  
  2.254504321587e-04  ,1.498321590154e+01  ,2.883107407508e+00  ,1.015552611493e+01  
  2.282984851373e-04  ,1.499832629715e+01  ,3.109530620157e+00  ,1.095308981369e+01  
  2.320100000200e-04  ,1.500163495693e+01  ,3.401872267719e+00  ,1.198282358448e+01  
  2.320110000180e-04  ,1.442496718278e+01  ,3.401804347008e+00  ,1.198309955684e+01  
  2.320130001264e-04  ,1.321719037759e+01  ,3.401574232873e+00  ,1.198365146849e+01  
  2.320170003431e-04  ,1.067571976932e+01  ,3.401128862793e+00  ,1.198475557447e+01  
  2.320200000200e-04  ,8.650697333966e+00  ,3.400852278964e+00  ,1.198558345511e+01  
  2.320208000633e-04  ,8.546982295604e+00  ,3.400904266969e+00  ,1.198580421997e+01  
  2.320224000755e-04  ,8.342049530671e+00  ,3.401095343245e+00  ,1.198624584490e+01  
  2.320256000999e-04  ,7.946752230806e+00  ,3.401613816572e+00  ,1.198712906546e+01  
  2.320320001486e-04  ,7.211053781635e+00  ,3.402689047774e+00  ,1.198889528270e+01  
  2.320448002461e-04  ,5.934962459752e+00  ,3.405559703230e+00  ,1.199242758014e+01  
  2.320587298516e-04  ,4.793543770302e+00  ,3.414917503672e+00  ,1.199627057981e+01  
  2.320676496867e-04  ,4.352539142841e+00  ,1.352055008536e+01  ,1.199813059564e+01  
  2.320760286096e-04  ,4.337932913616e+00  ,4.304058943565e+01  ,1.199822562071e+01  
  2.320826871935e-04  ,4.158215115408e+00  ,5.537251084867e+01  ,2.102668463582e-01  
  2.320860805604e-04  ,3.952590815059e+00  ,5.542309060449e+01  ,-2.464773010345e-01  
  2.320876068119e-04  ,3.861807547101e+00  ,5.540053036467e+01  ,-6.679091597644e-03  
  2.320906593147e-04  ,3.687193805098e+00  ,5.540267732004e+01  ,1.092733948357e-02  
  2.320967643205e-04  ,3.360910792248e+00  ,5.541115810821e+01  ,5.650537230900e-03  
  2.321089743319e-04  ,2.791499322780e+00  ,5.542723758005e+01  ,4.356902282081e-03  
  2.321333943549e-04  ,1.919598666992e+00  ,5.545918603241e+01  ,3.544008681424e-03  
  2.321727691833e-04  ,1.010472616473e+00  ,5.551063754682e+01  ,1.990347757139e-03  
  2.322167812530e-04  ,4.593734639539e-01  ,5.556792131063e+01  ,1.184705802246e-03  
  2.322635112945e-04  ,1.779471872472e-01  ,5.562854004610e+01  ,7.731187647113e-04  
  2.323323665801e-04  ,5.692145146338e-02  ,5.571751548396e+01  ,5.943782071987e-04  
  2.324156700316e-04  ,1.404066222275e-02  ,5.582465921711e+01  ,5.290059725308e-04  
  2.325127183143e-04  ,-1.007507833251e-03  ,5.594880166088e+01  ,5.037306222785e-04  
  2.327068148795e-04  ,2.004375912098e-03  ,5.619489927298e+01  ,5.014518847331e-04  
  2.329423009101e-04  ,2.037187387117e-03  ,5.648955799591e+01  ,4.934408692740e-04  
  2.334132729712e-04  ,1.148755379623e-03  ,5.706595016910e+01  ,4.762153354819e-04  
  2.343552170936e-04  ,1.593631425015e-03  ,5.816671485910e+01  ,4.454724876343e-04  
  2.362391053382e-04  ,9.860932587230e-04  ,6.015829896162e+01  ,3.839459257248e-04  
  2.400068818274e-04  ,1.011396361146e-03  ,6.329556010780e+01  ,2.701616278373e-04  
  2.420000000200e-04  ,5.020664343894e-04  ,6.449892799909e+01  ,2.150839789474e-04  
  2.420010000180e-04  ,5.771501628571e-01  ,6.449958581242e+01  ,-1.076060986929e-03  
  2.420018955778e-04  ,1.101132820043e+00  ,6.450017851303e+01  ,-2.266256238436e-03  
  2.420036866974e-04  ,2.179597687220e+00  ,6.450136061710e+01  ,-4.610600080126e-03  
  2.420072689365e-04  ,4.461703140957e+00  ,6.450370755768e+01  ,-9.115272050577e-03  
  2.420100000200e-04  ,6.311712691942e+00  ,6.450548175070e+01  ,-1.238893796479e-02  
  2.420107164678e-04  ,6.405118535801e+00  ,6.450585059964e+01  ,-1.230765098111e-02  
  2.420121494007e-04  ,6.587960880461e+00  ,6.450657771514e+01  ,-1.204433784691e-02  
  2.420150152666e-04  ,6.945866762453e+00  ,6.450803203340e+01  ,-1.152307954036e-02  
  2.420207469982e-04  ,7.616950040754e+00  ,6.451094449721e+01  ,-1.054518003621e-02  
  2.420322104615e-04  ,8.798090299542e+00  ,6.451678276669e+01  ,-8.824599403155e-03  
  2.420437841934e-04  ,9.804047086750e+00  ,6.452269117012e+01  ,-7.358987924336e-03  
  2.420520334763e-04  ,9.970348787111e+00  ,3.892476544159e+01  ,9.051148836899e+00  
  2.420598893684e-04  ,9.998724459627e+00  ,7.878482835760e+00  ,9.053227120708e+00  
  2.420639819724e-04  ,1.021476361542e+01  ,2.992913439818e+00  ,9.052292968816e+00  
  2.420678898019e-04  ,1.048312873307e+01  ,2.458544405199e+00  ,9.053442404562e+00  
  2.420701711697e-04  ,1.063722278753e+01  ,2.525046682405e+00  ,9.054085084066e+00  
  2.420736699623e-04  ,1.086318589105e+01  ,2.573128691260e+00  ,9.055075345638e+00  
  2.420795417649e-04  ,1.121617412045e+01  ,2.578781108188e+00  ,9.056740693099e+00  
  2.420912853700e-04  ,1.183496045456e+01  ,2.571047540804e+00  ,9.060078659503e+00  
  2.421053416354e-04  ,1.244838472233e+01  ,2.574375054148e+00  ,9.064074278167e+00  
  2.421334541661e-04  ,1.334521362161e+01  ,2.576700859491e+00  ,9.072065130195e+00  
  2.421896792275e-04  ,1.433458377962e+01  ,2.579991495889e+00  ,9.088045206720e+00  
  2.423021293503e-04  ,1.506234594517e+01  ,2.589077023121e+00  ,9.119998158708e+00  
  2.424330688340e-04  ,1.500027422864e+01  ,2.599679159674e+00  ,9.157192333727e+00  
  2.426908470017e-04  ,1.499998525612e+01  ,2.620439675846e+00  ,9.230375394101e+00  
  2.429451919419e-04  ,1.500000969013e+01  ,2.640933009664e+00  ,9.302531187105e+00  
  2.434538818223e-04  ,1.500005101593e+01  ,2.681859099691e+00  ,9.446686950371e+00  
  2.444712615830e-04  ,1.500005835297e+01  ,2.763534266915e+00  ,9.734374713523e+00  
  2.465060211045e-04  ,1.500006475149e+01  ,2.926178684069e+00  ,1.030726417744e+01  
  2.505755401475e-04  ,1.500006393654e+01  ,3.248668257074e+00  ,1.144318318682e+01  
  2.520100000200e-04  ,1.500001823591e+01  ,3.361454551064e+00  ,1.184045596791e+01  
  2.520110000180e-04  ,1.442332224193e+01  ,3.361387056789e+00  ,1.184073234502e+01  
  2.520130001264e-04  ,1.321559387093e+01  ,3.361157209779e+00  ,1.184128506300e+01  
  2.520170003431e-04  ,1.067421671714e+01  ,3.360711552665e+00  ,1.184239078726e+01  
  2.520200000200e-04  ,8.649261129337e+00  ,3.360434120754e+00  ,1.184321988030e+01  
  2.520208000633e-04  ,8.545563301436e+00  ,3.360485564454e+00  ,1.184344096876e+01  
  2.520224000755e-04  ,8.340664543528e+00  ,3.360675620230e+00  ,1.184388324008e+01  
  2.520256000999e-04  ,7.945432844023e+00  ,3.361192541335e+00  ,1.184476775371e+01  
  2.520320001486e-04  ,7.209856469336e+00  ,3.362263824550e+00  ,1.184653655848e+01  
  2.520448002461e-04  ,5.933976745919e+00  ,3.365117792043e+00  ,1.185007403145e+01  
  2.520587298516e-04  ,4.792746201286e+00  ,3.374386780865e+00  ,1.185392267218e+01  
  2.520622122529e-04  ,4.546297098550e+00  ,3.384393569580e+00  ,1.185488208544e+01  
  2.520663316790e-04  ,4.351849598149e+00  ,7.756558916904e+00  ,1.185642990915e+01  
  2.520711954180e-04  ,4.337590735900e+00  ,2.450288317724e+01  ,1.185656127302e+01  
  2.520781103018e-04  ,4.345351578813e+00  ,5.026771972459e+01  ,1.185605659085e+01  
  2.520817685369e-04  ,4.192884646327e+00  ,5.341434955591e+01  ,-8.967814248186e-02  
  2.520853545013e-04  ,3.970881399619e+00  ,5.339976254709e+01  ,9.928249448223e-02  
  2.520875296983e-04  ,3.842029590360e+00  ,5.341198269101e+01  ,7.674199779940e-03  
  2.520903370771e-04  ,3.681851987655e+00  ,5.341590933688e+01  ,5.513118863324e-03  
  2.520959518347e-04  ,3.381028822868e+00  ,5.342332666491e+01  ,5.445116854407e-03  
  2.521071813497e-04  ,2.849343493105e+00  ,5.343821936251e+01  ,4.686850017314e-03  
  2.521296403799e-04  ,2.012901755926e+00  ,5.346795123164e+01  ,3.466150724479e-03  
  2.521745584402e-04  ,9.907758150189e-01  ,5.352721968477e+01  ,1.975060288904e-03  
  2.522148511800e-04  ,4.926490054370e-01  ,5.358020523311e+01  ,1.247828150705e-03  
  2.522554657850e-04  ,2.613699026266e-01  ,5.363345864643e+01  ,9.094095029700e-04  
  2.523147306833e-04  ,8.731574986137e-02  ,5.371092808768e+01  ,6.537333217113e-04  
  2.523792467508e-04  ,1.423930924835e-02  ,5.379495384178e+01  ,5.450307274110e-04  
  2.525082788858e-04  ,1.691672577148e-03  ,5.396207134720e+01  ,5.223305905970e-04  
  2.526564560327e-04  ,-4.377365455373e-04  ,5.415247244869e+01  ,5.141687968277e-04  
  2.528847179804e-04  ,2.050789347509e-03  ,5.444261177710e+01  ,5.100626771444e-04  
  2.533412418756e-04  ,1.972587012386e-03  ,5.501131443709e+01  ,4.945490335087e-04  
  2.542542896661e-04  ,1.030714703799e-03  ,5.610213202449e+01  ,4.630403569506e-04  
  2.560803852472e-04  ,1.551241924622e-03  ,5.809527123554e+01  ,4.052880148559e-04  
  2.597325764093e-04  ,6.011712927871e-04  ,6.131849856413e+01  ,2.941995217097e-04  
  2.620000000200e-04  ,7.032905893930e-04  ,6.280653802918e+01  ,2.307455139754e-04  
  2.620010000180e-04  ,5.773491733638e-01  ,6.280724029745e+01  ,-1.057704147877e-03  
  2.620018716428e-04  ,1.087163617734e+00  ,6.280785613330e+01  ,-2.215969664242e-03  
  2.620036148924e-04  ,2.135662966498e+00  ,6.280908479469e+01  ,-4.499400055419e-03  
  2.620071013916e-04  ,4.351390241886e+00  ,6.281152575006e+01  ,-8.891577368795e-03  
  2.620100000200e-04  ,6.311794708242e+00  ,6.281353893357e+01  ,-1.237061513864e-02  
  2.620106973198e-04  ,6.402729995571e+00  ,6.281392935312e+01  ,-1.229349176884e-02  
  2.620120918823e-04  ,6.582692150317e+00  ,6.281469961447e+01  ,-1.203757110796e-02  
  2.620148810071e-04  ,6.931479327396e+00  ,6.281623953891e+01  ,-1.152654430751e-02  
  2.620204592568e-04  ,7.586494227309e+00  ,6.281932373556e+01  ,-1.057214130829e-02  
  2.620316157562e-04  ,8.745588530242e+00  ,6.282550476195e+01  ,-8.883456636035e-03  
  2.620428333503e-04  ,9.731870300178e+00  ,6.283174873257e+01  ,-7.445899300645e-03  
  2.620507041437e-04  ,9.967578857214e+00  ,4.254157228345e+01  ,9.097364031255e+00  
  2.620582024080e-04  ,9.993174847893e+00  ,1.280031685167e+01  ,9.097553380681e+00  
  2.620627085191e-04  ,1.015621793122e+01  ,3.331295802684e+00  ,9.096617208014e+00  
  2.620663559509e-04  ,1.040622285783e+01  ,2.469504819216e+00  ,9.099287049136e+00  
  2.620684037429e-04  ,1.054700349327e+01  ,2.523388508532e+00  ,9.099867169874e+00  
  2.620710103286e-04  ,1.072011859164e+01  ,2.578799939106e+00  ,9.100596428695e+00  
  2.620760946048e-04  ,1.103813424377e+01  ,2.593531849429e+00  ,9.102047549768e+00  
  2.620862631572e-04  ,1.160641572526e+01  ,2.589029475272e+00  ,9.104933344419e+00  
  2.621037153972e-04  ,1.239970178608e+01  ,2.586482362852e+00  ,9.109891268763e+00  
  2.621386198771e-04  ,1.348824616458e+01  ,2.591065540342e+00  ,9.119808701025e+00  
  2.622084288371e-04  ,1.460807539304e+01  ,2.594901322076e+00  ,9.139639688579e+00  
  2.623232869876e-04  ,1.515171806344e+01  ,2.603879217842e+00  ,9.172259980382e+00  
  2.624784974826e-04  ,1.498771974969e+01  ,2.616470058743e+00  ,9.216323969150e+00  
  2.626268892062e-04  ,1.497465100223e+01  ,2.628424536985e+00  ,9.258433915545e+00  
  2.629236726535e-04  ,1.500983048080e+01  ,2.652304585465e+00  ,9.342600632126e+00  
  2.635172395480e-04  ,1.499383450360e+01  ,2.700041385900e+00  ,9.510721492475e+00  
  2.645451097262e-04  ,1.499844591954e+01  ,2.782502466197e+00  ,9.801184767561e+00  
  2.666008500827e-04  ,1.500016074294e+01  ,2.946708435534e+00  ,1.037957708830e+01  
  2.707123307956e-04  ,1.500057714122e+01  ,3.272262200628e+00  ,1.152629022067e+01  
  2.720100000200e-04  ,1.499959994538e+01  ,3.374226684421e+00  ,1.188544296003e+01  
  2.720110000180e-04  ,1.442170343552e+01  ,3.374159419849e+00  ,1.188571920879e+01  
  2.720130001264e-04  ,1.321402272929e+01  ,3.373929619877e+00  ,1.188627167482e+01  
  2.720170003431e-04  ,1.067273755812e+01  ,3.373484101371e+00  ,1.188737688532e+01  
  2.720200000200e-04  ,8.647847778321e+00  ,3.373206945356e+00  ,1.188820559520e+01  
  2.720208000633e-04  ,8.544166898613e+00  ,3.373258580920e+00  ,1.188842658131e+01  
  2.720224000755e-04  ,8.339301629056e+00  ,3.373448997235e+00  ,1.188886864838e+01  
  2.720256000999e-04  ,7.944134525007e+00  ,3.373966495495e+00  ,1.188975275345e+01  
  2.720320001486e-04  ,7.208678377740e+00  ,3.375039300522e+00  ,1.189152074042e+01  
  2.720448002461e-04  ,5.933007258170e+00  ,3.377900144629e+00  ,1.189505657765e+01  
  2.720587298516e-04  ,4.791963988490e+00  ,3.387217924195e+00  ,1.189890343335e+01  
  2.720622122529e-04  ,4.545556882915e+00  ,3.397315751478e+00  ,1.189986232606e+01  
  2.720663175229e-04  ,4.352125841834e+00  ,7.771478697056e+00  ,1.190139756287e+01  
  2.720711730662e-04  ,4.337926067748e+00  ,2.449365222312e+01  ,1.190153366336e+01  
  2.720781117919e-04  ,4.345574390859e+00  ,5.033939314563e+01  ,1.190099976692e+01  
  2.720811929795e-04  ,4.203708495699e+00  ,5.204109855361e+01  ,-1.775484730551e-01  
  2.720842391494e-04  ,4.015018939798e+00  ,5.204018243288e+01  ,-1.327429877227e-01  
  2.720873676482e-04  ,3.828305986278e+00  ,5.201686352445e+01  ,1.370803924024e-01  
  2.720905017349e-04  ,3.650867202131e+00  ,5.203403156483e+01  ,1.072107608112e-02  
  2.720967699084e-04  ,3.319409610420e+00  ,5.204320786442e+01  ,4.215349477236e-03  
  2.721093062553e-04  ,2.741628567575e+00  ,5.206019419715e+01  ,4.515297940938e-03  
  2.721343789491e-04  ,1.856230428794e+00  ,5.209432782090e+01  ,3.262145537401e-03  
  2.721757982168e-04  ,9.339308929874e-01  ,5.215055410074e+01  ,1.914091599000e-03  
  2.722218785677e-04  ,3.983390545864e-01  ,5.221290035340e+01  ,1.131956935790e-03  
  2.722674701605e-04  ,1.526012701083e-01  ,5.227439959939e+01  ,7.722758070930e-04  
  2.723375771436e-04  ,6.671978237711e-03  ,5.236864876855e+01  ,5.571872417023e-04  
  2.724148366842e-04  ,2.929153358666e-03  ,5.247208690141e+01  ,5.490584474168e-04  
  2.725504968557e-04  ,1.578548140929e-03  ,5.265268071419e+01  ,5.423973555299e-04  
  2.726757142935e-04  ,1.586054923235e-03  ,5.281820289604e+01  ,5.381055239617e-04  
  2.729261491689e-04  ,1.565098958311e-03  ,5.314586761947e+01  ,5.294850757024e-04  
  2.734270189199e-04  ,1.521429877511e-03  ,5.378761360791e+01  ,5.124356830029e-04  
  2.744287584219e-04  ,1.348164017670e-03  ,5.501629802607e+01  ,4.740928487939e-04  
  2.764322374258e-04  ,1.330395775338e-03  ,5.725133805118e+01  ,4.192850348782e-04  
  2.804391954336e-04  ,8.993493084548e-04  ,6.081829392644e+01  ,2.925257783548e-04  
  2.820000000200e-04  ,7.816064789612e-04  ,6.188099088444e+01  ,2.510679304934e-04  
  2.820010000180e-04  ,5.774272755606e-01  ,6.188174565438e+01  ,-1.037131030866e-03  
  2.820018586043e-04  ,1.079527946474e+00  ,6.188239742283e+01  ,-2.178536172433e-03  
  2.820035757768e-04  ,2.111730986719e+00  ,6.188369797919e+01  ,-4.428618892145e-03  
  2.820070101220e-04  ,4.291421331913e+00  ,6.188628322997e+01  ,-8.759314231242e-03  
  2.820100000200e-04  ,6.311811721658e+00  ,6.188851712495e+01  ,-1.235045312368e-02  
  2.820106868890e-04  ,6.401401224107e+00  ,6.188893795140e+01  ,-1.227558867821e-02  
  2.820120605898e-04  ,6.578727737459e+00  ,6.188976898005e+01  ,-1.202366930583e-02  
  2.820148079914e-04  ,6.922566898024e+00  ,6.189143037682e+01  ,-1.151977221559e-02  
  2.820203027946e-04  ,7.568893369720e+00  ,6.189475743936e+01  ,-1.057804424917e-02  
  2.820312924010e-04  ,8.714638270583e+00  ,6.190142393897e+01  ,-8.908785507614e-03  
  2.820423103196e-04  ,9.689355201345e+00  ,6.190812117471e+01  ,-7.488789148865e-03  
  2.820499903781e-04  ,9.966769901141e+00  ,4.467516675732e+01  ,9.261729882436e+00  
  2.820572763008e-04  ,9.991569798653e+00  ,1.577634229081e+01  ,9.262366750828e+00  
  2.820619977337e-04  ,1.012056823629e+01  ,3.523371490995e+00  ,9.261631035047e+00  
  2.820653735918e-04  ,1.035206273546e+01  ,2.537314054009e+00  ,9.263390982557e+00  
  2.820671987978e-04  ,1.047903377493e+01  ,2.569517386652e+00  ,9.263920221229e+00  
  2.820695878265e-04  ,1.064037626676e+01  ,2.622493531121e+00  ,9.264587312445e+00  
  2.820742220876e-04  ,1.093661867166e+01  ,2.639999523749e+00  ,9.265909362148e+00  
  2.820834906099e-04  ,1.147023636971e+01  ,2.630576201283e+00  ,9.268538159738e+00  
  2.820940331814e-04  ,1.199476887917e+01  ,2.633653542044e+00  ,9.271528712332e+00  
  2.821151183245e-04  ,1.282339218596e+01  ,2.635543901609e+00  ,9.277509620225e+00  
  2.821572886107e-04  ,1.387825989089e+01  ,2.637290937050e+00  ,9.289470602965e+00  
  2.822416291830e-04  ,1.484283981165e+01  ,2.644067861708e+00  ,9.313388749728e+00  
  2.823626027701e-04  ,1.499328648984e+01  ,2.653770443024e+00  ,9.347686069910e+00  
  2.825556979773e-04  ,1.500133126128e+01  ,2.669272390335e+00  ,9.402406274947e+00  
  2.827703700659e-04  ,1.500144745414e+01  ,2.686548175054e+00  ,9.463205921244e+00  
  2.831997142431e-04  ,1.500359630209e+01  ,2.721038137832e+00  ,9.584694052968e+00  
  2.840584025976e-04  ,1.499985103313e+01  ,2.789895203991e+00  ,9.827226689495e+00  
  2.857757793066e-04  ,1.499986279080e+01  ,2.927104036559e+00  ,1.031052322482e+01  
  2.892105327246e-04  ,1.499963013052e+01  ,3.199526142332e+00  ,1.127008708892e+01  
  2.920100000200e-04  ,1.500007153503e+01  ,3.419605706353e+00  ,1.204528406964e+01  
  2.920110000180e-04  ,1.442880165610e+01  ,3.419535868667e+00  ,1.204555986695e+01  
  2.920130001264e-04  ,1.322091194235e+01  ,3.419304970417e+00  ,1.204611141122e+01  
  2.920170003431e-04  ,1.067922346484e+01  ,3.418859488287e+00  ,1.204721481853e+01  
  2.920200000200e-04  ,8.654045171425e+00  ,3.418583335975e+00  ,1.204804216728e+01  
  2.920208000633e-04  ,8.550289997907e+00  ,3.418635518370e+00  ,1.204826279016e+01  
  2.920224000755e-04  ,8.345277928712e+00  ,3.418826973939e+00  ,1.204870413136e+01  
  2.920256000999e-04  ,7.949827655673e+00  ,3.419346002906e+00  ,1.204958678458e+01  
  2.920320001486e-04  ,7.213844508094e+00  ,3.420422559840e+00  ,1.205135186681e+01  
  2.920448002461e-04  ,5.937259401149e+00  ,3.423298176593e+00  ,1.205488189398e+01  
  2.920587313417e-04  ,4.795288010643e+00  ,3.432667246486e+00  ,1.205872283229e+01  
  2.920622141156e-04  ,4.548683949332e+00  ,3.442762612796e+00  ,1.205968035082e+01  
  2.920663439724e-04  ,4.353383521847e+00  ,7.815710313750e+00  ,1.206118287071e+01  
  2.920712159071e-04  ,4.338916108329e+00  ,2.458382602857e+01  ,1.206135147111e+01  
  2.920720778461e-04  ,4.346634809748e+00  ,2.829000887651e+01  ,1.206140023720e+01  
  2.920738017242e-04  ,4.345541933831e+00  ,3.450194881403e+01  ,1.206142900506e+01  
  2.920772494804e-04  ,4.340154830250e+00  ,4.666276509906e+01  ,1.206107641053e+01  
  2.920798340868e-04  ,4.272677908553e+00  ,5.110285889946e+01  ,1.592556229511e+00  
  2.920815197806e-04  ,4.171489884673e+00  ,5.128937921484e+01  ,-2.116297933257e-01  
  2.920828940402e-04  ,4.085191636045e+00  ,5.127254554424e+01  ,-2.891450165482e-02  
  2.920843455996e-04  ,3.996094912742e+00  ,5.126780036237e+01  ,3.752446364057e-02  
  2.920872487183e-04  ,3.820867765238e+00  ,5.127467666714e+01  ,1.017369675651e-02  
  2.920930549558e-04  ,3.497379622063e+00  ,5.128336613159e+01  ,5.039798039509e-03  
  2.921046674307e-04  ,2.929195755380e+00  ,5.129971398657e+01  ,4.815340715263e-03  
  2.921278923805e-04  ,2.043163152771e+00  ,5.133246882356e+01  ,3.556853761795e-03  
  2.921743422802e-04  ,9.383769500930e-01  ,5.139778490163e+01  ,1.943576655917e-03  
  2.922194033917e-04  ,4.016059983727e-01  ,5.146093295909e+01  ,1.159721223482e-03  
  2.922652632054e-04  ,1.499086110960e-01  ,5.152501467089e+01  ,7.913085227728e-04  
  2.923320204075e-04  ,8.932235118136e-03  ,5.161800172951e+01  ,5.835013687584e-04  
  2.924085766133e-04  ,3.593432902404e-03  ,5.172422888654e+01  ,5.730120711160e-04  
  2.925379425343e-04  ,1.674794373915e-03  ,5.190278639671e+01  ,5.656416077053e-04  
  2.926616102513e-04  ,1.646437538859e-03  ,5.207236554633e+01  ,5.612558845631e-04  
  2.929089456852e-04  ,1.624482632139e-03  ,5.240824856842e+01  ,5.525537816476e-04  
  2.934036165531e-04  ,1.582126847457e-03  ,5.306684479452e+01  ,5.353508472923e-04  
  2.943929582890e-04  ,1.410572037733e-03  ,5.433085158975e+01  ,4.968109635010e-04  
  2.963716417606e-04  ,1.394637933464e-03  ,5.664273584043e+01  ,4.413343543940e-04  
  3.003290087040e-04  ,9.680554443231e-04  ,6.038497960734e+01  ,3.137645885914e-04  
  3.020000000200e-04  ,8.395656333607e-04  ,6.161055096996e+01  ,2.684923804915e-04  
  3.020010000180e-04  ,5.774852307115e-01  ,6.161135389271e+01  ,-1.019493910361e-03  
  3.020018547859e-04  ,1.077327384516e+00  ,6.161204393494e+01  ,-2.155793330482e-03  
  3.020035643216e-04  ,2.104761467363e+00  ,6.161342108571e+01  ,-4.396143705594e-03  
  3.020069833930e-04  ,4.273914285246e+00  ,6.161615966656e+01  ,-8.708817375932e-03  
  3.020100000200e-04  ,6.311004902109e+00  ,6.161855904429e+01  ,-1.233405931355e-02  
  3.020106838343e-04  ,6.400208937363e+00  ,6.161901102768e+01  ,-1.225981452157e-02  
  3.020120513884e-04  ,6.576775800715e+00  ,6.161990434036e+01  ,-1.200904666360e-02  
  3.020147864965e-04  ,6.919188996343e+00  ,6.162169028567e+01  ,-1.150720564072e-02  
  3.020202567128e-04  ,7.563012343071e+00  ,6.162526640275e+01  ,-1.056913329796e-02  
  3.020311971453e-04  ,8.704915459472e+00  ,6.163243086439e+01  ,-8.905468167095e-03  
  3.020421539691e-04  ,9.676100295099e+00  ,6.163961944458e+01  ,-7.490621471058e-03  
  3.020497699526e-04  ,9.967390585698e+00  ,4.545207741476e+01  ,9.472455669470e+00  
  3.020569813696e-04  ,9.992024736256e+00  ,1.686188055458e+01  ,9.473362686267e+00  
  3.020617698577e-04  ,1.010842279212e+01  ,3.627300612472e+00  ,9.471813890790e+00  
  3.020650652495e-04  ,1.033442697476e+01  ,2.604170381268e+00  ,9.474019571018e+00  
  3.020668248904e-04  ,1.045729783521e+01  ,2.630070032161e+00  ,9.474539046917e+00  
  3.020691576672e-04  ,1.061565593070e+01  ,2.681816246637e+00  ,9.475182105054e+00  
  3.020737010312e-04  ,1.090792626823e+01  ,2.699797107143e+00  ,9.476482604565e+00  
  3.020827877593e-04  ,1.143545184419e+01  ,2.690652647318e+00  ,9.479054396909e+00  
  3.020934420896e-04  ,1.197031534655e+01  ,2.693513336757e+00  ,9.482070266905e+00  
  3.021147507501e-04  ,1.281330356047e+01  ,2.695336747429e+00  ,9.488101827595e+00  
  3.021573680711e-04  ,1.388155082725e+01  ,2.697128680468e+00  ,9.500164114261e+00  
  3.022426027131e-04  ,1.485144119526e+01  ,2.703939304417e+00  ,9.524284797868e+00  
  3.023630279374e-04  ,1.499331979128e+01  ,2.713578953332e+00  ,9.558354588840e+00  
  3.025574344468e-04  ,1.500134682227e+01  ,2.729154780384e+00  ,9.613330056883e+00  
  3.027712005449e-04  ,1.500143838479e+01  ,2.746320710392e+00  ,9.673745214344e+00  
  3.031987327409e-04  ,1.500356813900e+01  ,2.780592678482e+00  ,9.794465543099e+00  
  3.040537971330e-04  ,1.499985366193e+01  ,2.849015102063e+00  ,1.003546723518e+01  
  3.057639259172e-04  ,1.499986356199e+01  ,2.985359914200e+00  ,1.051572044319e+01  
  3.091841834855e-04  ,1.499963181404e+01  ,3.256074873076e+00  ,1.146927122916e+01  
  3.120100000200e-04  ,1.500007176958e+01  ,3.477765738105e+00  ,1.225014381211e+01  
  3.120110000180e-04  ,1.442883214968e+01  ,3.477695348899e+00  ,1.225041902774e+01  
  3.120130001264e-04  ,1.322094153687e+01  ,3.477464086640e+00  ,1.225096940779e+01  
  3.120170003431e-04  ,1.067925134070e+01  ,3.477019029301e+00  ,1.225207048966e+01  
  3.120200000200e-04  ,8.654071832974e+00  ,3.476744125873e+00  ,1.225289609379e+01  
  3.120208000633e-04  ,8.550316352511e+00  ,3.476797102166e+00  ,1.225311625091e+01  
  3.120224000755e-04  ,8.345303676376e+00  ,3.476990050998e+00  ,1.225355666197e+01  
  3.120256000999e-04  ,7.949852228023e+00  ,3.477511400463e+00  ,1.225443745455e+01  
  3.120320001486e-04  ,7.213866918536e+00  ,3.478593937643e+00  ,1.225619881330e+01  
  3.120448002461e-04  ,5.937278290019e+00  ,3.481495293755e+00  ,1.225972139279e+01  
  3.120587298516e-04  ,4.795416756929e+00  ,3.491011803491e+00  ,1.226355380053e+01  
  3.120622122529e-04  ,4.548835793105e+00  ,3.501320450532e+00  ,1.226450908190e+01  
  3.120663242284e-04  ,4.354794781937e+00  ,7.880113431980e+00  ,1.226596665801e+01  
  3.120711857322e-04  ,4.340314055132e+00  ,2.461601991574e+01  ,1.226616680318e+01  
  3.120720514897e-04  ,4.347935474032e+00  ,2.833124979695e+01  ,1.226621628878e+01  
  3.120737830046e-04  ,4.346769434208e+00  ,3.456808593426e+01  ,1.226624134321e+01  
  3.120772460345e-04  ,4.341349591454e+00  ,4.678628668585e+01  ,1.226586754078e+01  
  3.120797252152e-04  ,4.274382393921e+00  ,5.087307684066e+01  ,1.722415177487e+00  
  3.120813585687e-04  ,4.176958789989e+00  ,5.107110437788e+01  ,-1.948166163742e-01  
  3.120821786914e-04  ,4.125041199119e+00  ,5.105522124037e+01  ,-2.811104158901e-02  
  3.120838189367e-04  ,4.023657753140e+00  ,5.105354255246e+01  ,1.129486250443e-02  
  3.120870994273e-04  ,3.828399243384e+00  ,5.105871323395e+01  ,7.020060139808e-03  
  3.120936604086e-04  ,3.465377714626e+00  ,5.106835971078e+01  ,5.621350856570e-03  
  3.121067823711e-04  ,2.836446142266e+00  ,5.108748028804e+01  ,4.727076050522e-03  
  3.121330262962e-04  ,1.883799966710e+00  ,5.112567277101e+01  ,3.342051884563e-03  
  3.121768714729e-04  ,9.027218727347e-01  ,5.118930843723e+01  ,1.910746953516e-03  
  3.122223200146e-04  ,4.408312648179e-01  ,5.125506519344e+01  ,1.235994492414e-03  
  3.122707189861e-04  ,2.050368488545e-01  ,5.132489567362e+01  ,8.906312172877e-04  
  3.123244108501e-04  ,8.737562038677e-02  ,5.140214861603e+01  ,7.172068006436e-04  
  3.124173225704e-04  ,5.300695138394e-03  ,5.153532940524e+01  ,5.942335167409e-04  
  3.125273169819e-04  ,2.035760207681e-03  ,5.169218612166e+01  ,5.854987324150e-04  
  3.127473058048e-04  ,1.612194607212e-03  ,5.200329358993e+01  ,5.769502638833e-04  
  3.129632415119e-04  ,1.607927517245e-03  ,5.230527842798e+01  ,5.692117566661e-04  
  3.133951129261e-04  ,1.625836232807e-03  ,5.289911377114e+01  ,5.539041415400e-04  
  3.142588557545e-04  ,1.564859846764e-03  ,5.404586277942e+01  ,5.236299231360e-04  
  3.159863414112e-04  ,1.403365268657e-03  ,5.617347539062e+01  ,4.655090467545e-04  
  3.194413127247e-04  ,1.093549573057e-03  ,5.975093931890e+01  ,3.556992561272e-04  
  3.220000000200e-04  ,8.801792861709e-04  ,6.181084817438e+01  ,2.828124206744e-04  
  3.220010000180e-04  ,5.775258660634e-01  ,6.181168722950e+01  ,-1.007477011176e-03  
  3.220018574867e-04  ,1.078965514979e+00  ,6.181241018402e+01  ,-2.146924826339e-03  
  3.220035724241e-04  ,2.109772661513e+00  ,6.181385323240e+01  ,-4.394265754167e-03  
  3.220070022989e-04  ,4.286378218473e+00  ,6.181672349257e+01  ,-8.719707499517e-03  
  3.220100000200e-04  ,6.311905348983e+00  ,6.181921527079e+01  ,-1.232045999342e-02  
  3.220106859950e-04  ,6.401379513915e+00  ,6.181969332645e+01  ,-1.224573674388e-02  
  3.220120580194e-04  ,6.576689037398e+00  ,6.182063874402e+01  ,-1.199363669933e-02  
  3.220148020682e-04  ,6.918765589553e+00  ,6.182252965415e+01  ,-1.149543309981e-02  
  3.220202901659e-04  ,7.564646698746e+00  ,6.182631480667e+01  ,-1.055427921159e-02  
  3.220312663612e-04  ,8.709764984718e+00  ,6.183389729610e+01  ,-8.886052023405e-03  
  3.220422634182e-04  ,9.683533135190e+00  ,6.184150749056e+01  ,-7.467421795092e-03  
  3.220499151644e-04  ,9.968791928018e+00  ,4.520865310753e+01  ,9.671129138302e+00  
  3.220571660695e-04  ,9.993562087769e+00  ,1.646781819537e+01  ,9.671835706526e+00  
  3.220619299707e-04  ,1.011564913797e+01  ,3.658628011934e+00  ,9.670776801137e+00  
  3.220652950254e-04  ,1.034638032895e+01  ,2.652961715315e+00  ,9.672739612103e+00  
  3.220670878214e-04  ,1.047128998874e+01  ,2.686167651645e+00  ,9.673261173432e+00  
  3.220694556159e-04  ,1.063149981948e+01  ,2.739344984942e+00  ,9.673919803039e+00  
  3.220741226596e-04  ,1.093036484080e+01  ,2.756539917676e+00  ,9.675244995442e+00  
  3.220834567470e-04  ,1.146919346420e+01  ,2.752347162323e+00  ,9.677878458680e+00  
  3.221007331533e-04  ,1.228719707933e+01  ,2.749083754898e+00  ,9.682758840903e+00  
  3.221352859658e-04  ,1.341377298092e+01  ,2.753937634716e+00  ,9.692519558882e+00  
  3.222043915910e-04  ,1.457949037509e+01  ,2.757430528340e+00  ,9.712038366390e+00  
  3.223169370813e-04  ,1.514889389501e+01  ,2.766144641536e+00  ,9.743819067361e+00  
  3.224695011300e-04  ,1.498922137599e+01  ,2.778453699494e+00  ,9.786884390966e+00  
  3.226139112634e-04  ,1.497568611805e+01  ,2.790020529637e+00  ,9.827630818826e+00  
  3.229027315301e-04  ,1.500914796073e+01  ,2.813127579394e+00  ,9.909073600267e+00  
  3.234803720636e-04  ,1.499434258300e+01  ,2.859320893421e+00  ,1.007175913035e+01  
  3.244924112481e-04  ,1.499853267496e+01  ,2.940056865053e+00  ,1.035614536590e+01  
  3.265164896173e-04  ,1.500014913059e+01  ,3.100838158681e+00  ,1.092247500981e+01  
  3.305646463555e-04  ,1.500053437187e+01  ,3.419645180384e+00  ,1.204542390632e+01  
  3.320100000200e-04  ,1.499962581836e+01  ,3.532586601828e+00  ,1.244324137408e+01  
  3.320110000180e-04  ,1.442162195222e+01  ,3.532517963795e+00  ,1.244351603904e+01  
  3.320130001264e-04  ,1.321394364223e+01  ,3.532287207827e+00  ,1.244406533490e+01  
  3.320170003431e-04  ,1.067266313902e+01  ,3.531842857665e+00  ,1.244516421379e+01  
  3.320200000200e-04  ,8.647776740179e+00  ,3.531569108760e+00  ,1.244598817336e+01  
  3.320208000633e-04  ,8.544096746866e+00  ,3.531622911147e+00  ,1.244620789126e+01  
  3.320224000755e-04  ,8.339233227562e+00  ,3.531817402481e+00  ,1.244664742572e+01  
  3.320256000999e-04  ,7.944069487245e+00  ,3.532341242630e+00  ,1.244752646461e+01  
  3.320320001486e-04  ,7.208619670228e+00  ,3.533430406640e+00  ,1.244928431313e+01  
  3.320448002461e-04  ,5.932960157017e+00  ,3.536361750713e+00  ,1.245279987153e+01  
  3.320587268713e-04  ,4.792154637264e+00  ,3.546088350984e+00  ,1.245662379948e+01  
  3.320622085277e-04  ,4.545800468642e+00  ,3.556789917458e+00  ,1.245757663846e+01  
  3.320662653688e-04  ,4.355939131549e+00  ,7.954884262335e+00  ,1.245898850708e+01  
  3.320710888747e-04  ,4.341754907577e+00  ,2.457974954702e+01  ,1.245921052668e+01  
  3.320719699990e-04  ,4.349162716246e+00  ,2.833758673931e+01  ,1.245926112067e+01  
  3.320737322475e-04  ,4.347880731638e+00  ,3.468031235374e+01  ,1.245928013009e+01  
  3.320772567447e-04  ,4.342444541600e+00  ,4.712505639595e+01  ,1.245887113556e+01  
  3.320797042604e-04  ,4.274798450490e+00  ,5.104245703832e+01  ,1.744189585508e+00  
  3.320813309084e-04  ,4.177892326697e+00  ,5.124191079309e+01  ,-1.872407136480e-01  
  3.320826645623e-04  ,4.094038467598e+00  ,5.122783458604e+01  ,-3.087628012327e-02  
  3.320841138865e-04  ,4.004991033726e+00  ,5.122603208080e+01  ,7.544910280561e-03  
  3.320870125349e-04  ,3.829585065332e+00  ,5.123018647897e+01  ,8.806330397893e-03  
  3.320928098317e-04  ,3.505857853649e+00  ,5.123913703414e+01  ,5.380009842381e-03  
  3.321044044252e-04  ,2.937135664233e+00  ,5.125641314268e+01  ,4.869907762875e-03  
  3.321275936123e-04  ,2.049929038064e+00  ,5.129098922560e+01  ,3.598184869700e-03  
  3.321739719864e-04  ,9.429319235996e-01  ,5.135996099186e+01  ,1.982315137504e-03  
  3.322191523071e-04  ,4.625702630683e-01  ,5.142693568930e+01  ,1.280569970597e-03  
  3.322668717857e-04  ,1.970300130739e-01  ,5.149748263444e+01  ,8.918685437090e-04  
  3.323185430523e-04  ,8.708258178497e-02  ,5.157366279130e+01  ,7.297322329451e-04  
  3.324053035732e-04  ,9.607695697187e-03  ,5.170112627490e+01  ,6.136131352546e-04  
  3.324967251774e-04  ,3.177249167944e-03  ,5.183483625331e+01  ,6.008689906670e-04  
  3.326795683857e-04  ,1.510739828857e-03  ,5.210042854509e+01  ,5.917022207188e-04  
  3.328912125583e-04  ,1.775741242181e-03  ,5.240480666310e+01  ,5.843606290473e-04  
  3.333145009037e-04  ,1.656898918251e-03  ,5.300369234925e+01  ,5.688248068213e-04  
  3.341610775943e-04  ,1.629969374043e-03  ,5.416162351387e+01  ,5.386535602257e-04  
  3.358542309757e-04  ,1.438227390469e-03  ,5.631564138849e+01  ,4.801039831774e-04  
  3.392405377384e-04  ,1.140131938841e-03  ,5.996132279342e+01  ,3.689835094446e-04  
  3.420000000200e-04  ,9.122546025547e-04  ,6.227347998391e+01  ,2.915668208073e-04  
  3.420010000180e-04  ,5.775578749608e-01  ,6.227434235175e+01  ,-1.000334143357e-03  
  3.420018640060e-04  ,1.082853848770e+00  ,6.227509079149e+01  ,-2.148359498943e-03  
  3.420035919819e-04  ,2.121805813429e+00  ,6.227658476233e+01  ,-4.412346266707e-03  
  3.420070479337e-04  ,4.316415132223e+00  ,6.227955662478e+01  ,-8.768544447650e-03  
  3.420100000200e-04  ,6.311967061073e+00  ,6.228207866597e+01  ,-1.231322142411e-02  
  3.420106912104e-04  ,6.402114079548e+00  ,6.228257632748e+01  ,-1.223733789824e-02  
  3.420120736656e-04  ,6.578714505693e+00  ,6.228356099738e+01  ,-1.198331201739e-02  
  3.420148385761e-04  ,6.923246143536e+00  ,6.228553042603e+01  ,-1.148153222724e-02  
  3.420203683970e-04  ,7.573481489242e+00  ,6.228947263085e+01  ,-1.053403638918e-02  
  3.420314280388e-04  ,8.725299898919e+00  ,6.229736924070e+01  ,-8.856059850535e-03  
  3.420425234434e-04  ,9.704766087925e+00  ,6.230530512479e+01  ,-7.429115447006e-03  
  3.420502690670e-04  ,9.970557319707e+00  ,4.425945876551e+01  ,9.833816822864e+00  
  3.420576257703e-04  ,9.995697703109e+00  ,1.510429070645e+01  ,9.834169438886e+00  
  3.420622965393e-04  ,1.013475469455e+01  ,3.634554200844e+00  ,9.833779090660e+00  
  3.420658430156e-04  ,1.037780338325e+01  ,2.682726747763e+00  ,9.835566632856e+00  
  3.420677417961e-04  ,1.050926093048e+01  ,2.731875192033e+00  ,9.836106573178e+00  
  3.420702127812e-04  ,1.067494186832e+01  ,2.787661550349e+00  ,9.836794328233e+00  
  3.420751547513e-04  ,1.098763023879e+01  ,2.803146406197e+00  ,9.838192681321e+00  
  3.420850386915e-04  ,1.154809629889e+01  ,2.798333016089e+00  ,9.840976804741e+00  
  3.421024581489e-04  ,1.235367309414e+01  ,2.795495453426e+00  ,9.845889558007e+00  
  3.421372970638e-04  ,1.345983933349e+01  ,2.800104207825e+00  ,9.855714962178e+00  
  3.422069748935e-04  ,1.459903149893e+01  ,2.803785483273e+00  ,9.875363110760e+00  
  3.423207959232e-04  ,1.515081143694e+01  ,2.812599601888e+00  ,9.907451182849e+00  
  3.424751242695e-04  ,1.498821996186e+01  ,2.825029913939e+00  ,9.950942740300e+00  
  3.426217993793e-04  ,1.497502773457e+01  ,2.836759384756e+00  ,9.992259813176e+00  
  3.429151495990e-04  ,1.500956063066e+01  ,2.860189458469e+00  ,1.007484238843e+01  
  3.435018500385e-04  ,1.499403860256e+01  ,2.907028598100e+00  ,1.023980152210e+01  
  3.445228537616e-04  ,1.499847860463e+01  ,2.988340492782e+00  ,1.052621679228e+01  
  3.465648612079e-04  ,1.500015570077e+01  ,3.150262718642e+00  ,1.109656534835e+01  
  3.506488761005e-04  ,1.500055975424e+01  ,3.471307642241e+00  ,1.222739700570e+01  
  3.520100000200e-04  ,1.499960936371e+01  ,3.577480745256e+00  ,1.260137404853e+01  
  3.520110000180e-04  ,1.442165872314e+01  ,3.577411698340e+00  ,1.260164826442e+01  
  3.520130001264e-04  ,1.321397932965e+01  ,3.577180671483e+00  ,1.260219666193e+01  
  3.520170003431e-04  ,1.067269674801e+01  ,3.576736657094e+00  ,1.260329374554e+01  
  3.520200000200e-04  ,8.647808873984e+00  ,3.576463874589e+00  ,1.260411635842e+01  
  3.520208000633e-04  ,8.544128505173e+00  ,3.576518284534e+00  ,1.260433571680e+01  
  3.520224000755e-04  ,8.339264243573e+00  ,3.576713917656e+00  ,1.260477453328e+01  
  3.520256000999e-04  ,7.944099068125e+00  ,3.577239548713e+00  ,1.260565213594e+01  
  3.520320001486e-04  ,7.208646600160e+00  ,3.578333356476e+00  ,1.260740711028e+01  
  3.520448002461e-04  ,5.932982666187e+00  ,3.581284688822e+00  ,1.261091691976e+01  
  3.520587253812e-04  ,4.792285699232e+00  ,3.591126015870e+00  ,1.261473417283e+01  
  3.520622066650e-04  ,4.545953647555e+00  ,3.601995882326e+00  ,1.261568525455e+01  
  3.520662508402e-04  ,4.357014064243e+00  ,8.006031400329e+00  ,1.261706673072e+01  
  3.520710661504e-04  ,4.342824635925e+00  ,2.460578106429e+01  ,1.261731020568e+01  
  3.520719510000e-04  ,4.350157033765e+00  ,2.837337978378e+01  ,1.261736159815e+01  
  3.520737206991e-04  ,4.348816989722e+00  ,3.474089783525e+01  ,1.261737803908e+01  
  3.520772600974e-04  ,4.344810927152e+00  ,4.735102242447e+01  ,1.261691499782e+01  
  3.520796185787e-04  ,4.282967927680e+00  ,5.133239990139e+01  ,2.642283947601e+00  
  3.520811969842e-04  ,4.192285696213e+00  ,5.162051753143e+01  ,-1.555782426196e-01  
  3.520824889149e-04  ,4.110873341904e+00  ,5.161081700497e+01  ,-4.248524714056e-02  
  3.520838706251e-04  ,4.025560924391e+00  ,5.160792664418e+01  ,5.925096749712e-03  
  3.520866340454e-04  ,3.857451619420e+00  ,5.161190368304e+01  ,7.581292268392e-03  
  3.520921608861e-04  ,3.546036585342e+00  ,5.162041802574e+01  ,5.763589889473e-03  
  3.521032145675e-04  ,2.995729142813e+00  ,5.163718126540e+01  ,4.975285998199e-03  
  3.521253219302e-04  ,2.127763993656e+00  ,5.167067700346e+01  ,3.717774267416e-03  
  3.521695366557e-04  ,1.060052402995e+00  ,5.173750827202e+01  ,2.160087512356e-03  
  3.522057822402e-04  ,5.720747617702e-01  ,5.179213661170e+01  ,1.447670226972e-03  
  3.522421947177e-04  ,3.252725886927e-01  ,5.184688759618e+01  ,1.086649660180e-03  
  3.522967925723e-04  ,1.235122629114e-01  ,5.192877780057e+01  ,7.905747813796e-04  
  3.523564449008e-04  ,4.768667538038e-02  ,5.201797904821e+01  ,6.778353103127e-04  
  3.524757495578e-04  ,4.080768741609e-03  ,5.219557875136e+01  ,6.098068348328e-04  
  3.525856843646e-04  ,1.985089767171e-03  ,5.235829269518e+01  ,6.026476381908e-04  
  3.528055539783e-04  ,1.705450064756e-03  ,5.268102778804e+01  ,5.940444425738e-04  
  3.531801095660e-04  ,1.748886526134e-03  ,5.322251459417e+01  ,5.802997714082e-04  
  3.539292207416e-04  ,1.638705593936e-03  ,5.427382872925e+01  ,5.529236439572e-04  
  3.554274430926e-04  ,1.533023936796e-03  ,5.624800348847e+01  ,5.000545980977e-04  
  3.584238877948e-04  ,1.238116007262e-03  ,5.967075793605e+01  ,3.989155353490e-04  
  3.620000000200e-04  ,9.254624945378e-04  ,6.282741420154e+01  ,2.893206871340e-04  
  3.620010000180e-04  ,5.775710563685e-01  ,6.282828793547e+01  ,-9.982206009520e-04  
  3.620018718291e-04  ,1.087495499615e+00  ,6.282905333196e+01  ,-2.155490214792e-03  
  3.620036154512e-04  ,2.136227366477e+00  ,6.283058139798e+01  ,-4.439687086323e-03  
  3.620071026954e-04  ,4.352469260707e+00  ,6.283362111081e+01  ,-8.832795816380e-03  
  3.620100000200e-04  ,6.312015362515e+00  ,6.283613043548e+01  ,-1.231022871380e-02  
  3.620106974688e-04  ,6.402969727925e+00  ,6.283664079162e+01  ,-1.223296690395e-02  
  3.620120924038e-04  ,6.581113898833e+00  ,6.283765086648e+01  ,-1.197664106985e-02  
  3.620148822737e-04  ,6.928580256798e+00  ,6.283967112491e+01  ,-1.147058611861e-02  
  3.620204620135e-04  ,7.584015163201e+00  ,6.284371501329e+01  ,-1.051551526604e-02  
  3.620316214931e-04  ,8.743816064312e+00  ,6.285181504058e+01  ,-8.825921587732e-03  
  3.620428346169e-04  ,9.730047752604e+00  ,6.285997227982e+01  ,-7.388918532618e-03  
  3.620507530940e-04  ,9.972380468400e+00  ,4.283800284948e+01  ,9.949796972012e+00  
  3.620582543385e-04  ,9.998287927342e+00  ,1.313285932372e+01  ,9.949976663749e+00  
  3.620627865267e-04  ,1.016112363209e+01  ,3.560880758967e+00  ,9.949009713928e+00  
  3.620665550304e-04  ,1.041920348624e+01  ,2.700842849261e+00  ,9.951734398513e+00  
  3.620686184687e-04  ,1.056076059282e+01  ,2.766466684355e+00  ,9.952313768702e+00  
  3.620712623072e-04  ,1.073576604006e+01  ,2.823163314153e+00  ,9.953033690751e+00  
  3.620765499842e-04  ,1.106478979580e+01  ,2.836074425364e+00  ,9.954542299438e+00  
  3.620871253383e-04  ,1.165023334701e+01  ,2.830972785691e+00  ,9.957517879136e+00  
  3.621053256166e-04  ,1.246867312838e+01  ,2.829853349157e+00  ,9.962642615153e+00  
  3.621417261732e-04  ,1.356391802694e+01  ,2.832072860862e+00  ,9.972896304964e+00  
  3.622145272863e-04  ,1.466325533303e+01  ,2.837224694687e+00  ,9.993400940327e+00  
  3.623265601766e-04  ,1.514662782813e+01  ,2.845964137176e+00  ,1.002494747437e+01  
  3.624893523825e-04  ,1.498466854911e+01  ,2.859044951627e+00  ,1.007076940316e+01  
  3.626363851202e-04  ,1.497519265662e+01  ,2.870792739081e+00  ,1.011213718712e+01  
  3.629304505956e-04  ,1.500952379673e+01  ,2.894251660497e+00  ,1.019482099442e+01  
  3.635185815466e-04  ,1.499405490314e+01  ,2.941147975046e+00  ,1.035998183972e+01  
  3.645941354406e-04  ,1.499848669968e+01  ,3.026693700339e+00  ,1.066130997533e+01  
  3.667452432287e-04  ,1.500144191975e+01  ,3.197006176833e+00  ,1.126121414363e+01  
  3.710474588049e-04  ,1.499927574185e+01  ,3.534533580726e+00  ,1.245009829676e+01  
  3.720100000200e-04  ,1.499994607902e+01  ,3.609485383251e+00  ,1.271410588442e+01  
  3.720110000180e-04  ,1.442084852905e+01  ,3.609416409616e+00  ,1.271437978026e+01  
  3.720130001264e-04  ,1.321319299153e+01  ,3.609185327377e+00  ,1.271492753684e+01  
  3.720170003431e-04  ,1.067195645259e+01  ,3.608741601369e+00  ,1.271602334098e+01  
  3.720200000200e-04  ,8.647101525746e+00  ,3.608469501315e+00  ,1.271684499381e+01  
  3.720208000633e-04  ,8.543429644673e+00  ,3.608524353442e+00  ,1.271706409588e+01  
  3.720224000755e-04  ,8.338582153986e+00  ,3.608720815095e+00  ,1.271750240053e+01  
  3.720256000999e-04  ,7.943449326043e+00  ,3.609247758075e+00  ,1.271837897931e+01  
  3.720320001486e-04  ,7.208057076071e+00  ,3.610344996682e+00  ,1.272013190461e+01  
  3.720448002461e-04  ,5.932497727099e+00  ,3.613311267517e+00  ,1.272363761559e+01  
  3.720587253812e-04  ,4.791895526500e+00  ,3.623245409106e+00  ,1.272745040072e+01  
  3.720622066650e-04  ,4.545586404266e+00  ,3.634266486349e+00  ,1.272840026279e+01  
  3.720662366841e-04  ,4.357745839302e+00  ,8.046460283304e+00  ,1.272976009078e+01  
  3.720710415635e-04  ,4.343608036558e+00  ,2.461550461088e+01  ,1.273001738372e+01  
  3.720719314422e-04  ,4.350864480576e+00  ,2.839710760252e+01  ,1.273006945764e+01  
  3.720737111996e-04  ,4.349473553148e+00  ,3.479892726604e+01  ,1.273008360057e+01  
  3.720772707145e-04  ,4.345434982560e+00  ,4.748232432166e+01  ,1.272961957614e+01  
  3.720797234457e-04  ,4.283330810630e+00  ,5.178075375285e+01  ,2.713062916095e+00  
  3.720813590344e-04  ,4.189293532691e+00  ,5.207714989619e+01  ,-1.653400567626e-01  
  3.720826871004e-04  ,4.105674854433e+00  ,5.206648323222e+01  ,-4.212505986895e-02  
  3.720840852018e-04  ,4.019473488434e+00  ,5.206365577781e+01  ,6.091610621998e-03  
  3.720868814047e-04  ,3.849613798487e+00  ,5.206772639418e+01  ,7.670122785443e-03  
  3.720924738105e-04  ,3.535272115889e+00  ,5.207642585259e+01  ,5.725064103274e-03  
  3.721036586221e-04  ,2.980592365656e+00  ,5.209353205164e+01  ,4.954661663021e-03  
  3.721260282453e-04  ,2.108068193231e+00  ,5.212771752032e+01  ,3.691499290718e-03  
  3.721707674916e-04  ,1.040886470018e+00  ,5.219592365188e+01  ,2.134398748132e-03  
  3.722078773435e-04  ,5.517641013537e-01  ,5.225233370782e+01  ,1.420347091584e-03  
  3.722454461511e-04  ,3.078763806325e-01  ,5.230930394886e+01  ,1.063518573617e-03  
  3.723011109288e-04  ,1.136554852897e-01  ,5.239349934427e+01  ,7.783719216829e-04  
  3.723620268758e-04  ,4.297009884495e-02  ,5.248535282922e+01  ,6.730553832795e-04  
  3.724838587697e-04  ,3.428379172043e-03  ,5.266821060886e+01  ,6.108141693867e-04  
  3.725970003064e-04  ,1.915568672912e-03  ,5.283702050740e+01  ,6.043479494286e-04  
  3.728232833799e-04  ,1.738011644299e-03  ,5.317174159579e+01  ,5.955824928625e-04  
  3.732233020719e-04  ,1.750874759818e-03  ,5.375395643841e+01  ,5.807341999818e-04  
  3.740233394559e-04  ,1.648908299432e-03  ,5.488166787248e+01  ,5.513214469894e-04  
  3.756234142240e-04  ,1.521053559209e-03  ,5.698804932393e+01  ,4.945686656885e-04  
  3.788235637601e-04  ,1.206014998533e-03  ,6.059117873521e+01  ,3.864035003838e-04  
  3.820000000200e-04  ,9.273468216276e-04  ,6.335564911414e+01  ,2.893769631965e-04  
  3.820010000180e-04  ,5.775729555482e-01  ,6.335652436047e+01  ,-9.985420981492e-04  
  3.820018791865e-04  ,1.091851152502e+00  ,6.335729755623e+01  ,-2.166014077647e-03  
  3.820036375235e-04  ,2.149786691762e+00  ,6.335884104531e+01  ,-4.468858737249e-03  
  3.820071541976e-04  ,4.386401064242e+00  ,6.336191134706e+01  ,-8.896577086050e-03  
  3.820100000200e-04  ,6.311253250309e+00  ,6.336438021463e+01  ,-1.231200159531e-02  
  3.820107033548e-04  ,6.402975163584e+00  ,6.336489585405e+01  ,-1.223342140287e-02  
  3.820121100244e-04  ,6.584482422766e+00  ,6.336591665036e+01  ,-1.197513985459e-02  
  3.820149233637e-04  ,6.936169104203e+00  ,6.336795766942e+01  ,-1.145994553159e-02  
  3.820205500421e-04  ,7.596271092243e+00  ,6.337204397250e+01  ,-1.049814543432e-02  
  3.820318033991e-04  ,8.763169463162e+00  ,6.338022888802e+01  ,-8.798124189831e-03  
  3.820431267915e-04  ,9.755354160570e+00  ,6.338849474444e+01  ,-7.351943346345e-03  
  3.820510855016e-04  ,9.973584141015e+00  ,4.193453201601e+01  ,1.001186402206e+01  
  3.820586746630e-04  ,9.999879905142e+00  ,1.188902156838e+01  ,1.001200340117e+01  
  3.820630876419e-04  ,1.017543508333e+01  ,3.509705441485e+00  ,1.001290397238e+01  
  3.820673568246e-04  ,1.046747123935e+01  ,2.690737504521e+00  ,1.001400222899e+01  
  3.820696489957e-04  ,1.062303436116e+01  ,2.783866298425e+00  ,1.001464288275e+01  
  3.820724936274e-04  ,1.080842674270e+01  ,2.843550199234e+00  ,1.001544109952e+01  
  3.820781828907e-04  ,1.115539844144e+01  ,2.853890183071e+00  ,1.001703866717e+01  
  3.820895614174e-04  ,1.176755339444e+01  ,2.848349593986e+00  ,1.002023833702e+01  
  3.821082593945e-04  ,1.257041849863e+01  ,2.846700830499e+00  ,1.002550223009e+01  
  3.821456553486e-04  ,1.364405157494e+01  ,2.850801192203e+00  ,1.003602970342e+01  
  3.822204472569e-04  ,1.470426457705e+01  ,2.855312666153e+00  ,1.005708159384e+01  
  3.823376895932e-04  ,1.515890461751e+01  ,2.864444722214e+00  ,1.009007360069e+01  
  3.825027944592e-04  ,1.498227255238e+01  ,2.877714925693e+00  ,1.013651581688e+01  
  3.826571228054e-04  ,1.497229822641e+01  ,2.890034058409e+00  ,1.017990697429e+01  
  3.829657794980e-04  ,1.501119529174e+01  ,2.914638248225e+00  ,1.026663230985e+01  
  3.835830928830e-04  ,1.499283663519e+01  ,2.963824795168e+00  ,1.043985533271e+01  
  3.846521617917e-04  ,1.499826501981e+01  ,3.048786296669e+00  ,1.073912733846e+01  
  3.867902996090e-04  ,1.500017946878e+01  ,3.217942317576e+00  ,1.133495626593e+01  
  3.910665752438e-04  ,1.500064936300e+01  ,3.553192941361e+00  ,1.251582550957e+01  
  3.920100000200e-04  ,1.499957684619e+01  ,3.626608562858e+00  ,1.277441917719e+01  
  3.920110000180e-04  ,1.442214003887e+01  ,3.626538923121e+00  ,1.277469290161e+01  
  3.920130001264e-04  ,1.321444647221e+01  ,3.626307549961e+00  ,1.277524031630e+01  
  3.920170003431e-04  ,1.067313655440e+01  ,3.625863887690e+00  ,1.277633543512e+01  
  3.920200000200e-04  ,8.648229136857e+00  ,3.625592163791e+00  ,1.277715657433e+01  
  3.920208000633e-04  ,8.544543739954e+00  ,3.625647230508e+00  ,1.277737553932e+01  
  3.920224000755e-04  ,8.339669542827e+00  ,3.625844098109e+00  ,1.277781357011e+01  
  3.920256000999e-04  ,7.944485198993e+00  ,3.626371667513e+00  ,1.277868960107e+01  
  3.920320001486e-04  ,7.208997077809e+00  ,3.627470501987e+00  ,1.278044143023e+01  
  3.920448002461e-04  ,5.933271492057e+00  ,3.630443372834e+00  ,1.278394494871e+01  
  3.920587253812e-04  ,4.792521020424e+00  ,3.640409061612e+00  ,1.278775534545e+01  
  3.920622066650e-04  ,4.546180278474e+00  ,3.651461329104e+00  ,1.278870461701e+01  
  3.920662381742e-04  ,4.358184848030e+00  ,8.062989246980e+00  ,1.279005492776e+01  
  3.920710445437e-04  ,4.343989958530e+00  ,2.463533350736e+01  ,1.279032085274e+01  
  3.920719335842e-04  ,4.351240320748e+00  ,2.841404811293e+01  ,1.279037328668e+01  
  3.920737116653e-04  ,4.349836957791e+00  ,3.480954785884e+01  ,1.279038712925e+01  
  3.920772678274e-04  ,4.345784543767e+00  ,4.748101409225e+01  ,1.278992753376e+01  
  3.920798423755e-04  ,4.283563912552e+00  ,5.220805372304e+01  ,2.776066721310e+00  
  3.920813257861e-04  ,4.199266085969e+00  ,5.250794850235e+01  ,-1.382652913757e-01  
  3.920826069135e-04  ,4.118459099416e+00  ,5.250048627028e+01  ,-4.705098298595e-02  
  3.920839856434e-04  ,4.033163488065e+00  ,5.249721002085e+01  ,5.332875714332e-03  
  3.920867431033e-04  ,3.865118194083e+00  ,5.250119136898e+01  ,7.301584817328e-03  
  3.920922580231e-04  ,3.553740762155e+00  ,5.250973964662e+01  ,5.854204763203e-03  
  3.921032878626e-04  ,3.003351442665e+00  ,5.252665364429e+01  ,4.990657214648e-03  
  3.921253475416e-04  ,2.134828720991e+00  ,5.256043512194e+01  ,3.728776233666e-03  
  3.921694668997e-04  ,1.027993437318e+00  ,5.262782627497e+01  ,2.114370813482e-03  
  3.922161134947e-04  ,4.304333100885e-01  ,5.269885230835e+01  ,1.241798398567e-03  
  3.922591778505e-04  ,2.193945212263e-01  ,5.276423770250e+01  ,9.326242151482e-04  
  3.923160526026e-04  ,7.698134088315e-02  ,5.285035843081e+01  ,7.229215689819e-04  
  3.923781964052e-04  ,2.882396320414e-02  ,5.294416298383e+01  ,6.503804176811e-04  
  3.925024840105e-04  ,2.601552839625e-03  ,5.313088183943e+01  ,6.074418909110e-04  
  3.926340433824e-04  ,1.791970704608e-03  ,5.332723928896e+01  ,6.012923614167e-04  
  3.928971621263e-04  ,1.766612527199e-03  ,5.371598347459e+01  ,5.913478715058e-04  
  3.934051844347e-04  ,1.720160209462e-03  ,5.445149714321e+01  ,5.723957792812e-04  
  3.944212290514e-04  ,1.624839801521e-03  ,5.586237182784e+01  ,5.352708615948e-04  
  3.964533182848e-04  ,1.431380032970e-03  ,5.843945513200e+01  ,4.640601695463e-04  
  4.005174967516e-04  ,1.035517021639e-03  ,6.259516678133e+01  ,3.321016263833e-04  
  4.020000000200e-04  ,9.194185326419e-04  ,6.377661854590e+01  ,2.881360675852e-04  
  4.020010000180e-04  ,5.775650780188e-01  ,6.377748755765e+01  ,-1.000759024334e-03  
  4.020018851470e-04  ,1.095370940910e+00  ,6.377826051595e+01  ,-2.177387941439e-03  
  4.020036554049e-04  ,2.160766845458e+00  ,6.377980318269e+01  ,-4.495120951203e-03  
  4.020071959208e-04  ,4.413905125557e+00  ,6.378287166940e+01  ,-8.950812490365e-03  
  4.020100000200e-04  ,6.311282986934e+00  ,6.378528645718e+01  ,-1.231507175628e-02  
  4.020107081232e-04  ,6.403619737936e+00  ,6.378580105303e+01  ,-1.223545479567e-02  
  4.020121242923e-04  ,6.586325863169e+00  ,6.378681976023e+01  ,-1.197535084837e-02  
  4.020149566305e-04  ,6.940260387170e+00  ,6.378885662169e+01  ,-1.145691924947e-02  
  4.020206213069e-04  ,7.604298874386e+00  ,6.379293463728e+01  ,-1.048938000974e-02  
  4.020319506598e-04  ,8.777211878046e+00  ,6.380110304641e+01  ,-8.780607515200e-03  
  4.020433634591e-04  ,9.774436609546e+00  ,6.380934504597e+01  ,-7.327855427479e-03  
  4.020514026356e-04  ,9.974420987221e+00  ,4.104359167274e+01  ,1.002411149214e+01  
  4.020590782237e-04  ,1.000130106532e+01  ,1.067695555887e+01  ,1.002428593252e+01  
  4.020633861494e-04  ,1.018980910378e+01  ,3.438805847012e+00  ,1.002520174518e+01  
  4.020674638522e-04  ,1.046897500697e+01  ,2.710512996957e+00  ,1.002627726670e+01  
  4.020697802377e-04  ,1.062598782238e+01  ,2.792284001633e+00  ,1.002692402728e+01  
  4.020727187467e-04  ,1.081717522486e+01  ,2.847318787658e+00  ,1.002774815359e+01  
  4.020785957647e-04  ,1.117436693776e+01  ,2.856701803359e+00  ,1.002939836900e+01  
  4.020903498006e-04  ,1.180047358244e+01  ,2.846252864880e+00  ,1.003270672578e+01  
  4.021027505470e-04  ,1.235354939122e+01  ,2.850443292915e+00  ,1.003619752896e+01  
  4.021275520397e-04  ,1.319150180584e+01  ,2.852663987906e+00  ,1.004317878651e+01  
  4.021771550250e-04  ,1.418022907566e+01  ,2.855111270354e+00  ,1.005714007688e+01  
  4.022763609958e-04  ,1.498490409536e+01  ,2.863088646653e+00  ,1.008505723430e+01  
  4.024048209262e-04  ,1.499985758543e+01  ,2.873364995117e+00  ,1.012119529112e+01  
  4.026325583530e-04  ,1.500010797617e+01  ,2.891521358804e+00  ,1.018522949054e+01  
  4.028730273319e-04  ,1.500009710893e+01  ,2.910715712971e+00  ,1.025279857575e+01  
  4.033539652896e-04  ,1.500015359489e+01  ,2.949042498758e+00  ,1.038779846467e+01  
  4.043158412052e-04  ,1.500018516639e+01  ,3.025539169868e+00  ,1.065724613661e+01  
  4.062395930362e-04  ,1.500020315418e+01  ,3.177907848167e+00  ,1.119394107863e+01  
  4.100870966983e-04  ,1.500021216906e+01  ,3.480164443881e+00  ,1.225859304101e+01  
  4.120100000200e-04  ,1.500061744771e+01  ,3.629990209365e+00  ,1.278633237099e+01  
  4.120110000180e-04  ,1.442396485694e+01  ,3.629920292407e+00  ,1.278660606188e+01  
  4.120130001264e-04  ,1.321621755987e+01  ,3.629688814366e+00  ,1.278715340710e+01  
  4.120170003431e-04  ,1.067480395801e+01  ,3.629245145668e+00  ,1.278824839219e+01  
  4.120200000200e-04  ,8.649822365170e+00  ,3.628973480078e+00  ,1.278906942998e+01  
  4.120208000633e-04  ,8.546117866970e+00  ,3.629028574911e+00  ,1.278928836795e+01  
  4.120224000755e-04  ,8.341205926962e+00  ,3.629225493540e+00  ,1.278972634462e+01  
  4.120256000999e-04  ,7.945948779660e+00  ,3.629753116703e+00  ,1.279060226735e+01  
  4.120320001486e-04  ,7.210325161692e+00  ,3.630852046878e+00  ,1.279235388012e+01  
  4.120448002461e-04  ,5.934364547421e+00  ,3.633824944718e+00  ,1.279585696576e+01  
  4.120587253812e-04  ,4.793403723539e+00  ,3.643780284561e+00  ,1.279966689261e+01  
  4.120676422361e-04  ,4.357551611299e+00  ,1.404645733823e+01  ,1.280146004371e+01  
  4.120760122183e-04  ,4.342911461953e+00  ,4.357369821437e+01  ,1.280151726941e+01  
  4.120822826270e-04  ,4.135553144288e+00  ,5.283669564005e+01  ,3.775479210197e-02  
  4.120855526868e-04  ,3.937698674118e+00  ,5.286595095392e+01  ,-2.055129891460e-01  
  4.120881179217e-04  ,3.787344747779e+00  ,5.284893843749e+01  ,-1.686960605131e-03  
  4.120908943805e-04  ,3.631269077662e+00  ,5.285214687187e+01  ,7.846440033638e-03  
  4.120964472983e-04  ,3.337848838982e+00  ,5.286079215165e+01  ,5.612997235572e-03  
  4.121075531337e-04  ,2.819553247094e+00  ,5.287780112506e+01  ,4.591859892205e-03  
  4.121297648046e-04  ,2.007119640185e+00  ,5.291168095003e+01  ,3.669356553952e-03  
  4.121741881463e-04  ,9.669810277110e-01  ,5.297931881308e+01  ,2.021915497212e-03  
  4.122174611184e-04  ,4.397480420350e-01  ,5.304498460057e+01  ,1.251329760349e-03  
  4.122650733087e-04  ,1.636349573106e-01  ,5.311703036425e+01  ,8.472164992152e-04  
  4.123312344644e-04  ,5.549953474852e-02  ,5.321682069222e+01  ,6.871195526947e-04  
  4.124152174089e-04  ,1.371348943184e-02  ,5.334299650922e+01  ,6.230315665733e-04  
  4.125085105989e-04  ,-3.278677330551e-04  ,5.348252173126e+01  ,5.990311317965e-04  
  4.126950969789e-04  ,-3.169003071850e-03  ,5.375956182478e+01  ,5.878391671805e-04  
  4.130652656648e-04  ,1.015321832875e-04  ,5.430122482983e+01  ,5.787177959634e-04  
  4.137181511018e-04  ,2.775044795012e-03  ,5.523064268026e+01  ,5.585945051372e-04  
  4.150239219758e-04  ,6.692224940214e-04  ,5.698887176194e+01  ,5.085764465334e-04  
  4.176354637239e-04  ,2.112870668416e-03  ,6.009550020422e+01  ,4.217278245542e-04  
  4.220000000200e-04  ,1.503529378972e-04  ,6.404830319806e+01  ,2.827673109026e-04  
  4.220010000180e-04  ,5.768072352552e-01  ,6.404916281343e+01  ,-1.007681400218e-03  
  4.220018895242e-04  ,1.097214018804e+00  ,6.404993081817e+01  ,-2.187436154342e-03  
  4.220036685366e-04  ,2.168110615986e+00  ,6.405146414480e+01  ,-4.516919882675e-03  
  4.220072265613e-04  ,4.433432457128e+00  ,6.405451366670e+01  ,-8.993230982210e-03  
  4.220100000200e-04  ,6.311420738396e+00  ,6.405687539431e+01  ,-1.231874286814e-02  
  4.220107116250e-04  ,6.404207650780e+00  ,6.405738569133e+01  ,-1.223839127074e-02  
  4.220121348721e-04  ,6.585864584771e+00  ,6.405839572711e+01  ,-1.197684501624e-02  
  4.220149813664e-04  ,6.940004537386e+00  ,6.406041597080e+01  ,-1.146106719184e-02  
  4.220206743551e-04  ,7.606418756323e+00  ,6.406445995692e+01  ,-1.049006913946e-02  
  4.220320603323e-04  ,8.783759809519e+00  ,6.407256028021e+01  ,-8.774871003158e-03  
  4.220441854072e-04  ,9.836913658271e+00  ,6.408120103169e+01  ,-7.240617442119e-03  
  4.220527759266e-04  ,9.978102423198e+00  ,3.579455104872e+01  ,1.000494064115e+01  
  4.220609641147e-04  ,1.001698812628e+01  ,4.078344499256e+00  ,1.000471441005e+01  
  4.220647996736e-04  ,1.028144659949e+01  ,2.818768282540e+00  ,1.000641398947e+01  
  4.220668258590e-04  ,1.042353440984e+01  ,2.800410626917e+00  ,1.000704812418e+01  
  4.220694261116e-04  ,1.060066617386e+01  ,2.834404345456e+00  ,1.000777759910e+01  
  4.220746266169e-04  ,1.093463726520e+01  ,2.848794857846e+00  ,1.000923454426e+01  
  4.220850276274e-04  ,1.153011337939e+01  ,2.846604795614e+00  ,1.001215671294e+01  
  4.221058296484e-04  ,1.248300022747e+01  ,2.845641172312e+00  ,1.001800844483e+01  
  4.221474336905e-04  ,1.369038662660e+01  ,2.848056148798e+00  ,1.002972129357e+01  
  4.222306417746e-04  ,1.470378472149e+01  ,2.854158722132e+00  ,1.005314344753e+01  
  4.223434376043e-04  ,1.497696905255e+01  ,2.863063331840e+00  ,1.008488576122e+01  
  4.225050854010e-04  ,1.500239827240e+01  ,2.875945653966e+00  ,1.013035796725e+01  
  4.227396177572e-04  ,1.499939884584e+01  ,2.894682825396e+00  ,1.019629612144e+01  
  4.230676340384e-04  ,1.499952380110e+01  ,2.920835679774e+00  ,1.028844326849e+01  
  4.237236666006e-04  ,1.499887755612e+01  ,2.973084401318e+00  ,1.047248040105e+01  
  4.250357317251e-04  ,1.500019111479e+01  ,3.077289497087e+00  ,1.083952859504e+01  
  4.276598619742e-04  ,1.500070101278e+01  ,3.284540138558e+00  ,1.156953762463e+01  
  4.320100000200e-04  ,1.499941601091e+01  ,3.624729241189e+00  ,1.276779904138e+01  
  4.320110000180e-04  ,1.441498368419e+01  ,3.624661895281e+00  ,1.276807278483e+01  
  4.320130001264e-04  ,1.320750083607e+01  ,3.624431370554e+00  ,1.276862023570e+01  
  4.320170003431e-04  ,1.066659753821e+01  ,3.623987988404e+00  ,1.276971543065e+01  
  4.320200000200e-04  ,8.641981016505e+00  ,3.623716213435e+00  ,1.277053662613e+01  
  4.320208000633e-04  ,8.538370531253e+00  ,3.623771337136e+00  ,1.277075560597e+01  
  4.320224000755e-04  ,8.333644354263e+00  ,3.623968303032e+00  ,1.277119366696e+01  
  4.320256000999e-04  ,7.938745530220e+00  ,3.624496112577e+00  ,1.277206975817e+01  
  4.320320001486e-04  ,7.203788803965e+00  ,3.625595756260e+00  ,1.277382170711e+01  
  4.320448002461e-04  ,5.928985004643e+00  ,3.628573617445e+00  ,1.277732546523e+01  
  4.320587224010e-04  ,4.789281715065e+00  ,3.638604621121e+00  ,1.278113530086e+01  
  4.320676377657e-04  ,4.357157944262e+00  ,1.422550548306e+01  ,1.278291453141e+01  
  4.320760017875e-04  ,4.342964769356e+00  ,4.376173646574e+01  ,1.278296037702e+01  
  4.320822766665e-04  ,4.135988879124e+00  ,5.306071917036e+01  ,4.084413721928e-02  
  4.320855470988e-04  ,3.938100508179e+00  ,5.309026640151e+01  ,-2.055385501284e-01  
  4.320871173087e-04  ,3.845160304528e+00  ,5.307203295364e+01  ,-4.099484434438e-03  
  4.320902577284e-04  ,3.666413677349e+00  ,5.307528727710e+01  ,1.013144655286e-02  
  4.320965385679e-04  ,3.333046618028e+00  ,5.308521405787e+01  ,5.656772838689e-03  
  4.321091002468e-04  ,2.751953866269e+00  ,5.310430324485e+01  ,4.602496091741e-03  
  4.321342236045e-04  ,1.861814738680e+00  ,5.314240466234e+01  ,3.321733097016e-03  
  4.321752614025e-04  ,9.434533366817e-01  ,5.320449695023e+01  ,1.982470075341e-03  
  4.322212106231e-04  ,4.567760019129e-01  ,5.327381537786e+01  ,1.271486890748e-03  
  4.322694188598e-04  ,1.919285133474e-01  ,5.334633590924e+01  ,8.837281041827e-04  
  4.323243922237e-04  ,8.004237728160e-02  ,5.342879119464e+01  ,7.185982553185e-04  
  4.324132031444e-04  ,6.828681418104e-03  ,5.356149537534e+01  ,6.085407004393e-04  
  4.325081295017e-04  ,2.605953268681e-03  ,5.370265715321e+01  ,5.988044299532e-04  
  4.326979822162e-04  ,8.332708503653e-04  ,5.398289445564e+01  ,5.890654657122e-04  
  4.329202121738e-04  ,1.986696988657e-03  ,5.430738269015e+01  ,5.824608447441e-04  
  4.333646720890e-04  ,1.577005691070e-03  ,5.494484137682e+01  ,5.653777275726e-04  
  4.342535919193e-04  ,1.718677101049e-03  ,5.617329035709e+01  ,5.333010502348e-04  
  4.360314315799e-04  ,1.369380795369e-03  ,5.844162864732e+01  ,4.704456749002e-04  
  4.395871109012e-04  ,1.181196035918e-03  ,6.221005190970e+01  ,3.536893782325e-04  
  4.420000000200e-04  ,9.003065440137e-04  ,6.417839191899e+01  ,2.798498061488e-04  
  4.420010000180e-04  ,5.775458816607e-01  ,6.417924137642e+01  ,-1.008804479633e-03  
  4.420018908280e-04  ,1.098714459408e+00  ,6.418000184028e+01  ,-2.192409317642e-03  
  4.420036724481e-04  ,2.171224418420e+00  ,6.418151958818e+01  ,-4.524740639717e-03  
  4.420072356883e-04  ,4.440128137982e+00  ,6.418453799560e+01  ,-9.007142837367e-03  
  4.420100000200e-04  ,6.312068806322e+00  ,6.418686434355e+01  ,-1.232152774146e-02  
  4.420107126680e-04  ,6.404983214164e+00  ,6.418736826089e+01  ,-1.224095100853e-02  
  4.420121379641e-04  ,6.588824593502e+00  ,6.418836565585e+01  ,-1.197912985138e-02  
  4.420149885562e-04  ,6.944885759537e+00  ,6.419035991949e+01  ,-1.145763093645e-02  
  4.420206897405e-04  ,7.612641150420e+00  ,6.419435276895e+01  ,-1.048467050740e-02  
  4.420320921091e-04  ,8.791208379665e+00  ,6.420235094096e+01  ,-8.767669573754e-03  
  4.420435913352e-04  ,9.793196327541e+00  ,6.421043058400e+01  ,-7.307979489713e-03  
  4.420517094878e-04  ,9.974878790855e+00  ,4.012857045727e+01  ,9.968983884115e+00  
  4.420594685224e-04  ,1.000243257904e+01  ,9.458060012277e+00  ,9.969214984702e+00  
  4.420636654345e-04  ,1.020328461751e+01  ,3.343365226277e+00  ,9.970112585342e+00  
  4.420676336137e-04  ,1.047524997104e+01  ,2.706818258241e+00  ,9.971197551282e+00  
  4.420700189171e-04  ,1.063654528112e+01  ,2.781464771524e+00  ,9.971863269726e+00  
  4.420731049475e-04  ,1.083656690844e+01  ,2.832275592984e+00  ,9.972728923493e+00  
  4.420792770085e-04  ,1.120916612933e+01  ,2.840404547082e+00  ,9.974463067077e+00  
  4.420916211304e-04  ,1.185988557940e+01  ,2.835889221932e+00  ,9.977936081609e+00  
  4.421134274897e-04  ,1.276003813671e+01  ,2.835663087113e+00  ,9.984075244378e+00  
  4.421570402083e-04  ,1.387352056389e+01  ,2.838553403018e+00  ,9.996357851591e+00  
  4.422442656455e-04  ,1.486863137555e+01  ,2.844943676995e+00  ,1.002091895438e+01  
  4.423586827216e-04  ,1.516193942992e+01  ,2.853958280171e+00  ,1.005312786440e+01  
  4.425161105094e-04  ,1.512341124216e+01  ,2.866551964346e+00  ,1.009742741272e+01  
  4.427836638388e-04  ,1.495814755303e+01  ,2.887985891804e+00  ,1.017267083713e+01  
  4.432517271933e-04  ,1.502354080430e+01  ,2.925288638211e+00  ,1.030416553805e+01  
  4.438710432944e-04  ,1.500791262742e+01  ,2.974614477283e+00  ,1.047788416594e+01  
  4.451096754966e-04  ,1.499370950604e+01  ,3.072999217347e+00  ,1.082440620903e+01  
  4.475869399008e-04  ,1.500575867569e+01  ,3.268715884473e+00  ,1.151380764916e+01  
  4.520100000200e-04  ,1.500036119312e+01  ,3.614776119742e+00  ,1.273274216615e+01  
  4.520110000180e-04  ,1.442371243173e+01  ,3.614706235780e+00  ,1.273301600917e+01  
  4.520130001264e-04  ,1.321597256693e+01  ,3.614474814884e+00  ,1.273356365938e+01  
  4.520170003431e-04  ,1.067457330387e+01  ,3.614031020230e+00  ,1.273465925243e+01  
  4.520200000200e-04  ,8.649601965302e+00  ,3.613759035331e+00  ,1.273548074660e+01  
  4.520208000633e-04  ,8.545900106279e+00  ,3.613813926687e+00  ,1.273569980641e+01  
  4.520224000755e-04  ,8.340993381235e+00  ,3.614010464766e+00  ,1.273613802641e+01  
  4.520256000999e-04  ,7.945746294310e+00  ,3.614537493330e+00  ,1.273701443588e+01  
  4.520320001486e-04  ,7.210141393383e+00  ,3.615634881523e+00  ,1.273876702267e+01  
  4.520448002461e-04  ,5.934213186721e+00  ,3.618601197718e+00  ,1.274227205656e+01  
  4.520587253812e-04  ,4.793280856854e+00  ,3.628519166669e+00  ,1.274608410667e+01  
  4.520676437262e-04  ,4.357206017805e+00  ,1.402265364064e+01  ,1.274788082208e+01  
  4.520760137084e-04  ,4.342591981328e+00  ,4.354895572155e+01  ,1.274794077024e+01  
  4.520823295656e-04  ,4.138353952644e+00  ,5.316011296574e+01  ,5.871301509098e-02  
  4.520856059584e-04  ,3.940064327675e+00  ,5.319192286070e+01  ,-2.099817210754e-01  
  4.520871694628e-04  ,3.847461207010e+00  ,5.317324329658e+01  ,-4.417628600973e-03  
  4.520902964714e-04  ,3.669353672245e+00  ,5.317640646379e+01  ,1.023035204787e-02  
  4.520965504888e-04  ,3.337081809978e+00  ,5.318624487201e+01  ,5.664294780700e-03  
  4.521090585235e-04  ,2.759146355395e+00  ,5.320518774016e+01  ,4.434561308077e-03  
  4.521340745929e-04  ,1.879752218996e+00  ,5.324288373494e+01  ,3.535088256507e-03  
  4.521733898166e-04  ,9.898224619747e-01  ,5.330204698051e+01  ,2.046742551904e-03  
  4.522179204467e-04  ,4.447670104015e-01  ,5.336883382114e+01  ,1.249907370987e-03  
  4.522635835651e-04  ,1.765518969433e-01  ,5.343712355386e+01  ,8.574420580459e-04  
  4.523326653484e-04  ,5.638796381343e-02  ,5.354009516046e+01  ,6.797256080744e-04  
  4.524140376094e-04  ,4.514012317588e-03  ,5.366090468912e+01  ,6.010602099993e-04  
  4.525103229526e-04  ,-7.901359371686e-03  ,5.380319051351e+01  ,5.793449530216e-04  
  4.527028936389e-04  ,-5.364218317472e-03  ,5.408561321244e+01  ,5.758205177575e-04  
  4.529943841938e-04  ,4.415234141860e-03  ,5.450765260175e+01  ,5.792499615503e-04  
  4.535773653034e-04  ,-1.909032617247e-05  ,5.533188588723e+01  ,5.513469984349e-04  
  4.547433275226e-04  ,2.915255237677e-03  ,5.690011063404e+01  ,5.138384840931e-04  
  4.559201616291e-04  ,1.636578890658e-03  ,5.837303305231e+01  ,4.709902061699e-04  
  4.582738298419e-04  ,1.057552941182e-03  ,6.098334149543e+01  ,3.927983590982e-04  
  4.620000000200e-04  ,1.039292697899e-03  ,6.419064327085e+01  ,2.774217616071e-04  
  4.620010000180e-04  ,5.776825916974e-01  ,6.419148388483e+01  ,-1.012510271673e-03  
  4.620018908280e-04  ,1.098849192574e+00  ,6.419223624516e+01  ,-2.195050007756e-03  
  4.620036724481e-04  ,2.171355276237e+00  ,6.419373803111e+01  ,-4.527640871932e-03  
  4.620072356883e-04  ,4.440251544204e+00  ,6.419672446646e+01  ,-9.010097241110e-03  
  4.620100000200e-04  ,6.312186702348e+00  ,6.419902600921e+01  ,-1.232448417660e-02  
  4.620107126680e-04  ,6.405099734120e+00  ,6.419952352109e+01  ,-1.224391080970e-02  
  4.620121379641e-04  ,6.588938390701e+00  ,6.420050810288e+01  ,-1.198209699802e-02  
  4.620149885562e-04  ,6.944994283432e+00  ,6.420247674534e+01  ,-1.146060379563e-02  
  4.620206897405e-04  ,7.612739784824e+00  ,6.420641835385e+01  ,-1.048765620675e-02  
  4.620320921091e-04  ,8.791289559732e+00  ,6.421431406252e+01  ,-8.770679861574e-03  
  4.620435913352e-04  ,9.793262668812e+00  ,6.422229039901e+01  ,-7.311010715964e-03  
  4.620517094878e-04  ,9.974636489001e+00  ,4.011749150885e+01  ,9.925782048978e+00  
  4.620594685224e-04  ,1.000217050704e+01  ,9.444233224273e+00  ,9.926012663777e+00  
  4.620636646894e-04  ,1.020302044198e+01  ,3.331679586217e+00  ,9.926910601486e+00  
  4.620676328686e-04  ,1.047499589778e+01  ,2.694580545680e+00  ,9.927996209675e+00  
  4.620700196621e-04  ,1.063639724217e+01  ,2.769082861642e+00  ,9.928662620462e+00  
  4.620731045750e-04  ,1.083635557357e+01  ,2.819938405324e+00  ,9.929528349882e+00  
  4.620792744008e-04  ,1.120884540443e+01  ,2.828135148261e+00  ,9.931262624798e+00  
  4.620916140524e-04  ,1.185759208441e+01  ,2.818756410134e+00  ,9.934739307203e+00  
  4.621050206271e-04  ,1.244117702453e+01  ,2.822677348360e+00  ,9.938516968458e+00  
  4.621318337766e-04  ,1.330599466978e+01  ,2.824948082423e+00  ,9.946071911090e+00  
  4.621854600755e-04  ,1.428553190560e+01  ,2.827870078210e+00  ,9.961180346508e+00  
  4.622927126733e-04  ,1.503503350469e+01  ,2.836476840180e+00  ,9.991390784722e+00  
  4.624233422128e-04  ,1.500021951665e+01  ,2.846953681160e+00  ,1.002817382287e+01  
  4.626697239724e-04  ,1.500000562835e+01  ,2.866620836292e+00  ,1.009751356271e+01  
  4.629202542153e-04  ,1.500002061029e+01  ,2.886633083534e+00  ,1.016797111453e+01  
  4.634213147012e-04  ,1.499997595060e+01  ,2.926596587948e+00  ,1.030873599275e+01  
  4.644234356729e-04  ,1.499995129948e+01  ,3.006353153684e+00  ,1.058966601887e+01  
  4.664276776162e-04  ,1.500014577953e+01  ,3.165187259142e+00  ,1.114913472081e+01  
  4.704361615029e-04  ,1.500006075238e+01  ,3.480162702927e+00  ,1.225858662886e+01  
  4.720100000200e-04  ,1.500006551548e+01  ,3.602851342616e+00  ,1.269073896777e+01  
  4.720110000180e-04  ,1.442342117342e+01  ,3.602781665635e+00  ,1.269101293009e+01  
  4.720130001264e-04  ,1.321568988485e+01  ,3.602550342639e+00  ,1.269156081849e+01  
  4.720170003431e-04  ,1.067430716802e+01  ,3.602106467286e+00  ,1.269265688875e+01  
  4.720200000200e-04  ,8.649347663560e+00  ,3.601834226356e+00  ,1.269347874062e+01  
  4.720208000633e-04  ,8.545648850909e+00  ,3.601888960235e+00  ,1.269369789591e+01  
  4.720224000755e-04  ,8.340748145371e+00  ,3.602085202368e+00  ,1.269413630664e+01  
  4.720256000999e-04  ,7.945512670471e+00  ,3.602611768482e+00  ,1.269501309760e+01  
  4.720320001486e-04  ,7.209929375932e+00  ,3.603707961460e+00  ,1.269676644781e+01  
  4.720448002461e-04  ,5.934038601949e+00  ,3.606669194586e+00  ,1.270027300869e+01  
  4.720587253812e-04  ,4.793139380076e+00  ,3.616558859174e+00  ,1.270408672286e+01  
  4.720676437262e-04  ,4.356936628857e+00  ,1.400181914367e+01  ,1.270588611169e+01  
  4.720760137084e-04  ,4.342340435803e+00  ,4.352720222594e+01  ,1.270594739182e+01  
  4.720823340360e-04  ,4.138323123628e+00  ,5.317087976285e+01  ,6.030078010845e-02  
  4.720856115464e-04  ,3.939974237843e+00  ,5.320287487143e+01  ,-2.104362291104e-01  
  4.720871743057e-04  ,3.847415655700e+00  ,5.318413649156e+01  ,-4.450944930420e-03  
  4.720902998242e-04  ,3.669392690750e+00  ,5.318726617444e+01  ,1.023767696383e-02  
  4.720965508613e-04  ,3.337267873296e+00  ,5.319704686014e+01  ,5.661738032892e-03  
  4.721090529356e-04  ,2.759549937666e+00  ,5.321587194517e+01  ,4.431155768796e-03  
  4.721340570841e-04  ,1.880376065827e+00  ,5.325333214501e+01  ,3.533162460709e-03  
  4.721733842287e-04  ,9.899501158132e-01  ,5.331217117899e+01  ,2.043527932843e-03  
  4.722179088983e-04  ,4.448641798165e-01  ,5.337856191906e+01  ,1.246653358571e-03  
  4.722635779772e-04  ,1.765580256295e-01  ,5.344646377842e+01  ,8.540632516122e-04  
  4.723326478395e-04  ,5.639632672495e-02  ,5.354881816843e+01  ,6.763621706839e-04  
  4.724140320215e-04  ,4.503004638072e-03  ,5.366894007986e+01  ,5.976818828586e-04  
  4.725103054437e-04  ,-7.912687592192e-03  ,5.381037535080e+01  ,5.759827509526e-04  
  4.727028522882e-04  ,-5.375565691566e-03  ,5.409110213945e+01  ,5.724911761854e-04  
  4.729943428430e-04  ,4.405327819710e-03  ,5.451063934763e+01  ,5.759699901743e-04  
  4.735773239526e-04  ,-2.948996715599e-05  ,5.532991303278e+01  ,5.481587941276e-04  
  4.744878921900e-04  ,1.132011025928e-03  ,5.655617382277e+01  ,5.171088708000e-04  
  4.757482681665e-04  ,1.473212466472e-03  ,5.814491085664e+01  ,4.737474979088e-04  
  4.782690201196e-04  ,1.201254971624e-03  ,6.093899683944e+01  ,3.904838423954e-04  
  4.820000000200e-04  ,8.897366521714e-04  ,6.412522864196e+01  ,2.752233776242e-04  
  4.820010000180e-04  ,5.775351501189e-01  ,6.412606280787e+01  ,-1.014913730295e-03  
  4.820018900830e-04  ,1.098262575349e+00  ,6.412680876977e+01  ,-2.196350932514e-03  
  4.820036702130e-04  ,2.169839129777e+00  ,6.412829779222e+01  ,-4.527065890443e-03  
  4.820072304729e-04  ,4.436673922369e+00  ,6.413125872403e+01  ,-9.006018082973e-03  
  4.820100000200e-04  ,6.312054129880e+00  ,6.413354670760e+01  ,-1.232678483499e-02  
  4.820107120720e-04  ,6.404891614690e+00  ,6.413403919587e+01  ,-1.224634838810e-02  
  4.820121362505e-04  ,6.586649797080e+00  ,6.413501364499e+01  ,-1.198464260058e-02  
  4.820149846074e-04  ,6.940981278293e+00  ,6.413696269470e+01  ,-1.146858612224e-02  
  4.820206813214e-04  ,7.608556620296e+00  ,6.414086426295e+01  ,-1.049582299103e-02  
  4.820320747492e-04  ,8.786917539148e+00  ,6.414867991034e+01  ,-8.779210709134e-03  
  4.820435620544e-04  ,9.788628519132e+00  ,6.415657353642e+01  ,-7.319898011736e-03  
  4.820516682861e-04  ,9.974235380101e+00  ,4.031945217536e+01  ,9.886934533724e+00  
  4.820594153998e-04  ,1.000162155660e+01  ,9.684402609543e+00  ,9.887151813500e+00  
  4.820636383888e-04  ,1.020017802486e+01  ,3.338274664190e+00  ,9.888055938343e+00  
  4.820676110384e-04  ,1.047240601872e+01  ,2.682175617991e+00  ,9.889135063233e+00  
  4.820699780879e-04  ,1.063259309842e+01  ,2.756994392406e+00  ,9.889796336694e+00  
  4.820730246303e-04  ,1.083030420488e+01  ,2.808626017739e+00  ,9.890651705169e+00  
  4.820791177151e-04  ,1.119889774123e+01  ,2.817218442398e+00  ,9.892365062014e+00  
  4.820913038847e-04  ,1.184193785364e+01  ,2.807643702180e+00  ,9.895799836918e+00  
  4.821044452188e-04  ,1.241777483681e+01  ,2.811606839764e+00  ,9.899504214811e+00  
  4.821307278869e-04  ,1.327610511199e+01  ,2.813862403114e+00  ,9.906912600284e+00  
  4.821832932231e-04  ,1.425882437910e+01  ,2.816670051101e+00  ,9.921727981085e+00  
  4.822884238956e-04  ,1.502303090168e+01  ,2.825114650759e+00  ,9.951352578098e+00  
  4.824184573886e-04  ,1.500021580505e+01  ,2.835543813970e+00  ,9.987982585467e+00  
  4.826597846744e-04  ,1.500000829202e+01  ,2.854814075038e+00  ,1.005592784943e+01  
  4.829075492618e-04  ,1.500002143639e+01  ,2.874614376847e+00  ,1.012563711899e+01  
  4.834030784366e-04  ,1.499997718648e+01  ,2.914153927665e+00  ,1.026490867039e+01  
  4.843941367862e-04  ,1.499995259441e+01  ,2.993066240589e+00  ,1.054286494489e+01  
  4.863762534854e-04  ,1.499990535201e+01  ,3.150226534247e+00  ,1.109643750591e+01  
  4.903404868839e-04  ,1.499989398378e+01  ,3.461908719006e+00  ,1.219428962288e+01  
  4.920100000200e-04  ,1.499948008968e+01  ,3.592124637275e+00  ,1.265295468854e+01  
  4.920110000180e-04  ,1.441533682287e+01  ,3.592057508536e+00  ,1.265322875736e+01  
  4.920130001264e-04  ,1.320784357733e+01  ,3.591827152195e+00  ,1.265377686495e+01  
  4.920170003431e-04  ,1.066692020642e+01  ,3.591383515956e+00  ,1.265487336020e+01  
  4.920200000200e-04  ,8.642289315810e+00  ,3.591111033260e+00  ,1.265569553373e+01  
  4.920208000633e-04  ,8.538675127116e+00  ,3.591165713841e+00  ,1.265591477468e+01  
  4.920224000755e-04  ,8.333941632620e+00  ,3.591361846621e+00  ,1.265635335711e+01  
  4.920256000999e-04  ,7.939028695951e+00  ,3.591888336889e+00  ,1.265723049139e+01  
  4.920320001486e-04  ,7.204045689252e+00  ,3.592984540082e+00  ,1.265898452774e+01  
  4.920448002461e-04  ,5.929196172273e+00  ,3.595947504493e+00  ,1.266249246110e+01  
  4.920587238911e-04  ,4.789339915843e+00  ,3.605891014271e+00  ,1.266630725503e+01  
  4.920676407460e-04  ,4.356445714350e+00  ,1.415282742202e+01  ,1.266809524095e+01  
  4.920760062579e-04  ,4.342262950118e+00  ,4.368924752323e+01  ,1.266814592154e+01  
  4.920822997633e-04  ,4.136227481474e+00  ,5.311979356879e+01  ,4.762625194917e-02  
  4.920855731759e-04  ,3.938174751887e+00  ,5.315014327797e+01  ,-2.072254695179e-01  
  4.920871400330e-04  ,3.845424691627e+00  ,5.313170605458e+01  ,-4.242760191948e-03  
  4.920902737472e-04  ,3.667037409837e+00  ,5.313485629423e+01  ,1.016229578924e-02  
  4.920965411756e-04  ,3.334292131712e+00  ,5.314461389490e+01  ,5.651248810445e-03  
  4.921090760324e-04  ,2.754117830869e+00  ,5.316335666777e+01  ,4.595707399946e-03  
  4.921341457460e-04  ,1.864908883801e+00  ,5.320076458353e+01  ,3.316491962630e-03  
  4.921752431485e-04  ,9.440744104397e-01  ,5.326194369909e+01  ,1.973650694426e-03  
  4.922211625669e-04  ,4.572952293769e-01  ,5.333009649116e+01  ,1.262541639138e-03  
  4.922694244477e-04  ,1.919218505520e-01  ,5.340152070226e+01  ,8.740378506543e-04  
  4.923243680093e-04  ,8.006524729575e-02  ,5.348259236685e+01  ,7.089779477041e-04  
  4.924131789300e-04  ,6.812773100814e-03  ,5.361313498491e+01  ,5.989058948298e-04  
  4.925080933664e-04  ,2.579259089393e-03  ,5.375197248693e+01  ,5.891982317880e-04  
  4.926979222390e-04  ,8.018528029531e-04  ,5.402757295327e+01  ,5.795411006542e-04  
  4.929201998803e-04  ,1.958423706778e-03  ,5.434676149617e+01  ,5.730405704336e-04  
  4.933647551629e-04  ,1.911820910080e-03  ,5.497367183041e+01  ,5.566545963129e-04  
  4.942538657281e-04  ,1.619666410681e-03  ,5.618122804625e+01  ,5.241886234149e-04  
  4.960320868585e-04  ,1.403146622022e-03  ,5.840901062595e+01  ,4.625244259377e-04  
  4.995885291192e-04  ,1.099825379166e-03  ,6.210137552239e+01  ,3.464614387060e-04  
  5.020000000200e-04  ,8.545199001251e-04  ,6.402082574316e+01  ,2.761195305262e-04  
  5.020010000180e-04  ,5.775004353236e-01  ,6.402165608621e+01  ,-1.015197045991e-03  
  5.020018885929e-04  ,1.097346196533e+00  ,6.402239742637e+01  ,-2.195934426933e-03  
  5.020036657426e-04  ,2.167057312549e+00  ,6.402387692746e+01  ,-4.522550543619e-03  
  5.020072200421e-04  ,4.429757371316e+00  ,6.402681893010e+01  ,-8.994449667473e-03  
  5.020100000200e-04  ,6.311242053416e+00  ,6.402910469432e+01  ,-1.232913973688e-02  
  5.020107108799e-04  ,6.403934382956e+00  ,6.402959355946e+01  ,-1.224894084215e-02  
  5.020121326369e-04  ,6.585410163700e+00  ,6.403056073204e+01  ,-1.198765316628e-02  
  5.020149761510e-04  ,6.939206311113e+00  ,6.403249522074e+01  ,-1.147237664405e-02  
  5.020206631792e-04  ,7.605839931085e+00  ,6.403636766739e+01  ,-1.050098571301e-02  
  5.020320372355e-04  ,8.782779816820e+00  ,6.404412506848e+01  ,-8.786441268138e-03  
  5.020435021890e-04  ,9.783341827784e+00  ,6.405195805191e+01  ,-7.328799849391e-03  
  5.020515890491e-04  ,9.973855170866e+00  ,4.055255887387e+01  ,9.856564380757e+00  
  5.020593153012e-04  ,1.000105126564e+01  ,9.990553903079e+00  ,9.856766192290e+00  
  5.020635680926e-04  ,1.019645845900e+01  ,3.351441269647e+00  ,9.857676469680e+00  
  5.020675467027e-04  ,1.046903906743e+01  ,2.671727653280e+00  ,9.858747442502e+00  
  5.020698891652e-04  ,1.062771801233e+01  ,2.747084689004e+00  ,9.859402217723e+00  
  5.020728891415e-04  ,1.082270614407e+01  ,2.799678622773e+00  ,9.860244867269e+00  
  5.020788890940e-04  ,1.118656958449e+01  ,2.808741972211e+00  ,9.861932530879e+00  
  5.020908889991e-04  ,1.182265343080e+01  ,2.798920096590e+00  ,9.865315829323e+00  
  5.021037203890e-04  ,1.238943477876e+01  ,2.802935811220e+00  ,9.868933951078e+00  
  5.021293831688e-04  ,1.324005329953e+01  ,2.805174296446e+00  ,9.876169835158e+00  
  5.021807087285e-04  ,1.422629046142e+01  ,2.807844930927e+00  ,9.890640281980e+00  
  5.022833598477e-04  ,1.500793373018e+01  ,2.816098967993e+00  ,9.919575318639e+00  
  5.024126780850e-04  ,1.500013225089e+01  ,2.826468973515e+00  ,9.956015538023e+00  
  5.026481879574e-04  ,1.500003367849e+01  ,2.845279158608e+00  ,1.002234483450e+01  
  5.028927577359e-04  ,1.500003916128e+01  ,2.864831597066e+00  ,1.009117885620e+01  
  5.033818972928e-04  ,1.500001758116e+01  ,2.903875230549e+00  ,1.022870362943e+01  
  5.043601764065e-04  ,1.500000539980e+01  ,2.981799918129e+00  ,1.050318116775e+01  
  5.063167346341e-04  ,1.499999797371e+01  ,3.137002118200e+00  ,1.104985666506e+01  
  5.102298510892e-04  ,1.499997584839e+01  ,3.444833597262e+00  ,1.213414531840e+01  
  5.120100000200e-04  ,1.500009283102e+01  ,3.583742791999e+00  ,1.262343192346e+01  
  5.120110000180e-04  ,1.442397824622e+01  ,3.583673076713e+00  ,1.262370607774e+01  
  5.120130001264e-04  ,1.321623055486e+01  ,3.583441788392e+00  ,1.262425434394e+01  
  5.120170003431e-04  ,1.067481618072e+01  ,3.582997739714e+00  ,1.262535118212e+01  
  5.120200000200e-04  ,8.649834023700e+00  ,3.582725092615e+00  ,1.262617360720e+01  
  5.120208000633e-04  ,8.546129375661e+00  ,3.582779561656e+00  ,1.262639291554e+01  
  5.120224000755e-04  ,8.341217139967e+00  ,3.582975307832e+00  ,1.262683163185e+01  
  5.120256000999e-04  ,7.945959425656e+00  ,3.583501088271e+00  ,1.262770903412e+01  
  5.120320001486e-04  ,7.210334731627e+00  ,3.584595224962e+00  ,1.262946360772e+01  
  5.120448002461e-04  ,5.934372067732e+00  ,3.587547492770e+00  ,1.263297261563e+01  
  5.120587268713e-04  ,4.793296823859e+00  ,3.597384034260e+00  ,1.263678940563e+01  
  5.120676452163e-04  ,4.356531177028e+00  ,1.395012168058e+01  ,1.263859453375e+01  
  5.120760166887e-04  ,4.341920012255e+00  ,4.347637038909e+01  ,1.263865842751e+01  
  5.120823273304e-04  ,4.136888087327e+00  ,5.303278860554e+01  ,5.400290640024e-02  
  5.120856033507e-04  ,3.938673606201e+00  ,5.306399520650e+01  ,-2.093111616122e-01  
  5.120871676001e-04  ,3.846060188324e+00  ,5.304534830840e+01  ,-4.381774308796e-03  
  5.120902960989e-04  ,3.667933343319e+00  ,5.304845892656e+01  ,1.021099551904e-02  
  5.120965530965e-04  ,3.335636407836e+00  ,5.305817996786e+01  ,5.654914416830e-03  
  5.121090670917e-04  ,2.756115200353e+00  ,5.307684035636e+01  ,4.597279931753e-03  
  5.121340950820e-04  ,1.867536535474e+00  ,5.311408293115e+01  ,3.319214938915e-03  
  5.121752938125e-04  ,9.437111854150e-01  ,5.317524326988e+01  ,1.972024360038e-03  
  5.122212251518e-04  ,4.570234043869e-01  ,5.324322477301e+01  ,1.261051455485e-03  
  5.122694512698e-04  ,1.919492001747e-01  ,5.331439828535e+01  ,8.729898665043e-04  
  5.123243411872e-04  ,8.015075050313e-02  ,5.339516664647e+01  ,7.080218313083e-04  
  5.124130925033e-04  ,6.864248825602e-03  ,5.352526127874e+01  ,5.979110515401e-04  
  5.125079234931e-04  ,2.585785243394e-03  ,5.366359445781e+01  ,5.881498980330e-04  
  5.126975854728e-04  ,7.875333452667e-04  ,5.393819701260e+01  ,5.784867504928e-04  
  5.129195770118e-04  ,1.955625741535e-03  ,5.425610621222e+01  ,5.720341795042e-04  
  5.133635600898e-04  ,1.909773954478e-03  ,5.488052654434e+01  ,5.557111318132e-04  
  5.142515262458e-04  ,1.414949526967e-03  ,5.608344054872e+01  ,5.232481896895e-04  
  5.160274585578e-04  ,1.572742254754e-03  ,5.830291692560e+01  ,4.619842245013e-04  
  5.195793231818e-04  ,9.376025088212e-04  ,6.198318845340e+01  ,3.462005135040e-04  
  5.220000000200e-04  ,9.966187865510e-04  ,6.390644226841e+01  ,2.757947547354e-04  
  5.220010000180e-04  ,5.776403835872e-01  ,6.390727108534e+01  ,-1.015294715315e-03  
  5.220018869165e-04  ,1.096491966722e+00  ,6.390800969364e+01  ,-2.193798902379e-03  
  5.220036607135e-04  ,2.164100151881e+00  ,6.390948375101e+01  ,-4.516154624881e-03  
  5.220072083074e-04  ,4.422141108389e+00  ,6.391241492927e+01  ,-8.980189261295e-03  
  5.220100000200e-04  ,6.312132436530e+00  ,6.391470607965e+01  ,-1.232812327003e-02  
  5.220107095388e-04  ,6.404642256195e+00  ,6.391519296974e+01  ,-1.224824098532e-02  
  5.220121285019e-04  ,6.587682198465e+00  ,6.391615623899e+01  ,-1.198763537950e-02  
  5.220149664280e-04  ,6.942241271540e+00  ,6.391808223672e+01  ,-1.146830074751e-02  
  5.220206422803e-04  ,7.607368274481e+00  ,6.392193855331e+01  ,-1.049916957591e-02  
  5.220319939849e-04  ,8.781926045241e+00  ,6.392966367126e+01  ,-8.788000150256e-03  
  5.220434350965e-04  ,9.780687008696e+00  ,6.393746321315e+01  ,-7.333005043614e-03  
  5.220515025851e-04  ,9.973646525785e+00  ,4.064964422489e+01  ,9.837268641348e+00  
  5.220592079756e-04  ,1.000071939519e+01  ,1.016592060360e+01  ,9.837462734624e+00  
  5.220634734330e-04  ,1.019401126141e+01  ,3.358878108227e+00  ,9.838375721779e+00  
  5.220674766299e-04  ,1.046823802496e+01  ,2.663900089723e+00  ,9.839447282036e+00  
  5.220698116419e-04  ,1.062646424754e+01  ,2.740704776402e+00  ,9.840100200830e+00  
  5.220727896390e-04  ,1.082012148801e+01  ,2.794079697673e+00  ,9.840936905116e+00  
  5.220787456331e-04  ,1.118165674361e+01  ,2.803372417039e+00  ,9.842612517604e+00  
  5.220906576214e-04  ,1.181592850876e+01  ,2.798598733340e+00  ,9.845968322999e+00  
  5.221111496982e-04  ,1.267246072561e+01  ,2.797396577443e+00  ,9.851747456111e+00  
  5.221521338520e-04  ,1.377628943248e+01  ,2.801555596734e+00  ,9.863305241050e+00  
  5.222341021595e-04  ,1.480490603845e+01  ,2.806807939077e+00  ,9.886417109041e+00  
  5.223516782818e-04  ,1.516587719263e+01  ,2.816034127444e+00  ,9.919560023058e+00  
  5.225095829067e-04  ,1.513582060699e+01  ,2.828681799109e+00  ,9.964053707666e+00  
  5.227691253719e-04  ,1.495576650802e+01  ,2.849510419978e+00  ,1.003714320250e+01  
  5.232163032589e-04  ,1.502417305854e+01  ,2.885195824612e+00  ,1.016294613993e+01  
  5.237717231807e-04  ,1.500852833321e+01  ,2.929500601594e+00  ,1.031897842209e+01  
  5.248825630245e-04  ,1.499338012686e+01  ,3.017893829396e+00  ,1.063030572542e+01  
  5.271042427120e-04  ,1.500598174138e+01  ,3.193827230062e+00  ,1.125002415620e+01  
  5.315476020870e-04  ,1.500044037923e+01  ,3.542404026213e+00  ,1.247782270024e+01  
  5.320100000200e-04  ,1.499981324484e+01  ,3.578425626581e+00  ,1.260470277503e+01  
  5.320110000180e-04  ,1.442320867389e+01  ,3.578356162524e+00  ,1.260497698176e+01  
  5.320130001264e-04  ,1.321548364249e+01  ,3.578124980608e+00  ,1.260552535848e+01  
  5.320170003431e-04  ,1.067411299373e+01  ,3.577680919724e+00  ,1.260662240587e+01  
  5.320200000200e-04  ,8.649162116535e+00  ,3.577408156974e+00  ,1.260744499044e+01  
  5.320208000633e-04  ,8.545465523194e+00  ,3.577462562891e+00  ,1.260766434133e+01  
  5.320224000755e-04  ,8.340569203052e+00  ,3.577658189551e+00  ,1.260810314269e+01  
  5.320256000999e-04  ,7.945342189020e+00  ,3.578183791223e+00  ,1.260898071508e+01  
  5.320320001486e-04  ,7.209774630493e+00  ,3.579277483420e+00  ,1.261073562905e+01  
  5.320448002461e-04  ,5.933911056574e+00  ,3.582227997127e+00  ,1.261424531774e+01  
  5.320587268713e-04  ,4.792924371269e+00  ,3.592058566972e+00  ,1.261806284907e+01  
  5.320676452163e-04  ,4.356389227241e+00  ,1.395557779048e+01  ,1.261986798370e+01  
  5.320760166887e-04  ,4.341820305641e+00  ,4.348384252158e+01  ,1.261993101429e+01  
  5.320823139194e-04  ,4.135795158670e+00  ,5.293607306465e+01  ,4.750487663415e-02  
  5.320855877045e-04  ,3.937741868637e+00  ,5.296646633663e+01  ,-2.079105115695e-01  
  5.320871540028e-04  ,3.845033182440e+00  ,5.294795280286e+01  ,-4.290015060178e-03  
  5.320902865994e-04  ,3.666725738413e+00  ,5.295107656588e+01  ,1.017974005198e-02  
  5.320965517927e-04  ,3.334121592861e+00  ,5.296079612885e+01  ,5.650977996397e-03  
  5.321090821791e-04  ,2.754165861896e+00  ,5.297945902423e+01  ,4.594455786626e-03  
  5.321341429520e-04  ,1.865212512868e+00  ,5.301670694915e+01  ,3.315718665254e-03  
  5.321753238011e-04  ,9.427794891574e-01  ,5.307776966712e+01  ,1.970554179836e-03  
  5.322212789822e-04  ,4.563848894030e-01  ,5.314570764516e+01  ,1.260009931455e-03  
  5.322694454956e-04  ,1.919175444891e-01  ,5.321671121720e+01  ,8.728369982906e-04  
  5.323243354130e-04  ,8.013651348265e-02  ,5.329738698234e+01  ,7.078971260255e-04  
  5.324130628872e-04  ,6.874490401365e-03  ,5.342729855605e+01  ,5.978273764240e-04  
  5.325078700352e-04  ,2.586432769373e-03  ,5.356544089595e+01  ,5.880580328535e-04  
  5.326974843312e-04  ,7.835998304732e-04  ,5.383966907853e+01  ,5.783996122835e-04  
  5.329192612934e-04  ,1.953868323257e-03  ,5.415692669662e+01  ,5.719692921540e-04  
  5.333628152180e-04  ,1.908629348966e-03  ,5.478010014632e+01  ,5.556848410512e-04  
  5.342499230671e-04  ,1.413255818213e-03  ,5.598074584891e+01  ,5.232939350249e-04  
  5.360241387654e-04  ,1.572316276705e-03  ,5.819658792351e+01  ,4.621700330608e-04  
  5.395725701619e-04  ,9.379264796733e-04  ,6.187315876439e+01  ,3.466356726514e-04  
  5.420000000200e-04  ,9.973894632247e-04  ,6.380290244422e+01  ,2.761112815842e-04  
  5.420010000180e-04  ,5.776411505103e-01  ,6.380373169870e+01  ,-1.014933271971e-03  
  5.420018854264e-04  ,1.095610733134e+00  ,6.380446945782e+01  ,-2.191459952106e-03  
  5.420036562431e-04  ,2.161353194033e+00  ,6.380594183233e+01  ,-4.510021122979e-03  
  5.420071978766e-04  ,4.415260229810e+00  ,6.380886970137e+01  ,-8.967053813361e-03  
  5.420100000200e-04  ,6.312127131439e+00  ,6.381117068057e+01  ,-1.232776962847e-02  
  5.420107083467e-04  ,6.404483235822e+00  ,6.381165707785e+01  ,-1.224814684270e-02  
  5.420121250746e-04  ,6.585319018448e+00  ,6.381261932212e+01  ,-1.198781173336e-02  
  5.420149585304e-04  ,6.937898917025e+00  ,6.381454394748e+01  ,-1.147430696849e-02  
  5.420206254420e-04  ,7.602379278015e+00  ,6.381839665427e+01  ,-1.050605312050e-02  
  5.420319592652e-04  ,8.776017241832e+00  ,6.382611454657e+01  ,-8.796314770481e-03  
  5.420433780250e-04  ,9.773910135770e+00  ,6.383390383584e+01  ,-7.342559607406e-03  
  5.420514246521e-04  ,9.973323988084e+00  ,4.097443606174e+01  ,9.828718213734e+00  
  5.420591076908e-04  ,1.000018717202e+01  ,1.056928503280e+01  ,9.828894835485e+00  
  5.420634133813e-04  ,1.018952050174e+01  ,3.382498265063e+00  ,9.829811069564e+00  
  5.420674843785e-04  ,1.046827159799e+01  ,2.656029854411e+00  ,9.830889171379e+00  
  5.420698100773e-04  ,1.062591324950e+01  ,2.736546741608e+00  ,9.831539680060e+00  
  5.420727515665e-04  ,1.081729299954e+01  ,2.791522053112e+00  ,9.832366319429e+00  
  5.420786345449e-04  ,1.117482493998e+01  ,2.801168599684e+00  ,9.834021484632e+00  
  5.420904005018e-04  ,1.180144022770e+01  ,2.790761469753e+00  ,9.837339731152e+00  
  5.421027043906e-04  ,1.235038592673e+01  ,2.794950748839e+00  ,9.840810097163e+00  
  5.421273121682e-04  ,1.318381805048e+01  ,2.797178812293e+00  ,9.847750481426e+00  
  5.421765277234e-04  ,1.417109854780e+01  ,2.799604330678e+00  ,9.861630038052e+00  
  5.422749588338e-04  ,1.497942103641e+01  ,2.807538676387e+00  ,9.889383802345e+00  
  5.424033472386e-04  ,1.499978033203e+01  ,2.817827727701e+00  ,9.925573049329e+00  
  5.426294872609e-04  ,1.500012781058e+01  ,2.835891757776e+00  ,9.989283793662e+00  
  5.428693363515e-04  ,1.500011355893e+01  ,2.855074776511e+00  ,1.005681213793e+01  
  5.433490345326e-04  ,1.500019253237e+01  ,2.893378551112e+00  ,1.019173098364e+01  
  5.443084308949e-04  ,1.500023684470e+01  ,2.969829703368e+00  ,1.046101832078e+01  
  5.462272236196e-04  ,1.500031991579e+01  ,3.122108913104e+00  ,1.099739822818e+01  
  5.500648090688e-04  ,1.500033738337e+01  ,3.424192205153e+00  ,1.206143976831e+01  
  5.520100000200e-04  ,1.499977800695e+01  ,3.576058544802e+00  ,1.259636484136e+01  
  5.520110000180e-04  ,1.442101542631e+01  ,3.575989774446e+00  ,1.259663907317e+01  
  5.520130001264e-04  ,1.321335497492e+01  ,3.575758854787e+00  ,1.259718748935e+01  
  5.520170003431e-04  ,1.067210894476e+01  ,3.575314861035e+00  ,1.259828463786e+01  
  5.520200000200e-04  ,8.647247219272e+00  ,3.575042047716e+00  ,1.259910729340e+01  
  5.520208000633e-04  ,8.543573584127e+00  ,3.575096445512e+00  ,1.259932666319e+01  
  5.520224000755e-04  ,8.338722627787e+00  ,3.575292055242e+00  ,1.259976550244e+01  
  5.520256000999e-04  ,7.943583117286e+00  ,3.575817657373e+00  ,1.260064315060e+01  
  5.520320001486e-04  ,7.208178415045e+00  ,3.576911406403e+00  ,1.260239821594e+01  
  5.520448002461e-04  ,5.932597333025e+00  ,3.579862619203e+00  ,1.260590820745e+01  
  5.520587253812e-04  ,4.791974509887e+00  ,3.589706900168e+00  ,1.260972565841e+01  
  5.520676422361e-04  ,4.356277711041e+00  ,1.398986615287e+01  ,1.261152793108e+01  
  5.520760122183e-04  ,4.341805706106e+00  ,4.351913865993e+01  ,1.261158836470e+01  
  5.520822938028e-04  ,4.134746747295e+00  ,5.285550742343e+01  ,4.061753898074e-02  
  5.520855649802e-04  ,3.936872927416e+00  ,5.288503650764e+01  ,-2.063993839114e-01  
  5.520871335137e-04  ,3.844056893641e+00  ,5.286666812936e+01  ,-4.171022301244e-03  
  5.520902705807e-04  ,3.665546035317e+00  ,5.286981404093e+01  ,1.014642150940e-02  
  5.520965447146e-04  ,3.332594815837e+00  ,5.287954394190e+01  ,5.647266339679e-03  
  5.521090929824e-04  ,2.752144430721e+00  ,5.289823348379e+01  ,4.592127232811e-03  
  5.521341895181e-04  ,1.862751069482e+00  ,5.293553511795e+01  ,3.312609319594e-03  
  5.521753465253e-04  ,9.418768697157e-01  ,5.299656363178e+01  ,1.969711310461e-03  
  5.522213255483e-04  ,4.557619228224e-01  ,5.306453854257e+01  ,1.259574387539e-03  
  5.522694443781e-04  ,1.918422916464e-01  ,5.313547403556e+01  ,8.732016697034e-04  
  5.523243462164e-04  ,8.008840425810e-02  ,5.321617041625e+01  ,7.083016599516e-04  
  5.524130498487e-04  ,6.880492058829e-03  ,5.334605316537e+01  ,5.983128037977e-04  
  5.525078569967e-04  ,2.587498649332e-03  ,5.348420351246e+01  ,5.885376840931e-04  
  5.526974712926e-04  ,7.826354966458e-04  ,5.375845207617e+01  ,5.788789467886e-04  
  5.529191290456e-04  ,1.954097250441e-03  ,5.407557136236e+01  ,5.724579708191e-04  
  5.533624445516e-04  ,1.909216415323e-03  ,5.469850397741e+01  ,5.561889945094e-04  
  5.542490755636e-04  ,1.413577306386e-03  ,5.589881073759e+01  ,5.238271920418e-04  
  5.560223375875e-04  ,1.573390278071e-03  ,5.811453886892e+01  ,4.627613290894e-04  
  5.595688616354e-04  ,9.395026749251e-04  ,6.179305858716e+01  ,3.473336309678e-04  
  5.620000000200e-04  ,9.992456663714e-04  ,6.372923869849e+01  ,2.767318831565e-04  
  5.620010000180e-04  ,5.776430046799e-01  ,6.373006938697e+01  ,-1.014282468591e-03  
  5.620018844019e-04  ,1.095006230782e+00  ,6.373080756371e+01  ,-2.189450850717e-03  
  5.620036531698e-04  ,2.159466143896e+00  ,6.373228078379e+01  ,-4.505402793005e-03  
  5.620071907054e-04  ,4.410531746402e+00  ,6.373521038292e+01  ,-8.957620724090e-03  
  5.620100000200e-04  ,6.311340410943e+00  ,6.373752140967e+01  ,-1.232827942821e-02  
  5.620107075271e-04  ,6.403599161296e+00  ,6.373800826850e+01  ,-1.224881273045e-02  
  5.620121225787e-04  ,6.584244073772e+00  ,6.373897140751e+01  ,-1.198876151886e-02  
  5.620149526817e-04  ,6.936462304910e+00  ,6.374089782028e+01  ,-1.147578363521e-02  
  5.620206128878e-04  ,7.600307165482e+00  ,6.374475409718e+01  ,-1.050845571294e-02  
  5.620319332999e-04  ,8.772989141805e+00  ,6.375247911848e+01  ,-8.800108871100e-03  
  5.620433356685e-04  ,9.770034054992e+00  ,6.376027360557e+01  ,-7.347588784211e-03  
  5.620513673944e-04  ,9.973163345990e+00  ,4.116111191871e+01  ,9.828201613610e+00  
  5.620590340418e-04  ,9.999898533532e+00  ,1.081564845025e+01  ,9.828368899680e+00  
  5.620633620841e-04  ,1.018667845117e+01  ,3.397956548485e+00  ,9.829285292769e+00  
  5.620674725694e-04  ,1.046807261848e+01  ,2.652576346624e+00  ,9.830367231855e+00  
  5.620697923076e-04  ,1.062534685438e+01  ,2.735366161062e+00  ,9.831016183543e+00  
  5.620727125627e-04  ,1.081541207371e+01  ,2.791306088048e+00  ,9.831836926483e+00  
  5.620785530728e-04  ,1.117063092380e+01  ,2.801159448622e+00  ,9.833480126121e+00  
  5.620902340931e-04  ,1.179377034081e+01  ,2.790512678337e+00  ,9.836774426737e+00  
  5.621023472470e-04  ,1.233616167415e+01  ,2.794774485580e+00  ,9.840191018013e+00  
  5.621265735549e-04  ,1.316309501416e+01  ,2.797001298171e+00  ,9.847023856405e+00  
  5.621750261706e-04  ,1.415032005357e+01  ,2.799334711684e+00  ,9.860688359514e+00  
  5.622719314021e-04  ,1.496820411963e+01  ,2.807153655595e+00  ,9.888012195973e+00  
  5.624000098628e-04  ,1.499959221448e+01  ,2.817414270095e+00  ,9.924114589378e+00  
  5.626228358668e-04  ,1.500017415960e+01  ,2.835212441611e+00  ,9.986892887099e+00  
  5.628610637111e-04  ,1.500015323963e+01  ,2.854266886585e+00  ,1.005396654914e+01  
  5.633375193996e-04  ,1.500028754172e+01  ,2.892312997360e+00  ,1.018797788126e+01  
  5.642904307765e-04  ,1.500036338213e+01  ,2.968250942198e+00  ,1.045545758258e+01  
  5.661962535304e-04  ,1.500050516094e+01  ,3.119512100327e+00  ,1.098825164989e+01  
  5.700078990382e-04  ,1.499963411859e+01  ,3.419592830887e+00  ,1.204523800810e+01  
  5.720100000200e-04  ,1.500000199435e+01  ,3.575917169150e+00  ,1.259586705130e+01  
  5.720110000180e-04  ,1.442252096159e+01  ,3.575847940584e+00  ,1.259614128425e+01  
  5.720130001264e-04  ,1.321481617986e+01  ,3.575616851669e+00  ,1.259668970493e+01  
  5.720170003431e-04  ,1.067348460593e+01  ,3.575172797399e+00  ,1.259778685776e+01  
  5.720200000200e-04  ,8.648561682299e+00  ,3.574899982436e+00  ,1.259860951756e+01  
  5.720208000633e-04  ,8.544872287331e+00  ,3.574954361602e+00  ,1.259882888852e+01  
  5.720224000755e-04  ,8.339990190693e+00  ,3.575149937856e+00  ,1.259926773001e+01  
  5.720256000999e-04  ,7.944790612916e+00  ,3.575675469288e+00  ,1.260014538266e+01  
  5.720320001486e-04  ,7.209274116299e+00  ,3.576768996319e+00  ,1.260190045717e+01  
  5.720448002461e-04  ,5.933499107809e+00  ,3.579718941617e+00  ,1.260541046699e+01  
  5.720587268713e-04  ,4.792591652611e+00  ,3.589550061062e+00  ,1.260922834766e+01  
  5.720676452163e-04  ,4.356311325323e+00  ,1.396564437593e+01  ,1.261103285769e+01  
  5.720760166887e-04  ,4.341779738959e+00  ,4.349609287463e+01  ,1.261109457003e+01  
  5.720822945479e-04  ,4.134285383800e+00  ,5.279432540283e+01  ,3.790371422052e-02  
  5.720855657253e-04  ,3.936424554260e+00  ,5.282353217149e+01  ,-2.059176304080e-01  
  5.720881283525e-04  ,3.786266407307e+00  ,5.280637807707e+01  ,-1.722748656996e-03  
  5.720909040663e-04  ,3.630274399977e+00  ,5.280947883634e+01  ,7.838307121314e-03  
  5.720964554939e-04  ,3.337006675301e+00  ,5.281791472036e+01  ,5.598025463431e-03  
  5.721075583491e-04  ,2.817847386185e+00  ,5.283446006707e+01  ,4.697774177824e-03  
  5.721297640595e-04  ,2.006079621200e+00  ,5.286752180528e+01  ,3.531913738475e-03  
  5.721741754803e-04  ,9.666807875057e-01  ,5.293346269526e+01  ,2.006732459361e-03  
  5.722167451176e-04  ,4.465061832820e-01  ,5.299646679464e+01  ,1.247082369096e-03  
  5.722645003590e-04  ,2.100174385607e-01  ,5.306693796565e+01  ,9.006886768650e-04  
  5.723344881329e-04  ,6.560017733188e-02  ,5.316987958648e+01  ,6.876137742679e-04  
  5.723979551587e-04  ,2.411248360152e-02  ,5.326289821077e+01  ,6.248028489186e-04  
  5.725248892102e-04  ,-3.277142823347e-03  ,5.344801232232e+01  ,5.801601068184e-04  
  5.726839859280e-04  ,-5.043888145268e-03  ,5.367829844210e+01  ,5.716934441802e-04  
  5.730021793637e-04  ,-3.934835826332e-04  ,5.413307964082e+01  ,5.667574797386e-04  
  5.735500652585e-04  ,2.941447283506e-03  ,5.489796941907e+01  ,5.517743999812e-04  
  5.746458370480e-04  ,5.447467296175e-04  ,5.635798776129e+01  ,5.093305193847e-04  
  5.768373806271e-04  ,2.240480090967e-03  ,5.899446367540e+01  ,4.373413702743e-04  
  5.812204677853e-04  ,8.011540990784e-05  ,6.311384100448e+01  ,2.966034406081e-04  
  5.820000000200e-04  ,1.472748848849e-03  ,6.368437639746e+01  ,2.793683049845e-04  
  5.820010000180e-04  ,5.781095044995e-01  ,6.368520948161e+01  ,-1.012102705684e-03  
  5.820018833775e-04  ,1.094860236135e+00  ,6.368594896324e+01  ,-2.186739781216e-03  
  5.820036500964e-04  ,2.158025628856e+00  ,6.368742461560e+01  ,-4.499906658128e-03  
  5.820071835342e-04  ,4.406227076655e+00  ,6.369035915391e+01  ,-8.947308635225e-03  
  5.820100000200e-04  ,6.311741332581e+00  ,6.369268271502e+01  ,-1.232678774034e-02  
  5.820107067076e-04  ,6.403890123687e+00  ,6.369317068044e+01  ,-1.224749559067e-02  
  5.820121200827e-04  ,6.586232952149e+00  ,6.369413614109e+01  ,-1.198794150646e-02  
  5.820149468330e-04  ,6.939485737625e+00  ,6.369606650387e+01  ,-1.147049238215e-02  
  5.820206003335e-04  ,7.602328119243e+00  ,6.369993153733e+01  ,-1.050469297247e-02  
  5.820319073347e-04  ,8.773405466654e+00  ,6.370767404275e+01  ,-8.798588037928e-03  
  5.820432962922e-04  ,9.769291233748e+00  ,6.371548618637e+01  ,-7.347780411518e-03  
  5.820513160971e-04  ,9.973163571462e+00  ,4.120963320615e+01  ,9.835199184047e+00  
  5.820589723137e-04  ,9.999838326409e+00  ,1.090391020145e+01  ,9.835363020977e+00  
  5.820633040813e-04  ,1.018543701457e+01  ,3.405873670862e+00  ,9.836279496254e+00  
  5.820674264875e-04  ,1.046763636771e+01  ,2.653307243489e+00  ,9.837361908659e+00  
  5.820697421280e-04  ,1.062466198803e+01  ,2.736949784602e+00  ,9.838009734614e+00  
  5.820726530698e-04  ,1.081416890810e+01  ,2.793270107690e+00  ,9.838827834475e+00  
  5.820784749535e-04  ,1.116840742305e+01  ,2.803204345752e+00  ,9.840465671756e+00  
  5.820901187209e-04  ,1.179163479874e+01  ,2.798096074139e+00  ,9.843745891002e+00  
  5.821096362618e-04  ,1.261894674960e+01  ,2.796662785198e+00  ,9.849250302444e+00  
  5.821486713437e-04  ,1.370671970894e+01  ,2.800798708399e+00  ,9.860258733020e+00  
  5.822267415074e-04  ,1.475267563524e+01  ,2.805658045827e+00  ,9.882272245377e+00  
  5.823441388157e-04  ,1.516233413515e+01  ,2.814844470526e+00  ,9.915366126040e+00  
  5.825149180439e-04  ,1.497918668613e+01  ,2.828593045928e+00  ,9.963488777463e+00  
  5.826708676365e-04  ,1.497125886209e+01  ,2.841062832717e+00  ,1.000741225452e+01  
  5.829827668217e-04  ,1.501173853101e+01  ,2.865968352208e+00  ,1.009520092637e+01  
  5.836065651921e-04  ,1.499244948733e+01  ,2.915757530220e+00  ,1.027054540868e+01  
  5.846968056706e-04  ,1.499819037445e+01  ,3.002547477688e+00  ,1.057625821387e+01  
  5.868772866276e-04  ,1.500018565491e+01  ,3.175328461971e+00  ,1.118485557077e+01  
  5.912382485417e-04  ,1.499993089032e+01  ,3.517702170203e+00  ,1.239081350627e+01  
  5.920100000200e-04  ,1.500039967454e+01  ,3.577850511950e+00  ,1.260267770489e+01  
  5.920110000180e-04  ,1.442375034140e+01  ,3.577781006303e+00  ,1.260295191729e+01  
  5.920130001264e-04  ,1.321600936113e+01  ,3.577549811759e+00  ,1.260350030615e+01  
  5.920170003431e-04  ,1.067460793510e+01  ,3.577105740571e+00  ,1.260459737603e+01  
  5.920200000200e-04  ,8.649635039465e+00  ,3.576832959532e+00  ,1.260541997785e+01  
  5.920208000633e-04  ,8.545932775889e+00  ,3.576887353002e+00  ,1.260563933335e+01  
  5.920224000755e-04  ,8.341025251751e+00  ,3.577082955340e+00  ,1.260607814390e+01  
  5.920256000999e-04  ,7.945776626075e+00  ,3.577608510389e+00  ,1.260695573467e+01  
  5.920320001486e-04  ,7.210168844750e+00  ,3.578702068674e+00  ,1.260871068548e+01  
  5.920448002461e-04  ,5.934235495433e+00  ,3.581651893047e+00  ,1.261222044788e+01  
  5.920587268713e-04  ,4.793186301323e+00  ,3.591475335073e+00  ,1.261603806006e+01  
  5.920676452163e-04  ,4.356394896137e+00  ,1.394174469815e+01  ,1.261784430227e+01  
  5.920760166887e-04  ,4.341797031290e+00  ,4.346785367528e+01  ,1.261790761371e+01  
  5.920822930578e-04  ,4.134247691139e+00  ,5.275758413651e+01  ,3.734027264853e-02  
  5.920855638627e-04  ,3.936408935422e+00  ,5.278673623035e+01  ,-2.058866706077e-01  
  5.920871337000e-04  ,3.843528813438e+00  ,5.276842359477e+01  ,-4.132684946005e-03  
  5.920902733746e-04  ,3.664897618279e+00  ,5.277158870994e+01  ,1.013673063824e-02  
  5.920965527240e-04  ,3.331740929893e+00  ,5.278134628890e+01  ,5.647291479675e-03  
  5.921091114226e-04  ,2.752593271580e+00  ,5.280014180481e+01  ,4.425130108141e-03  
  5.921342288199e-04  ,1.872297368774e+00  ,5.283754598517e+01  ,3.515109856251e-03  
  5.921735380832e-04  ,9.858485338542e-01  ,5.289600389048e+01  ,2.036434225333e-03  
  5.922181581202e-04  ,4.420469339832e-01  ,5.296213715313e+01  ,1.241460106096e-03  
  5.922636364642e-04  ,1.761747119503e-01  ,5.302935048164e+01  ,8.524320294138e-04  
  5.923327540103e-04  ,5.621494169188e-02  ,5.313116477461e+01  ,6.750404481465e-04  
  5.924137805644e-04  ,4.630223513783e-03  ,5.325005009127e+01  ,5.968434435754e-04  
  5.925100778285e-04  ,-7.855442210112e-03  ,5.339068811017e+01  ,5.750654345419e-04  
  5.927026723567e-04  ,-5.380401887094e-03  ,5.366984792601e+01  ,5.715294468160e-04  
  5.929932569209e-04  ,4.384092874880e-03  ,5.408569381265e+01  ,5.750892317687e-04  
  5.935744260493e-04  ,-2.854900613024e-05  ,5.489796789140e+01  ,5.475158791909e-04  
  5.944764112178e-04  ,1.126157539871e-03  ,5.610681365691e+01  ,5.169722696921e-04  
  5.957316373530e-04  ,1.468468330303e-03  ,5.768297721383e+01  ,4.740561434832e-04  
  5.982420896235e-04  ,1.200273656961e-03  ,6.045980342834e+01  ,3.916127334800e-04  
  6.020000000200e-04  ,8.906183315584e-04  ,6.366910790883e+01  ,2.761869585935e-04  
  6.020010000180e-04  ,5.775360307375e-01  ,6.366994276516e+01  ,-1.013749923498e-03  
  6.020018836569e-04  ,1.094459767097e+00  ,6.367068396993e+01  ,-2.186658261484e-03  
  6.020036509346e-04  ,2.157989914627e+00  ,6.367216354502e+01  ,-4.501008091912e-03  
  6.020071854900e-04  ,4.406994972463e+00  ,6.367510582653e+01  ,-8.949768255122e-03  
  6.020100000200e-04  ,6.311243066084e+00  ,6.367743320191e+01  ,-1.232681243701e-02  
  6.020107069311e-04  ,6.403426004024e+00  ,6.367792268541e+01  ,-1.224747318300e-02  
  6.020121206788e-04  ,6.585826279292e+00  ,6.367889112906e+01  ,-1.198784131208e-02  
  6.020149481741e-04  ,6.939187417882e+00  ,6.368082746654e+01  ,-1.147023116702e-02  
  6.020206031648e-04  ,7.602222049298e+00  ,6.368470444490e+01  ,-1.050415037268e-02  
  6.020319131461e-04  ,8.773602095852e+00  ,6.369247084571e+01  ,-8.797604554442e-03  
  6.020433050838e-04  ,9.769699671962e+00  ,6.370030704850e+01  ,-7.346489513987e-03  
  6.020513278690e-04  ,9.973238136745e+00  ,4.116510402969e+01  ,9.843178170730e+00  
  6.020589855758e-04  ,9.999951671859e+00  ,1.085617432341e+01  ,9.843344816344e+00  
  6.020633136180e-04  ,1.018612192220e+01  ,3.404757397653e+00  ,9.844260946120e+00  
  6.020674278286e-04  ,1.046776844153e+01  ,2.656276404942e+00  ,9.845342439152e+00  
  6.020697445867e-04  ,1.062485939965e+01  ,2.739457949926e+00  ,9.845990506362e+00  
  6.020726599989e-04  ,1.081463970370e+01  ,2.795562884341e+00  ,9.846809778781e+00  
  6.020784908232e-04  ,1.116935940210e+01  ,2.805440868044e+00  ,9.848450004119e+00  
  6.020901524720e-04  ,1.179331611484e+01  ,2.800355440670e+00  ,9.851735002840e+00  
  6.021097445187e-04  ,1.262294291152e+01  ,2.798939800856e+00  ,9.857259982762e+00  
  6.021489286122e-04  ,1.371208597254e+01  ,2.803075938178e+00  ,9.868309543999e+00  
  6.022272967992e-04  ,1.475683945705e+01  ,2.807964901335e+00  ,9.890405291893e+00  
  6.023447060284e-04  ,1.516263713467e+01  ,2.817153533622e+00  ,9.923499823304e+00  
  6.025159859357e-04  ,1.497891372080e+01  ,2.830941219442e+00  ,9.971759569011e+00  
  6.026720785794e-04  ,1.497116760099e+01  ,2.843421366733e+00  ,1.001571966326e+01  
  6.029842638669e-04  ,1.501178661150e+01  ,2.868347581433e+00  ,1.010358146763e+01  
  6.036086344418e-04  ,1.499241508096e+01  ,2.918178207159e+00  ,1.027907180665e+01  
  6.047007822690e-04  ,1.499818380019e+01  ,3.005112253786e+00  ,1.058529222597e+01  
  6.068850779233e-04  ,1.500018618346e+01  ,3.178178723521e+00  ,1.119489517512e+01  
  6.112536692319e-04  ,1.499993036766e+01  ,3.521112581047e+00  ,1.240282615248e+01  
  6.120100000200e-04  ,1.500001390666e+01  ,3.580053222953e+00  ,1.261043575657e+01  
  6.120110000180e-04  ,1.442322884402e+01  ,3.579983743093e+00  ,1.261070994736e+01  
  6.120130001264e-04  ,1.321550321869e+01  ,3.579752550609e+00  ,1.261125828973e+01  
  6.120170003431e-04  ,1.067413142428e+01  ,3.579308501076e+00  ,1.261235527351e+01  
  6.120200000200e-04  ,8.649179727900e+00  ,3.579035773992e+00  ,1.261317780925e+01  
  6.120208000633e-04  ,8.545482923759e+00  ,3.579090201535e+00  ,1.261339714711e+01  
  6.120224000755e-04  ,8.340586187081e+00  ,3.579285868996e+00  ,1.261383592243e+01  
  6.120256000999e-04  ,7.945358369467e+00  ,3.579811534735e+00  ,1.261471344275e+01  
  6.120320001486e-04  ,7.209789316080e+00  ,3.580905392676e+00  ,1.261646825252e+01  
  6.120448002461e-04  ,5.933923155517e+00  ,3.583856615760e+00  ,1.261997773279e+01  
  6.120587268713e-04  ,4.792934209966e+00  ,3.593691251020e+00  ,1.262379503693e+01  
  6.120676452163e-04  ,4.356425439113e+00  ,1.395887966770e+01  ,1.262559970707e+01  
  6.120760166887e-04  ,4.341855124080e+00  ,4.348734454754e+01  ,1.262566178950e+01  
  6.120822893325e-04  ,4.134008171369e+00  ,5.274549290685e+01  ,3.544901557779e-02  
  6.120855597648e-04  ,3.936196262911e+00  ,5.277440884718e+01  ,-2.054182889497e-01  
  6.120871305335e-04  ,3.843267761325e+00  ,5.275614503205e+01  ,-4.099379391418e-03  
  6.120902720708e-04  ,3.664545261221e+00  ,5.275932306757e+01  ,1.012608749055e-02  
  6.120965551454e-04  ,3.331231759783e+00  ,5.276909655336e+01  ,5.646686740232e-03  
  6.121091212947e-04  ,2.751859391343e+00  ,5.278792597299e+01  ,4.425464967099e-03  
  6.121342535931e-04  ,1.871360519606e+00  ,5.282539826853e+01  ,3.513895044437e-03  
  6.121735449750e-04  ,9.856531861160e-01  ,5.288390109801e+01  ,2.036920098942e-03  
  6.122181650120e-04  ,4.419808885742e-01  ,5.295011567549e+01  ,1.242135848351e-03  
  6.122636373955e-04  ,1.761886190249e-01  ,5.301740305710e+01  ,8.532226324033e-04  
  6.123327549416e-04  ,5.622078696408e-02  ,5.311934326942e+01  ,6.758169676015e-04  
  6.124137814957e-04  ,4.632601499795e-03  ,5.323837611314e+01  ,5.976121568924e-04  
  6.125100787598e-04  ,-7.853904333863e-03  ,5.337918933725e+01  ,5.758296948754e-04  
  6.127026732880e-04  ,-5.378699993682e-03  ,5.365869914180e+01  ,5.722875550910e-04  
  6.129932101685e-04  ,4.385949962525e-03  ,5.407500418964e+01  ,5.758399243287e-04  
  6.135742839295e-04  ,-2.603809057964e-05  ,5.488819867197e+01  ,5.482525723018e-04  
  6.144760783631e-04  ,1.128340062637e-03  ,5.609842131259e+01  ,5.176878814297e-04  
  6.157311137635e-04  ,1.470618456715e-03  ,5.767660643004e+01  ,4.747428311334e-04  
  6.182411845643e-04  ,1.202387250574e-03  ,6.045746571827e+01  ,3.922495160166e-04  
  6.220000000200e-04  ,8.924675372149e-04  ,6.367373953778e+01  ,2.767142879155e-04  
  6.220010000180e-04  ,5.775378799051e-01  ,6.367457593376e+01  ,-1.013221583754e-03  
  6.220018837500e-04  ,1.094516737921e+00  ,6.367531857725e+01  ,-2.186252906965e-03  
  6.220036512140e-04  ,2.158163468684e+00  ,6.367680102895e+01  ,-4.500840140299e-03  
  6.220071861419e-04  ,4.407426782807e+00  ,6.367974906021e+01  ,-8.950038159957e-03  
  6.220100000200e-04  ,6.311245499577e+00  ,6.368208022730e+01  ,-1.232628300939e-02  
  6.220107070056e-04  ,6.403438043966e+00  ,6.368257085201e+01  ,-1.224692737774e-02  
  6.220121209395e-04  ,6.585861879736e+00  ,6.368354160410e+01  ,-1.198726009735e-02  
  6.220149488074e-04  ,6.939267192176e+00  ,6.368548255877e+01  ,-1.146958615900e-02  
  6.220206045431e-04  ,7.602379177455e+00  ,6.368936877119e+01  ,-1.050339275753e-02  
  6.220319160146e-04  ,8.773877404018e+00  ,6.369715363833e+01  ,-8.796675099554e-03  
  6.220433094424e-04  ,9.770052671443e+00  ,6.370500843090e+01  ,-7.345447120876e-03  
  6.220513337177e-04  ,9.973298775936e+00  ,4.114918453677e+01  ,9.851288898111e+00  
  6.220589929146e-04  ,1.000002786656e+01  ,1.083535809083e+01  ,9.851456458251e+00  
  6.220633194667e-04  ,1.018647503102e+01  ,3.405391534189e+00  ,9.852372619839e+00  
  6.220674299521e-04  ,1.046786912963e+01  ,2.658906361042e+00  ,9.853453672555e+00  
  6.220697470826e-04  ,1.062497951729e+01  ,2.741889193024e+00  ,9.854101782650e+00  
  6.220726647300e-04  ,1.081489555795e+01  ,2.797887162774e+00  ,9.854921605357e+00  
  6.220785000247e-04  ,1.116985396136e+01  ,2.807730330710e+00  ,9.856562955643e+00  
  6.220901706142e-04  ,1.179260821491e+01  ,2.797064390435e+00  ,9.859853547885e+00  
  6.221022807879e-04  ,1.233507019978e+01  ,2.801329396773e+00  ,9.863268504791e+00  
  6.221265011353e-04  ,1.316217038643e+01  ,2.803554678974e+00  ,9.870098074717e+00  
  6.221749418301e-04  ,1.414971459165e+01  ,2.805883871028e+00  ,9.883756042362e+00  
  6.222718232197e-04  ,1.496801437926e+01  ,2.813698996944e+00  ,9.911066812781e+00  
  6.223998778385e-04  ,1.499958645932e+01  ,2.823955244364e+00  ,9.947154106896e+00  
  6.226226323170e-04  ,1.500017554896e+01  ,2.841743542951e+00  ,1.000989769388e+01  
  6.228607886356e-04  ,1.500015443361e+01  ,2.860787865508e+00  ,1.007693567555e+01  
  6.233371012730e-04  ,1.500029043019e+01  ,2.898813747674e+00  ,1.021087575999e+01  
  6.242897265476e-04  ,1.500036723756e+01  ,2.974711364605e+00  ,1.047821341732e+01  
  6.261949770969e-04  ,1.500051081407e+01  ,3.125892377791e+00  ,1.101072519468e+01  
  6.300054781956e-04  ,1.499962882827e+01  ,3.425814849125e+00  ,1.206715409779e+01  
  6.320100000200e-04  ,1.500000170463e+01  ,3.582292360354e+00  ,1.261832268052e+01  
  6.320110000180e-04  ,1.442250938232e+01  ,3.582223079978e+00  ,1.261859684971e+01  
  6.320130001264e-04  ,1.321480494144e+01  ,3.581991955224e+00  ,1.261914514278e+01  
  6.320170003431e-04  ,1.067347402699e+01  ,3.581547949682e+00  ,1.262024204070e+01  
  6.320200000200e-04  ,8.648551576810e+00  ,3.581275271850e+00  ,1.262106450926e+01  
  6.320208000633e-04  ,8.544862304387e+00  ,3.581329737273e+00  ,1.262128382916e+01  
  6.320224000755e-04  ,8.339980449842e+00  ,3.581525475572e+00  ,1.262172256869e+01  
  6.320256000999e-04  ,7.944781338583e+00  ,3.582051261820e+00  ,1.262260001739e+01  
  6.320320001486e-04  ,7.209265713078e+00  ,3.583145450809e+00  ,1.262435468375e+01  
  6.320448002461e-04  ,5.933492240918e+00  ,3.586098248194e+00  ,1.262786387719e+01  
  6.320587268713e-04  ,4.792586382310e+00  ,3.595946247907e+00  ,1.263168086794e+01  
  6.320676452163e-04  ,4.356450128683e+00  ,1.398066922188e+01  ,1.263348359776e+01  
  6.320760166887e-04  ,4.341917914598e+00  ,4.351224407946e+01  ,1.263354418087e+01  
  6.320822863522e-04  ,4.133918159837e+00  ,5.274982357793e+01  ,3.440732264062e-02  
  6.320855564121e-04  ,3.936128758697e+00  ,5.277860530698e+01  ,-2.051090736607e-01  
  6.320871275533e-04  ,3.843180700404e+00  ,5.276037401386e+01  ,-4.078367327801e-03  
  6.320902698356e-04  ,3.664420908007e+00  ,5.276356065898e+01  ,1.011948167037e-02  
  6.320965544004e-04  ,3.331043236282e+00  ,5.277334509486e+01  ,5.646572894634e-03  
  6.321091235298e-04  ,2.749978273694e+00  ,5.279214920671e+01  ,4.592287248959e-03  
  6.321342617888e-04  ,1.860014512889e+00  ,5.282968036441e+01  ,3.311808564881e-03  
  6.321753949541e-04  ,9.408255630033e-01  ,5.289094779781e+01  ,1.971356668417e-03  
  6.322214037794e-04  ,4.550250539194e-01  ,5.295927381976e+01  ,1.261671561133e-03  
  6.322694570440e-04  ,1.917952462179e-01  ,5.303043362766e+01  ,8.763006263634e-04  
  6.323243648428e-04  ,8.006517249927e-02  ,5.311150589405e+01  ,7.114288856607e-04  
  6.324130327124e-04  ,6.904050645151e-03  ,5.324192968720e+01  ,6.014994361825e-04  
  6.325078160185e-04  ,2.598706662324e-03  ,5.338068045472e+01  ,5.916967930575e-04  
  6.326973826307e-04  ,7.880784653254e-04  ,5.365613270595e+01  ,5.820104013373e-04  
  6.329188496489e-04  ,1.962473963723e-03  ,5.397447093235e+01  ,5.755770299805e-04  
  6.333617836851e-04  ,1.918059842120e-03  ,5.459986976759e+01  ,5.592754887377e-04  
  6.342476517576e-04  ,1.421407278327e-03  ,5.580521890691e+01  ,5.268509786186e-04  
  6.360193879026e-04  ,1.582267184896e-03  ,5.803143890575e+01  ,4.656754271408e-04  
  6.395628601927e-04  ,9.479388282204e-04  ,6.173230091317e+01  ,3.500648422677e-04  
  6.420000000200e-04  ,1.007645575134e-03  ,6.369034862633e+01  ,2.791440367114e-04  
  6.420010000180e-04  ,5.776513991876e-01  ,6.369118601591e+01  ,-1.011861848743e-03  
  6.420018838431e-04  ,1.094683887927e+00  ,6.369192964940e+01  ,-2.186288980317e-03  
  6.420036514934e-04  ,2.158444269173e+00  ,6.369341378871e+01  ,-4.500817782745e-03  
  6.420071867939e-04  ,4.407960203140e+00  ,6.369636524770e+01  ,-8.950409232263e-03  
  6.420100000200e-04  ,6.311345258080e+00  ,6.369869835683e+01  ,-1.232586403475e-02  
  6.420107070801e-04  ,6.403546367863e+00  ,6.369918965849e+01  ,-1.224649101062e-02  
  6.420121212003e-04  ,6.585991704024e+00  ,6.370016179206e+01  ,-1.198678674158e-02  
  6.420149494407e-04  ,6.939437198911e+00  ,6.370210550558e+01  ,-1.146905723699e-02  
  6.420206059215e-04  ,7.602619047573e+00  ,6.370599723855e+01  ,-1.050276277540e-02  
  6.420319188831e-04  ,8.774222217264e+00  ,6.371379314369e+01  ,-8.795892734880e-03  
  6.420433138010e-04  ,9.770463916598e+00  ,6.372165904260e+01  ,-7.344567623229e-03  
  6.420513395664e-04  ,9.973345264710e+00  ,4.114106668003e+01  ,9.857390123527e+00  
  6.420590002534e-04  ,1.000007965199e+01  ,1.082153439411e+01  ,9.857557870056e+00  
  6.420633245704e-04  ,1.018662681561e+01  ,3.406201733165e+00  ,9.858474182309e+00  
  6.420674328205e-04  ,1.046787188833e+01  ,2.660787481648e+00  ,9.859554872108e+00  
  6.420697499511e-04  ,1.062498149300e+01  ,2.743685815955e+00  ,9.860202941399e+00  
  6.420726687160e-04  ,1.081496796450e+01  ,2.799633878188e+00  ,9.861023022772e+00  
  6.420785062459e-04  ,1.117005039686e+01  ,2.809456930253e+00  ,9.862664902280e+00  
  6.420901813057e-04  ,1.179455740230e+01  ,2.804385905834e+00  ,9.865953212284e+00  
  6.421098359374e-04  ,1.263341705211e+01  ,2.803798812380e+00  ,9.871492767957e+00  
  6.421491452006e-04  ,1.372041639599e+01  ,2.806340766365e+00  ,9.882575991670e+00  
  6.422277637270e-04  ,1.476103137616e+01  ,2.812008378782e+00  ,9.904739155213e+00  
  6.423415609148e-04  ,1.515391843800e+01  ,2.820939320403e+00  ,9.936811084444e+00  
  6.425160833147e-04  ,1.514390904884e+01  ,2.834902576883e+00  ,9.985977540042e+00  
  6.427544303683e-04  ,1.495867719987e+01  ,2.854035097255e+00  ,1.005308540179e+01  
  6.432285018710e-04  ,1.502342444467e+01  ,2.891862673460e+00  ,1.018642769179e+01  
  6.437095351962e-04  ,1.500780858094e+01  ,2.930229580345e+00  ,1.032154500552e+01  
  6.446716018465e-04  ,1.499417092687e+01  ,3.006798816268e+00  ,1.059122657130e+01  
  6.465957351473e-04  ,1.500518422018e+01  ,3.159294314135e+00  ,1.112838596906e+01  
  6.504440017489e-04  ,1.500044120445e+01  ,3.461814665841e+00  ,1.219395916104e+01  
  6.520100000200e-04  ,1.499969852709e+01  ,3.583975239783e+00  ,1.262425015126e+01  
  6.520110000180e-04  ,1.442186905486e+01  ,3.583906114274e+00  ,1.262452430311e+01  
  6.520130001264e-04  ,1.321418346823e+01  ,3.583675042332e+00  ,1.262507256524e+01  
  6.520170003431e-04  ,1.067288893724e+01  ,3.583231072629e+00  ,1.262616939360e+01  
  6.520200000200e-04  ,8.647992516288e+00  ,3.582958430261e+00  ,1.262699181167e+01  
  6.520208000633e-04  ,8.544309947104e+00  ,3.583012925574e+00  ,1.262721111808e+01  
  6.520224000755e-04  ,8.339441337672e+00  ,3.583208719340e+00  ,1.262764983071e+01  
  6.520256000999e-04  ,7.944267775114e+00  ,3.583734600446e+00  ,1.262852722558e+01  
  6.520320001486e-04  ,7.208799700377e+00  ,3.584829052173e+00  ,1.263028178416e+01  
  6.520448002461e-04  ,5.933108719592e+00  ,3.587783113395e+00  ,1.263379076201e+01  
  6.520587253812e-04  ,4.792387757483e+00  ,3.597639336877e+00  ,1.263760710898e+01  
  6.520676422361e-04  ,4.356479233765e+00  ,1.398848576359e+01  ,1.263940876645e+01  
  6.520760122183e-04  ,4.341959953851e+00  ,4.351586326180e+01  ,1.263946908154e+01  
  6.520822818819e-04  ,4.134133599145e+00  ,5.276299851250e+01  ,3.527976619353e-02  
  6.520855515692e-04  ,3.936358769206e+00  ,5.279188797494e+01  ,-2.052722201153e-01  
  6.520871221516e-04  ,3.843437554287e+00  ,5.277364208215e+01  ,-4.090758251231e-03  
  6.520902633164e-04  ,3.664727972479e+00  ,5.277682821157e+01  ,1.012414546054e-02  
  6.520965456459e-04  ,3.331435851246e+00  ,5.278661543630e+01  ,5.647677578235e-03  
  6.521091103050e-04  ,2.750492457059e+00  ,5.280542442291e+01  ,4.593294459720e-03  
  6.521342396233e-04  ,1.860635405106e+00  ,5.284296529876e+01  ,3.312990772341e-03  
  6.521753847096e-04  ,9.409504482863e-01  ,5.290428818832e+01  ,1.971815749310e-03  
  6.522213875744e-04  ,4.551325628678e-01  ,5.297264739602e+01  ,1.262104593434e-03  
  6.522694467995e-04  ,1.918200512093e-01  ,5.304385983854e+01  ,8.766119862312e-04  
  6.523243545983e-04  ,8.007603389550e-02  ,5.312498200734e+01  ,7.117188153506e-04  
  6.524130343888e-04  ,6.899257917213e-03  ,5.325550359417e+01  ,6.017643017042e-04  
  6.525078176949e-04  ,2.598826272611e-03  ,5.339433969723e+01  ,5.919669015354e-04  
  6.526973843071e-04  ,7.902399957133e-04  ,5.366996136704e+01  ,5.822796580316e-04  
  6.529188751671e-04  ,1.963301565809e-03  ,5.398852949025e+01  ,5.758390841829e-04  
  6.533618568871e-04  ,1.918811004780e-03  ,5.461437877937e+01  ,5.595270173590e-04  
  6.542478203270e-04  ,1.422573333962e-03  ,5.582059115563e+01  ,5.270832191972e-04  
  6.560197472069e-04  ,1.582945159374e-03  ,5.804838450141e+01  ,4.658695870219e-04  
  6.595636009667e-04  ,9.486940567400e-04  ,6.175176919333e+01  ,3.501932897869e-04  
  6.620000000200e-04  ,1.008028331824e-03  ,6.371035734609e+01  ,2.792639696584e-04  
  6.620010000180e-04  ,5.776517840316e-01  ,6.371119517071e+01  ,-1.011751247016e-03  
  6.620018841225e-04  ,1.094849640327e+00  ,6.371193942295e+01  ,-2.186549008175e-03  
  6.620036523316e-04  ,2.158959782276e+00  ,6.371342479689e+01  ,-4.501789421961e-03  
  6.620071887496e-04  ,4.409250529259e+00  ,6.371637871458e+01  ,-8.952694169601e-03  
  6.620100000200e-04  ,6.311347412208e+00  ,6.371871141644e+01  ,-1.232575091701e-02  
  6.620107073036e-04  ,6.403577342081e+00  ,6.371920317871e+01  ,-1.224632869718e-02  
  6.620121217963e-04  ,6.586069584252e+00  ,6.372017618357e+01  ,-1.198655263774e-02  
  6.620149507818e-04  ,6.939603008535e+00  ,6.372212164073e+01  ,-1.146869674329e-02  
  6.620206087527e-04  ,7.602938773576e+00  ,6.372601686127e+01  ,-1.050217795056e-02  
  6.620319246945e-04  ,8.774776886471e+00  ,6.373381974196e+01  ,-8.794966196353e-03  
  6.620433225927e-04  ,9.771172745466e+00  ,6.374169265191e+01  ,-7.343416696697e-03  
  6.620513513384e-04  ,9.973395318653e+00  ,4.111406102629e+01  ,9.861615664355e+00  
  6.620590150056e-04  ,1.000014851855e+01  ,1.078347555899e+01  ,9.861784624231e+00  
  6.620633363423e-04  ,1.018713953240e+01  ,3.404779835762e+00  ,9.862701151460e+00  
  6.620674378869e-04  ,1.046793338575e+01  ,2.662557672100e+00  ,9.863781089600e+00  
  6.620697557626e-04  ,1.062508672119e+01  ,2.745072471992e+00  ,9.864429321925e+00  
  6.620726782528e-04  ,1.081530361079e+01  ,2.800852325466e+00  ,9.865250401064e+00  
  6.620785232333e-04  ,1.117079162171e+01  ,2.810633361080e+00  ,9.866894309490e+00  
  6.620902131942e-04  ,1.179591400950e+01  ,2.805580678122e+00  ,9.870186680879e+00  
  6.621099244503e-04  ,1.262925692973e+01  ,2.804193292036e+00  ,9.875744245964e+00  
  6.621493469623e-04  ,1.372059501128e+01  ,2.808328650825e+00  ,9.886858967532e+00  
  6.622281919864e-04  ,1.476343073291e+01  ,2.813264741971e+00  ,9.909084995067e+00  
  6.623456131366e-04  ,1.516310067735e+01  ,2.822455741749e+00  ,9.942176662149e+00  
  6.625177036670e-04  ,1.497847514109e+01  ,2.836305978008e+00  ,9.990655630234e+00  
  6.626740347293e-04  ,1.497102425903e+01  ,2.848802746578e+00  ,1.003467447011e+01  
  6.629866968540e-04  ,1.501186330214e+01  ,2.873762158842e+00  ,1.012265359877e+01  
  6.636120211032e-04  ,1.499235993049e+01  ,2.923659275727e+00  ,1.029837791716e+01  
  6.647072206882e-04  ,1.499817340496e+01  ,3.010818832011e+00  ,1.060539273838e+01  
  6.668976198581e-04  ,1.500018703691e+01  ,3.184332019203e+00  ,1.121656920490e+01  
  6.712784181980e-04  ,1.499992951788e+01  ,3.528142146624e+00  ,1.242758671238e+01  
  6.720100000200e-04  ,1.500001357577e+01  ,3.585141512236e+00  ,1.262835847296e+01  
  6.720110000180e-04  ,1.442322942984e+01  ,3.585071987784e+00  ,1.262863261285e+01  
  6.720130001264e-04  ,1.321550378718e+01  ,3.584840765570e+00  ,1.262918085345e+01  
  6.720170003431e-04  ,1.067413196072e+01  ,3.584396754579e+00  ,1.263027763371e+01  
  6.720200000200e-04  ,8.649180242736e+00  ,3.584124136898e+00  ,1.263110001682e+01  
  6.720208000633e-04  ,8.545483433528e+00  ,3.584178633148e+00  ,1.263131931393e+01  
  6.720224000755e-04  ,8.340586686798e+00  ,3.584374429683e+00  ,1.263175800788e+01  
  6.720256000999e-04  ,7.945358849429e+00  ,3.584900298303e+00  ,1.263263536542e+01  
  6.720320001486e-04  ,7.209789761550e+00  ,3.585994683112e+00  ,1.263438984942e+01  
  6.720448002461e-04  ,5.933923561294e+00  ,3.588948173971e+00  ,1.263789867811e+01  
  6.720587268713e-04  ,4.792934756187e+00  ,3.598796170080e+00  ,1.264171527199e+01  
  6.720676452163e-04  ,4.356536510923e+00  ,1.397064204211e+01  ,1.264351856150e+01  
  6.720760166887e-04  ,4.341965197106e+00  ,4.349997027171e+01  ,1.264358003297e+01  
  6.720822915677e-04  ,4.134377017852e+00  ,5.277949203724e+01  ,3.705548237674e-02  
  6.720855623725e-04  ,3.936531160793e+00  ,5.280861005963e+01  ,-2.057084416958e-01  
  6.720871325824e-04  ,3.843626904608e+00  ,5.279032276119e+01  ,-4.118167011319e-03  
  6.720902730021e-04  ,3.664950024456e+00  ,5.279350555299e+01  ,1.013349212694e-02  
  6.720965538416e-04  ,3.331713478319e+00  ,5.280329442617e+01  ,5.648645058294e-03  
  6.721091155205e-04  ,2.750848446974e+00  ,5.282210503596e+01  ,4.593863738625e-03  
  6.721342388782e-04  ,1.861058346215e+00  ,5.285964905084e+01  ,3.313694881062e-03  
  6.721753839645e-04  ,9.411773348523e-01  ,5.292099161589e+01  ,1.972235186662e-03  
  6.722213868293e-04  ,4.552423797465e-01  ,5.298937272374e+01  ,1.262352834312e-03  
  6.722694520149e-04  ,1.918410021078e-01  ,5.306061676187e+01  ,8.767299970634e-04  
  6.723243598137e-04  ,8.008499840039e-02  ,5.314176479254e+01  ,7.118186792227e-04  
  6.724130396042e-04  ,6.900370748510e-03  ,5.327232786754e+01  ,6.018516504439e-04  
  6.725078229103e-04  ,2.599473842745e-03  ,5.341120793285e+01  ,5.920523861453e-04  
  6.726973895225e-04  ,7.906855043520e-04  ,5.368691634714e+01  ,5.823625377140e-04  
  6.729189042244e-04  ,1.963909171740e-03  ,5.400561793028e+01  ,5.759186394443e-04  
  6.733619336281e-04  ,1.919339229694e-03  ,5.463172525885e+01  ,5.595994217808e-04  
  6.742479924354e-04  ,1.423001749593e-03  ,5.583841810907e+01  ,5.271419271492e-04  
  6.760201100502e-04  ,1.583306299391e-03  ,5.806702960919e+01  ,4.659025551757e-04  
  6.795643452797e-04  ,9.487938716038e-04  ,6.177148305765e+01  ,3.501800218144e-04  
  6.820000000200e-04  ,1.008116115158e-03  ,6.372966323382e+01  ,2.792530521107e-04  
  6.820010000180e-04  ,5.776518715540e-01  ,6.373050111678e+01  ,-1.011770656321e-03  
  6.820018844019e-04  ,1.095015094532e+00  ,6.373124565494e+01  ,-2.186938859103e-03  
  6.820036531698e-04  ,2.159475001513e+00  ,6.373273159792e+01  ,-4.502890924408e-03  
  6.820071907054e-04  ,4.410540592228e+00  ,6.373568664311e+01  ,-8.955108942659e-03  
  6.820100000200e-04  ,6.311349247774e+00  ,6.373801787806e+01  ,-1.232576772109e-02  
  6.820107075271e-04  ,6.403607996097e+00  ,6.373850983429e+01  ,-1.224629680090e-02  
  6.820121225787e-04  ,6.584252904624e+00  ,6.373948316981e+01  ,-1.198624530808e-02  
  6.820149526817e-04  ,6.936471128056e+00  ,6.374142997514e+01  ,-1.147326754715e-02  
  6.820206128878e-04  ,7.600315974033e+00  ,6.374532703304e+01  ,-1.050594044481e-02  
  6.820319332999e-04  ,8.772997924295e+00  ,6.375313359952e+01  ,-8.797594408827e-03  
  6.820433356685e-04  ,9.770042814928e+00  ,6.376101019811e+01  ,-7.345075468091e-03  
  6.820513673944e-04  ,9.973361565589e+00  ,4.117732435601e+01  ,9.863894471601e+00  
  6.820590340418e-04  ,1.000010507614e+01  ,1.083354848958e+01  ,9.864061452241e+00  
  6.820633628291e-04  ,1.018678670486e+01  ,3.408039993503e+00  ,9.864977662905e+00  
  6.820674748046e-04  ,1.046827365352e+01  ,2.662544599542e+00  ,9.866059316181e+00  
  6.820697930527e-04  ,1.062544451386e+01  ,2.745563211165e+00  ,9.866707639877e+00  
  6.820727133078e-04  ,1.081550541773e+01  ,2.801503810139e+00  ,9.867528075436e+00  
  6.820785538179e-04  ,1.117071570969e+01  ,2.811302079908e+00  ,9.869170680600e+00  
  6.820902348382e-04  ,1.179384124558e+01  ,2.800650307459e+00  ,9.872463796319e+00  
  6.821023673636e-04  ,1.233701818594e+01  ,2.804911901385e+00  ,9.875884621454e+00  
  6.821266324145e-04  ,1.316480214058e+01  ,2.807137298579e+00  ,9.882725927296e+00  
  6.821751625163e-04  ,1.415226269611e+01  ,2.809475698735e+00  ,9.896407362656e+00  
  6.822722227198e-04  ,1.496935950970e+01  ,2.817303528915e+00  ,9.923765048662e+00  
  6.824003250224e-04  ,1.499961185954e+01  ,2.827562731869e+00  ,9.959861161223e+00  
  6.826234848124e-04  ,1.500016940658e+01  ,2.845381277706e+00  ,1.002271082888e+01  
  6.828618557078e-04  ,1.500014907230e+01  ,2.864440223303e+00  ,1.008980052237e+01  
  6.833385974986e-04  ,1.500027754618e+01  ,2.902495405568e+00  ,1.022384380352e+01  
  6.842920810801e-04  ,1.500035005311e+01  ,2.978451362405e+00  ,1.049138694784e+01  
  6.861990482432e-04  ,1.500048564323e+01  ,3.129748030059e+00  ,1.102430609030e+01  
  6.900129825694e-04  ,1.499965227506e+01  ,3.429897726312e+00  ,1.208153544129e+01  
  6.920100000200e-04  ,1.500000294200e+01  ,3.585768007466e+00  ,1.263056511520e+01  
  6.920110000180e-04  ,1.442255973758e+01  ,3.585698680779e+00  ,1.263083924962e+01  
  6.920130001264e-04  ,1.321485381393e+01  ,3.585467529835e+00  ,1.263138747314e+01  
  6.920170003431e-04  ,1.067352003917e+01  ,3.585023548537e+00  ,1.263248423208e+01  
  6.920200000200e-04  ,8.648595543616e+00  ,3.584750945579e+00  ,1.263330659638e+01  
  6.920208000633e-04  ,8.544905744806e+00  ,3.584805457362e+00  ,1.263352588845e+01  
  6.920224000755e-04  ,8.340022850132e+00  ,3.585001282824e+00  ,1.263396457240e+01  
  6.920256000999e-04  ,7.944821732293e+00  ,3.585527205527e+00  ,1.263484190991e+01  
  6.920320001486e-04  ,7.209302373795e+00  ,3.586621747631e+00  ,1.263659635375e+01  
  6.920448002461e-04  ,5.933522439899e+00  ,3.589576054682e+00  ,1.264010510213e+01  
  6.920587253812e-04  ,4.792721883158e+00  ,3.599429797110e+00  ,1.264392119967e+01  
  6.920676437262e-04  ,4.356535244164e+00  ,1.398219290690e+01  ,1.264572352672e+01  
  6.920760137084e-04  ,4.341988405131e+00  ,4.350794005385e+01  ,1.264578445673e+01  
  6.920822893325e-04  ,4.134499753399e+00  ,5.279554561342e+01  ,3.765879854579e-02  
  6.920855597648e-04  ,3.936671985675e+00  ,5.282473335533e+01  ,-2.057914108266e-01  
  6.920871297884e-04  ,3.843775142849e+00  ,5.280643819388e+01  ,-4.124620020332e-03  
  6.920902698356e-04  ,3.665112105173e+00  ,5.280961992487e+01  ,1.013524216253e-02  
  6.920965499300e-04  ,3.331898657143e+00  ,5.281940849330e+01  ,5.648956894881e-03  
  6.921091101188e-04  ,2.752661830187e+00  ,5.283826685556e+01  ,4.427086197304e-03  
  6.921342304963e-04  ,1.872258105185e+00  ,5.287579676187e+01  ,3.516491086580e-03  
  6.921735218782e-04  ,9.861446529472e-01  ,5.293441750300e+01  ,2.038506579165e-03  
  6.922181299943e-04  ,4.423265282374e-01  ,5.300074790142e+01  ,1.243505651046e-03  
  6.922636262197e-04  ,1.762368875829e-01  ,5.306820635646e+01  ,8.541553768858e-04  
  6.923327437657e-04  ,5.623831034687e-02  ,5.317035212316e+01  ,6.767002443366e-04  
  6.924138180036e-04  ,4.615306025463e-03  ,5.328969497314e+01  ,5.984374052389e-04  
  6.925101152677e-04  ,-7.859660415498e-03  ,5.343079161826e+01  ,5.766652483343e-04  
  6.927027097959e-04  ,-5.375219181141e-03  ,5.371086364783e+01  ,5.731236285683e-04  
  6.929933420438e-04  ,4.390389327158e-03  ,5.412814101918e+01  ,5.766547127222e-04  
  6.935746065396e-04  ,-2.364296292685e-05  ,5.494322495194e+01  ,5.490199465986e-04  
  6.944775453824e-04  ,1.131268740745e-03  ,5.615734349630e+01  ,5.183592133587e-04  
  6.957331529874e-04  ,1.473278907591e-03  ,5.773921336828e+01  ,4.753223783376e-04  
  6.982443681974e-04  ,1.204471941510e-03  ,6.052628063994e+01  ,3.926632445511e-04  
  7.020000000200e-04  ,8.940238850575e-04  ,6.374548403985e+01  ,2.770525042955e-04  
  7.020010000180e-04  ,5.775394364450e-01  ,6.374632174178e+01  ,-1.012912186849e-03  
  7.020018846813e-04  ,1.095069518481e+00  ,6.374706632047e+01  ,-2.187179678643e-03  
  7.020036540079e-04  ,2.159882132796e+00  ,6.374855263289e+01  ,-4.504139029962e-03  
  7.020071926612e-04  ,4.411728247078e+00  ,6.375150835025e+01  ,-8.957714381706e-03  
  7.020100000200e-04  ,6.311252892690e+00  ,6.375383775559e+01  ,-1.232596588542e-02  
  7.020107077507e-04  ,6.403541500439e+00  ,6.375432981349e+01  ,-1.224644436429e-02  
  7.020121231747e-04  ,6.586153382963e+00  ,6.375530343659e+01  ,-1.198649125442e-02  
  7.020149540228e-04  ,6.939911225865e+00  ,6.375725013715e+01  ,-1.146830961377e-02  
  7.020206157190e-04  ,7.603640380278e+00  ,6.376114784338e+01  ,-1.050121664669e-02  
  7.020319391114e-04  ,8.776080972757e+00  ,6.376895570253e+01  ,-8.793128143286e-03  
  7.020433459503e-04  ,9.772995391312e+00  ,6.377683462721e+01  ,-7.340823990341e-03  
  7.020513821465e-04  ,9.973490165411e+00  ,4.102630100756e+01  ,9.865183968537e+00  
  7.020590547544e-04  ,1.000031153357e+01  ,1.066313753494e+01  ,9.865357658345e+00  
  7.020633649153e-04  ,1.018854601174e+01  ,3.398112783837e+00  ,9.866273947213e+00  
  7.020674478335e-04  ,1.046809296729e+01  ,2.665144346484e+00  ,9.867352099976e+00  
  7.020697686893e-04  ,1.062542868892e+01  ,2.746595292373e+00  ,9.868001090660e+00  
  7.020727016104e-04  ,1.081628870622e+01  ,2.801906714137e+00  ,9.868825037047e+00  
  7.020785674525e-04  ,1.117290806771e+01  ,2.811580351665e+00  ,9.870474765974e+00  
  7.020902991367e-04  ,1.179815922331e+01  ,2.801083627394e+00  ,9.873782127624e+00  
  7.021025538516e-04  ,1.234563957708e+01  ,2.805296923083e+00  ,9.877237356468e+00  
  7.021270632816e-04  ,1.317775080960e+01  ,2.807522657478e+00  ,9.884147467586e+00  
  7.021760821414e-04  ,1.416544319171e+01  ,2.809919902742e+00  ,9.897966489215e+00  
  7.022741198612e-04  ,1.497656741595e+01  ,2.817821437637e+00  ,9.925599233325e+00  
  7.024024128986e-04  ,1.499973351958e+01  ,2.828098139175e+00  ,9.961748414652e+00  
  7.026276707721e-04  ,1.500013952608e+01  ,2.846084775752e+00  ,1.002518758200e+01  
  7.028670430255e-04  ,1.500012341025e+01  ,2.865222900274e+00  ,1.009255732959e+01  
  7.033457875324e-04  ,1.500021606388e+01  ,2.903436786860e+00  ,1.022715957845e+01  
  7.043032765460e-04  ,1.500026814875e+01  ,2.979708845002e+00  ,1.049581610326e+01  
  7.062182545734e-04  ,1.500036572715e+01  ,3.131632559807e+00  ,1.103094386944e+01  
  7.100482106281e-04  ,1.500038646185e+01  ,3.433015537431e+00  ,1.209251867822e+01  
  7.120100000200e-04  ,1.499973478091e+01  ,3.586125200516e+00  ,1.263182301077e+01  
  7.120110000180e-04  ,1.442057841628e+01  ,3.586056472883e+00  ,1.263209714221e+01  
  7.120130001264e-04  ,1.321293083243e+01  ,3.585825542378e+00  ,1.263264535511e+01  
  7.120170003431e-04  ,1.067170963538e+01  ,3.585381641157e+00  ,1.263374210257e+01  
  7.120200000200e-04  ,8.646865678183e+00  ,3.585109044963e+00  ,1.263456445613e+01  
  7.120208000633e-04  ,8.543196619723e+00  ,3.585163583486e+00  ,1.263478374528e+01  
  7.120224000755e-04  ,8.338354706515e+00  ,3.585359457356e+00  ,1.263522242355e+01  
  7.120256000999e-04  ,7.943232638808e+00  ,3.585885480281e+00  ,1.263609974967e+01  
  7.120320001486e-04  ,7.207860404768e+00  ,3.586980333211e+00  ,1.263785417050e+01  
  7.120448002461e-04  ,5.932335684146e+00  ,3.589936389974e+00  ,1.264136287286e+01  
  7.120587253812e-04  ,4.791763681574e+00  ,3.599811751959e+00  ,1.264517891826e+01  
  7.120676437262e-04  ,4.356476500725e+00  ,1.402875981447e+01  ,1.264697750004e+01  
  7.120760137084e-04  ,4.342035490841e+00  ,4.356206909658e+01  ,1.264703515466e+01  
  7.120822848621e-04  ,4.134156849142e+00  ,5.280992909762e+01  ,3.534441540620e-02  
  7.120855552945e-04  ,3.936337124977e+00  ,5.283881335449e+01  ,-2.051370744301e-01  
  7.120871264357e-04  ,3.843384187732e+00  ,5.282058190955e+01  ,-4.079209939485e-03  
  7.120902687180e-04  ,3.664615087171e+00  ,5.282377305211e+01  ,1.011905401954e-02  
  7.120965532828e-04  ,3.331219967005e+00  ,5.283356650107e+01  ,5.646947263859e-03  
  7.121091224122e-04  ,2.750124517117e+00  ,5.285238886597e+01  ,4.592727607633e-03  
  7.121342606712e-04  ,1.860114004328e+00  ,5.288995653871e+01  ,3.312169370237e-03  
  7.121753699947e-04  ,9.412941498034e-01  ,5.295124805573e+01  ,1.972254448968e-03  
  7.122213728595e-04  ,4.552988021905e-01  ,5.301963169833e+01  ,1.262284121750e-03  
  7.122694499660e-04  ,1.918138579116e-01  ,5.309089588745e+01  ,8.765387000313e-04  
  7.123243816066e-04  ,8.003959683462e-02  ,5.317208173171e+01  ,7.115995759404e-04  
  7.124130852390e-04  ,6.876465410262e-03  ,5.330268351702e+01  ,6.016623979025e-04  
  7.125079043079e-04  ,2.594656490749e-03  ,5.344161908797e+01  ,5.918890360016e-04  
  7.126975424457e-04  ,7.947547907942e-04  ,5.371743529724e+01  ,5.822082386218e-04  
  7.129191763568e-04  ,1.963111040539e-03  ,5.403630836208e+01  ,5.757514583964e-04  
  7.133624441791e-04  ,1.918247075336e-03  ,5.466273740497e+01  ,5.594203405108e-04  
  7.142489798236e-04  ,1.423561848005e-03  ,5.586998855927e+01  ,5.269430335732e-04  
  7.160220511127e-04  ,1.582296410846e-03  ,5.809937610503e+01  ,4.656590711465e-04  
  7.195681936908e-04  ,9.485542917197e-04  ,6.180403804196e+01  ,3.498614044779e-04  
  7.220000000200e-04  ,1.007003687861e-03  ,6.375771070726e+01  ,2.790391129072e-04  
  7.220010000180e-04  ,5.776507671458e-01  ,6.375854810635e+01  ,-1.011996732176e-03  
  7.220018847744e-04  ,1.095234487938e+00  ,6.375929252903e+01  ,-2.187660946175e-03  
  7.220036542873e-04  ,2.160160775456e+00  ,6.376077823681e+01  ,-4.504561319208e-03  
  7.220071933131e-04  ,4.412259578603e+00  ,6.376373279751e+01  ,-8.958530101563e-03  
  7.220100000200e-04  ,6.312134108916e+00  ,6.376606039819e+01  ,-1.232483868033e-02  
  7.220107078252e-04  ,6.404422963826e+00  ,6.376655221685e+01  ,-1.224532491934e-02  
  7.220121234355e-04  ,6.587039886378e+00  ,6.376752538664e+01  ,-1.198536046341e-02  
  7.220149546561e-04  ,6.940806021795e+00  ,6.376947117608e+01  ,-1.146716887434e-02  
  7.220206170974e-04  ,7.604545197324e+00  ,6.377336706358e+01  ,-1.050006199096e-02  
  7.220319419799e-04  ,8.776984997519e+00  ,6.378117128421e+01  ,-8.791974886765e-03  
  7.220433517990e-04  ,9.773996255097e+00  ,6.378904756525e+01  ,-7.339529061727e-03  
  7.220513909754e-04  ,9.973527587152e+00  ,4.097488053029e+01  ,9.864407144245e+00  
  7.220590665636e-04  ,1.000037896436e+01  ,1.060133055665e+01  ,9.864583341271e+00  
  7.220633707640e-04  ,1.018922604207e+01  ,3.394035465507e+00  ,9.865499494182e+00  
  7.220674432513e-04  ,1.046807581492e+01  ,2.665765007024e+00  ,9.866576538720e+00  
  7.220697655973e-04  ,1.062550550220e+01  ,2.746628225001e+00  ,9.867225925662e+00  
  7.220727033612e-04  ,1.081666739090e+01  ,2.801697572811e+00  ,9.868051224332e+00  
  7.220785788891e-04  ,1.117381848638e+01  ,2.811325663019e+00  ,9.869703697313e+00  
  7.220903299448e-04  ,1.179986936120e+01  ,2.800888611496e+00  ,9.873016548279e+00  
  7.221026308534e-04  ,1.234895782577e+01  ,2.805083448051e+00  ,9.876484827317e+00  
  7.221272326705e-04  ,1.318266889461e+01  ,2.807309460349e+00  ,9.883421038010e+00  
  7.221764363048e-04  ,1.417039975200e+01  ,2.809729075439e+00  ,9.897292249460e+00  
  7.222748435733e-04  ,1.497924010340e+01  ,2.817658595870e+00  ,9.925029329518e+00  
  7.224032081363e-04  ,1.499977596598e+01  ,2.827941979307e+00  ,9.961198869371e+00  
  7.226292766330e-04  ,1.500012889388e+01  ,2.845993778877e+00  ,1.002486661138e+01  
  7.228690303561e-04  ,1.500011445271e+01  ,2.865162312947e+00  ,1.009234390279e+01  
  7.233485378024e-04  ,1.500019469204e+01  ,2.903437143322e+00  ,1.022716080172e+01  
  7.243075526950e-04  ,1.500023972214e+01  ,2.979830588186e+00  ,1.049624487949e+01  
  7.262255824802e-04  ,1.500032413461e+01  ,3.131995100803e+00  ,1.103222079456e+01  
  7.300616420505e-04  ,1.500034190551e+01  ,3.433851843349e+00  ,1.209546436179e+01  
  7.320100000200e-04  ,1.499977396538e+01  ,3.585911478034e+00  ,1.263107027353e+01  
  7.320110000180e-04  ,1.442097305330e+01  ,3.585842635118e+00  ,1.263134440682e+01  
  7.320130001264e-04  ,1.321331384942e+01  ,3.585611662676e+00  ,1.263189262565e+01  
  7.320170003431e-04  ,1.067207022926e+01  ,3.585167745124e+00  ,1.263298938030e+01  
  7.320200000200e-04  ,8.647210230466e+00  ,3.584895143913e+00  ,1.263381174028e+01  
  7.320208000633e-04  ,8.543537040941e+00  ,3.584949675306e+00  ,1.263403103116e+01  
  7.320224000755e-04  ,8.338686965040e+00  ,3.585145536006e+00  ,1.263446971284e+01  
  7.320256000999e-04  ,7.943549152127e+00  ,3.585671533240e+00  ,1.263534704578e+01  
  7.320320001486e-04  ,7.208147613773e+00  ,3.586766309460e+00  ,1.263710148033e+01  
  7.320448002461e-04  ,5.932572059091e+00  ,3.589721953808e+00  ,1.264061021011e+01  
  7.320587253812e-04  ,4.791954527427e+00  ,3.599592626688e+00  ,1.264442628580e+01  
  7.320676422361e-04  ,4.356491392320e+00  ,1.401365137206e+01  ,1.264622578045e+01  
  7.320760122183e-04  ,4.342019629801e+00  ,4.354475023112e+01  ,1.264628455094e+01  
  7.320822856072e-04  ,4.134462573828e+00  ,5.281972320753e+01  ,3.718277786732e-02  
  7.320855556670e-04  ,3.936656531421e+00  ,5.284883723149e+01  ,-2.055640897295e-01  
  7.320871258769e-04  ,3.843749571905e+00  ,5.283056344164e+01  ,-4.110250293216e-03  
  7.320902662966e-04  ,3.665066997284e+00  ,5.283374648888e+01  ,1.012947025099e-02  
  7.320965471360e-04  ,3.331819771080e+00  ,5.284353308327e+01  ,5.648230766547e-03  
  7.321091088149e-04  ,2.750936135628e+00  ,5.286233986799e+01  ,4.593664462431e-03  
  7.321342321727e-04  ,1.861117535785e+00  ,5.289987626756e+01  ,3.313433848218e-03  
  7.321753653381e-04  ,9.414158314479e-01  ,5.296118852484e+01  ,1.972235303664e-03  
  7.322213562820e-04  ,4.554506985675e-01  ,5.302953780465e+01  ,1.262309600131e-03  
  7.322694512698e-04  ,1.918100222018e-01  ,5.310081105084e+01  ,8.763369314509e-04  
  7.323243650291e-04  ,8.006344731847e-02  ,5.318195050312e+01  ,7.114391134297e-04  
  7.324130686614e-04  ,6.883573603722e-03  ,5.331252002142e+01  ,6.014780352844e-04  
  7.325078758094e-04  ,2.595765750518e-03  ,5.345140357294e+01  ,5.916968549591e-04  
  7.326974901054e-04  ,7.930486902774e-04  ,5.372711593394e+01  ,5.820138474677e-04  
  7.329191240165e-04  ,1.962993066195e-03  ,5.404590780411e+01  ,5.755604763789e-04  
  7.333623918388e-04  ,1.918117598726e-03  ,5.467217275965e+01  ,5.592315461794e-04  
  7.342489274833e-04  ,1.422869062947e-03  ,5.587908922973e+01  ,5.267574480805e-04  
  7.360219987724e-04  ,1.582020470093e-03  ,5.810778400236e+01  ,4.654813743293e-04  
  7.395681413505e-04  ,9.478586306394e-04  ,6.181098727966e+01  ,3.496948146947e-04  
  7.420000000200e-04  ,1.006647719875e-03  ,6.376365501386e+01  ,2.788762269754e-04  
  7.420010000180e-04  ,5.776504086513e-01  ,6.376449197617e+01  ,-1.012161540024e-03  
  7.420018848676e-04  ,1.095289250310e+00  ,6.376523609049e+01  ,-2.187948757465e-03  
  7.420036545667e-04  ,2.160332127531e+00  ,6.376672118072e+01  ,-4.505086457805e-03  
  7.420071939650e-04  ,4.412689229539e+00  ,6.376967450276e+01  ,-8.959492995858e-03  
  7.420100000200e-04  ,6.311350744593e+00  ,6.377200043616e+01  ,-1.232615526956e-02  
  7.420107078997e-04  ,6.403657526819e+00  ,6.377249199400e+01  ,-1.224660303933e-02  
  7.420121236962e-04  ,6.584394485031e+00  ,6.377346453498e+01  ,-1.198641450031e-02  
  7.420149552894e-04  ,6.936787526531e+00  ,6.377540975227e+01  ,-1.147318205772e-02  
  7.420206184757e-04  ,7.600941359106e+00  ,6.377930363651e+01  ,-1.050540470149e-02  
  7.420319448483e-04  ,8.774095110930e+00  ,6.378710386186e+01  ,-8.796371860959e-03  
  7.420433546675e-04  ,9.771570224672e+00  ,6.379497508004e+01  ,-7.343226253816e-03  
  7.420513923538e-04  ,9.973415858676e+00  ,4.110757652079e+01  ,9.862848784077e+00  
  7.420590649617e-04  ,1.000020239155e+01  ,1.074180102507e+01  ,9.863018915076e+00  
  7.420633855534e-04  ,1.018783843082e+01  ,3.402000096062e+00  ,9.863935408246e+00  
  7.420674833727e-04  ,1.046837782012e+01  ,2.663452495283e+00  ,9.865015727180e+00  
  7.420698038560e-04  ,1.062568568525e+01  ,2.745642411056e+00  ,9.865664641492e+00  
  7.420727319342e-04  ,1.081622960414e+01  ,2.801231607267e+00  ,9.866487259162e+00  
  7.420785880906e-04  ,1.117228985567e+01  ,2.810954611656e+00  ,9.868134291715e+00  
  7.420903004033e-04  ,1.179669284081e+01  ,2.800390418881e+00  ,9.871436267605e+00  
  7.421025029642e-04  ,1.234227552521e+01  ,2.804625744472e+00  ,9.874876873922e+00  
  7.421269080860e-04  ,1.317244936175e+01  ,2.806851776468e+00  ,9.881757740808e+00  
  7.421757183296e-04  ,1.415993828640e+01  ,2.809224028110e+00  ,9.895518284235e+00  
  7.422733388168e-04  ,1.497351893605e+01  ,2.817094386008e+00  ,9.923034120721e+00  
  7.424015603286e-04  ,1.499968432414e+01  ,2.827364608176e+00  ,9.959164084655e+00  
  7.426259122116e-04  ,1.500015169579e+01  ,2.845278983865e+00  ,1.002234982516e+01  
  7.428649029953e-04  ,1.500013379469e+01  ,2.864387326403e+00  ,1.008961417204e+01  
  7.433428845626e-04  ,1.500024089835e+01  ,2.902541483969e+00  ,1.022400605187e+01  
  7.442988476974e-04  ,1.500030121212e+01  ,2.978694579938e+00  ,1.049224356562e+01  
  7.462107739669e-04  ,1.500041412222e+01  ,3.130382326499e+00  ,1.102654018632e+01  
  7.500346265060e-04  ,1.499971895174e+01  ,3.431301440351e+00  ,1.208647991823e+01  
  7.520100000200e-04  ,1.500000649590e+01  ,3.585479269149e+00  ,1.262954808637e+01  
  7.520110000180e-04  ,1.442270167750e+01  ,3.585409899659e+00  ,1.262982222368e+01  
  7.520130001264e-04  ,1.321499157444e+01  ,3.585178733646e+00  ,1.263037045301e+01  
  7.520170003431e-04  ,1.067364973465e+01  ,3.584734744273e+00  ,1.263146722347e+01  
  7.520200000200e-04  ,8.648719469301e+00  ,3.584462135383e+00  ,1.263228959644e+01  
  7.520208000633e-04  ,8.545028184618e+00  ,3.584516641655e+00  ,1.263250889082e+01  
  7.520224000755e-04  ,8.340142353965e+00  ,3.584712456944e+00  ,1.263294757938e+01  
  7.520256000999e-04  ,7.944935572865e+00  ,3.585238361986e+00  ,1.263382492613e+01  
  7.520320001486e-04  ,7.209405674049e+00  ,3.586332854574e+00  ,1.263557938847e+01  
  7.520448002461e-04  ,5.933607455077e+00  ,3.589286919054e+00  ,1.263908817384e+01  
  7.520587268713e-04  ,4.792679544128e+00  ,3.599141296312e+00  ,1.264290471996e+01  
  7.520676452163e-04  ,4.356526140416e+00  ,1.398360565649e+01  ,1.264470695628e+01  
  7.520760166887e-04  ,4.341983011534e+00  ,4.351499238856e+01  ,1.264476767736e+01  
  7.520822952929e-04  ,4.134666640907e+00  ,5.282321469533e+01  ,3.892572538895e-02  
  7.520855664704e-04  ,3.936791357120e+00  ,5.285255617483e+01  ,-2.060450171452e-01  
  7.520871361214e-04  ,3.843912970737e+00  ,5.283423503744e+01  ,-4.141459334860e-03  
  7.520902754236e-04  ,3.665284946150e+00  ,5.283741097712e+01  ,1.014019193935e-02  
  7.520965540278e-04  ,3.332131375866e+00  ,5.284719287248e+01  ,5.649100224464e-03  
  7.521091112364e-04  ,2.752979403705e+00  ,5.286603690303e+01  ,4.426817257602e-03  
  7.521342256534e-04  ,1.864030749780e+00  ,5.290355825995e+01  ,3.316602506874e-03  
  7.521758594978e-04  ,9.350011908049e-01  ,5.296561569014e+01  ,1.962884841051e-03  
  7.522221186626e-04  ,3.972576028458e-01  ,5.303434985936e+01  ,1.177328638096e-03  
  7.522684314716e-04  ,1.916614110659e-01  ,5.310295839822e+01  ,8.759908894318e-04  
  7.523306348789e-04  ,5.757809150772e-02  ,5.319483341328e+01  ,6.782668133762e-04  
  7.523967483509e-04  ,2.030120941902e-02  ,5.329214836208e+01  ,6.214762424779e-04  
  7.525289752949e-04  ,1.731425624878e-03  ,5.348577479964e+01  ,5.894779238507e-04  
  7.526690938938e-04  ,-1.046074897669e-03  ,5.368950238677e+01  ,5.802232835911e-04  
  7.529493310917e-04  ,3.097449747094e-04  ,5.409245624010e+01  ,5.718417657539e-04  
  7.533959367740e-04  ,1.567612367161e-03  ,5.472216591672e+01  ,5.573357922874e-04  
  7.542891481388e-04  ,1.675924195387e-03  ,5.593526791400e+01  ,5.255566687808e-04  
  7.560755708683e-04  ,1.354703373047e-03  ,5.817344454441e+01  ,4.631920561692e-04  
  7.596484163273e-04  ,1.145501448201e-03  ,6.188396826962e+01  ,3.473805289636e-04  
  7.620000000200e-04  ,8.845712835949e-04  ,6.376392057495e+01  ,2.762657057178e-04  
  7.620010000180e-04  ,5.775301589052e-01  ,6.376475750448e+01  ,-1.012276199921e-03  
  7.620018849607e-04  ,1.095225726655e+00  ,6.376550189212e+01  ,-2.188161507106e-03  
  7.620036548461e-04  ,2.160388345910e+00  ,6.376698753336e+01  ,-4.505537357204e-03  
  7.620071946170e-04  ,4.413009811492e+00  ,6.376994195300e+01  ,-8.960373846342e-03  
  7.620100000200e-04  ,6.312029613583e+00  ,6.377226786863e+01  ,-1.232507779747e-02  
  7.620107079742e-04  ,6.404338798693e+00  ,6.377275963791e+01  ,-1.224553288670e-02  
  7.620121239570e-04  ,6.585084716566e+00  ,6.377373262554e+01  ,-1.198533144025e-02  
  7.620149559227e-04  ,6.937494062466e+00  ,6.377567873573e+01  ,-1.147207526712e-02  
  7.620206198541e-04  ,7.601673498185e+00  ,6.377957440638e+01  ,-1.050426070449e-02  
  7.620319477168e-04  ,8.774853969707e+00  ,6.378737820512e+01  ,-8.795189003408e-03  
  7.620433590260e-04  ,9.772328954176e+00  ,6.379525301680e+01  ,-7.342043545406e-03  
  7.620513982025e-04  ,9.973455887042e+00  ,4.106396272313e+01  ,9.863983946642e+00  
  7.620590737906e-04  ,1.000027462050e+01  ,1.068801769041e+01  ,9.864156487835e+00  
  7.620633891669e-04  ,1.018845000321e+01  ,3.398935872654e+00  ,9.865072746749e+00  
  7.620674780456e-04  ,1.046839103436e+01  ,2.664499804912e+00  ,9.866152103843e+00  
  7.620698000190e-04  ,1.062579261966e+01  ,2.746189508040e+00  ,9.866801404869e+00  
  7.620727325675e-04  ,1.081661374256e+01  ,2.801567368293e+00  ,9.867625255167e+00  
  7.620785976646e-04  ,1.117316198660e+01  ,2.811246989987e+00  ,9.869274789270e+00  
  7.620903278587e-04  ,1.179829857379e+01  ,2.800735468220e+00  ,9.872581770468e+00  
  7.621025721428e-04  ,1.234532650191e+01  ,2.804954584441e+00  ,9.876034100391e+00  
  7.621270607111e-04  ,1.318698241156e+01  ,2.806790202104e+00  ,9.882938373307e+00  
  7.621760378477e-04  ,1.416906709473e+01  ,2.809937025927e+00  ,9.896745825201e+00  
  7.622739921210e-04  ,1.497609675929e+01  ,2.817477521510e+00  ,9.924355383202e+00  
  7.623979697821e-04  ,1.499931730426e+01  ,2.827391307734e+00  ,9.959289270146e+00  
  7.626279721853e-04  ,1.500025559669e+01  ,2.845775020550e+00  ,1.002406594764e+01  
  7.628623853323e-04  ,1.499999936213e+01  ,2.864511716296e+00  ,1.009004104992e+01  
  7.633312116263e-04  ,1.500042015411e+01  ,2.901932099640e+00  ,1.022185992346e+01  
  7.642688642142e-04  ,1.500053751026e+01  ,2.976630098008e+00  ,1.048497213429e+01  
  7.661441693899e-04  ,1.500060558415e+01  ,3.125431471649e+00  ,1.100910183888e+01  
  7.698947797415e-04  ,1.499954097706e+01  ,3.420669890545e+00  ,1.204903167068e+01  
  7.720100000200e-04  ,1.499999736700e+01  ,3.585793743812e+00  ,1.263065575050e+01  
  7.720110000180e-04  ,1.442228757988e+01  ,3.585724503285e+00  ,1.263092988473e+01  
  7.720130001264e-04  ,1.321458966991e+01  ,3.585493384107e+00  ,1.263147810737e+01  
  7.720170003431e-04  ,1.067327135901e+01  ,3.585049414130e+00  ,1.263257486557e+01  
  7.720200000200e-04  ,8.648357926332e+00  ,3.584776811350e+00  ,1.263339722910e+01  
  7.720208000633e-04  ,8.544670976448e+00  ,3.584831326541e+00  ,1.263361652096e+01  
  7.720224000755e-04  ,8.339793711049e+00  ,3.585027158097e+00  ,1.263405520450e+01  
  7.720256000999e-04  ,7.944603451654e+00  ,3.585553093616e+00  ,1.263493254118e+01  
  7.720320001486e-04  ,7.209104302381e+00  ,3.586647675980e+00  ,1.263668698336e+01  
  7.720448002461e-04  ,5.933359424848e+00  ,3.589602212777e+00  ,1.264019572840e+01  
  7.720587253812e-04  ,4.792590261655e+00  ,3.599458858135e+00  ,1.264401182204e+01  
  7.720676437262e-04  ,4.356526659627e+00  ,1.398853497593e+01  ,1.264581364814e+01  
  7.720760137084e-04  ,4.341994378213e+00  ,4.351531806220e+01  ,1.264587423288e+01  
  7.720822915677e-04  ,4.134719072087e+00  ,5.282317508560e+01  ,3.903502645446e-02  
  7.720855623725e-04  ,3.936863523373e+00  ,5.285252952250e+01  ,-2.060613557307e-01  
  7.720871318373e-04  ,3.843994245270e+00  ,5.283420703559e+01  ,-4.143499797473e-03  
  7.720902707669e-04  ,3.665383147860e+00  ,5.283738282597e+01  ,1.014107898425e-02  
  7.720965486262e-04  ,3.332258462298e+00  ,5.284716507293e+01  ,5.649429931621e-03  
  7.721091043446e-04  ,2.751551613979e+00  ,5.286596104671e+01  ,4.594425609290e-03  
  7.721342157814e-04  ,1.861897800113e+00  ,5.290347569805e+01  ,3.314487193241e-03  
  7.721753668282e-04  ,9.415225528212e-01  ,5.296480811709e+01  ,1.972308709173e-03  
  7.722213577721e-04  ,4.555021261676e-01  ,5.303315006602e+01  ,1.262302411230e-03  
  7.722694527600e-04  ,1.918314525356e-01  ,5.310441563308e+01  ,8.762862429519e-04  
  7.723243605587e-04  ,8.008072771608e-02  ,5.318553751070e+01  ,7.113827227720e-04  
  7.724130522701e-04  ,6.893030539480e-03  ,5.331607535339e+01  ,6.014109343020e-04  
  7.725078594181e-04  ,2.597151811300e-03  ,5.345494381058e+01  ,5.916181961339e-04  
  7.726974737141e-04  ,7.910666687319e-04  ,5.373062587933e+01  ,5.819307614609e-04  
  7.729190837834e-04  ,1.963209206572e-03  ,5.404934808390e+01  ,5.754819868468e-04  
  7.733623039219e-04  ,1.918379899308e-03  ,5.467547562378e+01  ,5.591558859505e-04  
  7.742487441990e-04  ,1.422358417222e-03  ,5.588212514186e+01  ,5.266858661467e-04  
  7.760216247532e-04  ,1.582130616743e-03  ,5.811031936570e+01  ,4.654203595392e-04  
  7.795673858616e-04  ,9.474598177849e-04  ,6.181266609113e+01  ,3.496495422072e-04  
  7.820000000200e-04  ,1.006669546026e-03  ,6.376558063474e+01  ,2.788099756147e-04  
  7.820010000180e-04  ,5.776504269169e-01  ,6.376641741810e+01  ,-1.012228175943e-03  
  7.820018848676e-04  ,1.095289265475e+00  ,6.376716137400e+01  ,-2.188014734113e-03  
  7.820036545667e-04  ,2.160332136611e+00  ,6.376864614750e+01  ,-4.505152583317e-03  
  7.820071939650e-04  ,4.412689226918e+00  ,6.377159883604e+01  ,-8.959559127072e-03  
  7.820100000200e-04  ,6.311350733126e+00  ,6.377392426716e+01  ,-1.232622138457e-02  
  7.820107078997e-04  ,6.403657513188e+00  ,6.377441569806e+01  ,-1.224666849509e-02  
  7.820121236962e-04  ,6.584394467165e+00  ,6.377538798526e+01  ,-1.198647988801e-02  
  7.820149552894e-04  ,6.936787500406e+00  ,6.377733269499e+01  ,-1.147324745428e-02  
  7.820206184757e-04  ,7.600941317418e+00  ,6.378122556411e+01  ,-1.050547011916e-02  
  7.820319448483e-04  ,8.774095041751e+00  ,6.378902375927e+01  ,-8.796437319335e-03  
  7.820433546675e-04  ,9.771570132120e+00  ,6.379689293238e+01  ,-7.343291740735e-03  
  7.820513923538e-04  ,9.973411186342e+00  ,4.110913777588e+01  ,9.862161482874e+00  
  7.820590649617e-04  ,1.000019581957e+01  ,1.074320289734e+01  ,9.862331481107e+00  
  7.820633855534e-04  ,1.018780556061e+01  ,3.401940916257e+00  ,9.863248003436e+00  
  7.820674833727e-04  ,1.046834524223e+01  ,2.663244604658e+00  ,9.864328275675e+00  
  7.820698038560e-04  ,1.062565423421e+01  ,2.745437421217e+00  ,9.864977194804e+00  
  7.820727315617e-04  ,1.081617592316e+01  ,2.801032506118e+00  ,9.865799714658e+00  
  7.820785869730e-04  ,1.117219736655e+01  ,2.810760336287e+00  ,9.867446549085e+00  
  7.820902977956e-04  ,1.179654245039e+01  ,2.800194612342e+00  ,9.870748127666e+00  
  7.821024973762e-04  ,1.234202780798e+01  ,2.804430186738e+00  ,9.874187917548e+00  
  7.821268965376e-04  ,1.317210791289e+01  ,2.806656055595e+00  ,9.881067151666e+00  
  7.821756948603e-04  ,1.415960526286e+01  ,2.809027079976e+00  ,9.894824430152e+00  
  7.822732915056e-04  ,1.497334308603e+01  ,2.816895616573e+00  ,9.922333739490e+00  
  7.824014891756e-04  ,1.499967938112e+01  ,2.827163942562e+00  ,9.958457241353e+00  
  7.826258172167e-04  ,1.500015296107e+01  ,2.845076524820e+00  ,1.002163671926e+01  
  7.828647603166e-04  ,1.500013483574e+01  ,2.864181202181e+00  ,1.008888813363e+01  
  7.833426465166e-04  ,1.500024337506e+01  ,2.902328031272e+00  ,1.022325420197e+01  
  7.842984189165e-04  ,1.500030450172e+01  ,2.978466531677e+00  ,1.049144030648e+01  
  7.862099637163e-04  ,1.500041893267e+01  ,3.130125328817e+00  ,1.102563495963e+01  
  7.900330533159e-04  ,1.499971446777e+01  ,3.430987505798e+00  ,1.208537412478e+01  
  7.920100000200e-04  ,1.500000625674e+01  ,3.585289534426e+00  ,1.262887977450e+01  
  7.920110000180e-04  ,1.442269216122e+01  ,3.585220169623e+00  ,1.262915391370e+01  
  7.920130001264e-04  ,1.321498233837e+01  ,3.584989005837e+00  ,1.262970214682e+01  
  7.920170003431e-04  ,1.067364103925e+01  ,3.584545015421e+00  ,1.263079892487e+01  
  7.920200000200e-04  ,8.648711160640e+00  ,3.584272402430e+00  ,1.263162130353e+01  
  7.920208000633e-04  ,8.545019975533e+00  ,3.584326906249e+00  ,1.263184059944e+01  
  7.920224000755e-04  ,8.340134341636e+00  ,3.584522716917e+00  ,1.263227929103e+01  
  7.920256000999e-04  ,7.944927940077e+00  ,3.585048614804e+00  ,1.263315664385e+01  
  7.920320001486e-04  ,7.209398747561e+00  ,3.586143089050e+00  ,1.263491111834e+01  
  7.920448002461e-04  ,5.933601753029e+00  ,3.589097076549e+00  ,1.263841992800e+01  
  7.920587268713e-04  ,4.792674932095e+00  ,3.598951054042e+00  ,1.264223650060e+01  
  7.920676452163e-04  ,4.356521680569e+00  ,1.398338627197e+01  ,1.264403877155e+01  
  7.920760166887e-04  ,4.341979098094e+00  ,4.351477688582e+01  ,1.264409951090e+01  
  7.920822960380e-04  ,4.134647216252e+00  ,5.282477152946e+01  ,3.892845904247e-02  
  7.920855675879e-04  ,3.936750981403e+00  ,5.285411443469e+01  ,-2.060564623206e-01  
  7.920871372390e-04  ,3.843873520285e+00  ,5.283579187938e+01  ,-4.141778443354e-03  
  7.920902765411e-04  ,3.665247324997e+00  ,5.283896724764e+01  ,1.014033387560e-02  
  7.920965551454e-04  ,3.332097163538e+00  ,5.284874811967e+01  ,5.648981946068e-03  
  7.921091123540e-04  ,2.751355054285e+00  ,5.286754139550e+01  ,4.593982257847e-03  
  7.921342267710e-04  ,1.861673695089e+00  ,5.290505064697e+01  ,3.314000326775e-03  
  7.921753718573e-04  ,9.415070780241e-01  ,5.296635805417e+01  ,1.972126189003e-03  
  7.922213628012e-04  ,4.554944117905e-01  ,5.303468200059e+01  ,1.262131565126e-03  
  7.922694577891e-04  ,1.918279483670e-01  ,5.310592875351e+01  ,8.761218902685e-04  
  7.923243715483e-04  ,8.007044375325e-02  ,5.318703795774e+01  ,7.112086752112e-04  
  7.924130751807e-04  ,6.883412999834e-03  ,5.331755862200e+01  ,6.012380767118e-04  
  7.925078823287e-04  ,2.595186732684e-03  ,5.345638996913e+01  ,5.914571869844e-04  
  7.926974966246e-04  ,7.922953890040e-04  ,5.373199796321e+01  ,5.817758026053e-04  
  7.929191305358e-04  ,1.962356656629e-03  ,5.405066791930e+01  ,5.753247003635e-04  
  7.933623983580e-04  ,1.917481908197e-03  ,5.467668935474e+01  ,5.589999494955e-04  
  7.942489340026e-04  ,1.422195972507e-03  ,5.588312031960e+01  ,5.265336243538e-04  
  7.960220052916e-04  ,1.581388198210e-03  ,5.811085295954e+01  ,4.652720627667e-04  
  7.995681478697e-04  ,9.472262580443e-04  ,6.181218764416e+01  ,3.495100210968e-04  
  8.020000000200e-04  ,1.006069216583e-03  ,6.376362616474e+01  ,2.787040478694e-04  
  8.020010000180e-04  ,5.776498299842e-01  ,6.376446263617e+01  ,-1.012333003263e-03  
  8.020018848676e-04  ,1.095288671506e+00  ,6.376520631622e+01  ,-2.188119990300e-03  
  8.020036545667e-04  ,2.160331548459e+00  ,6.376669053793e+01  ,-4.505257740705e-03  
  8.020071939650e-04  ,4.412688649952e+00  ,6.376964212292e+01  ,-8.959664284628e-03  
  8.020100000200e-04  ,6.311350164616e+00  ,6.377196667915e+01  ,-1.232632655408e-02  
  8.020107078997e-04  ,6.403656946736e+00  ,6.377245788902e+01  ,-1.224677461090e-02  
  8.020121236962e-04  ,6.584393904741e+00  ,6.377342973395e+01  ,-1.198658609200e-02  
  8.020149552894e-04  ,6.936786945837e+00  ,6.377537355917e+01  ,-1.147335364236e-02  
  8.020206184757e-04  ,7.600940777655e+00  ,6.377926465954e+01  ,-1.050557623258e-02  
  8.020319448483e-04  ,8.774094528161e+00  ,6.378705931831e+01  ,-8.796543341425e-03  
  8.020433546675e-04  ,9.771569640809e+00  ,6.379492493056e+01  ,-7.343397659469e-03  
  8.020513923538e-04  ,9.973402339075e+00  ,4.110646998573e+01  ,9.860413544955e+00  
  8.020590649617e-04  ,1.000018830763e+01  ,1.074057963384e+01  ,9.860583696264e+00  
  8.020633855534e-04  ,1.018783455964e+01  ,3.401303080148e+00  ,9.861500206221e+00  
  8.020674826277e-04  ,1.046832406101e+01  ,2.662810066207e+00  ,9.862580386354e+00  
  8.020698031110e-04  ,1.062563326880e+01  ,2.744950896372e+00  ,9.863229315012e+00  
  8.020727311892e-04  ,1.081617939600e+01  ,2.800533908033e+00  ,9.864051953535e+00  
  8.020785873455e-04  ,1.117224396406e+01  ,2.810261733725e+00  ,9.865699026721e+00  
  8.020902996582e-04  ,1.179665445793e+01  ,2.799699550298e+00  ,9.869001083714e+00  
  8.021025007290e-04  ,1.234218243487e+01  ,2.803934156007e+00  ,9.872441354257e+00  
  8.021269028706e-04  ,1.317229980205e+01  ,2.806160071873e+00  ,9.879321549661e+00  
  8.021757071537e-04  ,1.415978151897e+01  ,2.808532079120e+00  ,9.893080750362e+00  
  8.022733157200e-04  ,1.497343133697e+01  ,2.816401638616e+00  ,9.920593902571e+00  
  8.024015372318e-04  ,1.499968309995e+01  ,2.826672079887e+00  ,9.956724754615e+00  
  8.026258652729e-04  ,1.500015199691e+01  ,2.844584986673e+00  ,1.001990533555e+01  
  8.028648560566e-04  ,1.500013405549e+01  ,2.863693801655e+00  ,1.008717134046e+01  
  8.033428376240e-04  ,1.500024152033e+01  ,2.901848899620e+00  ,1.022156653296e+01  
  8.042988007588e-04  ,1.500030204017e+01  ,2.978003872701e+00  ,1.048981065860e+01  
  8.062107270283e-04  ,1.500041533378e+01  ,3.129695358251e+00  ,1.102412044936e+01  
  8.100345795673e-04  ,1.499971782356e+01  ,3.430621890839e+00  ,1.208408630809e+01  
  8.120100000200e-04  ,1.500000643589e+01  ,3.584807173052e+00  ,1.262718073119e+01  
  8.120110000180e-04  ,1.442269936642e+01  ,3.584737810154e+00  ,1.262745487522e+01  
  8.120130001264e-04  ,1.321498933142e+01  ,3.584506648329e+00  ,1.262800311800e+01  
  8.120170003431e-04  ,1.067364762279e+01  ,3.584062653959e+00  ,1.262909991533e+01  
  8.120200000200e-04  ,8.648717451087e+00  ,3.583790030605e+00  ,1.262992230846e+01  
  8.120208000633e-04  ,8.545026190455e+00  ,3.583844527830e+00  ,1.263014160823e+01  
  8.120224000755e-04  ,8.340140407331e+00  ,3.584040326118e+00  ,1.263058030754e+01  
  8.120256000999e-04  ,7.944933717960e+00  ,3.584566204455e+00  ,1.263145767579e+01  
  8.120320001486e-04  ,7.209403989564e+00  ,3.585660627737e+00  ,1.263321218116e+01  
  8.120448002461e-04  ,5.933606063551e+00  ,3.588614394357e+00  ,1.263672105259e+01  
  8.120587268713e-04  ,4.792678391702e+00  ,3.598467028540e+00  ,1.264053769253e+01  
  8.120676452163e-04  ,4.356511397183e+00  ,1.398210372795e+01  ,1.264234010787e+01  
  8.120760166887e-04  ,4.341968523530e+00  ,4.351338518039e+01  ,1.264240092372e+01  
  8.120822960380e-04  ,4.134629725392e+00  ,5.282313748833e+01  ,3.889012444870e-02  
  8.120855675879e-04  ,3.936734186350e+00  ,5.285247537688e+01  ,-2.060541086959e-01  
  8.120871372390e-04  ,3.843857115300e+00  ,5.283415253026e+01  ,-4.141752590526e-03  
  8.120902765411e-04  ,3.665231663015e+00  ,5.283732694885e+01  ,1.014021173402e-02  
  8.120965551454e-04  ,3.332082889983e+00  ,5.284710589142e+01  ,5.648852628323e-03  
  8.121091123540e-04  ,2.751343203463e+00  ,5.286589529781e+01  ,4.593855038664e-03  
  8.121342267710e-04  ,1.861665557741e+00  ,5.290339680827e+01  ,3.313878860361e-03  
  8.121753718573e-04  ,9.415027827426e-01  ,5.296469154253e+01  ,1.972010586603e-03  
  8.122213628012e-04  ,4.554921470412e-01  ,5.303300134030e+01  ,1.262019208057e-03  
  8.122694577891e-04  ,1.918267854643e-01  ,5.310423331958e+01  ,8.760114452960e-04  
  8.123243715483e-04  ,8.006974827299e-02  ,5.318532568357e+01  ,7.110992586035e-04  
  8.124130751807e-04  ,6.883024228523e-03  ,5.331581920841e+01  ,6.011296729480e-04  
  8.125078823287e-04  ,2.594816964333e-03  ,5.345462163509e+01  ,5.913494062966e-04  
  8.126974966246e-04  ,7.919353495848e-04  ,5.373017205776e+01  ,5.816692289027e-04  
  8.129191305358e-04  ,1.961994321747e-03  ,5.404877517832e+01  ,5.752194831303e-04  
  8.133623983580e-04  ,1.917125011424e-03  ,5.467466444458e+01  ,5.588974383921e-04  
  8.142489340026e-04  ,1.421851909295e-03  ,5.588083718707e+01  ,5.264362538727e-04  
  8.160220052916e-04  ,1.581065964463e-03  ,5.810807877977e+01  ,4.651842925992e-04  
  8.195681478697e-04  ,9.469548113277e-04  ,6.180853905679e+01  ,3.494390009201e-04  
  8.220000000200e-04  ,1.005832571076e-03  ,6.375946465387e+01  ,2.786422668396e-04  
  8.220010000180e-04  ,5.776495933681e-01  ,6.376030092964e+01  ,-1.012392734343e-03  
  8.220018848676e-04  ,1.095288434917e+00  ,6.376104443674e+01  ,-2.188179549307e-03  
  8.220036545667e-04  ,2.160331311926e+00  ,6.376252831263e+01  ,-4.505317370947e-03  
  8.220071939650e-04  ,4.412688413526e+00  ,6.376547920602e+01  ,-8.959723999406e-03  
  8.220100000200e-04  ,6.311349928271e+00  ,6.376780321398e+01  ,-1.232638632208e-02  
  8.220107078997e-04  ,6.403656710410e+00  ,6.376829428539e+01  ,-1.224683613528e-02  
  8.220121236962e-04  ,6.584393668442e+00  ,6.376926585306e+01  ,-1.198664780110e-02  
  8.220149552894e-04  ,6.936786709592e+00  ,6.377120912375e+01  ,-1.147341534905e-02  
  8.220206184757e-04  ,7.600940541518e+00  ,6.377509911537e+01  ,-1.050563787694e-02  
  8.220319448483e-04  ,8.774094292235e+00  ,6.378289155793e+01  ,-8.796604922114e-03  
  8.220433546675e-04  ,9.771569405092e+00  ,6.379075493943e+01  ,-7.343459162282e-03  
  8.220513923538e-04  ,9.973396412621e+00  ,4.110180520205e+01  ,9.859013479390e+00  
  8.220590649617e-04  ,1.000018579238e+01  ,1.073612134622e+01  ,9.859183939692e+00  
  8.220633848083e-04  ,1.018784925345e+01  ,3.400732635886e+00  ,9.860100340454e+00  
  8.220674818826e-04  ,1.046834009864e+01  ,2.662415910726e+00  ,9.861180601925e+00  
  8.220698027385e-04  ,1.062567348525e+01  ,2.744556353573e+00  ,9.861829642262e+00  
  8.220727308166e-04  ,1.081621785574e+01  ,2.800134520639e+00  ,9.862652293078e+00  
  8.220785869730e-04  ,1.117227919360e+01  ,2.809863408046e+00  ,9.864299390383e+00  
  8.220902992857e-04  ,1.179668395185e+01  ,2.799302302682e+00  ,9.867601493993e+00  
  8.221025003565e-04  ,1.234220690503e+01  ,2.803536654553e+00  ,9.871041813035e+00  
  8.221269024980e-04  ,1.317231663097e+01  ,2.805762661351e+00  ,9.877922105425e+00  
  8.221757067812e-04  ,1.415978925703e+01  ,2.808134812756e+00  ,9.891681500046e+00  
  8.222733153475e-04  ,1.497343158341e+01  ,2.816004497674e+00  ,9.919195039975e+00  
  8.224015368593e-04  ,1.499968310418e+01  ,2.826275084841e+00  ,9.955326401146e+00  
  8.226258649004e-04  ,1.500015199680e+01  ,2.844188243924e+00  ,1.001850787237e+01  
  8.228648556841e-04  ,1.500013405555e+01  ,2.863297328249e+00  ,1.008577482514e+01  
  8.233428372515e-04  ,1.500024151939e+01  ,2.901452963901e+00  ,1.022017191142e+01  
  8.242988003862e-04  ,1.500030203866e+01  ,2.977609010147e+00  ,1.048841981693e+01  
  8.262107266558e-04  ,1.500041533121e+01  ,3.129302633296e+00  ,1.102273713674e+01  
  8.300345791948e-04  ,1.499971782745e+01  ,3.430233406396e+00  ,1.208271793161e+01  
  8.320100000200e-04  ,1.500000643683e+01  ,3.584420890311e+00  ,1.262582010968e+01  
  8.320110000180e-04  ,1.442269937331e+01  ,3.584351530773e+00  ,1.262609425757e+01  
  8.320130001264e-04  ,1.321498933812e+01  ,3.584120371198e+00  ,1.262664250808e+01  
  8.320170003431e-04  ,1.067364762900e+01  ,3.583676373901e+00  ,1.262773932086e+01  
  8.320200000200e-04  ,8.648717456851e+00  ,3.583403742238e+00  ,1.262856172558e+01  
  8.320208000633e-04  ,8.545026196066e+00  ,3.583458234247e+00  ,1.262878102845e+01  
  8.320224000755e-04  ,8.340140412643e+00  ,3.583654022735e+00  ,1.262921973393e+01  
  8.320256000999e-04  ,7.944933722721e+00  ,3.584179885666e+00  ,1.263009711453e+01  
  8.320320001486e-04  ,7.209403993130e+00  ,3.585274268932e+00  ,1.263185164463e+01  
  8.320448002461e-04  ,5.933606063513e+00  ,3.588227863291e+00  ,1.263536056554e+01  
  8.320587268713e-04  ,4.792678375062e+00  ,3.598079481781e+00  ,1.263917725939e+01  
  8.320676452163e-04  ,4.356502968048e+00  ,1.398120965838e+01  ,1.264097977914e+01  
  8.320760166887e-04  ,4.341960169508e+00  ,4.351242552739e+01  ,1.264104063843e+01  
  8.320822952929e-04  ,4.134621882138e+00  ,5.281971138178e+01  ,3.880861359981e-02  
  8.320855668429e-04  ,3.936726367951e+00  ,5.284903971254e+01  ,-2.060473744143e-01  
  8.320881294701e-04  ,3.786556864892e+00  ,5.283188771438e+01  ,-1.728631096115e-03  
  8.320909051839e-04  ,3.630553206025e+00  ,5.283500277673e+01  ,7.841365812592e-03  
  8.320964566115e-04  ,3.337263537417e+00  ,5.284346921160e+01  ,5.600457299202e-03  
  8.321075594667e-04  ,2.818065337780e+00  ,5.286007567769e+01  ,4.700073479670e-03  
  8.321297651771e-04  ,2.006236651014e+00  ,5.289325975216e+01  ,3.534124114006e-03  
  8.321741765979e-04  ,9.667598091700e-01  ,5.295944506536e+01  ,2.008823207473e-03  
  8.322167402748e-04  ,4.466047773620e-01  ,5.302267429621e+01  ,1.249197132750e-03  
  8.322645133975e-04  ,2.100020932648e-01  ,5.309343405472e+01  ,9.026313619209e-04  
  8.323345011714e-04  ,6.560003198391e-02  ,5.319675905203e+01  ,6.895706934779e-04  
  8.323979920391e-04  ,2.410617619814e-02  ,5.329015963448e+01  ,6.267427596016e-04  
  8.325249737743e-04  ,-3.277849082679e-03  ,5.347603491559e+01  ,5.820921370368e-04  
  8.326841420177e-04  ,-5.037894368744e-03  ,5.370728689337e+01  ,5.736149102923e-04  
  8.330024785045e-04  ,-3.851110877325e-04  ,5.416398147177e+01  ,5.686423053211e-04  
  8.335507458690e-04  ,2.946971657836e-03  ,5.493229442388e+01  ,5.535835052289e-04  
  8.346472805980e-04  ,5.511112090628e-04  ,5.639889904483e+01  ,5.110035254817e-04  
  8.368403500560e-04  ,2.245493697670e-03  ,5.904746859195e+01  ,4.387625342124e-04  
  8.412264889720e-04  ,8.426921657154e-05  ,6.318650345144e+01  ,2.975953843121e-04  
  8.420000000200e-04  ,1.475243066067e-03  ,6.375526965416e+01  ,2.805087130430e-04  
  8.420010000180e-04  ,5.781120254157e-01  ,6.375610630360e+01  ,-1.011005014918e-03  
  8.420018844019e-04  ,1.095469113062e+00  ,6.375684979152e+01  ,-2.187001773683e-03  
  8.420036531698e-04  ,2.159916970821e+00  ,6.375833344582e+01  ,-4.502777528309e-03  
  8.420071907054e-04  ,4.410959390216e+00  ,6.376128394947e+01  ,-8.954995029217e-03  
  8.420100000200e-04  ,6.311750502533e+00  ,6.376361157758e+01  ,-1.232568109637e-02  
  8.420107075271e-04  ,6.404004974240e+00  ,6.376410262423e+01  ,-1.224620842611e-02  
  8.420121225787e-04  ,6.584641509079e+00  ,6.376507414286e+01  ,-1.198616660339e-02  
  8.420149526817e-04  ,6.936843405575e+00  ,6.376701731051e+01  ,-1.147321272823e-02  
  8.420206128878e-04  ,7.600657479320e+00  ,6.377090709532e+01  ,-1.050593115453e-02  
  8.420319332999e-04  ,8.773285070393e+00  ,6.377869911235e+01  ,-8.797664426142e-03  
  8.420433356685e-04  ,9.770283743386e+00  ,6.378656105281e+01  ,-7.345212434403e-03  
  8.420513673944e-04  ,9.973339230735e+00  ,4.118845228887e+01  ,9.860188136232e+00  
  8.420590340418e-04  ,1.000006272078e+01  ,1.084310375429e+01  ,9.860353734829e+00  
  8.420633628291e-04  ,1.018656817610e+01  ,3.407870539188e+00  ,9.861270474789e+00  
  8.420674762947e-04  ,1.046815792516e+01  ,2.661323672297e+00  ,9.862352197004e+00  
  8.420697941703e-04  ,1.062530897456e+01  ,2.744440696859e+00  ,9.863000445727e+00  
  8.420727129352e-04  ,1.081528167639e+01  ,2.800438802970e+00  ,9.863820499478e+00  
  8.420785504651e-04  ,1.117033737552e+01  ,2.810257389418e+00  ,9.865462327303e+00  
  8.420902255249e-04  ,1.179479745924e+01  ,2.805180221531e+00  ,9.868750540362e+00  
  8.421098712159e-04  ,1.263325998768e+01  ,2.804592496941e+00  ,9.874287417743e+00  
  8.421491625977e-04  ,1.371995049335e+01  ,2.807133127325e+00  ,9.885365288223e+00  
  8.422277453614e-04  ,1.476057032469e+01  ,2.812797454294e+00  ,9.907517748642e+00  
  8.423415544701e-04  ,1.515388589114e+01  ,2.821728871937e+00  ,9.939592139262e+00  
  8.425160053444e-04  ,1.514396511994e+01  ,2.835685981959e+00  ,9.988737072590e+00  
  8.427543523980e-04  ,1.495866106959e+01  ,2.854818013401e+00  ,1.005584306766e+01  
  8.432281377983e-04  ,1.502342504149e+01  ,2.892621695337e+00  ,1.018910123279e+01  
  8.437089803887e-04  ,1.500781346122e+01  ,2.930972365899e+00  ,1.032416136004e+01  
  8.446706655693e-04  ,1.499416787303e+01  ,3.007509263868e+00  ,1.059372900679e+01  
  8.465940359307e-04  ,1.500518659948e+01  ,3.159940586656e+00  ,1.113066236772e+01  
  8.504407766533e-04  ,1.500044153949e+01  ,3.462334617070e+00  ,1.219579060991e+01  
  8.520100000200e-04  ,1.499969812488e+01  ,3.584743904245e+00  ,1.262695765240e+01  
  8.520110000180e-04  ,1.442186386897e+01  ,3.584674773571e+00  ,1.262723179656e+01  
  8.520130001264e-04  ,1.321417843503e+01  ,3.584443697706e+00  ,1.262778004330e+01  
  8.520170003431e-04  ,1.067288419889e+01  ,3.583999734019e+00  ,1.262887684093e+01  
  8.520200000200e-04  ,8.647987989067e+00  ,3.583727108194e+00  ,1.262969923594e+01  
  8.520208000633e-04  ,8.544305474329e+00  ,3.583781613945e+00  ,1.262991853620e+01  
  8.520224000755e-04  ,8.339436972473e+00  ,3.583977427316e+00  ,1.263035723653e+01  
  8.520256000999e-04  ,7.944263617367e+00  ,3.584503339315e+00  ,1.263123460682e+01  
  8.520320001486e-04  ,7.208795929071e+00  ,3.585597871414e+00  ,1.263298911618e+01  
  8.520448002461e-04  ,5.933105621679e+00  ,3.588552279726e+00  ,1.263649799560e+01  
  8.520587253812e-04  ,4.792385289223e+00  ,3.598410579791e+00  ,1.264031423529e+01  
  8.520676422361e-04  ,4.356495834186e+00  ,1.399038433237e+01  ,1.264211568905e+01  
  8.520760122183e-04  ,4.341976680283e+00  ,4.351791184771e+01  ,1.264217609043e+01  
  8.520822878424e-04  ,4.134662128824e+00  ,5.281582483293e+01  ,3.859056452515e-02  
  8.520855582747e-04  ,3.936829535514e+00  ,5.284512180974e+01  ,-2.059635935346e-01  
  8.520871277395e-04  ,3.843961174006e+00  ,5.282680770622e+01  ,-4.137878234306e-03  
  8.520902666691e-04  ,3.665351547050e+00  ,5.282998242453e+01  ,1.013907900626e-02  
  8.520965445283e-04  ,3.332229624381e+00  ,5.283976080136e+01  ,5.649119752805e-03  
  8.521091002468e-04  ,2.753123242533e+00  ,5.285859799275e+01  ,4.426952750446e-03  
  8.521342116836e-04  ,1.872834663741e+00  ,5.289608544442e+01  ,3.517007421816e-03  
  8.521735090259e-04  ,9.863543044339e-01  ,5.295466963615e+01  ,2.038250438458e-03  
  8.522181171421e-04  ,4.424158863019e-01  ,5.302094836696e+01  ,1.243074044935e-03  
  8.522636193279e-04  ,1.762412811436e-01  ,5.308836290261e+01  ,8.536007638057e-04  
  8.523327368740e-04  ,5.623872389825e-02  ,5.319042844170e+01  ,6.761411775292e-04  
  8.524138230327e-04  ,4.608610358621e-03  ,5.330969458374e+01  ,5.978691046861e-04  
  8.525101202968e-04  ,-7.863083208617e-03  ,5.345067911138e+01  ,5.761035541573e-04  
  8.527027148250e-04  ,-5.376403887006e-03  ,5.373052647360e+01  ,5.725688258991e-04  
  8.529933947566e-04  ,4.389399584649e-03  ,5.414753162776e+01  ,5.761037478001e-04  
  8.535747546199e-04  ,3.331119700127e-03  ,5.496204341484e+01  ,5.533128809441e-04  
  8.547374743465e-04  ,2.215219061384e-04  ,5.651233300078e+01  ,5.075747957070e-04  
  8.569381731990e-04  ,2.521950229646e-03  ,5.915436926555e+01  ,4.360084981987e-04  
  8.613395709041e-04  ,-1.954361158967e-04  ,6.327170236461e+01  ,2.940103897503e-04  
  8.620000000200e-04  ,1.619711831380e-03  ,6.375449212794e+01  ,2.807652819987e-04  
  8.620010000180e-04  ,5.782543417858e-01  ,6.375532907582e+01  ,-1.010676155763e-03  
  8.620018843088e-04  ,1.095554420976e+00  ,6.375607275817e+01  ,-2.186571220897e-03  
  8.620036528904e-04  ,2.159881986478e+00  ,6.375755679786e+01  ,-4.502110633829e-03  
  8.620071900535e-04  ,4.410658998933e+00  ,6.376050807657e+01  ,-8.953899867299e-03  
  8.620100000200e-04  ,6.312658711171e+00  ,6.376283700541e+01  ,-1.232424103336e-02  
  8.620107074526e-04  ,6.404893933182e+00  ,6.376332821965e+01  ,-1.224480458775e-02  
  8.620121223179e-04  ,6.587405749614e+00  ,6.376430018169e+01  ,-1.198499319887e-02  
  8.620149520484e-04  ,6.940974153699e+00  ,6.376624355035e+01  ,-1.146708981361e-02  
  8.620206115094e-04  ,7.604364482089e+00  ,6.377013459573e+01  ,-1.050049214152e-02  
  8.620319304315e-04  ,8.776262012870e+00  ,6.377792912162e+01  ,-8.793194547298e-03  
  8.620433328000e-04  ,9.772783149661e+00  ,6.378579462564e+01  ,-7.341462285225e-03  
  8.620513660160e-04  ,9.973450843108e+00  ,4.105704302857e+01  ,9.861632835764e+00  
  8.620590356437e-04  ,1.000023462914e+01  ,1.070358312911e+01  ,9.861804066865e+00  
  8.620633487848e-04  ,1.018798612658e+01  ,3.399910050385e+00  ,9.862720961097e+00  
  8.620674369184e-04  ,1.046788397192e+01  ,2.663626715338e+00  ,9.863799354909e+00  
  8.620697562841e-04  ,1.062513096822e+01  ,2.745396625570e+00  ,9.864447972080e+00  
  8.620726847348e-04  ,1.081572161786e+01  ,2.800873299708e+00  ,9.865270706545e+00  
  8.620785416362e-04  ,1.117186860787e+01  ,2.810595696019e+00  ,9.866917976457e+00  
  8.620902554390e-04  ,1.179641355172e+01  ,2.800057580209e+00  ,9.870220413601e+00  
  8.621024714110e-04  ,1.234259530989e+01  ,2.804282658521e+00  ,9.873664842937e+00  
  8.621269033549e-04  ,1.317343890231e+01  ,2.806507746446e+00  ,9.880553355986e+00  
  8.621757672426e-04  ,1.416118460728e+01  ,2.808887013924e+00  ,9.894329189211e+00  
  8.622734950182e-04  ,1.497430100391e+01  ,2.816765178100e+00  ,9.921875592684e+00  
  8.624017165301e-04  ,1.499969526600e+01  ,2.827035771515e+00  ,9.958005978493e+00  
  8.626263068316e-04  ,1.500014903424e+01  ,2.844969505959e+00  ,1.002125958331e+01  
  8.628653452990e-04  ,1.500013148256e+01  ,2.864081824808e+00  ,1.008853808586e+01  
  8.633434222338e-04  ,1.500023535575e+01  ,2.902244005172e+00  ,1.022295822108e+01  
  8.642995761034e-04  ,1.500029382494e+01  ,2.978413082165e+00  ,1.049125202191e+01  
  8.662118838427e-04  ,1.500040330477e+01  ,3.130132537484e+00  ,1.102566032600e+01  
  8.700364993212e-04  ,1.499972904436e+01  ,3.431114054811e+00  ,1.208581989843e+01  
  8.720100000200e-04  ,1.500000704058e+01  ,3.585147169146e+00  ,1.262837831627e+01  
  8.720110000180e-04  ,1.442272266863e+01  ,3.585077795836e+00  ,1.262865245690e+01  
  8.720130001264e-04  ,1.321501194750e+01  ,3.584846629276e+00  ,1.262920069287e+01  
  8.720170003431e-04  ,1.067366891492e+01  ,3.584402636513e+00  ,1.263029747661e+01  
  8.720200000200e-04  ,8.648737796166e+00  ,3.584130020523e+00  ,1.263111985954e+01  
  8.720208000633e-04  ,8.545046291680e+00  ,3.584184522072e+00  ,1.263133915659e+01  
  8.720224000755e-04  ,8.340160026715e+00  ,3.584380328516e+00  ,1.263177785046e+01  
  8.720256000999e-04  ,7.944952407884e+00  ,3.584906219405e+00  ,1.263265520783e+01  
  8.720320001486e-04  ,7.209420949775e+00  ,3.586000674691e+00  ,1.263440969143e+01  
  8.720448002461e-04  ,5.933620024634e+00  ,3.588954574248e+00  ,1.263791851933e+01  
  8.720587268713e-04  ,4.792689678604e+00  ,3.598807859701e+00  ,1.264173511184e+01  
  8.720676452163e-04  ,4.356519599347e+00  ,1.398235261337e+01  ,1.264353747525e+01  
  8.720760166887e-04  ,4.341975412026e+00  ,4.351360341459e+01  ,1.264359825046e+01  
  8.720822945479e-04  ,4.134597420026e+00  ,5.281570487779e+01  ,3.852175021843e-02  
  8.720855657253e-04  ,3.936724048421e+00  ,5.284499723648e+01  ,-2.059694381828e-01  
  8.720881283525e-04  ,3.786554748084e+00  ,5.282785437267e+01  ,-1.724534181193e-03  
  8.720909040663e-04  ,3.630551190279e+00  ,5.283097155612e+01  ,7.840970907848e-03  
  8.720964554939e-04  ,3.337261720118e+00  ,5.283944126022e+01  ,5.600655877801e-03  
  8.721075583491e-04  ,2.818063898732e+00  ,5.285605439220e+01  ,4.700329515871e-03  
  8.721297640595e-04  ,2.006235834875e+00  ,5.288925182419e+01  ,3.534375752800e-03  
  8.721741754803e-04  ,9.667597905055e-01  ,5.295546384479e+01  ,2.009077968724e-03  
  8.722167391572e-04  ,4.466051576481e-01  ,5.301871866398e+01  ,1.249451990389e-03  
  8.722645122800e-04  ,2.100026548655e-01  ,5.308950713288e+01  ,9.028859392331e-04  
  8.723345000539e-04  ,6.560070401216e-02  ,5.319287417182e+01  ,6.898246444693e-04  
  8.723979909215e-04  ,2.410687970780e-02  ,5.328631287313e+01  ,6.269960494474e-04  
  8.725249726567e-04  ,-3.277125300170e-03  ,5.347226433302e+01  ,5.823440499838e-04  
  8.726841170582e-04  ,-5.036762264032e-03  ,5.370357717611e+01  ,5.738665640648e-04  
  8.730024058614e-04  ,-3.844321647546e-04  ,5.416039482979e+01  ,5.688916215229e-04  
  8.735505778584e-04  ,2.947613557088e-03  ,5.492890563100e+01  ,5.538305064075e-04  
  8.746469218526e-04  ,5.519603710877e-04  ,5.639592476837e+01  ,5.112465591369e-04  
  8.768396098408e-04  ,2.246130340298e-03  ,5.904539559197e+01  ,4.389978795138e-04  
  8.812249858174e-04  ,8.515749117176e-05  ,6.318649005350e+01  ,2.978189923915e-04  
  8.820000000200e-04  ,1.476179865967e-03  ,6.375680628722e+01  ,2.806848968441e-04  
  8.820010000180e-04  ,5.781129572957e-01  ,6.375764344360e+01  ,-1.010830888402e-03  
  8.820018844019e-04  ,1.095470040634e+00  ,6.375838737961e+01  ,-2.186827522646e-03  
  8.820036531698e-04  ,2.159917889938e+00  ,6.375987193014e+01  ,-4.502603312503e-03  
  8.820071907054e-04  ,4.410960293072e+00  ,6.376282422622e+01  ,-8.954820818683e-03  
  8.820100000200e-04  ,6.311751393152e+00  ,6.376515327779e+01  ,-1.232550688780e-02  
  8.820107075271e-04  ,6.404005861869e+00  ,6.376564468347e+01  ,-1.224603332809e-02  
  8.820121225787e-04  ,6.584642390856e+00  ,6.376661692040e+01  ,-1.198599143055e-02  
  8.820149526817e-04  ,6.936844275941e+00  ,6.376856152459e+01  ,-1.147303757952e-02  
  8.820206128878e-04  ,7.600658328174e+00  ,6.377245418216e+01  ,-1.050575610773e-02  
  8.820319332999e-04  ,8.773285881222e+00  ,6.378025194319e+01  ,-8.797489504343e-03  
  8.820433356685e-04  ,9.770284521851e+00  ,6.378811966715e+01  ,-7.345037655501e-03  
  8.820513673944e-04  ,9.973353393570e+00  ,4.119111976327e+01  ,9.862858640564e+00  
  8.820590340418e-04  ,1.000007616443e+01  ,1.084579957415e+01  ,9.863024108536e+00  
  8.820633628291e-04  ,1.018654775201e+01  ,3.408740551204e+00  ,9.863940846584e+00  
  8.820674770397e-04  ,1.046818748880e+01  ,2.662020288787e+00  ,9.865022657685e+00  
  8.820697949154e-04  ,1.062533807107e+01  ,2.745192630577e+00  ,9.865670891145e+00  
  8.820727133078e-04  ,1.081528596206e+01  ,2.801200912928e+00  ,9.866490818245e+00  
  8.820785500926e-04  ,1.117029784162e+01  ,2.811017935055e+00  ,9.868132392112e+00  
  8.820902236623e-04  ,1.179312597863e+01  ,2.800348755774e+00  ,9.871423441082e+00  
  8.821023412866e-04  ,1.233580819446e+01  ,2.804615341535e+00  ,9.874840100775e+00  
  8.821265765351e-04  ,1.316310906013e+01  ,2.806840627401e+00  ,9.881673076092e+00  
  8.821750470323e-04  ,1.415059292472e+01  ,2.809171910927e+00  ,9.895337853374e+00  
  8.822719880265e-04  ,1.496846460979e+01  ,2.816990788591e+00  ,9.922662237039e+00  
  8.824000664872e-04  ,1.499959598479e+01  ,2.827247896529e+00  ,9.958752033441e+00  
  8.826229640168e-04  ,1.500017323716e+01  ,2.845045588099e+00  ,1.002152856420e+01  
  8.828611918611e-04  ,1.500015241790e+01  ,2.864093374652e+00  ,1.008857880887e+01  
  8.833376475495e-04  ,1.500028559371e+01  ,2.902126201931e+00  ,1.022254335377e+01  
  8.842905589265e-04  ,1.500036078894e+01  ,2.978037633677e+00  ,1.048992967022e+01  
  8.861963816804e-04  ,1.500050137091e+01  ,3.129245980452e+00  ,1.102253772378e+01  
  8.900080271882e-04  ,1.499963761814e+01  ,3.429221938239e+00  ,1.207915505777e+01  
  8.920100000200e-04  ,1.500000216553e+01  ,3.585481725083e+00  ,1.262955672792e+01  
  8.920110000180e-04  ,1.442252821424e+01  ,3.585412410952e+00  ,1.262983086520e+01  
  8.920130001264e-04  ,1.321482321880e+01  ,3.585181265395e+00  ,1.263037909444e+01  
  8.920170003431e-04  ,1.067349123511e+01  ,3.584737283235e+00  ,1.263147586483e+01  
  8.920200000200e-04  ,8.648568020817e+00  ,3.584464674056e+00  ,1.263229823772e+01  
  8.920208000633e-04  ,8.544878551931e+00  ,3.584519182332e+00  ,1.263251753209e+01  
  8.920224000755e-04  ,8.339996309164e+00  ,3.584715001166e+00  ,1.263295622061e+01  
  8.920256000999e-04  ,7.944796448825e+00  ,3.585240913815e+00  ,1.263383356728e+01  
  8.920320001486e-04  ,7.209279430598e+00  ,3.586335430614e+00  ,1.263558802945e+01  
  8.920448002461e-04  ,5.933503555157e+00  ,3.589289635266e+00  ,1.263909681448e+01  
  8.920587253812e-04  ,4.792706622814e+00  ,3.599142953348e+00  ,1.264291295194e+01  
  8.920676437262e-04  ,4.356527938169e+00  ,1.398225813267e+01  ,1.264471530535e+01  
  8.920760137084e-04  ,4.341982842354e+00  ,4.350807623337e+01  ,1.264477631186e+01  
  8.920822923127e-04  ,4.134686835710e+00  ,5.281756672323e+01  ,3.898583941838e-02  
  8.920855634901e-04  ,3.936810822095e+00  ,5.284691893042e+01  ,-2.060864054410e-01  
  8.920871329549e-04  ,3.843942735009e+00  ,5.282859381071e+01  ,-4.144623327235e-03  
  8.920902718845e-04  ,3.665334023849e+00  ,5.283176910204e+01  ,1.014170035823e-02  
  8.920965497437e-04  ,3.332213796736e+00  ,5.284155077196e+01  ,5.649390834262e-03  
  8.921091054622e-04  ,2.751514715943e+00  ,5.286034545310e+01  ,4.594360454936e-03  
  8.921342168990e-04  ,1.861872800796e+00  ,5.289785751247e+01  ,3.314442999581e-03  
  8.921753679458e-04  ,9.415098625693e-01  ,5.295918570006e+01  ,1.972282666273e-03  
  8.922213588897e-04  ,4.554959356667e-01  ,5.302752294526e+01  ,1.262285946558e-03  
  8.922694538775e-04  ,1.918287885572e-01  ,5.309878362429e+01  ,8.762750574016e-04  
  8.923243616763e-04  ,8.007955888966e-02  ,5.317989996000e+01  ,7.113738755505e-04  
  8.924130533877e-04  ,6.892841706639e-03  ,5.331042893698e+01  ,6.014037829014e-04  
  8.925078486148e-04  ,2.597336537413e-03  ,5.344927061773e+01  ,5.916123165907e-04  
  8.926974390689e-04  ,7.910983747708e-04  ,5.372490001437e+01  ,5.819261139633e-04  
  8.929190491382e-04  ,1.963063777769e-03  ,5.404360198603e+01  ,5.754777227059e-04  
  8.933622692767e-04  ,1.918242241924e-03  ,5.466969104596e+01  ,5.591529241687e-04  
  8.942487095538e-04  ,1.422297682861e-03  ,5.587627151437e+01  ,5.266855222828e-04  
  8.960215901080e-04  ,1.582048337707e-03  ,5.810435891059e+01  ,4.654247724460e-04  
  8.995673512164e-04  ,9.474758865663e-04  ,6.180661322065e+01  ,3.496628640817e-04  
  9.020000000200e-04  ,1.006677007927e-03  ,6.375957891746e+01  ,2.788278219336e-04  
  9.020010000180e-04  ,5.776504346795e-01  ,6.376041572352e+01  ,-1.012207818738e-03  
  9.020018848676e-04  ,1.095289273500e+00  ,6.376115969971e+01  ,-2.187994242544e-03  
  9.020036545667e-04  ,2.160332145154e+00  ,6.376264451388e+01  ,-4.505132169980e-03  
  9.020071939650e-04  ,4.412689236457e+00  ,6.376559728382e+01  ,-8.959538832867e-03  
  9.020100000200e-04  ,6.311350743419e+00  ,6.376792277956e+01  ,-1.232620116939e-02  
  9.020107078997e-04  ,6.403657523667e+00  ,6.376841422688e+01  ,-1.224665064138e-02  
  9.020121236962e-04  ,6.584394478002e+00  ,6.376938654650e+01  ,-1.198646228861e-02  
  9.020149552894e-04  ,6.936787511940e+00  ,6.377133132107e+01  ,-1.147322985528e-02  
  9.020206184757e-04  ,7.600941330270e+00  ,6.377522432014e+01  ,-1.050545246253e-02  
  9.020319448483e-04  ,8.774095056949e+00  ,6.378302277633e+01  ,-8.796419600150e-03  
  9.020433546675e-04  ,9.771570149339e+00  ,6.379089221397e+01  ,-7.343273954070e-03  
  9.020513923538e-04  ,9.973411033868e+00  ,4.110307954351e+01  ,9.861652913908e+00  
  9.020590649617e-04  ,1.000020095193e+01  ,1.073751482585e+01  ,9.861823346484e+00  
  9.020633848083e-04  ,1.018785217952e+01  ,3.401493600460e+00  ,9.862739730208e+00  
  9.020674818826e-04  ,1.046834255444e+01  ,2.663156092556e+00  ,9.863819933407e+00  
  9.020698027385e-04  ,1.062567597604e+01  ,2.745309528155e+00  ,9.864468957550e+00  
  9.020727308166e-04  ,1.081622022943e+01  ,2.800887522754e+00  ,9.865291585688e+00  
  9.020785869730e-04  ,1.117228132741e+01  ,2.810613277695e+00  ,9.866938638878e+00  
  9.020902992857e-04  ,1.179668573440e+01  ,2.800052109036e+00  ,9.870240654642e+00  
  9.021025018466e-04  ,1.234226962003e+01  ,2.804286316728e+00  ,9.873681302364e+00  
  9.021269069684e-04  ,1.317244530012e+01  ,2.806512195498e+00  ,9.880562252100e+00  
  9.021757172120e-04  ,1.415993642204e+01  ,2.808884761765e+00  ,9.894322961207e+00  
  9.022733376992e-04  ,1.497351887821e+01  ,2.816755127065e+00  ,9.921839128940e+00  
  9.024015592110e-04  ,1.499968432397e+01  ,2.827025469003e+00  ,9.957969527800e+00  
  9.026259110940e-04  ,1.500015169669e+01  ,2.844940064921e+00  ,1.002115602893e+01  
  9.028649018777e-04  ,1.500013379553e+01  ,2.864048635233e+00  ,1.008842118552e+01  
  9.033428834451e-04  ,1.500024089942e+01  ,2.902203252105e+00  ,1.022281468313e+01  
  9.042988465798e-04  ,1.500030121333e+01  ,2.978357264838e+00  ,1.049105542588e+01  
  9.062107728494e-04  ,1.500041412367e+01  ,3.130046837464e+00  ,1.102535847833e+01  
  9.100346253884e-04  ,1.499971895166e+01  ,3.430969573816e+00  ,1.208531096959e+01  
  9.120100000200e-04  ,1.500000649651e+01  ,3.585149345609e+00  ,1.262838598148e+01  
  9.120110000180e-04  ,1.442270167631e+01  ,3.585079978991e+00  ,1.262866012208e+01  
  9.120130001264e-04  ,1.321499157329e+01  ,3.584848814900e+00  ,1.262920835801e+01  
  9.120170003431e-04  ,1.067364973349e+01  ,3.584404823027e+00  ,1.263030514166e+01  
  9.120200000200e-04  ,8.648719468046e+00  ,3.584132207039e+00  ,1.263112752453e+01  
  9.120208000633e-04  ,8.545028183307e+00  ,3.584186708857e+00  ,1.263134682156e+01  
  9.120224000755e-04  ,8.340142352544e+00  ,3.584382515778e+00  ,1.263178551540e+01  
  9.120256000999e-04  ,7.944935571257e+00  ,3.584908407662e+00  ,1.263266287269e+01  
  9.120320001486e-04  ,7.209405671945e+00  ,3.586002866072e+00  ,1.263441735616e+01  
  9.120448002461e-04  ,5.933607450806e+00  ,3.588956783427e+00  ,1.263792618378e+01  
  9.120587268713e-04  ,4.792679526494e+00  ,3.598810293220e+00  ,1.264174277595e+01  
  9.120676452163e-04  ,4.356518941346e+00  ,1.398284222497e+01  ,1.264354510126e+01  
  9.120760166887e-04  ,4.341975877049e+00  ,4.351417297693e+01  ,1.264360585780e+01  
  9.120822952929e-04  ,4.134614773158e+00  ,5.281987906592e+01  ,3.869360414174e-02  
  9.120855668429e-04  ,3.936719248977e+00  ,5.284919375990e+01  ,-2.060145185336e-01  
  9.120881294701e-04  ,3.786550082213e+00  ,5.283204628415e+01  ,-1.726636067956e-03  
  9.120909051839e-04  ,3.630546725453e+00  ,5.283516298108e+01  ,7.841276257695e-03  
  9.120964566115e-04  ,3.337257623778e+00  ,5.284363223857e+01  ,5.600619291486e-03  
  9.121075594667e-04  ,2.818060435852e+00  ,5.286024440986e+01  ,4.700265439921e-03  
  9.121297651771e-04  ,2.006233340153e+00  ,5.289343991204e+01  ,3.534315872337e-03  
  9.121741765979e-04  ,9.667585353112e-01  ,5.295964806401e+01  ,2.009018616790e-03  
  9.122167402748e-04  ,4.466045225488e-01  ,5.302289916321e+01  ,1.249393597227e-03  
  9.122645193580e-04  ,2.099806330250e-01  ,5.309369226230e+01  ,9.027962127740e-04  
  9.123344952110e-04  ,6.560994720317e-02  ,5.319703553035e+01  ,6.897809985139e-04  
  9.123979979995e-04  ,2.410478643164e-02  ,5.329048615462e+01  ,6.269354996728e-04  
  9.125250035766e-04  ,-3.281856087985e-03  ,5.347646103345e+01  ,5.822788908712e-04  
  9.126841718200e-04  ,-5.038272480552e-03  ,5.370779368624e+01  ,5.738053685216e-04  
  9.130025083068e-04  ,-3.840151666611e-04  ,5.416464872457e+01  ,5.688317874933e-04  
  9.135507756713e-04  ,2.947265856067e-03  ,5.493323519423e+01  ,5.537666377604e-04  
  9.146473104003e-04  ,5.519269293499e-04  ,5.640037557841e+01  ,5.111774932962e-04  
  9.168403798583e-04  ,2.245826586613e-03  ,5.904996817283e+01  ,4.389178649114e-04  
  9.212265187744e-04  ,8.492740394824e-05  ,6.319083215375e+01  ,2.977206542720e-04  
  9.220000000200e-04  ,1.475542609428e-03  ,6.375986832021e+01  ,2.806319232956e-04  
  9.220010000180e-04  ,5.781123271450e-01  ,6.376070534118e+01  ,-1.010884966357e-03  
  9.220018844950e-04  ,1.095524538575e+00  ,6.376144923565e+01  ,-2.187005164457e-03  
  9.220036534491e-04  ,2.160088989195e+00  ,6.376293370213e+01  ,-4.503018137520e-03  
  9.220071913573e-04  ,4.411389703657e+00  ,6.376588582666e+01  ,-8.955673419386e-03  
  9.220100000200e-04  ,6.312535584770e+00  ,6.376821385422e+01  ,-1.232440867138e-02  
  9.220107076016e-04  ,6.404791336863e+00  ,6.376870521680e+01  ,-1.224494078593e-02  
  9.220121228394e-04  ,6.585434633599e+00  ,6.376967739181e+01  ,-1.198488908977e-02  
  9.220149533150e-04  ,6.937648550216e+00  ,6.377162187221e+01  ,-1.147191771129e-02  
  9.220206142661e-04  ,7.601480155826e+00  ,6.377551428250e+01  ,-1.050461069254e-02  
  9.220319361684e-04  ,8.774120219386e+00  ,6.378331154960e+01  ,-8.796325926950e-03  
  9.220433415172e-04  ,9.771227085726e+00  ,6.379117979932e+01  ,-7.343716376004e-03  
  9.220513747332e-04  ,9.973391079934e+00  ,4.114027246692e+01  ,9.862505902636e+00  
  9.220590443608e-04  ,1.000014606103e+01  ,1.078473775941e+01  ,9.862673867807e+00  
  9.220633679328e-04  ,1.018727168800e+01  ,3.404767216830e+00  ,9.863590671280e+00  
  9.220674717126e-04  ,1.046821183502e+01  ,2.662787549030e+00  ,9.864671348860e+00  
  9.220697907058e-04  ,1.062543007238e+01  ,2.745352968445e+00  ,9.865319871769e+00  
  9.220727143136e-04  ,1.081570286098e+01  ,2.801116013922e+00  ,9.866141250503e+00  
  9.220785615293e-04  ,1.117128710892e+01  ,2.810882794223e+00  ,9.867785770380e+00  
  9.220902559606e-04  ,1.179654935783e+01  ,2.805831762297e+00  ,9.871079369939e+00  
  9.221099791375e-04  ,1.263016539897e+01  ,2.804448119837e+00  ,9.876640246327e+00  
  9.221494254914e-04  ,1.372159311308e+01  ,2.808583232639e+00  ,9.887761589269e+00  
  9.222283181992e-04  ,1.476411323732e+01  ,2.813524400888e+00  ,9.910000855366e+00  
  9.223457512704e-04  ,1.516315203768e+01  ,2.822716606349e+00  ,9.943095576403e+00  
  9.225179371682e-04  ,1.497842395648e+01  ,2.836574372683e+00  ,9.991600954429e+00  
  9.226742920724e-04  ,1.497100833442e+01  ,2.849072919822e+00  ,1.003562608652e+01  
  9.229870018807e-04  ,1.501187162679e+01  ,2.874035888612e+00  ,1.012361778237e+01  
  9.236124214974e-04  ,1.499235398605e+01  ,2.923940128080e+00  ,1.029936716593e+01  
  9.247080025521e-04  ,1.499817226378e+01  ,3.011129122339e+00  ,1.060648568572e+01  
  9.268991646615e-04  ,1.500018712135e+01  ,3.184700634432e+00  ,1.121786759490e+01  
  9.312814888802e-04  ,1.499992943411e+01  ,3.528625216366e+00  ,1.242928825093e+01  
  9.320100000200e-04  ,1.500001353614e+01  ,3.585384585029e+00  ,1.262921465954e+01  
  9.320110000180e-04  ,1.442322953177e+01  ,3.585315058433e+00  ,1.262948879699e+01  
  9.320130001264e-04  ,1.321550388611e+01  ,3.585083834795e+00  ,1.263003703274e+01  
  9.320170003431e-04  ,1.067413205391e+01  ,3.584639825646e+00  ,1.263113380327e+01  
  9.320200000200e-04  ,8.649180331896e+00  ,3.584367213188e+00  ,1.263195617909e+01  
  9.320208000633e-04  ,8.545483521671e+00  ,3.584421712720e+00  ,1.263217547425e+01  
  9.320224000755e-04  ,8.340586772932e+00  ,3.584617515419e+00  ,1.263261416432e+01  
  9.320256000999e-04  ,7.945358931668e+00  ,3.585143393726e+00  ,1.263349151408e+01  
  9.320320001486e-04  ,7.209789836651e+00  ,3.586237803696e+00  ,1.263524598252e+01  
  9.320448002461e-04  ,5.933923624973e+00  ,3.589191402836e+00  ,1.263875478009e+01  
  9.320587268713e-04  ,4.792934818047e+00  ,3.599040036549e+00  ,1.264257134003e+01  
  9.320676452163e-04  ,4.356541818147e+00  ,1.397120216077e+01  ,1.264437457515e+01  
  9.320760166887e-04  ,4.341970453316e+00  ,4.350057139555e+01  ,1.264443616920e+01  
  9.320822967831e-04  ,4.134746370148e+00  ,5.281975541168e+01  ,3.951446110752e-02  
  9.320855683330e-04  ,3.936847484956e+00  ,5.284917611371e+01  ,-2.062268782866e-01  
  9.320871377978e-04  ,3.843978320461e+00  ,5.283083732776e+01  ,-4.153051056131e-03  
  9.320902767274e-04  ,3.665367975398e+00  ,5.283401113149e+01  ,1.014435559891e-02  
  9.320965545866e-04  ,3.332244696594e+00  ,5.284379233887e+01  ,5.649511432478e-03  
  9.321091103050e-04  ,2.753135772568e+00  ,5.286263424683e+01  ,4.426845484551e-03  
  9.321342217419e-04  ,1.872843326376e+00  ,5.290013097347e+01  ,3.517384412745e-03  
  9.321735190842e-04  ,9.863590739689e-01  ,5.295872976222e+01  ,2.038378228740e-03  
  9.322181212399e-04  ,4.424756456132e-01  ,5.302501615875e+01  ,1.243280763806e-03  
  9.322636293862e-04  ,1.762456345896e-01  ,5.309245634998e+01  ,8.537262996621e-04  
  9.323327469322e-04  ,5.624038714105e-02  ,5.319454735995e+01  ,6.762622337258e-04  
  9.324138330910e-04  ,4.609115280810e-03  ,5.331384328552e+01  ,5.979878271652e-04  
  9.325101303551e-04  ,-7.862859410727e-03  ,5.345486304632e+01  ,5.762211001830e-04  
  9.327027248833e-04  ,-5.376127700393e-03  ,5.373478042571e+01  ,5.726849225648e-04  
  9.329934524986e-04  ,4.390386404062e-03  ,5.415195800919e+01  ,5.762168674956e-04  
  9.335749077294e-04  ,-2.554933366696e-05  ,5.496682183089e+01  ,5.485784254259e-04  
  9.344784187767e-04  ,1.130085349467e-03  ,5.618090571584e+01  ,5.179073023473e-04  
  9.357344078514e-04  ,1.472094970296e-03  ,5.776205429099e+01  ,4.748692599402e-04  
  9.382463860008e-04  ,1.203144495060e-03  ,6.054733635306e+01  ,3.922057305683e-04  
  9.420000000200e-04  ,8.928270078076e-04  ,6.376085978036e+01  ,2.766824082272e-04  
  9.420010000180e-04  ,5.775382396237e-01  ,6.376169648591e+01  ,-1.013290964237e-03  
  9.420018849607e-04  ,1.095233691227e+00  ,6.376244041734e+01  ,-2.187929797895e-03  
  9.420036548461e-04  ,2.160396088536e+00  ,6.376392543222e+01  ,-4.505600667911e-03  
  9.420071946170e-04  ,4.413017126186e+00  ,6.376687854395e+01  ,-8.960489184316e-03  
  9.420100000200e-04  ,6.312036605081e+00  ,6.376920342180e+01  ,-1.232518693220e-02  
  9.420107079742e-04  ,6.404345711185e+00  ,6.376969492835e+01  ,-1.224564496993e-02  
  9.420121239570e-04  ,6.585091474322e+00  ,6.377066738854e+01  ,-1.198544608485e-02  
  9.420149559227e-04  ,6.937500518620e+00  ,6.377261244936e+01  ,-1.147219016647e-02  
  9.420206198541e-04  ,7.601679385863e+00  ,6.377650601740e+01  ,-1.050437558604e-02  
  9.420319477168e-04  ,8.774858853271e+00  ,6.378430561262e+01  ,-8.795305287976e-03  
  9.420433590260e-04  ,9.772332984032e+00  ,6.379217619187e+01  ,-7.342161640942e-03  
  9.420513982025e-04  ,9.973445460713e+00  ,4.105981042369e+01  ,9.861829909718e+00  
  9.420590737906e-04  ,1.000026651524e+01  ,1.068396956119e+01  ,9.862002694869e+00  
  9.420633891669e-04  ,1.018850049027e+01  ,3.398084509366e+00  ,9.862918930992e+00  
  9.420674773005e-04  ,1.046839131638e+01  ,2.663961666920e+00  ,9.863998249661e+00  
  9.420697992739e-04  ,1.062579233708e+01  ,2.745593250162e+00  ,9.864647562310e+00  
  9.420727321950e-04  ,1.081663695473e+01  ,2.800953798783e+00  ,9.865471534465e+00  
  9.420785980371e-04  ,1.117322662983e+01  ,2.810632534175e+00  ,9.867121314386e+00  
  9.420903297213e-04  ,1.179842563777e+01  ,2.800125423304e+00  ,9.870428787646e+00  
  9.421025754956e-04  ,1.234549348006e+01  ,2.804343284712e+00  ,9.873881612557e+00  
  9.421270670441e-04  ,1.317713851306e+01  ,2.806569466876e+00  ,9.880786915799e+00  
  9.421760501412e-04  ,1.416463715928e+01  ,2.808962878068e+00  ,9.894596323261e+00  
  9.422740163353e-04  ,1.497605128117e+01  ,2.816859383968e+00  ,9.922209847077e+00  
  9.424023093728e-04  ,1.499972644453e+01  ,2.827136263718e+00  ,9.958360262538e+00  
  9.426274241951e-04  ,1.500014128126e+01  ,2.845112028427e+00  ,1.002176132004e+01  
  9.428667487648e-04  ,1.500012490672e+01  ,2.864247028972e+00  ,1.008911997914e+01  
  9.433453979042e-04  ,1.500021963769e+01  ,2.902454633021e+00  ,1.022370010082e+01  
  9.443026961831e-04  ,1.500027290524e+01  ,2.978714183294e+00  ,1.049231257034e+01  
  9.462172927407e-04  ,1.500037268779e+01  ,3.130613107405e+00  ,1.102735301844e+01  
  9.500464858559e-04  ,1.500039391898e+01  ,3.431947395959e+00  ,1.208875632713e+01  
  9.520100000200e-04  ,1.499972823059e+01  ,3.585197240626e+00  ,1.262855440383e+01  
  9.520110000180e-04  ,1.442051268547e+01  ,3.585128540491e+00  ,1.262882854461e+01  
  9.520130001264e-04  ,1.321286703708e+01  ,3.584897622576e+00  ,1.262937677574e+01  
  9.520170003431e-04  ,1.067164957459e+01  ,3.584453716747e+00  ,1.263047356058e+01  
  9.520200000200e-04  ,8.646808288867e+00  ,3.584181100678e+00  ,1.263129594198e+01  
  9.520208000633e-04  ,8.543139918275e+00  ,3.584235627365e+00  ,1.263151523857e+01  
  9.520224000755e-04  ,8.338299364256e+00  ,3.584431478971e+00  ,1.263195393168e+01  
  9.520256000999e-04  ,7.943179918387e+00  ,3.584957467715e+00  ,1.263283128748e+01  
  9.520320001486e-04  ,7.207812563569e+00  ,3.586052233508e+00  ,1.263458576772e+01  
  9.520448002461e-04  ,5.932296303093e+00  ,3.589007928758e+00  ,1.263809458890e+01  
  9.520587253812e-04  ,4.791731844324e+00  ,3.598881531989e+00  ,1.264191076374e+01  
  9.520676437262e-04  ,4.356454044480e+00  ,1.402812985052e+01  ,1.264370948025e+01  
  9.520760137084e-04  ,4.342016741265e+00  ,4.356153137848e+01  ,1.264376721287e+01  
  9.520822863522e-04  ,4.134264836869e+00  ,5.282235393592e+01  ,3.616792855184e-02  
  9.520855567846e-04  ,3.936442735799e+00  ,5.285133691563e+01  ,-2.053071830778e-01  
  9.520871275533e-04  ,3.843508699096e+00  ,5.283308731483e+01  ,-4.091780099717e-03  
  9.520902690906e-04  ,3.664775181933e+00  ,5.283627281693e+01  ,1.012269594076e-02  
  9.520965521652e-04  ,3.331441018707e+00  ,5.284605863024e+01  ,5.647065074881e-03  
  9.521091183144e-04  ,2.752032660279e+00  ,5.286491358555e+01  ,4.426326001368e-03  
  9.521342506129e-04  ,1.871479094374e+00  ,5.290243702375e+01  ,3.514148610043e-03  
  9.521735181529e-04  ,9.861411875474e-01  ,5.296098395716e+01  ,2.037971952532e-03  
  9.522181203086e-04  ,4.424145676445e-01  ,5.302726214619e+01  ,1.243108801793e-03  
  9.522636344153e-04  ,1.762122942825e-01  ,5.309470279720e+01  ,8.535941001169e-04  
  9.523327638823e-04  ,5.621625024142e-02  ,5.319679865576e+01  ,6.761432475042e-04  
  9.524138738829e-04  ,4.593024768097e-03  ,5.331611457480e+01  ,5.978799247265e-04  
  9.525101949889e-04  ,-7.867647774027e-03  ,5.345715115981e+01  ,5.761290864796e-04  
  9.527028372008e-04  ,-5.373608993151e-03  ,5.373710112212e+01  ,5.726024111383e-04  
  9.529936124999e-04  ,4.389618109374e-03  ,5.415429060146e+01  ,5.761287554262e-04  
  9.535751630980e-04  ,-2.559048704678e-05  ,5.496917167680e+01  ,5.484897538117e-04  
  9.544793417174e-04  ,1.129913116876e-03  ,5.618394439095e+01  ,5.177974876275e-04  
  9.557357122618e-04  ,1.471726357263e-03  ,5.776523145530e+01  ,4.747506306263e-04  
  9.582484533507e-04  ,1.202747965850e-03  ,6.055056133412e+01  ,3.920715220623e-04  
  9.620000000200e-04  ,8.925974072563e-04  ,6.376133558427e+01  ,2.766232728256e-04  
  9.620010000180e-04  ,5.775380104390e-01  ,6.376217211608e+01  ,-1.013350644264e-03  
  9.620018849607e-04  ,1.095233462323e+00  ,6.376291589400e+01  ,-2.187992270449e-03  
  9.620036548461e-04  ,2.160395860169e+00  ,6.376440060122e+01  ,-4.505662474072e-03  
  9.620071946170e-04  ,4.413016898854e+00  ,6.376735309774e+01  ,-8.960550863090e-03  
  9.620100000200e-04  ,6.312036378532e+00  ,6.376967748799e+01  ,-1.232524861682e-02  
  9.620107079742e-04  ,6.404345484823e+00  ,6.377016887130e+01  ,-1.224570655984e-02  
  9.620121239570e-04  ,6.585091248327e+00  ,6.377114108499e+01  ,-1.198550765635e-02  
  9.620149559227e-04  ,6.937500293340e+00  ,6.377308565280e+01  ,-1.147225173448e-02  
  9.620206198541e-04  ,7.601679161934e+00  ,6.377697823491e+01  ,-1.050443713884e-02  
  9.620319477168e-04  ,8.774858631732e+00  ,6.378477585858e+01  ,-8.795366823731e-03  
  9.620433590260e-04  ,9.772332764533e+00  ,6.379264445221e+01  ,-7.342223150815e-03  
  9.620513982025e-04  ,9.973440735714e+00  ,4.105991390033e+01  ,9.861017939065e+00  
  9.620590737906e-04  ,1.000026116370e+01  ,1.068400275810e+01  ,9.861190695982e+00  
  9.620633891669e-04  ,1.018849118562e+01  ,3.397886842614e+00  ,9.862106944005e+00  
  9.620674773005e-04  ,1.046838219909e+01  ,2.663729995197e+00  ,9.863186264269e+00  
  9.620697992739e-04  ,1.062578350663e+01  ,2.745359228299e+00  ,9.863835582065e+00  
  9.620727321950e-04  ,1.081662852790e+01  ,2.800721822902e+00  ,9.864659561327e+00  
  9.620785980371e-04  ,1.117321893518e+01  ,2.810402034707e+00  ,9.866309354758e+00  
  9.620903297213e-04  ,1.179841919812e+01  ,2.799894614899e+00  ,9.869616855079e+00  
  9.621025754956e-04  ,1.234548814270e+01  ,2.804112661526e+00  ,9.873069708231e+00  
  9.621270670441e-04  ,1.317713484925e+01  ,2.806338971944e+00  ,9.879975067941e+00  
  9.621760501412e-04  ,1.416463548035e+01  ,2.808732378832e+00  ,9.893784588308e+00  
  9.622740163353e-04  ,1.497605123365e+01  ,2.816628993398e+00  ,9.921398337871e+00  
  9.624023093728e-04  ,1.499972644434e+01  ,2.826905959687e+00  ,9.957549048852e+00  
  9.626274241951e-04  ,1.500014128187e+01  ,2.844881869318e+00  ,1.002095062464e+01  
  9.628667487648e-04  ,1.500012490732e+01  ,2.864017027298e+00  ,1.008830983437e+01  
  9.633453979042e-04  ,1.500021963847e+01  ,2.902224943712e+00  ,1.022289105621e+01  
  9.643026961831e-04  ,1.500027290612e+01  ,2.978485117412e+00  ,1.049150572155e+01  
  9.662172927407e-04  ,1.500037268887e+01  ,3.130385283306e+00  ,1.102655054346e+01  
  9.700464858559e-04  ,1.500039392009e+01  ,3.431722035257e+00  ,1.208796252881e+01  
  9.720100000200e-04  ,1.499972823045e+01  ,3.584973132702e+00  ,1.262776501820e+01  
  9.720110000180e-04  ,1.442051268016e+01  ,3.584904434498e+00  ,1.262803916122e+01  
  9.720130001264e-04  ,1.321286703192e+01  ,3.584673517887e+00  ,1.262858739683e+01  
  9.720170003431e-04  ,1.067164956968e+01  ,3.584229610360e+00  ,1.262968419064e+01  
  9.720200000200e-04  ,8.646808284074e+00  ,3.583956989466e+00  ,1.263050657876e+01  
  9.720208000633e-04  ,8.543139913492e+00  ,3.584011513126e+00  ,1.263072587714e+01  
  9.720224000755e-04  ,8.338299359491e+00  ,3.584207359044e+00  ,1.263116457384e+01  
  9.720256000999e-04  ,7.943179913675e+00  ,3.584733338843e+00  ,1.263204193681e+01  
  9.720320001486e-04  ,7.207812558855e+00  ,3.585828081397e+00  ,1.263379643140e+01  
  9.720448002461e-04  ,5.932296297486e+00  ,3.588783676591e+00  ,1.263730528127e+01  
  9.720587253812e-04  ,4.791731830136e+00  ,3.598656689099e+00  ,1.264112148740e+01  
  9.720676437262e-04  ,4.356449153358e+00  ,1.402761131198e+01  ,1.264292026492e+01  
  9.720760137084e-04  ,4.342011898089e+00  ,4.356097509951e+01  ,1.264297803224e+01  
  9.720822863522e-04  ,4.134274374345e+00  ,5.282271606121e+01  ,3.624127941836e-02  
  9.720855567846e-04  ,3.936452049111e+00  ,5.285170793553e+01  ,-2.053256283954e-01  
  9.720871273670e-04  ,3.843528587435e+00  ,5.283345609989e+01  ,-4.093722206711e-03  
  9.720902685318e-04  ,3.664814830985e+00  ,5.283664025443e+01  ,1.012347451154e-02  
  9.720965508613e-04  ,3.331514828855e+00  ,5.284642398681e+01  ,5.647162712161e-03  
  9.721091155205e-04  ,2.750557603450e+00  ,5.286522602613e+01  ,4.592840591121e-03  
  9.721342448387e-04  ,1.860679296758e+00  ,5.290275298914e+01  ,3.312498016534e-03  
  9.721753660831e-04  ,9.413898088751e-01  ,5.296401749189e+01  ,1.971900133155e-03  
  9.722213570270e-04  ,4.554376826928e-01  ,5.303233328956e+01  ,1.261994109521e-03  
  9.722694520149e-04  ,1.918040627932e-01  ,5.310357154440e+01  ,8.760323626286e-04  
  9.723243717346e-04  ,8.005191643161e-02  ,5.318467986202e+01  ,7.111269720099e-04  
  9.724130753669e-04  ,6.880018956845e-03  ,5.331518491112e+01  ,6.011787430004e-04  
  9.725078944359e-04  ,2.594142106358e-03  ,5.345401705527e+01  ,5.914012374301e-04  
  9.726975325737e-04  ,7.925430840110e-04  ,5.372962635616e+01  ,5.817215594002e-04  
  9.729191903267e-04  ,1.962075955741e-03  ,5.404829159806e+01  ,5.752696717530e-04  
  9.733625058326e-04  ,1.917152180179e-03  ,5.467430242277e+01  ,5.589447976442e-04  
  9.742491368446e-04  ,1.422066322370e-03  ,5.588070737920e+01  ,5.264786750237e-04  
  9.760223988685e-04  ,1.581109037366e-03  ,5.810836845471e+01  ,4.652167239153e-04  
  9.795689229164e-04  ,9.470782184647e-04  ,6.180948097376e+01  ,3.494546711922e-04  
  9.820000000200e-04  ,1.005901248143e-03  ,6.375997703118e+01  ,2.786793539035e-04  
  9.820010000180e-04  ,5.776496629554e-01  ,6.376081341350e+01  ,-1.012356194190e-03  
  9.820018848676e-04  ,1.095288505282e+00  ,6.376155701491e+01  ,-2.188143700309e-03  
  9.820036545667e-04  ,2.160331383814e+00  ,6.376304107923e+01  ,-4.505281353157e-03  
  9.820071939650e-04  ,4.412688488416e+00  ,6.376599234952e+01  ,-8.959687940268e-03  
  9.820100000200e-04  ,6.311350005230e+00  ,6.376831665630e+01  ,-1.232635025537e-02  
  9.820107078997e-04  ,6.403656787896e+00  ,6.376880780320e+01  ,-1.224679980622e-02  
  9.820121236962e-04  ,6.584393746978e+00  ,6.376977952192e+01  ,-1.198661144365e-02  
  9.820149552894e-04  ,6.936786790199e+00  ,6.377172309469e+01  ,-1.147337899026e-02  
  9.820206184757e-04  ,7.600940626041e+00  ,6.377561369040e+01  ,-1.050560152960e-02  
  9.820319448483e-04  ,8.774094383645e+00  ,6.378340734079e+01  ,-8.796568581339e-03  
  9.820433546675e-04  ,9.771569502350e+00  ,6.379127193852e+01  ,-7.343422834941e-03  
  9.820513923538e-04  ,9.973399411360e+00  ,4.110256196358e+01  ,9.859594379710e+00  
  9.820590649617e-04  ,1.000018846954e+01  ,1.073687222559e+01  ,9.859764798862e+00  
  9.820633848083e-04  ,1.018784181733e+01  ,3.400935107103e+00  ,9.860681201990e+00  
  9.820674818826e-04  ,1.046833260147e+01  ,2.662575000488e+00  ,9.861761435043e+00  
  9.820698027385e-04  ,1.062566628169e+01  ,2.744719883513e+00  ,9.862410471968e+00  
  9.820727308166e-04  ,1.081621097916e+01  ,2.800299926973e+00  ,9.863233117912e+00  
  9.820785869730e-04  ,1.117227289608e+01  ,2.810028619933e+00  ,9.864880205429e+00  
  9.820902992857e-04  ,1.179825711381e+01  ,2.804999499963e+00  ,9.868178943719e+00  
  9.821100790871e-04  ,1.263350892294e+01  ,2.803630488562e+00  ,9.873755948684e+00  
  9.821496386898e-04  ,1.372580366219e+01  ,2.807766762802e+00  ,9.884909543439e+00  
  9.822287578953e-04  ,1.476724726712e+01  ,2.812731373920e+00  ,9.907213292727e+00  
  9.823462028873e-04  ,1.516335782995e+01  ,2.821926382617e+00  ,9.940312303160e+00  
  9.825187702549e-04  ,1.497821917395e+01  ,2.835815141576e+00  ,9.988926479485e+00  
  9.826752443683e-04  ,1.497094259797e+01  ,2.848323522906e+00  ,1.003298635786e+01  
  9.829881925953e-04  ,1.501190762691e+01  ,2.873306152907e+00  ,1.012104745550e+01  
  9.836140890491e-04  ,1.499232792782e+01  ,2.923249721811e+00  ,1.029693527935e+01  
  9.847113867176e-04  ,1.499816745924e+01  ,3.010577258787e+00  ,1.060454182517e+01  
  9.869059820545e-04  ,1.500018750631e+01  ,3.184423316041e+00  ,1.121689078423e+01  
  9.912951727283e-04  ,1.499992905987e+01  ,3.528886874719e+00  ,1.243020990125e+01  
  9.920100000200e-04  ,1.500001335891e+01  ,3.584580658439e+00  ,1.262638295225e+01  
  9.920110000180e-04  ,1.442322998522e+01  ,3.584511138795e+00  ,1.262665709773e+01  
  9.920130001264e-04  ,1.321550432621e+01  ,3.584279919818e+00  ,1.262720534962e+01  
  9.920170003431e-04  ,1.067413246804e+01  ,3.583835904584e+00  ,1.262830215225e+01  
  9.920200000200e-04  ,8.649180727314e+00  ,3.583563274811e+00  ,1.262912455219e+01  
  9.920208000633e-04  ,8.545483912174e+00  ,3.583617763490e+00  ,1.262934385379e+01  
  9.920224000755e-04  ,8.340587153715e+00  ,3.583813545795e+00  ,1.262978255671e+01  
  9.920256000999e-04  ,7.945359293786e+00  ,3.584339392024e+00  ,1.263065993219e+01  
  9.920320001486e-04  ,7.209790163671e+00  ,3.585433718671e+00  ,1.263241445210e+01  
  9.920448002461e-04  ,5.933923887929e+00  ,3.588386959055e+00  ,1.263592335262e+01  
  9.920587268713e-04  ,4.792934995818e+00  ,3.598233475810e+00  ,1.263974002478e+01  
  9.920676452163e-04  ,4.356524291655e+00  ,1.396933139408e+01  ,1.264154348024e+01  
  9.920760166887e-04  ,4.341953056083e+00  ,4.349856223613e+01  ,1.264160519317e+01  
  9.920822967831e-04  ,4.134758966105e+00  ,5.281977369457e+01  ,3.966589390507e-02  
  9.920855679605e-04  ,3.936881896742e+00  ,5.284921036437e+01  ,-2.062523208008e-01  
  9.920871372390e-04  ,3.844022711473e+00  ,5.283086805890e+01  ,-4.156163785110e-03  
  9.920902757961e-04  ,3.665430974822e+00  ,5.283403912983e+01  ,1.014512124260e-02  
  9.920965529102e-04  ,3.332339707826e+00  ,5.284381573159e+01  ,5.649498365353e-03  
  9.921091071385e-04  ,2.751681884074e+00  ,5.286259958654e+01  ,4.594309099614e-03  
  9.921342155952e-04  ,1.862076653772e+00  ,5.290008994222e+01  ,3.314461022244e-03  
  9.921753726024e-04  ,9.415144761749e-01  ,5.296139872559e+01  ,1.972011331312e-03  
  9.922213635463e-04  ,4.554977365186e-01  ,5.302970435355e+01  ,1.262011085887e-03  
  9.922694585342e-04  ,1.918290637516e-01  ,5.310093199107e+01  ,8.759986439045e-04  
  9.923243663329e-04  ,8.007918790247e-02  ,5.318201063319e+01  ,7.110972369701e-04  
  9.924130580443e-04  ,6.892048193569e-03  ,5.331247878872e+01  ,6.011277085197e-04  
  9.925078651923e-04  ,2.596204670617e-03  ,5.345127296028e+01  ,5.913365247640e-04  
  9.926974794883e-04  ,7.901385289874e-04  ,5.372680710266e+01  ,5.816521584504e-04  
  9.929190895576e-04  ,1.962278435171e-03  ,5.404535751541e+01  ,5.752068335973e-04  
  9.933623096961e-04  ,1.917462157805e-03  ,5.467114507266e+01  ,5.588876089139e-04  
  9.942487499732e-04  ,1.421470523706e-03  ,5.587712931924e+01  ,5.264306372864e-04  
  9.960216305274e-04  ,1.581296293342e-03  ,5.810405428442e+01  ,4.651894854248e-04  
  9.995673916358e-04  ,9.467485155141e-04  ,6.180412426135e+01  ,3.494610849824e-04  
  1.002000000020e-03  ,1.006045171209e-03  ,6.375568495865e+01  ,2.786449754678e-04  
  1.002001000018e-03  ,5.776498026105e-01  ,6.375652122518e+01  ,-1.012388226386e-03  
  1.002001884774e-03  ,1.095233518161e+00  ,6.375726464601e+01  ,-2.188051208007e-03  
  1.002003654287e-03  ,2.160159795329e+00  ,6.375874835036e+01  ,-4.504951893137e-03  
  1.002007193313e-03  ,4.412258578691e+00  ,6.376169890414e+01  ,-8.958920782942e-03  
  1.002010000020e-03  ,6.311349526863e+00  ,6.376402342837e+01  ,-1.232638235629e-02  
  1.002010707825e-03  ,6.403646700876e+00  ,6.376451444233e+01  ,-1.224684734708e-02  
  1.002012123435e-03  ,6.586280084947e+00  ,6.376548600421e+01  ,-1.198685799197e-02  
  1.002014954656e-03  ,6.940078109688e+00  ,6.376742857831e+01  ,-1.146862038156e-02  
  1.002020617097e-03  ,7.603877116279e+00  ,6.377131803637e+01  ,-1.050142604299e-02  
  1.002031941980e-03  ,8.776422603072e+00  ,6.377910940301e+01  ,-8.793184893764e-03  
  1.002043350309e-03  ,9.773403375261e+00  ,6.378697171160e+01  ,-7.340783280975e-03  
  1.002051387995e-03  ,9.973468910565e+00  ,4.100634893463e+01  ,9.858584247092e+00  
  1.002059062093e-03  ,1.000029855609e+01  ,1.063731347292e+01  ,9.858758756567e+00  
  1.002063370019e-03  ,1.018878028653e+01  ,3.394823443961e+00  ,9.859675101927e+00  
  1.002067448467e-03  ,1.046802923183e+01  ,2.663633316645e+00  ,9.860752808221e+00  
  1.002069770068e-03  ,1.062541391671e+01  ,2.744806736712e+00  ,9.861402036628e+00  
  1.002072704851e-03  ,1.081639197351e+01  ,2.800025172502e+00  ,9.862226557355e+00  
  1.002078574419e-03  ,1.117321959096e+01  ,2.809691788680e+00  ,9.863877446850e+00  
  1.002090313554e-03  ,1.180037284818e+01  ,2.804703936713e+00  ,9.867183787129e+00  
  1.002110203624e-03  ,1.263911640035e+01  ,2.803359271944e+00  ,9.872791939828e+00  
  1.002149983763e-03  ,1.373348980115e+01  ,2.807499167356e+00  ,9.884007820344e+00  
  1.002229544043e-03  ,1.477321217820e+01  ,2.812507665346e+00  ,9.906436101542e+00  
  1.002346989035e-03  ,1.516376008677e+01  ,2.821705699751e+00  ,9.939535373113e+00  
  1.002520319342e-03  ,1.497781086595e+01  ,2.835655804281e+00  ,9.988364807440e+00  
  1.002676984191e-03  ,1.497081697371e+01  ,2.848179432686e+00  ,1.003247863051e+01  
  1.002990313887e-03  ,1.501197362464e+01  ,2.873192569098e+00  ,1.012064747440e+01  
  1.003616973281e-03  ,1.499228072733e+01  ,2.923197202934e+00  ,1.029675021742e+01  
  1.004717322707e-03  ,1.499815844767e+01  ,3.010767387662e+00  ,1.060521151033e+01  
  1.006918021559e-03  ,1.500018817869e+01  ,3.185094249710e+00  ,1.121925404447e+01  
  1.011319419265e-03  ,1.499992840130e+01  ,3.530501535683e+00  ,1.243589729418e+01  
  1.012010000020e-03  ,1.500001302759e+01  ,3.584304893837e+00  ,1.262541161451e+01  
  1.012011000018e-03  ,1.442323080116e+01  ,3.584235376454e+00  ,1.262568576273e+01  
  1.012013000126e-03  ,1.321550511814e+01  ,3.584004159032e+00  ,1.262623402022e+01  
  1.012017000343e-03  ,1.067413321354e+01  ,3.583560141716e+00  ,1.262733083382e+01  
  1.012020000020e-03  ,8.649181439525e+00  ,3.583287505971e+00  ,1.262815324202e+01  
  1.012020800063e-03  ,8.545484615786e+00  ,3.583341990927e+00  ,1.262837254583e+01  
  1.012022400076e-03  ,8.340587840338e+00  ,3.583537766227e+00  ,1.262881125316e+01  
  1.012025600100e-03  ,7.945359947659e+00  ,3.584063601423e+00  ,1.262968863746e+01  
  1.012032000149e-03  ,7.209790756467e+00  ,3.585157899399e+00  ,1.263144317503e+01  
  1.012044800246e-03  ,5.933924373686e+00  ,3.588111016194e+00  ,1.263495211086e+01  
  1.012058726871e-03  ,4.792935376173e+00  ,3.597956799943e+00  ,1.263876882152e+01  
  1.012067645216e-03  ,4.356518301574e+00  ,1.396867441779e+01  ,1.264057235277e+01  
  1.012076016689e-03  ,4.341947074849e+00  ,4.349785527091e+01  ,1.264063409367e+01  
  1.012082296783e-03  ,4.134703373063e+00  ,5.281624656195e+01  ,3.940877590672e-02  
  1.012085568333e-03  ,3.936806161503e+00  ,5.284565341096e+01  ,-2.062158921637e-01  
  1.012087137798e-03  ,3.843937967067e+00  ,5.282731451603e+01  ,-4.152643459669e-03  
  1.012090276727e-03  ,3.665329453327e+00  ,5.283048623202e+01  ,1.014396646922e-02  
  1.012096554587e-03  ,3.332209595385e+00  ,5.284026309109e+01  ,5.649209423811e-03  
  1.012109110305e-03  ,2.753106630088e+00  ,5.285909628724e+01  ,4.426558367909e-03  
  1.012134221742e-03  ,1.864207179839e+00  ,5.289659589098e+01  ,3.316631855382e-03  
  1.012175867507e-03  ,9.348876973221e-01  ,5.295864245409e+01  ,1.962494077887e-03  
  1.012222126672e-03  ,3.971891602558e-01  ,5.302734484305e+01  ,1.177003873813e-03  
  1.012268445441e-03  ,1.916085431198e-01  ,5.309593044130e+01  ,8.756892804372e-04  
  1.012330648849e-03  ,5.755936987075e-02  ,5.318776287572e+01  ,6.780158735683e-04  
  1.012396762321e-03  ,2.029444489312e-02  ,5.328503269180e+01  ,6.212437055821e-04  
  1.012528989265e-03  ,1.730618150694e-03  ,5.347856924275e+01  ,5.892560123922e-04  
  1.012669131705e-03  ,-1.046385866763e-03  ,5.368223665063e+01  ,5.800032561963e-04  
  1.012949416587e-03  ,3.093621129164e-04  ,5.408507031741e+01  ,5.716239246041e-04  
  1.013396069953e-03  ,1.566886228097e-03  ,5.471454952792e+01  ,5.571220568531e-04  
  1.014289376685e-03  ,1.675100754212e-03  ,5.592719829493e+01  ,5.253515787402e-04  
  1.016075990150e-03  ,1.354018048517e-03  ,5.816450020772e+01  ,4.630036203570e-04  
  1.019649217078e-03  ,1.144834378150e-03  ,6.187340882805e+01  ,3.472210246759e-04  
  1.022000000020e-03  ,8.841098645078e-04  ,6.375166076232e+01  ,2.761548601503e-04  
  1.022001000018e-03  ,5.775296975947e-01  ,6.375249731156e+01  ,-1.012383203457e-03  
  1.022001884774e-03  ,1.095115018880e+00  ,6.375324120659e+01  ,-2.188022453750e-03  
  1.022003654287e-03  ,2.160044448593e+00  ,6.375472586426e+01  ,-4.504923666113e-03  
  1.022007193313e-03  ,4.412149294545e+00  ,6.375767832384e+01  ,-8.958884672858e-03  
  1.022010000020e-03  ,6.311244826454e+00  ,6.376000435927e+01  ,-1.232633958215e-02  
  1.022010707825e-03  ,6.403543119439e+00  ,6.376049575509e+01  ,-1.224680434349e-02  
  1.022012123435e-03  ,6.586178717685e+00  ,6.376146808057e+01  ,-1.198681176754e-02  
  1.022014954656e-03  ,6.939981031725e+00  ,6.376341218144e+01  ,-1.146856792932e-02  
  1.022020617097e-03  ,7.603788085937e+00  ,6.376730469329e+01  ,-1.050136194298e-02  
  1.022031941980e-03  ,8.776347788177e+00  ,6.377510216730e+01  ,-8.793100093106e-03  
  1.022043350309e-03  ,9.773340647331e+00  ,6.378297062775e+01  ,-7.340680861847e-03  
  1.022051387995e-03  ,9.973480696719e+00  ,4.100660274297e+01  ,9.860836232714e+00  
  1.022059062093e-03  ,1.000031349760e+01  ,1.063786558017e+01  ,9.861010892022e+00  
  1.022063370764e-03  ,1.018884711065e+01  ,3.395297532858e+00  ,9.861927196105e+00  
  1.022067449212e-03  ,1.046809407510e+01  ,2.664303562526e+00  ,9.863004958085e+00  
  1.022069770813e-03  ,1.062547641050e+01  ,2.745466079582e+00  ,9.863654170327e+00  
  1.022072705969e-03  ,1.081647524734e+01  ,2.800670653149e+00  ,9.864478774447e+00  
  1.022078576281e-03  ,1.117333908913e+01  ,2.810329681412e+00  ,9.866129835514e+00  
  1.022090316906e-03  ,1.179895766287e+01  ,2.799860059768e+00  ,9.869439863769e+00  
  1.022102589503e-03  ,1.234703796079e+01  ,2.804065243871e+00  ,9.872900285289e+00  
  1.022127134695e-03  ,1.317973389217e+01  ,2.806291196884e+00  ,9.879820781432e+00  
  1.022176225081e-03  ,1.416740053456e+01  ,2.808697697192e+00  ,9.893660569363e+00  
  1.022274405852e-03  ,1.497760638693e+01  ,2.816610357946e+00  ,9.921334828811e+00  
  1.022402722731e-03  ,1.499974985308e+01  ,2.826889757631e+00  ,9.957492280354e+00  
  1.022628290549e-03  ,1.500013545349e+01  ,2.844902048884e+00  ,1.002102143387e+01  
  1.022867853537e-03  ,1.500011996943e+01  ,2.864056163792e+00  ,1.008844767674e+01  
  1.023346979513e-03  ,1.500020783983e+01  ,2.902302066646e+00  ,1.022316269187e+01  
  1.024305231467e-03  ,1.500025720480e+01  ,2.978637901250e+00  ,1.049204385380e+01  
  1.026221735373e-03  ,1.500034971039e+01  ,3.130688156461e+00  ,1.102761732871e+01  
  1.030054743185e-03  ,1.500036930094e+01  ,3.432320202582e+00  ,1.209006943948e+01  
  1.032010000020e-03  ,1.499974991152e+01  ,3.584925271746e+00  ,1.262759647260e+01  
  1.032011000018e-03  ,1.442073316694e+01  ,3.584856508461e+00  ,1.262787061592e+01  
  1.032013000126e-03  ,1.321308102650e+01  ,3.584625567977e+00  ,1.262841885352e+01  
  1.032017000343e-03  ,1.067185103630e+01  ,3.584181651895e+00  ,1.262951564840e+01  
  1.032020000020e-03  ,8.647000788228e+00  ,3.583909029694e+00  ,1.263033803796e+01  
  1.032020800063e-03  ,8.543330109602e+00  ,3.583963550347e+00  ,1.263055733673e+01  
  1.032022400076e-03  ,8.338484995055e+00  ,3.584159390730e+00  ,1.263099603418e+01  
  1.032025600100e-03  ,7.943356752318e+00  ,3.584685359031e+00  ,1.263187339868e+01  
  1.032032000149e-03  ,7.207973025073e+00  ,3.585780066154e+00  ,1.263362789635e+01  
  1.032044800246e-03  ,5.932428362815e+00  ,3.588735462901e+00  ,1.263713675239e+01  
  1.032058725381e-03  ,4.791838460937e+00  ,3.598606044195e+00  ,1.264095296544e+01  
  1.032067643726e-03  ,4.356455507933e+00  ,1.402241005428e+01  ,1.264275215991e+01  
  1.032076013708e-03  ,4.342006488948e+00  ,4.355493175741e+01  ,1.264281026817e+01  
  1.032082286352e-03  ,4.134235053097e+00  ,5.281480827653e+01  ,3.604419422553e-02  
  1.032085557157e-03  ,3.936392054944e+00  ,5.284378040486e+01  ,-2.053202830375e-01  
  1.032087127926e-03  ,3.843459170190e+00  ,5.282552941409e+01  ,-4.092014041485e-03  
  1.032090269463e-03  ,3.664727942262e+00  ,5.282871474296e+01  ,1.012313864915e-02  
  1.032096552538e-03  ,3.331398065779e+00  ,5.283850039237e+01  ,5.647056404654e-03  
  1.032109118687e-03  ,2.751997174773e+00  ,5.285735492311e+01  ,4.426281574763e-03  
  1.032134250985e-03  ,1.871454957292e+00  ,5.289487750578e+01  ,3.514166576130e-03  
  1.032173518525e-03  ,9.861284609536e-01  ,5.295342313312e+01  ,2.037983905990e-03  
  1.032218126642e-03  ,4.423514898504e-01  ,5.301970871146e+01  ,1.243047043198e-03  
  1.032263628827e-03  ,1.762350727278e-01  ,5.308713024507e+01  ,8.536580051103e-04  
  1.032332758294e-03  ,5.622333437790e-02  ,5.318922399490e+01  ,6.761844116230e-04  
  1.032413844453e-03  ,4.604147717396e-03  ,5.330850253770e+01  ,5.979280257427e-04  
  1.032510165559e-03  ,-7.865526438044e-03  ,5.344953660861e+01  ,5.761642588797e-04  
  1.032702807771e-03  ,-5.375471162528e-03  ,5.372948198340e+01  ,5.726321570879e-04  
  1.032993535386e-03  ,4.389788618559e-03  ,5.414659776954e+01  ,5.761637935628e-04  
  1.033574990617e-03  ,-2.557538040175e-05  ,5.496134186577e+01  ,5.485291190027e-04  
  1.034478692399e-03  ,1.129899677439e-03  ,5.617549948671e+01  ,5.178554083225e-04  
  1.035734681474e-03  ,1.471858536134e-03  ,5.775640563093e+01  ,4.748234163065e-04  
  1.038246659623e-03  ,1.202982830387e-03  ,6.054127512792e+01  ,3.921711135616e-04  
  1.042000000020e-03  ,8.927337512217e-04  ,6.375416784698e+01  ,2.766707060925e-04  
  1.042001000018e-03  ,5.775381466077e-01  ,6.375500448639e+01  ,-1.013299746141e-03  
  1.042001884868e-03  ,1.095178475111e+00  ,6.375574828137e+01  ,-2.187815909758e-03  
  1.042003654567e-03  ,2.160224277539e+00  ,6.375723302412e+01  ,-4.505249351638e-03  
  1.042007193965e-03  ,4.412587003884e+00  ,6.376018559515e+01  ,-8.959700132841e-03  
  1.042010000020e-03  ,6.311252769802e+00  ,6.376251093208e+01  ,-1.232635312992e-02  
  1.042010707900e-03  ,6.403560590057e+00  ,6.376300233852e+01  ,-1.224680142223e-02  
  1.042012123696e-03  ,6.584299580719e+00  ,6.376397457508e+01  ,-1.198661219735e-02  
  1.042014955289e-03  ,6.936696585118e+00  ,6.376591918866e+01  ,-1.147337381305e-02  
  1.042020618476e-03  ,7.600857886520e+00  ,6.376981186220e+01  ,-1.050558472437e-02  
  1.042031944848e-03  ,8.774024831210e+00  ,6.377760966902e+01  ,-8.796532561267e-03  
  1.042043354667e-03  ,9.771511162241e+00  ,6.378547845431e+01  ,-7.343371082264e-03  
  1.042051392354e-03  ,9.973406405780e+00  ,4.110039136140e+01  ,9.860808321277e+00  
  1.042059064962e-03  ,1.000020005071e+01  ,1.073507298259e+01  ,9.860979040084e+00  
  1.042063384808e-03  ,1.018788878185e+01  ,3.401093478957e+00  ,9.861895319493e+00  
  1.042067481138e-03  ,1.046832871645e+01  ,2.662977510269e+00  ,9.862975421431e+00  
  1.042069801621e-03  ,1.062563747226e+01  ,2.745082392366e+00  ,9.863624347589e+00  
  1.042072730072e-03  ,1.081620692306e+01  ,2.800648647764e+00  ,9.864447086686e+00  
  1.042078586973e-03  ,1.117231254022e+01  ,2.810371671861e+00  ,9.866094363700e+00  
  1.042090300776e-03  ,1.179836382228e+01  ,2.805343705444e+00  ,9.869393481576e+00  
  1.042110086538e-03  ,1.263380665935e+01  ,2.803976116011e+00  ,9.874972098912e+00  
  1.042149658061e-03  ,1.372621710940e+01  ,2.808112260509e+00  ,9.886128917927e+00  
  1.042228801109e-03  ,1.476757079213e+01  ,2.813079221918e+00  ,9.908439113689e+00  
  1.042346246101e-03  ,1.516338018533e+01  ,2.822274269955e+00  ,9.941537715565e+00  
  1.042518861152e-03  ,1.497819402591e+01  ,2.836166688808e+00  ,9.990164721267e+00  
  1.042675335265e-03  ,1.497093624115e+01  ,2.848674909499e+00  ,1.003422404969e+01  
  1.042988283492e-03  ,1.501191021388e+01  ,2.873657222561e+00  ,1.012228404817e+01  
  1.043614179946e-03  ,1.499232624004e+01  ,2.923600170454e+00  ,1.029816967655e+01  
  1.044711477615e-03  ,1.499816704643e+01  ,3.010926616654e+00  ,1.060577238297e+01  
  1.046906072952e-03  ,1.500018753460e+01  ,3.184770503677e+00  ,1.121811369883e+01  
  1.051295263625e-03  ,1.499992903190e+01  ,3.529229762750e+00  ,1.243141767148e+01  
  1.052010000020e-03  ,1.500001335457e+01  ,3.584915776519e+00  ,1.262756335410e+01  
  1.052011000018e-03  ,1.442322995455e+01  ,3.584846253953e+00  ,1.262783749623e+01  
  1.052013000126e-03  ,1.321550429644e+01  ,3.584615033025e+00  ,1.262838574141e+01  
  1.052017000343e-03  ,1.067413244010e+01  ,3.584171020330e+00  ,1.262948253064e+01  
  1.052020000020e-03  ,8.649180700757e+00  ,3.583898397766e+00  ,1.263030492052e+01  
  1.052020800063e-03  ,8.545483886008e+00  ,3.583952890969e+00  ,1.263052421944e+01  
  1.052022400076e-03  ,8.340587128319e+00  ,3.584148681774e+00  ,1.263096291700e+01  
  1.052025600100e-03  ,7.945359269853e+00  ,3.584674541368e+00  ,1.263184028176e+01  
  1.052032000149e-03  ,7.209790142609e+00  ,3.585768902726e+00  ,1.263359478022e+01  
  1.052044800246e-03  ,5.933923873173e+00  ,3.588722292530e+00  ,1.263710363782e+01  
  1.052058726871e-03  ,4.792934998302e+00  ,3.598569690081e+00  ,1.264092026320e+01  
  1.052067645216e-03  ,4.356531603081e+00  ,1.397010757986e+01  ,1.264272362573e+01  
  1.052076016689e-03  ,4.341960305069e+00  ,4.349939550521e+01  ,1.264278527105e+01  
  1.052082296038e-03  ,4.134718796003e+00  ,5.281508779169e+01  ,3.934013167705e-02  
  1.052085567215e-03  ,3.936842524354e+00  ,5.284448526898e+01  ,-2.061844737882e-01  
  1.052087136494e-03  ,3.843984369287e+00  ,5.282614999982e+01  ,-4.151730972640e-03  
  1.052090275051e-03  ,3.665394415424e+00  ,5.282932268993e+01  ,1.014404010939e-02  
  1.052096552165e-03  ,3.332306481446e+00  ,5.283910129041e+01  ,5.649548443687e-03  
  1.052109106393e-03  ,2.751654501199e+00  ,5.285788937398e+01  ,4.594430918031e-03  
  1.052134214850e-03  ,1.862058244912e+00  ,5.289538820678e+01  ,3.314591763435e-03  
  1.052175371857e-03  ,9.415053670620e-01  ,5.295671089240e+01  ,1.972155203241e-03  
  1.052221362801e-03  ,4.554935482594e-01  ,5.302503206330e+01  ,1.262161849086e-03  
  1.052269457789e-03  ,1.918275451469e-01  ,5.309627596057e+01  ,8.761529978232e-04  
  1.052324359627e-03  ,8.008736572148e-02  ,5.317736438188e+01  ,7.112656238741e-04  
  1.052413051339e-03  ,6.894949225683e-03  ,5.330786258835e+01  ,6.012878811816e-04  
  1.052507846566e-03  ,2.597334069576e-03  ,5.344667148886e+01  ,5.914940209480e-04  
  1.052697437020e-03  ,7.902176610440e-04  ,5.372223566232e+01  ,5.818079162148e-04  
  1.052919023247e-03  ,1.962727957217e-03  ,5.404082789142e+01  ,5.753627645822e-04  
  1.053362195702e-03  ,1.917966902664e-03  ,5.466670178463e+01  ,5.590428941919e-04  
  1.054248540612e-03  ,1.623756255496e-03  ,5.587280771916e+01  ,5.266985558848e-04  
  1.056021230431e-03  ,1.407859033658e-03  ,5.810015932353e+01  ,4.652759096611e-04  
  1.059566610070e-03  ,1.108667253167e-03  ,6.180123680370e+01  ,3.496638806451e-04  
  1.062000000020e-03  ,8.616228336926e-04  ,6.375433264068e+01  ,2.787379001429e-04  
  1.062001000018e-03  ,5.775075444251e-01  ,6.375516926179e+01  ,-1.012469535216e-03  
  1.062001884868e-03  ,1.095148280414e+00  ,6.375591305933e+01  ,-2.188261456842e-03  
  1.062003654567e-03  ,2.160194876617e+00  ,6.375739751431e+01  ,-4.505392041311e-03  
  1.062007193965e-03  ,4.412559130591e+00  ,6.376034956635e+01  ,-8.959788026330e-03  
  1.062010000020e-03  ,6.311226051194e+00  ,6.376267449305e+01  ,-1.232644256230e-02  
  1.062010707900e-03  ,6.403534153423e+00  ,6.376316579670e+01  ,-1.224689229916e-02  
  1.062012123696e-03  ,6.584273696210e+00  ,6.376413782853e+01  ,-1.198670040678e-02  
  1.062014955289e-03  ,6.936671777029e+00  ,6.376608202755e+01  ,-1.147346061991e-02  
  1.062020618476e-03  ,7.600835107213e+00  ,6.376997387594e+01  ,-1.050566928593e-02  
  1.062031944848e-03  ,8.774005635527e+00  ,6.377777003262e+01  ,-8.796611870716e-03  
  1.062043354667e-03  ,9.771495013558e+00  ,6.378563715613e+01  ,-7.343445322985e-03  
  1.062051392354e-03  ,9.973401785645e+00  ,4.110103874664e+01  ,9.860104619125e+00  
  1.062059064962e-03  ,1.000019485478e+01  ,1.073565706837e+01  ,9.860275302046e+00  
  1.062063384808e-03  ,1.018787094828e+01  ,3.400966053394e+00  ,9.861191577098e+00  
  1.062067481883e-03  ,1.046836140842e+01  ,2.662730955437e+00  ,9.862271851398e+00  
  1.062069802738e-03  ,1.062569408925e+01  ,2.744872953219e+00  ,9.862920884925e+00  
  1.062072731189e-03  ,1.081626118570e+01  ,2.800448308360e+00  ,9.863743630350e+00  
  1.062078588091e-03  ,1.117236220966e+01  ,2.810172708974e+00  ,9.865390918932e+00  
  1.062090301893e-03  ,1.179840536839e+01  ,2.805143995287e+00  ,9.868690060064e+00  
  1.062110084675e-03  ,1.263372793856e+01  ,2.803776052759e+00  ,9.874267876651e+00  
  1.062149650238e-03  ,1.372604816372e+01  ,2.807912079284e+00  ,9.885423094359e+00  
  1.062228781365e-03  ,1.476741594927e+01  ,2.812878004012e+00  ,9.907730088520e+00  
  1.062346226357e-03  ,1.516336417014e+01  ,2.822073051038e+00  ,9.940828926725e+00  
  1.062518817566e-03  ,1.497820724706e+01  ,2.835963649751e+00  ,9.989449564846e+00  
  1.062675291680e-03  ,1.497094028208e+01  ,2.848471963199e+00  ,1.003350921090e+01  
  1.062988239906e-03  ,1.501190856933e+01  ,2.873454459554e+00  ,1.012156984421e+01  
  1.063614136360e-03  ,1.499232731291e+01  ,2.923397765993e+00  ,1.029745674060e+01  
  1.064711434029e-03  ,1.499816730881e+01  ,3.010724842220e+00  ,1.060506166449e+01  
  1.066906029366e-03  ,1.500018751657e+01  ,3.184569982689e+00  ,1.121740739475e+01  
  1.071295220040e-03  ,1.499992904964e+01  ,3.529031725031e+00  ,1.243072011415e+01  
  1.072010000020e-03  ,1.500001335714e+01  ,3.584721532691e+00  ,1.262687916012e+01  
  1.072011000018e-03  ,1.442322997493e+01  ,3.584652011818e+00  ,1.262715330419e+01  
  1.072013000126e-03  ,1.321550431622e+01  ,3.584420792021e+00  ,1.262770155326e+01  
  1.072017000343e-03  ,1.067413245867e+01  ,3.583976777854e+00  ,1.262879835026e+01  
  1.072020000020e-03  ,8.649180718421e+00  ,3.583704151111e+00  ,1.262962074597e+01  
  1.072020800063e-03  ,8.545483903418e+00  ,3.583758641692e+00  ,1.262984004644e+01  
  1.072022400076e-03  ,8.340587145229e+00  ,3.583954427570e+00  ,1.263027874711e+01  
  1.072025600100e-03  ,7.945359285811e+00  ,3.584480279418e+00  ,1.263115611808e+01  
  1.072032000149e-03  ,7.209790156710e+00  ,3.585574620656e+00  ,1.263291062897e+01  
  1.072044800246e-03  ,5.933923883284e+00  ,3.588527923850e+00  ,1.263641951145e+01  
  1.072058726871e-03  ,4.792934998120e+00  ,3.598374810837e+00  ,1.264023616395e+01  
  1.072067645216e-03  ,4.356527365285e+00  ,1.396965762214e+01  ,1.264203957958e+01  
  1.072076016689e-03  ,4.341956103272e+00  ,4.349891244652e+01  ,1.264210125391e+01  
  1.072082296038e-03  ,4.134723658707e+00  ,5.281520124224e+01  ,3.938611178281e-02  
  1.072085567215e-03  ,3.936847298000e+00  ,5.284460425509e+01  ,-2.061966284645e-01  
  1.072087136494e-03  ,3.843989007230e+00  ,5.282626758818e+01  ,-4.152532758682e-03  
  1.072090275051e-03  ,3.665398830923e+00  ,5.282943973855e+01  ,1.014421744079e-02  
  1.072096552165e-03  ,3.332310483242e+00  ,5.283921748108e+01  ,5.649511000171e-03  
  1.072109106393e-03  ,2.751657777974e+00  ,5.285800380262e+01  ,4.594379825521e-03  
  1.072134214850e-03  ,1.862060408681e+00  ,5.289549910732e+01  ,3.314539954021e-03  
  1.072175371857e-03  ,9.415063777476e-01  ,5.295681601171e+01  ,1.972101861660e-03  
  1.072221362801e-03  ,4.554939491102e-01  ,5.302513072651e+01  ,1.262107744218e-03  
  1.072269457789e-03  ,1.918276152350e-01  ,5.309636787843e+01  ,8.760985462924e-04  
  1.072324359627e-03  ,8.008729575178e-02  ,5.317744860749e+01  ,7.112111184159e-04  
  1.072413051339e-03  ,6.894787696381e-03  ,5.330793440505e+01  ,6.012334878065e-04  
  1.072507846566e-03  ,2.597167473409e-03  ,5.344673006693e+01  ,5.914398762110e-04  
  1.072697437020e-03  ,7.900494597559e-04  ,5.372226783931e+01  ,5.817542843936e-04  
  1.072919023247e-03  ,1.962562014636e-03  ,5.404082934182e+01  ,5.753097210483e-04  
  1.073362195702e-03  ,1.917802516031e-03  ,5.466664221414e+01  ,5.589910144305e-04  
  1.074248540612e-03  ,1.421679852546e-03  ,5.587268958973e+01  ,5.265347613569e-04  
  1.076021230431e-03  ,1.581638038695e-03  ,5.809979022653e+01  ,4.652956530988e-04  
  1.079566610070e-03  ,9.470469303428e-04  ,6.180040167231e+01  ,3.495708946006e-04  
  1.082000000020e-03  ,1.006357352359e-03  ,6.375320804080e+01  ,2.787268598197e-04  
  1.082001000018e-03  ,5.776501141185e-01  ,6.375404453063e+01  ,-1.012305432012e-03  
  1.082001884774e-03  ,1.095233829094e+00  ,6.375478814903e+01  ,-2.187967837562e-03  
  1.082003654287e-03  ,2.160160105136e+00  ,6.375627224868e+01  ,-4.504868682427e-03  
  1.082007193313e-03  ,4.412258886335e+00  ,6.375922359307e+01  ,-8.958837648699e-03  
  1.082010000020e-03  ,6.311349832721e+00  ,6.376154874435e+01  ,-1.232629925807e-02  
  1.082010707825e-03  ,6.403647006337e+00  ,6.376203991674e+01  ,-1.224676510318e-02  
  1.082012123435e-03  ,6.586280389623e+00  ,6.376301179534e+01  ,-1.198677593931e-02  
  1.082014954656e-03  ,6.940078412842e+00  ,6.376495500284e+01  ,-1.146853824088e-02  
  1.082020617097e-03  ,7.603877416576e+00  ,6.376884572771e+01  ,-1.050134391565e-02  
  1.082031941980e-03  ,8.776422898323e+00  ,6.377663962794e+01  ,-8.793102763817e-03  
  1.082043350309e-03  ,9.773403666220e+00  ,6.378450448872e+01  ,-7.340701165774e-03  
  1.082051387995e-03  ,9.973474743283e+00  ,4.100431694757e+01  ,9.859434456163e+00  
  1.082059062093e-03  ,1.000030684132e+01  ,1.063548613951e+01  ,9.859609137537e+00  
  1.082063370019e-03  ,1.018882265568e+01  ,3.394888127023e+00  ,9.860525443240e+00  
  1.082067448467e-03  ,1.046807125207e+01  ,2.663891276018e+00  ,9.861603212665e+00  
  1.082069770068e-03  ,1.062545448220e+01  ,2.745060868541e+00  ,9.862252435063e+00  
  1.082072705224e-03  ,1.081645434803e+01  ,2.800271118503e+00  ,9.863077052071e+00  
  1.082078575536e-03  ,1.117332000596e+01  ,2.809932143844e+00  ,9.864728137039e+00  
  1.082090316161e-03  ,1.179894168959e+01  ,2.799461324536e+00  ,9.868038212026e+00  
  1.082102587267e-03  ,1.234696358704e+01  ,2.803667023143e+00  ,9.871498262266e+00  
  1.082127129480e-03  ,1.317959762349e+01  ,2.805893061168e+00  ,9.878418015863e+00  
  1.082176213905e-03  ,1.416725080462e+01  ,2.808298992597e+00  ,9.892256318950e+00  
  1.082274382755e-03  ,1.497752033418e+01  ,2.816210878544e+00  ,9.919927609991e+00  
  1.082402699634e-03  ,1.499974868195e+01  ,2.826490395686e+00  ,9.956085574058e+00  
  1.082628243610e-03  ,1.500013574638e+01  ,2.844501027843e+00  ,1.001960891532e+01  
  1.082867758915e-03  ,1.500012021508e+01  ,2.863651610591e+00  ,1.008702270211e+01  
  1.083346789524e-03  ,1.500020842922e+01  ,2.901890455726e+00  ,1.022171285777e+01  
  1.084304850742e-03  ,1.500025798963e+01  ,2.978212234696e+00  ,1.049054451112e+01  
  1.086220973178e-03  ,1.500028644587e+01  ,3.130235031475e+00  ,1.102602112568e+01  
  1.090053218052e-03  ,1.500037053309e+01  ,3.431812216120e+00  ,1.208828017718e+01  
  1.092010000020e-03  ,1.499974880666e+01  ,3.584538827736e+00  ,1.262623524162e+01  
  1.092011000018e-03  ,1.442072049252e+01  ,3.584470064066e+00  ,1.262650938882e+01  
  1.092013000126e-03  ,1.321306872525e+01  ,3.584239124259e+00  ,1.262705763409e+01  
  1.092017000343e-03  ,1.067183945510e+01  ,3.583795204709e+00  ,1.262815444448e+01  
  1.092020000020e-03  ,8.646989722068e+00  ,3.583522574626e+00  ,1.262897684563e+01  
  1.092020800063e-03  ,8.543319176035e+00  ,3.583577090106e+00  ,1.262919614749e+01  
  1.092022400076e-03  ,8.338474323487e+00  ,3.583772920864e+00  ,1.262963485113e+01  
  1.092025600100e-03  ,7.943346586156e+00  ,3.584298874310e+00  ,1.263051222799e+01  
  1.092032000149e-03  ,7.207963799372e+00  ,3.585393543103e+00  ,1.263226675040e+01  
  1.092044800246e-03  ,5.932420766971e+00  ,3.588348777513e+00  ,1.263577565592e+01  
  1.092058725381e-03  ,4.791832311206e+00  ,3.598218472839e+00  ,1.263959192290e+01  
  1.092067642236e-03  ,4.356452957524e+00  ,1.401630550451e+01  ,1.264139132440e+01  
  1.092076010728e-03  ,4.341995747628e+00  ,4.354275264097e+01  ,1.264145007627e+01  
  1.092082283372e-03  ,4.134442391269e+00  ,5.281569483483e+01  ,3.710005911443e-02  
  1.092085553432e-03  ,3.936636902818e+00  ,5.284479814730e+01  ,-2.055668119682e-01  
  1.092087123455e-03  ,3.843741186378e+00  ,5.282652238981e+01  ,-4.111307173239e-03  
  1.092090263503e-03  ,3.665079630844e+00  ,5.282970195934e+01  ,1.012976616931e-02  
  1.092096543597e-03  ,3.331868931948e+00  ,5.283948191889e+01  ,5.648029430298e-03  
  1.092109103786e-03  ,2.751039824018e+00  ,5.285827530254e+01  ,4.593489777150e-03  
  1.092134224163e-03  ,1.861278282111e+00  ,5.289578489490e+01  ,3.313347467796e-03  
  1.092175363289e-03  ,9.413985617087e-01  ,5.295706944317e+01  ,1.971890252779e-03  
  1.092221354233e-03  ,4.554418088434e-01  ,5.302537784265e+01  ,1.261977569015e-03  
  1.092269449221e-03  ,1.918056794269e-01  ,5.309660839972e+01  ,8.760124154971e-04  
  1.092324357020e-03  ,8.006959624652e-02  ,5.317769039856e+01  ,7.111311073677e-04  
  1.092413048731e-03  ,6.891489499006e-03  ,5.330816402588e+01  ,6.011746733304e-04  
  1.092507855879e-03  ,2.596175982257e-03  ,5.344696411194e+01  ,5.913842611451e-04  
  1.092697470175e-03  ,7.903322879400e-04  ,5.372251028217e+01  ,5.817001168638e-04  
  1.092919080244e-03  ,1.962326954646e-03  ,5.404107508665e+01  ,5.752545093100e-04  
  1.093362300383e-03  ,1.917515012238e-03  ,5.466689249228e+01  ,5.589351337058e-04  
  1.094248740660e-03  ,1.421581898098e-03  ,5.587294061202e+01  ,5.264780113134e-04  
  1.096021621214e-03  ,1.581381352703e-03  ,5.810000923730e+01  ,4.652364768394e-04  
  1.099567382323e-03  ,9.468943761536e-04  ,6.180042371604e+01  ,3.495079467683e-04  
  1.102000000020e-03  ,1.006171372048e-03  ,6.375226655319e+01  ,2.786920772350e-04  
  1.102001000018e-03  ,5.776499290497e-01  ,6.375310293792e+01  ,-1.012339841713e-03  
  1.102001884681e-03  ,1.095178521858e+00  ,6.375384638522e+01  ,-2.187879658264e-03  
  1.102003654008e-03  ,2.159988206387e+00  ,6.375533014338e+01  ,-4.504543036351e-03  
  1.102007192661e-03  ,4.411828687555e+00  ,6.375828080828e+01  ,-8.958074130306e-03  
  1.102010000020e-03  ,6.311349072607e+00  ,6.376060620634e+01  ,-1.232633494755e-02  
  1.102010707751e-03  ,6.403636640673e+00  ,6.376109725314e+01  ,-1.224681489921e-02  
  1.102012123175e-03  ,6.586246465943e+00  ,6.376206885497e+01  ,-1.198686070728e-02  
  1.102014954023e-03  ,6.940000323461e+00  ,6.376401150858e+01  ,-1.146868702662e-02  
  1.102020615719e-03  ,7.603722000454e+00  ,6.376790112489e+01  ,-1.050160546434e-02  
  1.102031939111e-03  ,8.776149384532e+00  ,6.377569280569e+01  ,-8.793536227982e-03  
  1.102043345950e-03  ,9.773052572166e+00  ,6.378355543558e+01  ,-7.341247658966e-03  
  1.102051382147e-03  ,9.973454098383e+00  ,4.102712981397e+01  ,9.858816314406e+00  
  1.102059054754e-03  ,1.000026874735e+01  ,1.066328357182e+01  ,9.858989676345e+00  
  1.102063364915e-03  ,1.018847388814e+01  ,3.396553245042e+00  ,9.859906134642e+00  
  1.102067447833e-03  ,1.046802236674e+01  ,2.663328409218e+00  ,9.860984303528e+00  
  1.102069768689e-03  ,1.062536030331e+01  ,2.744760595116e+00  ,9.861633334344e+00  
  1.102072701238e-03  ,1.081619978192e+01  ,2.800085842225e+00  ,9.862457232174e+00  
  1.102078566335e-03  ,1.117278344190e+01  ,2.809772956721e+00  ,9.864106857747e+00  
  1.102090296529e-03  ,1.179798199554e+01  ,2.799273597476e+00  ,9.867414011457e+00  
  1.102102543793e-03  ,1.234518632673e+01  ,2.803487858470e+00  ,9.870867361196e+00  
  1.102127038322e-03  ,1.317701293588e+01  ,2.805713639022e+00  ,9.877773714267e+00  
  1.102176027380e-03  ,1.416466723585e+01  ,2.808108226991e+00  ,9.891585221106e+00  
  1.102274005495e-03  ,1.497613438171e+01  ,2.816005686606e+00  ,9.919202942082e+00  
  1.102402274690e-03  ,1.499972536310e+01  ,2.826280995182e+00  ,9.955347735422e+00  
  1.102627413355e-03  ,1.500014158224e+01  ,2.844259224808e+00  ,1.001875743049e+01  
  1.102866737924e-03  ,1.500012513665e+01  ,2.863394798099e+00  ,1.008611812987e+01  
  1.103345387064e-03  ,1.500022017335e+01  ,2.901603559338e+00  ,1.022070232798e+01  
  1.104302685342e-03  ,1.500027361154e+01  ,2.977865419552e+00  ,1.048932293376e+01  
  1.106217281900e-03  ,1.500037371704e+01  ,3.129768944714e+00  ,1.102437958822e+01  
  1.110046475015e-03  ,1.500039501980e+01  ,3.431112360907e+00  ,1.208581504677e+01  
  1.112010000020e-03  ,1.499972727103e+01  ,3.584367692281e+00  ,1.262563244596e+01  
  1.112011000018e-03  ,1.442050337705e+01  ,3.584299002039e+00  ,1.262590659502e+01  
  1.112013000126e-03  ,1.321285800275e+01  ,3.584068089961e+00  ,1.262645484283e+01  
  1.112017000343e-03  ,1.067164106896e+01  ,3.583624178228e+00  ,1.262755166078e+01  
  1.112020000020e-03  ,8.646800161312e+00  ,3.583351544257e+00  ,1.262837406707e+01  
  1.112020800063e-03  ,8.543131887986e+00  ,3.583406059849e+00  ,1.262859337029e+01  
  1.112022400076e-03  ,8.338291526148e+00  ,3.583601890591e+00  ,1.262903207667e+01  
  1.112025600100e-03  ,7.943172451071e+00  ,3.584127846624e+00  ,1.262990945901e+01  
  1.112032000149e-03  ,7.207805785980e+00  ,3.585222527686e+00  ,1.263166399236e+01  
  1.112044800246e-03  ,5.932290718660e+00  ,3.588177860031e+00  ,1.263517291977e+01  
  1.112058725381e-03  ,4.791727299553e+00  ,3.598049373824e+00  ,1.263898921038e+01  
  1.112067643726e-03  ,4.356435627487e+00  ,1.402642487188e+01  ,1.264078813320e+01  
  1.112076013708e-03  ,4.341998997468e+00  ,4.355972181075e+01  ,1.264084594562e+01  
  1.112082285607e-03  ,4.134197393174e+00  ,5.281527348703e+01  ,3.582578897634e-02  
  1.112085556040e-03  ,3.936377297724e+00  ,5.284421425205e+01  ,-2.052475685495e-01  
  1.112087126808e-03  ,3.843444870852e+00  ,5.282596959999e+01  ,-4.088151385031e-03  
  1.112090268346e-03  ,3.664714277425e+00  ,5.282915421404e+01  ,1.012153494137e-02  
  1.112096551420e-03  ,3.331385580360e+00  ,5.283893718101e+01  ,5.646809440620e-03  
  1.112109117569e-03  ,2.751986776920e+00  ,5.285778659524e+01  ,4.426175351923e-03  
  1.112134249868e-03  ,1.871447732867e+00  ,5.289529899013e+01  ,3.513929046186e-03  
  1.112173517408e-03  ,9.861244268430e-01  ,5.295382868113e+01  ,2.037818896095e-03  
  1.112218125524e-03  ,4.423494155407e-01  ,5.302009617783e+01  ,1.242885560272e-03  
  1.112263627710e-03  ,1.762339577259e-01  ,5.308749928329e+01  ,8.534982426428e-04  
  1.112332757177e-03  ,5.622265243315e-02  ,5.318956506675e+01  ,6.760258305123e-04  
  1.112413843336e-03  ,4.603652502099e-03  ,5.330881085365e+01  ,5.977703590422e-04  
  1.112510164441e-03  ,-7.865975847497e-03  ,5.344980608146e+01  ,5.760074156344e-04  
  1.112702806653e-03  ,-5.375927774247e-03  ,5.372967399141e+01  ,5.724768045711e-04  
  1.112993534269e-03  ,4.389299545721e-03  ,5.414667343718e+01  ,5.760106055226e-04  
  1.113574989499e-03  ,-2.604290106967e-05  ,5.496118696074e+01  ,5.483802896404e-04  
  1.114478691282e-03  ,1.129437250083e-03  ,5.617499209347e+01  ,5.177130330456e-04  
  1.115734680356e-03  ,1.471408681703e-03  ,5.775542093554e+01  ,4.746893689088e-04  
  1.118246658506e-03  ,1.202564575311e-03  ,6.053938355536e+01  ,3.920517184458e-04  
  1.122000000020e-03  ,8.923687236696e-04  ,6.375105519135e+01  ,2.765705446307e-04  
  1.122001000018e-03  ,5.775377816043e-01  ,6.375189152801e+01  ,-1.013399129356e-03  
  1.122001884774e-03  ,1.095122986903e+00  ,6.375263497695e+01  ,-2.187791967597e-03  
  1.122003654287e-03  ,2.160052194980e+00  ,6.375411902850e+01  ,-4.504988107323e-03  
  1.122007193313e-03  ,4.412156613595e+00  ,6.375707022061e+01  ,-8.959001102830e-03  
  1.122010000020e-03  ,6.311251822513e+00  ,6.375939524998e+01  ,-1.232645332696e-02  
  1.122010707825e-03  ,6.403550036597e+00  ,6.375988639076e+01  ,-1.224691669527e-02  
  1.122012123435e-03  ,6.586185478699e+00  ,6.376085820529e+01  ,-1.198692834033e-02  
  1.122014954656e-03  ,6.939987490340e+00  ,6.376280128921e+01  ,-1.146868278793e-02  
  1.122020617097e-03  ,7.603793977144e+00  ,6.376669176359e+01  ,-1.050147690700e-02  
  1.122031941980e-03  ,8.776352677116e+00  ,6.377448516381e+01  ,-8.793216385382e-03  
  1.122043350309e-03  ,9.773344684080e+00  ,6.378234952182e+01  ,-7.340799011357e-03  
  1.122051387995e-03  ,9.973470902333e+00  ,4.100497479098e+01  ,9.858993118660e+00  
  1.122059062093e-03  ,1.000030388266e+01  ,1.063619498952e+01  ,9.859167843199e+00  
  1.122063370019e-03  ,1.018880625219e+01  ,3.394836159085e+00  ,9.860084090010e+00  
  1.122067448467e-03  ,1.046805493754e+01  ,2.663759524951e+00  ,9.861161835632e+00  
  1.122069770068e-03  ,1.062543872863e+01  ,2.744930172522e+00  ,9.861811061250e+00  
  1.122072704851e-03  ,1.081641565580e+01  ,2.800142784497e+00  ,9.862635578158e+00  
  1.122078574419e-03  ,1.117324124136e+01  ,2.809807423539e+00  ,9.864286461062e+00  
  1.122090313554e-03  ,1.180039095856e+01  ,2.804819920909e+00  ,9.867592787924e+00  
  1.122110203624e-03  ,1.263912976586e+01  ,2.803475556951e+00  ,9.873200917528e+00  
  1.122149983763e-03  ,1.373349696862e+01  ,2.807615130379e+00  ,9.884416751845e+00  
  1.122229544043e-03  ,1.477321346174e+01  ,2.812623732061e+00  ,9.906844940684e+00  
  1.122347000956e-03  ,1.516378617171e+01  ,2.821822672984e+00  ,9.939947435035e+00  
  1.122520331263e-03  ,1.497780732120e+01  ,2.835772733243e+00  ,9.988776666651e+00  
  1.122676996112e-03  ,1.497081231455e+01  ,2.848296310608e+00  ,1.003289030657e+01  
  1.122990325808e-03  ,1.501197552350e+01  ,2.873309339878e+00  ,1.012105878442e+01  
  1.123616985202e-03  ,1.499227948828e+01  ,2.923313767682e+00  ,1.029716079628e+01  
  1.124717143893e-03  ,1.499815814270e+01  ,3.010868432184e+00  ,1.060556742339e+01  
  1.126917461276e-03  ,1.500018822162e+01  ,3.185164540685e+00  ,1.121950163361e+01  
  1.131318096041e-03  ,1.499992836202e+01  ,3.530511452675e+00  ,1.243593222523e+01  
  1.132010000020e-03  ,1.500001303838e+01  ,3.584417783530e+00  ,1.262580925103e+01  
  1.132011000018e-03  ,1.442323065758e+01  ,3.584348265197e+00  ,1.262608339812e+01  
  1.132013000126e-03  ,1.321550497878e+01  ,3.584117047131e+00  ,1.262663165335e+01  
  1.132017000343e-03  ,1.067413308237e+01  ,3.583673030674e+00  ,1.262772846243e+01  
  1.132020000020e-03  ,8.649181314240e+00  ,3.583400397359e+00  ,1.262855086725e+01  
  1.132020800063e-03  ,8.545484492028e+00  ,3.583454883840e+00  ,1.262877017016e+01  
  1.132022400076e-03  ,8.340587719596e+00  ,3.583650662006e+00  ,1.262920887568e+01  
  1.132025600100e-03  ,7.945359832725e+00  ,3.584176501710e+00  ,1.263008625637e+01  
  1.132032000149e-03  ,7.209790652395e+00  ,3.585270811397e+00  ,1.263184078671e+01  
  1.132044800246e-03  ,5.933924288902e+00  ,3.588223978632e+00  ,1.263534970808e+01  
  1.132058726871e-03  ,4.792935312568e+00  ,3.598070060470e+00  ,1.263916640298e+01  
  1.132067645216e-03  ,4.356520760147e+00  ,1.396893896872e+01  ,1.264096990204e+01  
  1.132076016689e-03  ,4.341949519490e+00  ,4.349813955466e+01  ,1.264103161145e+01  
  1.132082296038e-03  ,4.134682397019e+00  ,5.281249399100e+01  ,3.920590659091e-02  
  1.132085567215e-03  ,3.936807410175e+00  ,5.284187451889e+01  ,-2.061608065009e-01  
  1.132087136680e-03  ,3.843939280776e+00  ,5.282354120394e+01  ,-4.149644782088e-03  
  1.132090275610e-03  ,3.665330704112e+00  ,5.282671382064e+01  ,1.014303577750e-02  
  1.132096553469e-03  ,3.332210731040e+00  ,5.283649158107e+01  ,5.649251025922e-03  
  1.132109109187e-03  ,2.751512064660e+00  ,5.285527812710e+01  ,4.594127736130e-03  
  1.132134220624e-03  ,1.861870767491e+00  ,5.289277388879e+01  ,3.314218121449e-03  
  1.132175371671e-03  ,9.415084584059e-01  ,5.295407538953e+01  ,1.972059509217e-03  
  1.132221362615e-03  ,4.554948557622e-01  ,5.302238284815e+01  ,1.262063856110e-03  
  1.132269451642e-03  ,1.918533045292e-01  ,5.309360361608e+01  ,8.760911547600e-04  
  1.132324353481e-03  ,8.009777104228e-02  ,5.317467575749e+01  ,7.111817514691e-04  
  1.132413045192e-03  ,6.895298675916e-03  ,5.330514773668e+01  ,6.011899189433e-04  
  1.132507840419e-03  ,2.597095448442e-03  ,5.344392870529e+01  ,5.913957953304e-04  
  1.132697430873e-03  ,7.897357503588e-04  ,5.371943733130e+01  ,5.817105262610e-04  
  1.132919017101e-03  ,1.962413102863e-03  ,5.403796517535e+01  ,5.752669760047e-04  
  1.133362189555e-03  ,1.917657841643e-03  ,5.466371205249e+01  ,5.589498083976e-04  
  1.134248534465e-03  ,1.421488474713e-03  ,5.586963275459e+01  ,5.264964202179e-04  
  1.136021224285e-03  ,1.581510752812e-03  ,5.809650154115e+01  ,4.652629240538e-04  
  1.139566603923e-03  ,9.469191991963e-04  ,6.179673624092e+01  ,3.495479383463e-04  
  1.142000000020e-03  ,1.006292138661e-03  ,6.374935567693e+01  ,2.787094741273e-04  
  1.142001000018e-03  ,5.776500486624e-01  ,6.375019209900e+01  ,-1.012321083862e-03  
  1.142001884681e-03  ,1.095178640477e+00  ,6.375093557940e+01  ,-2.187860231004e-03  
  1.142003654008e-03  ,2.159988323059e+00  ,6.375241940391e+01  ,-4.504523793640e-03  
  1.142007192661e-03  ,4.411828800481e+00  ,6.375537020153e+01  ,-8.958054976806e-03  
  1.142010000020e-03  ,6.311349182701e+00  ,6.375769570492e+01  ,-1.232631583577e-02  
  1.142010707751e-03  ,6.403636750077e+00  ,6.375818677836e+01  ,-1.224679691846e-02  
  1.142012123175e-03  ,6.586246573979e+00  ,6.375915843328e+01  ,-1.198684297023e-02  
  1.142014954023e-03  ,6.940000428847e+00  ,6.376110119304e+01  ,-1.146866917482e-02  
  1.142020615719e-03  ,7.603722100871e+00  ,6.376499102177e+01  ,-1.050158760392e-02  
  1.142031939111e-03  ,8.776149476177e+00  ,6.377278312795e+01  ,-8.793518345608e-03  
  1.142043345950e-03  ,9.773052656364e+00  ,6.378064618701e+01  ,-7.341229762308e-03  
  1.142051382147e-03  ,9.973454754687e+00  ,4.102424733211e+01  ,9.858700242642e+00  
  1.142059054754e-03  ,1.000027201317e+01  ,1.066058797413e+01  ,9.858873814447e+00  
  1.142063364915e-03  ,1.018852169881e+01  ,3.396311097316e+00  ,9.859790234706e+00  
  1.142067447088e-03  ,1.046801963114e+01  ,2.663359456489e+00  ,9.860868310063e+00  
  1.142069767944e-03  ,1.062535720471e+01  ,2.744744503038e+00  ,9.861517340096e+00  
  1.142072700865e-03  ,1.081622030586e+01  ,2.800053476406e+00  ,9.862341342334e+00  
  1.142078566707e-03  ,1.117284560257e+01  ,2.809737600479e+00  ,9.863991179573e+00  
  1.142090298392e-03  ,1.179969243655e+01  ,2.804739311273e+00  ,9.867295414554e+00  
  1.142110158659e-03  ,1.263752180939e+01  ,2.803387959906e+00  ,9.872895157732e+00  
  1.142149879195e-03  ,1.373137338227e+01  ,2.807526853496e+00  ,9.884094221869e+00  
  1.142229320265e-03  ,1.477159865663e+01  ,2.812523476602e+00  ,9.906488881045e+00  
  1.142346765257e-03  ,1.516365777504e+01  ,2.821720706552e+00  ,9.939588134465e+00  
  1.142519880987e-03  ,1.497792423553e+01  ,2.835653584060e+00  ,9.988357108632e+00  
  1.142676498152e-03  ,1.497084985311e+01  ,2.848173422543e+00  ,1.003245751132e+01  
  1.142989732481e-03  ,1.501195651537e+01  ,2.873178970704e+00  ,1.012059955015e+01  
  1.143616201140e-03  ,1.499229292889e+01  ,2.923168412420e+00  ,1.029664882613e+01  
  1.144715596892e-03  ,1.499816079380e+01  ,3.010662909853e+00  ,1.060484350725e+01  
  1.146914388396e-03  ,1.500018802581e+01  ,3.184839802209e+00  ,1.121835779256e+01  
  1.151311971403e-03  ,1.499992855338e+01  ,3.529952737536e+00  ,1.243396423765e+01  
  1.152010000020e-03  ,1.500001312663e+01  ,3.584336876510e+00  ,1.262552426836e+01  
  1.152011000018e-03  ,1.442323048357e+01  ,3.584267358915e+00  ,1.262579841627e+01  
  1.152013000126e-03  ,1.321550480990e+01  ,3.584036141331e+00  ,1.262634667309e+01  
  1.152017000343e-03  ,1.067413292335e+01  ,3.583592124258e+00  ,1.262744348543e+01  
  1.152020000020e-03  ,8.649181162261e+00  ,3.583319489213e+00  ,1.262826589267e+01  
  1.152020800063e-03  ,8.545484341853e+00  ,3.583373974601e+00  ,1.262848519622e+01  
  1.152022400076e-03  ,8.340587572987e+00  ,3.583569750718e+00  ,1.262892390304e+01  
  1.152025600100e-03  ,7.945359693002e+00  ,3.584095587203e+00  ,1.262980128632e+01  
  1.152032000149e-03  ,7.209790525450e+00  ,3.585189888535e+00  ,1.263155582184e+01  
  1.152044800246e-03  ,5.933924183801e+00  ,3.588143019842e+00  ,1.263506475357e+01  
  1.152058726871e-03  ,4.792935224233e+00  ,3.597988890921e+00  ,1.263888145977e+01  
  1.152067645216e-03  ,4.356518988794e+00  ,1.396875575876e+01  ,1.264068498020e+01  
  1.152076016689e-03  ,4.341947772862e+00  ,4.349794324572e+01  ,1.264074669574e+01  
  1.152082296038e-03  ,4.134659887880e+00  ,5.281110574859e+01  ,3.909847550452e-02  
  1.152085567588e-03  ,3.936763672650e+00  ,5.284047508365e+01  ,-2.061547152771e-01  
  1.152087137053e-03  ,3.843896565354e+00  ,5.282214224267e+01  ,-4.148700732930e-03  
  1.152090275982e-03  ,3.665289965117e+00  ,5.282531487740e+01  ,1.014294631412e-02  
  1.152096553842e-03  ,3.332173685581e+00  ,5.283509246013e+01  ,5.649186190983e-03  
  1.152109109560e-03  ,2.753076991634e+00  ,5.285392729842e+01  ,4.426646802491e-03  
  1.152134220997e-03  ,1.864187168204e+00  ,5.289143021659e+01  ,3.316683576260e-03  
  1.152175866762e-03  ,9.348777502553e-01  ,5.295348227938e+01  ,1.962559981218e-03  
  1.152222125927e-03  ,3.971850366674e-01  ,5.302219079344e+01  ,1.177078208367e-03  
  1.152268438736e-03  ,1.916262245942e-01  ,5.309077372627e+01  ,8.757955246957e-04  
  1.152330630222e-03  ,5.758599121296e-02  ,5.318259690325e+01  ,6.781354825023e-04  
  1.152396743694e-03  ,2.030339399939e-02  ,5.327987564920e+01  ,6.213374464506e-04  
  1.152528970638e-03  ,1.730768881180e-03  ,5.347343015567e+01  ,5.893367106462e-04  
  1.152669089237e-03  ,-1.047149688753e-03  ,5.367708221137e+01  ,5.800832748464e-04  
  1.152949326435e-03  ,3.088943658430e-04  ,5.407988714490e+01  ,5.717056727383e-04  
  1.153395836750e-03  ,1.566930582682e-03  ,5.470923264028e+01  ,5.572090398283e-04  
  1.154288857380e-03  ,1.675426362034e-03  ,5.592164804498e+01  ,5.254476212151e-04  
  1.156074898640e-03  ,1.354228855363e-03  ,5.815862064375e+01  ,4.631158549464e-04  
  1.159646981159e-03  ,1.145339491688e-03  ,6.186741944063e+01  ,3.473627072099e-04  
  1.162000000020e-03  ,8.843371419559e-04  ,6.374809660519e+01  ,2.762233476833e-04  
  1.162001000018e-03  ,5.775299247577e-01  ,6.374893334065e+01  ,-1.012311875545e-03  
  1.162001884774e-03  ,1.095115245991e+00  ,6.374967740051e+01  ,-2.187949447796e-03  
  1.162003654287e-03  ,2.160044675608e+00  ,6.375116238826e+01  ,-4.504851086759e-03  
  1.162007193313e-03  ,4.412149521378e+00  ,6.375411550798e+01  ,-8.958812232943e-03  
  1.162010000020e-03  ,6.311245053299e+00  ,6.375644206700e+01  ,-1.232626718787e-02  
  1.162010707825e-03  ,6.403543346258e+00  ,6.375693359513e+01  ,-1.224673325261e-02  
  1.162012123435e-03  ,6.586178944446e+00  ,6.375790618501e+01  ,-1.198674096387e-02  
  1.162014954656e-03  ,6.939981258375e+00  ,6.375985081465e+01  ,-1.146849698697e-02  
  1.162020617097e-03  ,7.603788312380e+00  ,6.376374438412e+01  ,-1.050129099774e-02  
  1.162031941980e-03  ,8.776348014258e+00  ,6.377154397364e+01  ,-8.793029120162e-03  
  1.162043350309e-03  ,9.773340873110e+00  ,6.377941456554e+01  ,-7.340609881014e-03  
  1.162051387995e-03  ,9.973485372116e+00  ,4.100338427200e+01  ,9.861390950066e+00  
  1.162059062093e-03  ,1.000032154081e+01  ,1.063490961134e+01  ,9.861565861367e+00  
  1.162063370019e-03  ,1.018885543766e+01  ,3.395325544476e+00  ,9.862482048805e+00  
  1.162067448467e-03  ,1.046810346715e+01  ,2.664453872080e+00  ,9.863559832871e+00  
  1.162069770068e-03  ,1.062548564335e+01  ,2.745627290398e+00  ,9.864209042886e+00  
  1.162072705596e-03  ,1.081650774816e+01  ,2.800832174088e+00  ,9.865033746890e+00  
  1.162078576654e-03  ,1.117341219855e+01  ,2.810487069489e+00  ,9.866685008692e+00  
  1.162090318769e-03  ,1.180068089256e+01  ,2.805500005778e+00  ,9.869992095067e+00  
  1.162110217780e-03  ,1.264709981769e+01  ,2.804953748426e+00  ,9.875600310505e+00  
  1.162150015801e-03  ,1.373813659957e+01  ,2.807534692137e+00  ,9.886820871809e+00  
  1.162229611844e-03  ,1.477441396991e+01  ,2.813285364577e+00  ,9.909258620907e+00  
  1.162343444794e-03  ,1.515502536101e+01  ,2.822224392011e+00  ,9.941339171832e+00  
  1.162496509522e-03  ,1.513801076456e+01  ,2.834474248404e+00  ,9.984459920744e+00  
  1.162750902146e-03  ,1.495629133854e+01  ,2.854887733284e+00  ,1.005608496254e+01  
  1.163180007905e-03  ,1.502324511220e+01  ,2.889124827890e+00  ,1.017678376838e+01  
  1.163701858490e-03  ,1.500857160972e+01  ,2.930747933442e+00  ,1.032337200437e+01  
  1.164745559662e-03  ,1.499344925915e+01  ,3.013803315029e+00  ,1.061589767655e+01  
  1.166832962006e-03  ,1.500587560562e+01  ,3.179158719844e+00  ,1.119835638592e+01  
  1.171007766694e-03  ,1.500045834503e+01  ,3.506964270761e+00  ,1.235299168053e+01  
  1.172010000020e-03  ,1.499971590680e+01  ,3.585080856220e+00  ,1.262814459201e+01  
  1.172011000018e-03  ,1.442250995105e+01  ,3.585011524768e+00  ,1.262841873246e+01  
  1.172013000126e-03  ,1.321480549327e+01  ,3.584780373980e+00  ,1.262896697437e+01  
  1.172017000343e-03  ,1.067347454716e+01  ,3.584336387743e+00  ,1.263006375696e+01  
  1.172020000020e-03  ,8.648552075133e+00  ,3.584063769174e+00  ,1.263088614188e+01  
  1.172020800063e-03  ,8.544862797343e+00  ,3.584118272396e+00  ,1.263110543945e+01  
  1.172022400076e-03  ,8.339980932155e+00  ,3.584314081543e+00  ,1.263154413439e+01  
  1.172025600100e-03  ,7.944781800191e+00  ,3.584839978958e+00  ,1.263242149388e+01  
  1.172032000149e-03  ,7.209266137401e+00  ,3.585934456765e+00  ,1.263417598172e+01  
  1.172044800246e-03  ,5.933492611604e+00  ,3.588888497246e+00  ,1.263768481808e+01  
  1.172058725381e-03  ,4.792697769466e+00  ,3.598740951514e+00  ,1.264150101148e+01  
  1.172067643726e-03  ,4.356518576420e+00  ,1.398175200079e+01  ,1.264330343804e+01  
  1.172076013708e-03  ,4.341974535935e+00  ,4.350757128539e+01  ,1.264336443983e+01  
  1.172082290823e-03  ,4.134628777926e+00  ,5.280901624923e+01  ,3.856403828397e-02  
  1.172085561627e-03  ,3.936775955103e+00  ,5.283831529530e+01  ,-2.059943531021e-01  
  1.172087131279e-03  ,3.843897991104e+00  ,5.281999902429e+01  ,-4.138576340097e-03  
  1.172090270581e-03  ,3.665270630668e+00  ,5.282317537291e+01  ,1.013955583665e-02  
  1.172096549185e-03  ,3.332118327698e+00  ,5.283295730296e+01  ,5.649149455148e-03  
  1.172109106393e-03  ,2.751372535242e+00  ,5.285175288917e+01  ,4.594171869941e-03  
  1.172134220811e-03  ,1.861685566951e+00  ,5.288926678122e+01  ,3.314179576937e-03  
  1.172175371857e-03  ,9.414087657622e-01  ,5.295059069798e+01  ,1.972144499047e-03  
  1.172221362801e-03  ,4.554470609265e-01  ,5.301892321327e+01  ,1.262224032903e-03  
  1.172269451829e-03  ,1.918336616844e-01  ,5.309017017451e+01  ,8.762918306962e-04  
  1.172324353667e-03  ,8.009006108087e-02  ,5.317127220990e+01  ,7.113992652495e-04  
  1.172413045378e-03  ,6.895404228851e-03  ,5.330179245423e+01  ,6.014179110830e-04  
  1.172507840605e-03  ,2.597658537360e-03  ,5.344062497009e+01  ,5.916235189162e-04  
  1.172697431060e-03  ,7.904889012333e-04  ,5.371623656127e+01  ,5.819366272932e-04  
  1.172919017287e-03  ,1.963037538292e-03  ,5.403488452273e+01  ,5.754907448761e-04  
  1.173362189742e-03  ,1.918279879956e-03  ,5.466087085467e+01  ,5.591693116250e-04  
  1.174248534651e-03  ,1.624069323141e-03  ,5.586720533887e+01  ,5.268220191580e-04  
  1.176021224471e-03  ,1.408181942874e-03  ,5.809502722978e+01  ,4.653942988718e-04  
  1.179566604109e-03  ,1.109006894551e-03  ,6.179708437658e+01  ,3.497736471012e-04  
  1.182000000020e-03  ,8.619661432018e-04  ,6.375087735084e+01  ,2.788440154679e-04  
  1.182001000018e-03  ,5.775078877433e-01  ,6.375171425787e+01  ,-1.012362428525e-03  
  1.182001884774e-03  ,1.095093500464e+00  ,6.375245823022e+01  ,-2.188031273095e-03  
  1.182003654287e-03  ,2.160023502193e+00  ,6.375394303566e+01  ,-4.504924534271e-03  
  1.182007193313e-03  ,4.412129448207e+00  ,6.375689579215e+01  ,-8.958882730701e-03  
  1.182010000020e-03  ,6.311225811873e+00  ,6.375922206344e+01  ,-1.232633650372e-02  
  1.182010707825e-03  ,6.403524307898e+00  ,6.375971351878e+01  ,-1.224680112246e-02  
  1.182012123435e-03  ,6.586160307907e+00  ,6.376068596318e+01  ,-1.198680830673e-02  
  1.182014954656e-03  ,6.939963400249e+00  ,6.376263030227e+01  ,-1.146856315237e-02  
  1.182020617097e-03  ,7.603771914717e+00  ,6.376652329027e+01  ,-1.050135499078e-02  
  1.182031941980e-03  ,8.776334196375e+00  ,6.377432171660e+01  ,-8.793089375272e-03  
  1.182043350309e-03  ,9.773329248729e+00  ,6.378219113635e+01  ,-7.340667004066e-03  
  1.182051387995e-03  ,9.973482449863e+00  ,4.100656479804e+01  ,9.861171253798e+00  
  1.182059062093e-03  ,1.000031585357e+01  ,1.063788174614e+01  ,9.861345944625e+00  
  1.182063370764e-03  ,1.018885064646e+01  ,3.395381558909e+00  ,9.862262229340e+00  
  1.182067449212e-03  ,1.046809752294e+01  ,2.664398913769e+00  ,9.863339989680e+00  
  1.182069770813e-03  ,1.062547975143e+01  ,2.745562488515e+00  ,9.863989199844e+00  
  1.182072705969e-03  ,1.081647843594e+01  ,2.800766344564e+00  ,9.864813801049e+00  
  1.182078576281e-03  ,1.117334200026e+01  ,2.810424799118e+00  ,9.866464856535e+00  
  1.182090316906e-03  ,1.179896009873e+01  ,2.799955284582e+00  ,9.869774873615e+00  
  1.182102589503e-03  ,1.234703997886e+01  ,2.804160399922e+00  ,9.873235283457e+00  
  1.182127134695e-03  ,1.317973527627e+01  ,2.806386301923e+00  ,9.880155756250e+00  
  1.182176225081e-03  ,1.416740116760e+01  ,2.808792802048e+00  ,9.893995497494e+00  
  1.182274405852e-03  ,1.497760640370e+01  ,2.816705418788e+00  ,9.921669663593e+00  
  1.182402722731e-03  ,1.499974985311e+01  ,2.826984782818e+00  ,9.957826993179e+00  
  1.182628290549e-03  ,1.500013545324e+01  ,2.844997014105e+00  ,1.002135593241e+01  
  1.182867853537e-03  ,1.500011996919e+01  ,2.864151064014e+00  ,1.008878194786e+01  
  1.183346979513e-03  ,1.500020783953e+01  ,2.902396837857e+00  ,1.022349650861e+01  
  1.184305231467e-03  ,1.500025720446e+01  ,2.978732414974e+00  ,1.049237676363e+01  
  1.186221735373e-03  ,1.500034970998e+01  ,3.130782157311e+00  ,1.102794843210e+01  
  1.190054743185e-03  ,1.500036930052e+01  ,3.432413186020e+00  ,1.209039695930e+01  
  1.192010000020e-03  ,1.499974991154e+01  ,3.585017740458e+00  ,1.262792217938e+01  
  1.192011000018e-03  ,1.442073316877e+01  ,3.584948976375e+00  ,1.262819632178e+01  
  1.192013000126e-03  ,1.321308102827e+01  ,3.584718035352e+00  ,1.262874455753e+01  
  1.192017000343e-03  ,1.067185103799e+01  ,3.584274119971e+00  ,1.262984134871e+01  
  1.192020000020e-03  ,8.647000789887e+00  ,3.584001499760e+00  ,1.263066373550e+01  
  1.192020800063e-03  ,8.543330111261e+00  ,3.584056021662e+00  ,1.263088303353e+01  
  1.192022400076e-03  ,8.338484996713e+00  ,3.584251864393e+00  ,1.263132172950e+01  
  1.192025600100e-03  ,7.943356753970e+00  ,3.584777836384e+00  ,1.263219909105e+01  
  1.192032000149e-03  ,7.207973026752e+00  ,3.585872553094e+00  ,1.263395358279e+01  
  1.192044800246e-03  ,5.932428364910e+00  ,3.588827991120e+00  ,1.263746242699e+01  
  1.192058725381e-03  ,4.791838466613e+00  ,3.598698816082e+00  ,1.264127862714e+01  
  1.192067643726e-03  ,4.356457526023e+00  ,1.402262401434e+01  ,1.264307779627e+01  
  1.192076013708e-03  ,4.342008487448e+00  ,4.355516130275e+01  ,1.264313588835e+01  
  1.192082286352e-03  ,4.134223019638e+00  ,5.281418355887e+01  ,3.597211006008e-02  
  1.192085557157e-03  ,3.936380364580e+00  ,5.284314684952e+01  ,-2.053035590845e-01  
  1.192087127926e-03  ,3.843447784056e+00  ,5.282489759070e+01  ,-4.090954705690e-03  
  1.192090269463e-03  ,3.664717088243e+00  ,5.282808330347e+01  ,1.012286265990e-02  
  1.192096552538e-03  ,3.331388203396e+00  ,5.283786941965e+01  ,5.647061110373e-03  
  1.192109118687e-03  ,2.751989045038e+00  ,5.285672494074e+01  ,4.426318838585e-03  
  1.192134250985e-03  ,1.871449460914e+00  ,5.289424951328e+01  ,3.514177878081e-03  
  1.192173518525e-03  ,9.861256121265e-01  ,5.295279824311e+01  ,2.038013778138e-03  
  1.192218126642e-03  ,4.423502671831e-01  ,5.301908734708e+01  ,1.243079280998e-03  
  1.192263628827e-03  ,1.762346458618e-01  ,5.308651247630e+01  ,8.536913261477e-04  
  1.192332758294e-03  ,5.622326636144e-02  ,5.318861168728e+01  ,6.762181555910e-04  
  1.192413844453e-03  ,4.604234008390e-03  ,5.330789663325e+01  ,5.979618764604e-04  
  1.192510165559e-03  ,-7.865402931880e-03  ,5.344893830670e+01  ,5.761980255446e-04  
  1.192702807771e-03  ,-5.375355260225e-03  ,5.372889887386e+01  ,5.726656390194e-04  
  1.192993535386e-03  ,4.389875067216e-03  ,5.414603755387e+01  ,5.761968303737e-04  
  1.193574990617e-03  ,-2.547627358051e-05  ,5.496082730064e+01  ,5.485613885243e-04  
  1.194478692399e-03  ,1.129994360643e-03  ,5.617505544017e+01  ,5.178865045343e-04  
  1.195734681474e-03  ,1.471950617935e-03  ,5.775605854335e+01  ,4.748530159758e-04  
  1.198246659623e-03  ,1.203071788884e-03  ,6.054111735593e+01  ,3.921981225917e-04  
  1.202000000020e-03  ,8.928161482611e-04  ,6.375427769597e+01  ,2.766943385215e-04  
  1.202001000018e-03  ,5.775382290028e-01  ,6.375511440384e+01  ,-1.013276030696e-03  
  1.202001884868e-03  ,1.095178557503e+00  ,6.375585825941e+01  ,-2.187792244277e-03  
  1.202003654567e-03  ,2.160224359925e+00  ,6.375734312330e+01  ,-4.505225674363e-03  
  1.202007193965e-03  ,4.412587086257e+00  ,6.376029593664e+01  ,-8.959676452054e-03  
  1.202010000020e-03  ,6.311252852166e+00  ,6.376262146567e+01  ,-1.232632944845e-02  
  1.202010707900e-03  ,6.403560672420e+00  ,6.376311292065e+01  ,-1.224677765897e-02  
  1.202012123696e-03  ,6.584299663081e+00  ,6.376408525430e+01  ,-1.198658842678e-02  
  1.202014955289e-03  ,6.936696667476e+00  ,6.376603006207e+01  ,-1.147335004349e-02  
  1.202020618476e-03  ,7.600857968873e+00  ,6.376992312394e+01  ,-1.050556096349e-02  
  1.202031944848e-03  ,8.774024913550e+00  ,6.377772170725e+01  ,-8.796508808837e-03  
  1.202043354667e-03  ,9.771511244564e+00  ,6.378559127449e+01  ,-7.343347341700e-03  
  1.202051392354e-03  ,9.973408305582e+00  ,4.110065339252e+01  ,9.861158993003e+00  
  1.202059064962e-03  ,1.000020193642e+01  ,1.073534459737e+01  ,9.861329701303e+00  
  1.202063384808e-03  ,1.018788759752e+01  ,3.401201394564e+00  ,9.862245979642e+00  
  1.202067481138e-03  ,1.046832747789e+01  ,2.663075107947e+00  ,9.863326070798e+00  
  1.202069801621e-03  ,1.062563629399e+01  ,2.745182023234e+00  ,9.863974994834e+00  
  1.202072730072e-03  ,1.081620579792e+01  ,2.800748628547e+00  ,9.864797730940e+00  
  1.202078586973e-03  ,1.117231150624e+01  ,2.810471332952e+00  ,9.866445002077e+00  
  1.202090300776e-03  ,1.179836295541e+01  ,2.805443279690e+00  ,9.869744108252e+00  
  1.202110086538e-03  ,1.263380601869e+01  ,2.804075711741e+00  ,9.875322705885e+00  
  1.202149658061e-03  ,1.372621676374e+01  ,2.808211775135e+00  ,9.886479485504e+00  
  1.202228801109e-03  ,1.476757072874e+01  ,2.813178726876e+00  ,9.908789602499e+00  
  1.202346246101e-03  ,1.516338022929e+01  ,2.822373740266e+00  ,9.941888087528e+00  
  1.202518861152e-03  ,1.497819401981e+01  ,2.836266111380e+00  ,9.990514921570e+00  
  1.202675335265e-03  ,1.497093623309e+01  ,2.848774288092e+00  ,1.003457409446e+01  
  1.202988283492e-03  ,1.501191021689e+01  ,2.873756512609e+00  ,1.012263378207e+01  
  1.203614179946e-03  ,1.499232623776e+01  ,2.923699284352e+00  ,1.029851878954e+01  
  1.204711477615e-03  ,1.499816704572e+01  ,3.011025422212e+00  ,1.060612041009e+01  
  1.206906072952e-03  ,1.500018753444e+01  ,3.184868695502e+00  ,1.121845956429e+01  
  1.211295263625e-03  ,1.499992903167e+01  ,3.529326738552e+00  ,1.243175925381e+01  
  1.212010000020e-03  ,1.500001335437e+01  ,3.585012555738e+00  ,1.262790424400e+01  
  1.212011000018e-03  ,1.442322995432e+01  ,3.584943032325e+00  ,1.262817838516e+01  
  1.212013000126e-03  ,1.321550429622e+01  ,3.584711810833e+00  ,1.262872662840e+01  
  1.212017000343e-03  ,1.067413243991e+01  ,3.584267798871e+00  ,1.262982341377e+01  
  1.212020000020e-03  ,8.649180700624e+00  ,3.583995178388e+00  ,1.263064580075e+01  
  1.212020800063e-03  ,8.545483885897e+00  ,3.584049672898e+00  ,1.263086509889e+01  
  1.212022400076e-03  ,8.340587128252e+00  ,3.584245466157e+00  ,1.263130379490e+01  
  1.212025600100e-03  ,7.945359269863e+00  ,3.584771329610e+00  ,1.263218115657e+01  
  1.212032000149e-03  ,7.209790142808e+00  ,3.585865700992e+00  ,1.263393564883e+01  
  1.212044800246e-03  ,5.933923874081e+00  ,3.588819133941e+00  ,1.263744449403e+01  
  1.212058726871e-03  ,4.792935003194e+00  ,3.598666785772e+00  ,1.264126110591e+01  
  1.212067645216e-03  ,4.356533714808e+00  ,1.397033153402e+01  ,1.264306444203e+01  
  1.212076016689e-03  ,4.341962398326e+00  ,4.349963591352e+01  ,1.264312607353e+01  
  1.212082296038e-03  ,4.134719027380e+00  ,5.281518680551e+01  ,3.933091617039e-02  
  1.212085567215e-03  ,3.936842717926e+00  ,5.284458321678e+01  ,-2.061814002924e-01  
  1.212087136494e-03  ,3.843984565109e+00  ,5.282624835321e+01  ,-4.151516177823e-03  
  1.212090275051e-03  ,3.665394605808e+00  ,5.282942127769e+01  ,1.014400401520e-02  
  1.212096552165e-03  ,3.332306661151e+00  ,5.283920028986e+01  ,5.649570684863e-03  
  1.212109106393e-03  ,2.751654663122e+00  ,5.285798921018e+01  ,4.594456625935e-03  
  1.212134214850e-03  ,1.862058380035e+00  ,5.289548971778e+01  ,3.314617160427e-03  
  1.212175371857e-03  ,9.415054747019e-01  ,5.295681514734e+01  ,1.972180495639e-03  
  1.212221362801e-03  ,4.554936415716e-01  ,5.302513938187e+01  ,1.262187060113e-03  
  1.212269457789e-03  ,1.918276306415e-01  ,5.309638647930e+01  ,8.761781324216e-04  
  1.212324359627e-03  ,8.008744783641e-02  ,5.317747854911e+01  ,7.112906808228e-04  
  1.212413051339e-03  ,6.895029024037e-03  ,5.330798263925e+01  ,6.013128159922e-04  
  1.212507846566e-03  ,2.597413556900e-03  ,5.344679781410e+01  ,5.915188310170e-04  
  1.212697437020e-03  ,7.902967213347e-04  ,5.372237449180e+01  ,5.818324759792e-04  
  1.212919023247e-03  ,1.962806609231e-03  ,5.404098125967e+01  ,5.753870397980e-04  
  1.213362195702e-03  ,1.918044651406e-03  ,5.466688398025e+01  ,5.590666045657e-04  
  1.214248540612e-03  ,1.421917350616e-03  ,5.587310823465e+01  ,5.266070839062e-04  
  1.216021230431e-03  ,1.581864032236e-03  ,5.810055058387e+01  ,4.653618905064e-04  
  1.219566610070e-03  ,9.472482394919e-04  ,6.180179190261e+01  ,3.496266120576e-04  
  1.222000000020e-03  ,1.006538950505e-03  ,6.375498575905e+01  ,2.787769276741e-04  
  1.222001000018e-03  ,5.776502957069e-01  ,6.375582239993e+01  ,-1.012256336052e-03  
  1.222001884774e-03  ,1.095234010672e+00  ,6.375656615189e+01  ,-2.187918847686e-03  
  1.222003654287e-03  ,2.160160286694e+00  ,6.375805051861e+01  ,-4.504819655229e-03  
  1.222007193313e-03  ,4.412259067852e+00  ,6.376100239714e+01  ,-8.958788584643e-03  
  1.222010000020e-03  ,6.311350014358e+00  ,6.376332797202e+01  ,-1.232625017222e-02  
  1.222010707825e-03  ,6.403647187971e+00  ,6.376381925137e+01  ,-1.224671522901e-02  
  1.222012123435e-03  ,6.586280571254e+00  ,6.376479134406e+01  ,-1.198672590436e-02  
  1.222014954656e-03  ,6.940078594466e+00  ,6.376673497974e+01  ,-1.146848828755e-02  
  1.222020617097e-03  ,7.603877598185e+00  ,6.377062656077e+01  ,-1.050129399263e-02  
  1.222031941980e-03  ,8.776423079893e+00  ,6.377842217261e+01  ,-8.793052879650e-03  
  1.222043350309e-03  ,9.773403847742e+00  ,6.378628875662e+01  ,-7.340651324381e-03  
  1.222051387995e-03  ,9.973479130721e+00  ,4.100645753539e+01  ,9.860366844188e+00  
  1.222059062093e-03  ,1.000030983981e+01  ,1.063755357790e+01  ,9.860541391304e+00  
  1.222063370019e-03  ,1.018879502090e+01  ,3.395282098941e+00  ,9.861457714870e+00  
  1.222067448467e-03  ,1.046804358571e+01  ,2.664139242005e+00  ,9.862535406536e+00  
  1.222069770068e-03  ,1.062542784234e+01  ,2.745318927447e+00  ,9.863184623746e+00  
  1.222072704851e-03  ,1.081640526160e+01  ,2.800534225990e+00  ,9.864009128950e+00  
  1.222078574419e-03  ,1.117323171677e+01  ,2.810197952446e+00  ,9.865659988709e+00  
  1.222090313554e-03  ,1.180038298466e+01  ,2.805210011917e+00  ,9.868966269576e+00  
  1.222110206604e-03  ,1.263923308354e+01  ,2.803865793093e+00  ,9.874575161868e+00  
  1.222149992704e-03  ,1.373367835345e+01  ,2.808005605895e+00  ,9.885792521397e+00  
  1.222229564905e-03  ,1.477336916116e+01  ,2.813015110198e+00  ,9.908223759668e+00  
  1.222347009897e-03  ,1.516377324429e+01  ,2.822213040790e+00  ,9.941322435316e+00  
  1.222520364046e-03  ,1.497779802590e+01  ,2.836164816186e+00  ,9.990157705265e+00  
  1.222677028894e-03  ,1.497081344382e+01  ,2.848688216090e+00  ,1.003427073107e+01  
  1.222990358591e-03  ,1.501197506208e+01  ,2.873700896488e+00  ,1.012243798151e+01  
  1.223617017984e-03  ,1.499227978800e+01  ,2.923704628425e+00  ,1.029853754180e+01  
  1.224717367410e-03  ,1.499815821776e+01  ,3.011273229880e+00  ,1.060699326004e+01  
  1.226918066263e-03  ,1.500018819379e+01  ,3.185596941060e+00  ,1.122102469675e+01  
  1.231319463968e-03  ,1.499992838516e+01  ,3.530997984430e+00  ,1.243764595840e+01  
  1.232010000020e-03  ,1.500001302456e+01  ,3.584796890779e+00  ,1.262714459800e+01  
  1.232011000018e-03  ,1.442323078336e+01  ,3.584727369097e+00  ,1.262741874130e+01  
  1.232013000126e-03  ,1.321550510085e+01  ,3.584496148807e+00  ,1.262796698894e+01  
  1.232017000343e-03  ,1.067413319738e+01  ,3.584052135218e+00  ,1.262906378287e+01  
  1.232020000020e-03  ,8.649181424302e+00  ,3.583779510055e+00  ,1.262988617631e+01  
  1.232020800063e-03  ,8.545484600852e+00  ,3.583834001653e+00  ,1.263010547618e+01  
  1.232022400076e-03  ,8.340587825972e+00  ,3.584029789433e+00  ,1.263054417564e+01  
  1.232025600100e-03  ,7.945359934353e+00  ,3.584555644248e+00  ,1.263142154421e+01  
  1.232032000149e-03  ,7.209790745355e+00  ,3.585649993181e+00  ,1.263317605027e+01  
  1.232044800246e-03  ,5.933924368326e+00  ,3.588603329321e+00  ,1.263668492310e+01  
  1.232058726871e-03  ,4.792935392984e+00  ,3.598450405893e+00  ,1.264050156508e+01  
  1.232067645216e-03  ,4.356529036825e+00  ,1.396981334405e+01  ,1.264230496178e+01  
  1.232076016689e-03  ,4.341957717146e+00  ,4.349907791482e+01  ,1.264236662840e+01  
  1.232082296783e-03  ,4.134687188779e+00  ,5.281573133740e+01  ,3.927237572769e-02  
  1.232085568333e-03  ,3.936790322657e+00  ,5.284512170257e+01  ,-2.061807678093e-01  
  1.232087137798e-03  ,3.843922567214e+00  ,5.282678677113e+01  ,-4.150344251228e-03  
  1.232090276727e-03  ,3.665314786400e+00  ,5.282995990465e+01  ,1.014344141398e-02  
  1.232096554587e-03  ,3.332196292375e+00  ,5.283973896026e+01  ,5.649299073143e-03  
  1.232109110305e-03  ,2.753095715436e+00  ,5.285857668246e+01  ,4.426718060391e-03  
  1.232134221742e-03  ,1.864199931494e+00  ,5.289608535270e+01  ,3.316763864293e-03  
  1.232175867507e-03  ,9.348842817927e-01  ,5.295814693786e+01  ,1.962631086667e-03  
  1.232222126672e-03  ,3.971879621894e-01  ,5.302686599998e+01  ,1.177143820575e-03  
  1.232268445441e-03  ,1.916081926312e-01  ,5.309546827911e+01  ,8.758301329336e-04  
  1.232330648849e-03  ,5.755957178064e-02  ,5.318732309270e+01  ,6.781570936534e-04  
  1.232396762321e-03  ,2.029479995907e-02  ,5.328461666654e+01  ,6.213846852994e-04  
  1.232528989265e-03  ,1.731048674481e-03  ,5.347820064498e+01  ,5.893961799371e-04  
  1.232669131705e-03  ,-1.045945081294e-03  ,5.368191818990e+01  ,5.801424714253e-04  
  1.232949416587e-03  ,3.097948797193e-04  ,5.408485172370e+01  ,5.717612200848e-04  
  1.233396069953e-03  ,1.567309829142e-03  ,5.471448892859e+01  ,5.572563714672e-04  
  1.234289376685e-03  ,1.675515548988e-03  ,5.592744927201e+01  ,5.254802617118e-04  
  1.236075990150e-03  ,1.354415930345e-03  ,5.816535523008e+01  ,4.631218185929e-04  
  1.239649217078e-03  ,1.145191308116e-03  ,6.187538539772e+01  ,3.473211612449e-04  
  1.242000000020e-03  ,8.844372232750e-04  ,6.375430485093e+01  ,2.762447273319e-04  
  1.242001000018e-03  ,5.775300249321e-01  ,6.375514167174e+01  ,-1.012293794741e-03  
  1.242001884868e-03  ,1.095170469438e+00  ,6.375588588526e+01  ,-2.188056316680e-03  
  1.242003654567e-03  ,2.160216493531e+00  ,6.375737117905e+01  ,-4.505194819287e-03  
  1.242007193965e-03  ,4.412579647269e+00  ,6.376032490739e+01  ,-8.959593627800e-03  
  1.242010000020e-03  ,6.311245736112e+00  ,6.376265116271e+01  ,-1.232624931613e-02  
  1.242010707900e-03  ,6.403553635278e+00  ,6.376314280213e+01  ,-1.224669920370e-02  
  1.242012123696e-03  ,6.584292780470e+00  ,6.376411550570e+01  ,-1.198650772644e-02  
  1.242014955289e-03  ,6.936690086068e+00  ,6.376606104774e+01  ,-1.147326908969e-02  
  1.242020618476e-03  ,7.600851955196e+00  ,6.376995558223e+01  ,-1.050547999679e-02  
  1.242031944848e-03  ,8.774019902699e+00  ,6.377775710993e+01  ,-8.796426389907e-03  
  1.242043354667e-03  ,9.771507086368e+00  ,6.378562964242e+01  ,-7.343263062869e-03  
  1.242051392354e-03  ,9.973415280894e+00  ,4.110147409479e+01  ,9.862448402894e+00  
  1.242059064962e-03  ,1.000020912785e+01  ,1.073622008304e+01  ,9.862619091371e+00  
  1.242063384808e-03  ,1.018788557782e+01  ,3.401588535181e+00  ,9.863535357822e+00  
  1.242067481883e-03  ,1.046837556972e+01  ,2.663394000249e+00  ,9.864615603982e+00  
  1.242069802738e-03  ,1.062570785517e+01  ,2.745545150342e+00  ,9.865264622863e+00  
  1.242072731189e-03  ,1.081627432128e+01  ,2.801117447755e+00  ,9.866087347957e+00  
  1.242078588091e-03  ,1.117237419020e+01  ,2.810838314219e+00  ,9.867734597477e+00  
  1.242090301893e-03  ,1.179841538485e+01  ,2.805809408208e+00  ,9.871033660618e+00  
  1.242110087655e-03  ,1.263384476755e+01  ,2.804441969640e+00  ,9.876612185798e+00  
  1.242149659179e-03  ,1.372623762126e+01  ,2.808577764222e+00  ,9.887768820535e+00  
  1.242228802226e-03  ,1.476757453431e+01  ,2.813544689552e+00  ,9.910078647846e+00  
  1.242346247218e-03  ,1.516337755379e+01  ,2.822739578382e+00  ,9.943176703134e+00  
  1.242518862270e-03  ,1.497819437714e+01  ,2.836631772536e+00  ,9.991802905837e+00  
  1.242675336383e-03  ,1.497093670926e+01  ,2.849139787449e+00  ,1.003586150668e+01  
  1.242988284610e-03  ,1.501191002201e+01  ,2.874121686627e+00  ,1.012392005098e+01  
  1.243614181064e-03  ,1.499232636362e+01  ,2.924063810367e+00  ,1.029980277485e+01  
  1.244711669467e-03  ,1.499816707844e+01  ,3.011403970132e+00  ,1.060745378594e+01  
  1.246906646274e-03  ,1.500018750971e+01  ,3.185275016014e+00  ,1.121989076517e+01  
  1.251296599887e-03  ,1.499992905199e+01  ,3.529787529908e+00  ,1.243338232038e+01  
  1.252010000020e-03  ,1.500001334164e+01  ,3.585368410002e+00  ,1.262915768591e+01  
  1.252011000018e-03  ,1.442323007466e+01  ,3.585298883446e+00  ,1.262943182351e+01  
  1.252013000126e-03  ,1.321550441301e+01  ,3.585067659866e+00  ,1.262998005964e+01  
  1.252017000343e-03  ,1.067413254995e+01  ,3.584623650598e+00  ,1.263107683077e+01  
  1.252020000020e-03  ,8.649180805925e+00  ,3.584351037766e+00  ,1.263189920707e+01  
  1.252020800063e-03  ,8.545483990013e+00  ,3.584405537079e+00  ,1.263211850236e+01  
  1.252022400076e-03  ,8.340587230024e+00  ,3.584601339361e+00  ,1.263255719269e+01  
  1.252025600100e-03  ,7.945359367087e+00  ,3.585127216999e+00  ,1.263343454297e+01  
  1.252032000149e-03  ,7.209790231725e+00  ,3.586221625219e+00  ,1.263518901245e+01  
  1.252044800246e-03  ,5.933923949999e+00  ,3.589175216713e+00  ,1.263869781208e+01  
  1.252058726871e-03  ,4.792935079781e+00  ,3.599023802279e+00  ,1.264251437429e+01  
  1.252067645216e-03  ,4.356541483469e+00  ,1.397115219976e+01  ,1.264431761350e+01  
  1.252076016689e-03  ,4.341970092558e+00  ,4.350051661742e+01  ,1.264437919316e+01  
  1.252082296038e-03  ,4.134714710948e+00  ,5.281524452290e+01  ,3.927037400092e-02  
  1.252085567215e-03  ,3.936838422505e+00  ,5.284463372230e+01  ,-2.061643067755e-01  
  1.252087136680e-03  ,3.843969575433e+00  ,5.282630110572e+01  ,-4.149621447845e-03  
  1.252090275610e-03  ,3.665359629215e+00  ,5.282947563315e+01  ,1.014327084651e-02  
  1.252096553469e-03  ,3.332237097067e+00  ,5.283925725703e+01  ,5.649509734742e-03  
  1.252109109187e-03  ,2.751533965659e+00  ,5.285805155260e+01  ,4.594382873061e-03  
  1.252134220624e-03  ,1.861885824784e+00  ,5.289556281792e+01  ,3.314462632714e-03  
  1.252175371671e-03  ,9.415164333793e-01  ,5.295688970788e+01  ,1.972293170774e-03  
  1.252221362615e-03  ,4.554990886713e-01  ,5.302522551018e+01  ,1.262291492913e-03  
  1.252269451642e-03  ,1.918555070288e-01  ,5.309647587255e+01  ,8.763152222452e-04  
  1.252324359441e-03  ,8.009054598884e-02  ,5.317759054053e+01  ,7.113911665657e-04  
  1.252413051153e-03  ,6.893527038817e-03  ,5.330811685536e+01  ,6.014061559005e-04  
  1.252507846380e-03  ,2.597418950961e-03  ,5.344695573550e+01  ,5.916139024998e-04  
  1.252697436834e-03  ,7.909301429129e-04  ,5.372257967340e+01  ,5.819275318104e-04  
  1.252919023061e-03  ,1.963019132591e-03  ,5.404124142055e+01  ,5.754804230412e-04  
  1.253362195516e-03  ,1.918255481056e-03  ,5.466725324826e+01  ,5.591578831279e-04  
  1.254248540426e-03  ,1.422267201801e-03  ,5.587369220594e+01  ,5.266945901684e-04  
  1.256021230245e-03  ,1.582084866582e-03  ,5.810154898691e+01  ,4.654418100566e-04  
  1.259566609884e-03  ,9.475409140507e-04  ,6.180355282920e+01  ,3.496938476116e-04  
  1.262000000020e-03  ,1.006714179660e-03  ,6.375721479569e+01  ,2.788371180409e-04  
  1.262001000018e-03  ,5.776504715850e-01  ,6.375805161879e+01  ,-1.012197353636e-03  
  1.262001884774e-03  ,1.095234187117e+00  ,6.375879553185e+01  ,-2.187859993297e-03  
  1.262003654287e-03  ,2.160160464251e+00  ,6.376028022073e+01  ,-4.504760753055e-03  
  1.262007193313e-03  ,4.412259247547e+00  ,6.376323274358e+01  ,-8.958729633323e-03  
  1.262010000020e-03  ,6.311350195670e+00  ,6.376555882942e+01  ,-1.232619119072e-02  
  1.262010707825e-03  ,6.403647369681e+00  ,6.376605023780e+01  ,-1.224665526265e-02  
  1.262012123435e-03  ,6.586280753754e+00  ,6.376702258873e+01  ,-1.198666573578e-02  
  1.262014954656e-03  ,6.940078778498e+00  ,6.376896674092e+01  ,-1.146842821872e-02  
  1.262020617097e-03  ,7.603877785085e+00  ,6.377285935471e+01  ,-1.050123395662e-02  
  1.262031941980e-03  ,8.776423271846e+00  ,6.378065703122e+01  ,-8.792992884304e-03  
  1.262043350309e-03  ,9.773404043971e+00  ,6.378852569387e+01  ,-7.340591375239e-03  
  1.262051387995e-03  ,9.973484433080e+00  ,4.100912692785e+01  ,9.861500332693e+00  
  1.262059062093e-03  ,1.000031339209e+01  ,1.064012955146e+01  ,9.861674711663e+00  
  1.262063370019e-03  ,1.018876028671e+01  ,3.395765991030e+00  ,9.862591057766e+00  
  1.262067449212e-03  ,1.046805915378e+01  ,2.664399188897e+00  ,9.863668843170e+00  
  1.262069770813e-03  ,1.062544336339e+01  ,2.745628636352e+00  ,9.864318054680e+00  
  1.262072705224e-03  ,1.081639659322e+01  ,2.800857318312e+00  ,9.865142446547e+00  
  1.262078574046e-03  ,1.117318038804e+01  ,2.810522097508e+00  ,9.866793077718e+00  
  1.262090311691e-03  ,1.179867898924e+01  ,2.800046113134e+00  ,9.870102243355e+00  
  1.262102579817e-03  ,1.234662264906e+01  ,2.804253041586e+00  ,9.873561381383e+00  
  1.262127116069e-03  ,1.317919317042e+01  ,2.806478945810e+00  ,9.880479310659e+00  
  1.262176188573e-03  ,1.416689092316e+01  ,2.808883130617e+00  ,9.894313965796e+00  
  1.262274333581e-03  ,1.497734649558e+01  ,2.816793046453e+00  ,9.921977963950e+00  
  1.262402650460e-03  ,1.499974631339e+01  ,2.827072292757e+00  ,9.958135181171e+00  
  1.262628146752e-03  ,1.500013633528e+01  ,2.845078722615e+00  ,1.002164378512e+01  
  1.262867662057e-03  ,1.500012071502e+01  ,2.864228921086e+00  ,1.008905618870e+01  
  1.263346692666e-03  ,1.500020962250e+01  ,2.902466981349e+00  ,1.022374358075e+01  
  1.264304753884e-03  ,1.500025957729e+01  ,2.978787194046e+00  ,1.049256971812e+01  
  1.266220876321e-03  ,1.500035318272e+01  ,3.130806456025e+00  ,1.102803402634e+01  
  1.270053121194e-03  ,1.500037302151e+01  ,3.432377508478e+00  ,1.209027129695e+01  
  1.272010000020e-03  ,1.499974662840e+01  ,3.585108506831e+00  ,1.262824188429e+01  
  1.272011000018e-03  ,1.442069939338e+01  ,3.585039752007e+00  ,1.262851602581e+01  
  1.272013000126e-03  ,1.321304824739e+01  ,3.584808814160e+00  ,1.262906425957e+01  
  1.272017000343e-03  ,1.067182017623e+01  ,3.584364900717e+00  ,1.263016104726e+01  
  1.272020000020e-03  ,8.646971301090e+00  ,3.584092282509e+00  ,1.263098343133e+01  
  1.272020800063e-03  ,8.543300976041e+00  ,3.584146805998e+00  ,1.263120272863e+01  
  1.272022400076e-03  ,8.338456560135e+00  ,3.584342651692e+00  ,1.263164142315e+01  
  1.272025600100e-03  ,7.943329665012e+00  ,3.584868628776e+00  ,1.263251878179e+01  
  1.272032000149e-03  ,7.207948445961e+00  ,3.585963359564e+00  ,1.263427326772e+01  
  1.272044800246e-03  ,5.932408135312e+00  ,3.588918865236e+00  ,1.263778210029e+01  
  1.272058725381e-03  ,4.791822136638e+00  ,3.598790282450e+00  ,1.264159828774e+01  
  1.272067643726e-03  ,4.356458373377e+00  ,1.402361386061e+01  ,1.264339737147e+01  
  1.272076013708e-03  ,4.342011119504e+00  ,4.355629423219e+01  ,1.264345541452e+01  
  1.272082286352e-03  ,4.134294908038e+00  ,5.281933438991e+01  ,3.633342028761e-02  
  1.272085556785e-03  ,3.936471942652e+00  ,5.284833987593e+01  ,-2.053617602647e-01  
  1.272087127367e-03  ,3.843547956496e+00  ,5.283008484845e+01  ,-4.095873605038e-03  
  1.272090268532e-03  ,3.664833307743e+00  ,5.283326922177e+01  ,1.012432842495e-02  
  1.272096550861e-03  ,3.331531648835e+00  ,5.284305407612e+01  ,5.647313675987e-03  
  1.272109115520e-03  ,2.750571527620e+00  ,5.286185822356e+01  ,4.592941482599e-03  
  1.272134244839e-03  ,1.860688781168e+00  ,5.289938939567e+01  ,3.312595697263e-03  
  1.272175366083e-03  ,9.413947043442e-01  ,5.296066079158e+01  ,1.971991125702e-03  
  1.272221362987e-03  ,4.553934579306e-01  ,5.302899314783e+01  ,1.262013151097e-03  
  1.272269452015e-03  ,1.918065563323e-01  ,5.310023063667e+01  ,8.761195734606e-04  
  1.272324377695e-03  ,8.004449991528e-02  ,5.318135697683e+01  ,7.111993651842e-04  
  1.272413081327e-03  ,6.877736755846e-03  ,5.331187691570e+01  ,6.012583780548e-04  
  1.272507900396e-03  ,2.593937993809e-03  ,5.345072500411e+01  ,5.914836472565e-04  
  1.272697538534e-03  ,7.932064185279e-04  ,5.372636627736e+01  ,5.818047326568e-04  
  1.272919196287e-03  ,1.962162109149e-03  ,5.404506902883e+01  ,5.753514376350e-04  
  1.273362511793e-03  ,1.917241846544e-03  ,5.467115529841e+01  ,5.590254442187e-04  
  1.274249142805e-03  ,1.422359175763e-03  ,5.587771273238e+01  ,5.265575347316e-04  
  1.276022404829e-03  ,1.581247553965e-03  ,5.810568405009e+01  ,4.652915562683e-04  
  1.279568928877e-03  ,9.473629613075e-04  ,6.180743006134e+01  ,3.495234384505e-04  
  1.282000000020e-03  ,1.006056941933e-03  ,6.375836039113e+01  ,2.787452613660e-04  
  1.282001000018e-03  ,5.776498195625e-01  ,6.375919695391e+01  ,-1.012289854265e-03  
  1.282001884774e-03  ,1.095233539614e+00  ,6.375994063679e+01  ,-2.187954273236e-03  
  1.282003654287e-03  ,2.160159825613e+00  ,6.376142486491e+01  ,-4.504854586267e-03  
  1.282007193313e-03  ,4.412258625958e+00  ,6.376437646626e+01  ,-8.958823343628e-03  
  1.282010000020e-03  ,6.311349586970e+00  ,6.376670182127e+01  ,-1.232628486895e-02  
  1.282010707825e-03  ,6.403646764122e+00  ,6.376719304503e+01  ,-1.224674863212e-02  
  1.282012123435e-03  ,6.586280154411e+00  ,6.376816502676e+01  ,-1.198675901634e-02  
  1.282014954656e-03  ,6.940078191195e+00  ,6.377010844056e+01  ,-1.146852151730e-02  
  1.282020617097e-03  ,7.603877220376e+00  ,6.377399957769e+01  ,-1.050132720013e-02  
  1.282031941980e-03  ,8.776422747054e+00  ,6.378179430123e+01  ,-8.793086058353e-03  
  1.282043350309e-03  ,9.773403553127e+00  ,6.378965998973e+01  ,-7.340684470505e-03  
  1.282051387995e-03  ,9.973477403257e+00  ,4.100973049695e+01  ,9.860328752678e+00  
  1.282059062093e-03  ,1.000030503819e+01  ,1.064060108518e+01  ,9.860503057341e+00  
  1.282063370019e-03  ,1.018873915255e+01  ,3.395514471970e+00  ,9.861419427006e+00  
  1.282067449212e-03  ,1.046803832403e+01  ,2.664061275954e+00  ,9.862497199348e+00  
  1.282069770813e-03  ,1.062542322029e+01  ,2.745288818341e+00  ,9.863146418434e+00  
  1.282072705224e-03  ,1.081637737037e+01  ,2.800522293532e+00  ,9.863970820669e+00  
  1.282078574046e-03  ,1.117316282668e+01  ,2.810189681470e+00  ,9.865621471269e+00  
  1.282090311691e-03  ,1.179866429244e+01  ,2.799712949872e+00  ,9.868930675963e+00  
  1.282102578327e-03  ,1.234654932182e+01  ,2.803920193708e+00  ,9.872389434676e+00  
  1.282127111599e-03  ,1.317905758895e+01  ,2.806146110529e+00  ,9.879306605345e+00  
  1.282176178142e-03  ,1.416674144504e+01  ,2.808549760973e+00  ,9.893139743529e+00  
  1.282274311229e-03  ,1.497726036177e+01  ,2.816458855124e+00  ,9.920800709075e+00  
  1.282402628109e-03  ,1.499974514102e+01  ,2.826738193538e+00  ,9.956958355061e+00  
  1.282628076717e-03  ,1.500013661271e+01  ,2.844741018135e+00  ,1.002045428668e+01  
  1.282867592022e-03  ,1.500012096447e+01  ,2.863891449590e+00  ,1.008786749884e+01  
  1.283346622631e-03  ,1.500021022160e+01  ,2.902129968410e+00  ,1.022255650638e+01  
  1.284304683849e-03  ,1.500026037699e+01  ,2.978451096463e+00  ,1.049138586816e+01  
  1.286220806285e-03  ,1.500035435423e+01  ,3.130472181704e+00  ,1.102685659895e+01  
  1.290053051159e-03  ,1.500037427690e+01  ,3.432046851394e+00  ,1.208910661046e+01  
  1.292010000020e-03  ,1.499974553133e+01  ,3.584785133856e+00  ,1.262710285094e+01  
  1.292011000018e-03  ,1.442068872985e+01  ,3.584716384975e+00  ,1.262737699571e+01  
  1.292013000126e-03  ,1.321303789785e+01  ,3.584485450172e+00  ,1.262792523589e+01  
  1.292017000343e-03  ,1.067181043251e+01  ,3.584041534673e+00  ,1.262902203656e+01  
  1.292020000020e-03  ,8.646961990692e+00  ,3.583768909519e+00  ,1.262984443032e+01  
  1.292020800063e-03  ,8.543291777199e+00  ,3.583823428752e+00  ,1.263006373021e+01  
  1.292022400076e-03  ,8.338447581725e+00  ,3.584019266449e+00  ,1.263050242990e+01  
  1.292025600100e-03  ,7.943321111820e+00  ,3.584545231088e+00  ,1.263137979889e+01  
  1.292032000149e-03  ,7.207940684021e+00  ,3.585639929821e+00  ,1.263313430552e+01  
  1.292044800246e-03  ,5.932401744646e+00  ,3.588595299691e+00  ,1.263664317950e+01  
  1.292058725381e-03  ,4.791816962717e+00  ,3.598465976131e+00  ,1.264045941207e+01  
  1.292067643726e-03  ,4.356450958206e+00  ,1.402311166142e+01  ,1.264225856436e+01  
  1.292076013708e-03  ,4.342004342046e+00  ,4.355577784922e+01  ,1.264231664127e+01  
  1.292082287097e-03  ,4.134266017134e+00  ,5.282024651977e+01  ,3.630203739415e-02  
  1.292085557902e-03  ,3.936422437757e+00  ,5.284924910191e+01  ,-2.053671365172e-01  
  1.292087128485e-03  ,3.843499599762e+00  ,5.283099310130e+01  ,-4.095854225132e-03  
  1.292090269649e-03  ,3.664787189753e+00  ,5.283417669633e+01  ,1.012433817765e-02  
  1.292096551979e-03  ,3.331489703703e+00  ,5.284396000829e+01  ,5.647151886701e-03  
  1.292109116638e-03  ,2.750536851229e+00  ,5.286276102810e+01  ,4.592788789473e-03  
  1.292134245956e-03  ,1.860665235984e+00  ,5.290028594179e+01  ,3.312460035857e-03  
  1.292175367201e-03  ,9.413826566265e-01  ,5.296154709880e+01  ,1.971872426253e-03  
  1.292221364105e-03  ,4.553874872546e-01  ,5.302986800757e+01  ,1.261903528800e-03  
  1.292269453132e-03  ,1.918038816603e-01  ,5.310109353638e+01  ,8.760149880823e-04  
  1.292324378813e-03  ,8.004322286809e-02  ,5.318220622631e+01  ,7.110970771495e-04  
  1.292413082445e-03  ,6.877374847287e-03  ,5.331270414287e+01  ,6.011578472124e-04  
  1.292507901514e-03  ,2.593629942130e-03  ,5.345152872158e+01  ,5.913836377584e-04  
  1.292697539652e-03  ,7.929214837372e-04  ,5.372712307269e+01  ,5.817056456130e-04  
  1.292919197405e-03  ,1.961863282406e-03  ,5.404577114622e+01  ,5.752533390802e-04  
  1.293362512911e-03  ,1.916945100547e-03  ,5.467174862232e+01  ,5.589293516923e-04  
  1.294249143923e-03  ,1.422071934717e-03  ,5.587809083642e+01  ,5.264652307202e-04  
  1.296022405947e-03  ,1.580966029274e-03  ,5.810564223044e+01  ,4.652062655953e-04  
  1.299568929994e-03  ,9.471086519130e-04  ,6.180659792517e+01  ,3.494502124550e-04  
  1.302000000020e-03  ,1.005818280414e-03  ,6.375702886635e+01  ,2.786783942294e-04  
  1.302001000018e-03  ,5.776495809369e-01  ,6.375786523231e+01  ,-1.012355872801e-03  
  1.302001884774e-03  ,1.095233301023e+00  ,6.375860874114e+01  ,-2.188020173159e-03  
  1.302003654287e-03  ,2.160159587088e+00  ,6.376009262117e+01  ,-4.504920522609e-03  
  1.302007193313e-03  ,4.412258387563e+00  ,6.376304352637e+01  ,-8.958889308164e-03  
  1.302010000020e-03  ,6.311349348673e+00  ,6.376536832929e+01  ,-1.232635084902e-02  
  1.302010707825e-03  ,6.403646525845e+00  ,6.376585941362e+01  ,-1.224681524951e-02  
  1.302012123435e-03  ,6.586279916172e+00  ,6.376683111636e+01  ,-1.198682576106e-02  
  1.302014954656e-03  ,6.940077953030e+00  ,6.376877397218e+01  ,-1.146858819601e-02  
  1.302020617097e-03  ,7.603876982351e+00  ,6.377266399354e+01  ,-1.050139384600e-02  
  1.302031941980e-03  ,8.776422509289e+00  ,6.378045648627e+01  ,-8.793152666268e-03  
  1.302043350309e-03  ,9.773403315601e+00  ,6.378831992856e+01  ,-7.340751033080e-03  
  1.302051387995e-03  ,9.973471812721e+00  ,4.100794364854e+01  ,9.859215767749e+00  
  1.302059062093e-03  ,1.000030038785e+01  ,1.063884918282e+01  ,9.859390175904e+00  
  1.302063370019e-03  ,1.018875910871e+01  ,3.395101021159e+00  ,9.860306535131e+00  
  1.302067448467e-03  ,1.046800804418e+01  ,2.663800107175e+00  ,9.861384183914e+00  
  1.302069769695e-03  ,1.062536884601e+01  ,2.744980979619e+00  ,9.862033306776e+00  
  1.302072704106e-03  ,1.081632525579e+01  ,2.800204507549e+00  ,9.862857718265e+00  
  1.302078572929e-03  ,1.117311515614e+01  ,2.809872431659e+00  ,9.864508387744e+00  
  1.302090310573e-03  ,1.179862443544e+01  ,2.799397750880e+00  ,9.867817629612e+00  
  1.302102577209e-03  ,1.234651627914e+01  ,2.803604200828e+00  ,9.871276427073e+00  
  1.302127110481e-03  ,1.317903491252e+01  ,2.805830027214e+00  ,9.878193675272e+00  
  1.302176177025e-03  ,1.416673107003e+01  ,2.808233897363e+00  ,9.892026968498e+00  
  1.302274310112e-03  ,1.497726007893e+01  ,2.816143024954e+00  ,9.919688244031e+00  
  1.302402626991e-03  ,1.499974513778e+01  ,2.826422476366e+00  ,9.955846295208e+00  
  1.302628075599e-03  ,1.500013661435e+01  ,2.844425505389e+00  ,1.001934293838e+01  
  1.302867590904e-03  ,1.500012096591e+01  ,2.863576150134e+00  ,1.008675690598e+01  
  1.303346621513e-03  ,1.500021022415e+01  ,2.901815097481e+00  ,1.022144742288e+01  
  1.304304682731e-03  ,1.500026038016e+01  ,2.978137080848e+00  ,1.049027979722e+01  
  1.306220805168e-03  ,1.500035435857e+01  ,3.130159869742e+00  ,1.102575652861e+01  
  1.310053050041e-03  ,1.500037428149e+01  ,3.431737919049e+00  ,1.208801844392e+01  
  1.312010000020e-03  ,1.499974552845e+01  ,3.584478000128e+00  ,1.262602101970e+01  
  1.312011000018e-03  ,1.442068869509e+01  ,3.584409253904e+00  ,1.262629516754e+01  
  1.312013000126e-03  ,1.321303786412e+01  ,3.584178320892e+00  ,1.262684341387e+01  
  1.312017000343e-03  ,1.067181040068e+01  ,3.583734403067e+00  ,1.262794022681e+01  
  1.312020000020e-03  ,8.646961960141e+00  ,3.583461771300e+00  ,1.262876262979e+01  
  1.312020800063e-03  ,8.543291746948e+00  ,3.583516286386e+00  ,1.262898193214e+01  
  1.312022400076e-03  ,8.338447552067e+00  ,3.583712116288e+00  ,1.262942063675e+01  
  1.312025600100e-03  ,7.943321083331e+00  ,3.584238068670e+00  ,1.263029801556e+01  
  1.312032000149e-03  ,7.207940657568e+00  ,3.585332735562e+00  ,1.263205254186e+01  
  1.312044800246e-03  ,5.932401720509e+00  ,3.588287968344e+00  ,1.263556145516e+01  
  1.312058725381e-03  ,4.791816929992e+00  ,3.598157835718e+00  ,1.263937773060e+01  
  1.312067643726e-03  ,4.356444253936e+00  ,1.402240164260e+01  ,1.264117696604e+01  
  1.312076013708e-03  ,4.341997704396e+00  ,4.355501617118e+01  ,1.264123508405e+01  
  1.312082286352e-03  ,4.134296155175e+00  ,5.281912076720e+01  ,3.640765175107e-02  
  1.312085556785e-03  ,3.936473348615e+00  ,5.284813482842e+01  ,-2.053838628166e-01  
  1.312087127181e-03  ,3.843560110247e+00  ,5.282987675419e+01  ,-4.098148032567e-03  
  1.312090267973e-03  ,3.664865566232e+00  ,5.283305888182e+01  ,1.012508543743e-02  
  1.312096549557e-03  ,3.331598712268e+00  ,5.284283993075e+01  ,5.647302743985e-03  
  1.312109112726e-03  ,2.752288288061e+00  ,5.286168488951e+01  ,4.426387931215e-03  
  1.312134239064e-03  ,1.871828132744e+00  ,5.289918827463e+01  ,3.514661309524e-03  
  1.312173512565e-03  ,9.862272512784e-01  ,5.295772675148e+01  ,2.037945963508e-03  
  1.312218120681e-03  ,4.423894754910e-01  ,5.302399407903e+01  ,1.242920158295e-03  
  1.312263628827e-03  ,1.762184871393e-01  ,5.309140580926e+01  ,8.534517697750e-04  
  1.312332758294e-03  ,5.621781962130e-02  ,5.319347123018e+01  ,6.759948183645e-04  
  1.312413856374e-03  ,4.598000031860e-03  ,5.331273403944e+01  ,5.977376595098e-04  
  1.312510177480e-03  ,-7.866837418211e-03  ,5.345372855358e+01  ,5.759816402293e-04  
  1.312702819692e-03  ,-5.374855676720e-03  ,5.373359482147e+01  ,5.724537298207e-04  
  1.312993594991e-03  ,4.389375957285e-03  ,5.415065910938e+01  ,5.759841434880e-04  
  1.313575145589e-03  ,-2.626617206862e-05  ,5.496529396219e+01  ,5.483496145406e-04  
  1.314479133474e-03  ,1.129398928751e-03  ,5.617944569432e+01  ,5.176720108254e-04  
  1.315735313283e-03  ,1.471310417265e-03  ,5.776002823739e+01  ,4.746415034143e-04  
  1.318247672902e-03  ,1.202410596355e-03  ,6.054414876020e+01  ,3.919914065917e-04  
  1.322000000020e-03  ,8.922820971119e-04  ,6.375457514244e+01  ,2.765410295010e-04  
  1.322001000018e-03  ,5.775376950394e-01  ,6.375541140803e+01  ,-1.013430338017e-03  
  1.322001884868e-03  ,1.095178023583e+00  ,6.375615487227e+01  ,-2.187947649248e-03  
  1.322003654567e-03  ,2.160223826086e+00  ,6.375763895329e+01  ,-4.505380812516e-03  
  1.322007193965e-03  ,4.412586552575e+00  ,6.376059020088e+01  ,-8.959831534746e-03  
  1.322010000020e-03  ,6.311252318602e+00  ,6.376291448856e+01  ,-1.232648452564e-02  
  1.322010707900e-03  ,6.403560138875e+00  ,6.376340562989e+01  ,-1.224693286817e-02  
  1.322012123696e-03  ,6.584299129574e+00  ,6.376437733615e+01  ,-1.198674363875e-02  
  1.322014955289e-03  ,6.936696134043e+00  ,6.376632088916e+01  ,-1.147350524850e-02  
  1.322020618476e-03  ,7.600857435582e+00  ,6.377021144176e+01  ,-1.050571612268e-02  
  1.322031944848e-03  ,8.774024380526e+00  ,6.377800500749e+01  ,-8.796663923666e-03  
  1.322043354667e-03  ,9.771510711792e+00  ,6.378586952158e+01  ,-7.343502390474e-03  
  1.322051392354e-03  ,9.973396160892e+00  ,4.109998552822e+01  ,9.858997483541e+00  
  1.322059064962e-03  ,1.000018900001e+01  ,1.073455356607e+01  ,9.859168186677e+00  
  1.322063384808e-03  ,1.018787882954e+01  ,3.400605797026e+00  ,9.860084483937e+00  
  1.322067481138e-03  ,1.046831912858e+01  ,2.662465946430e+00  ,9.861164610535e+00  
  1.322069801993e-03  ,1.062565280528e+01  ,2.744563348207e+00  ,9.861813650013e+00  
  1.322072730072e-03  ,1.081619793920e+01  ,2.800128164845e+00  ,9.862636300514e+00  
  1.322078586228e-03  ,1.117226097348e+01  ,2.809857201566e+00  ,9.864283398325e+00  
  1.322090298541e-03  ,1.179666873449e+01  ,2.799299211959e+00  ,9.867585502543e+00  
  1.322102501102e-03  ,1.234225550743e+01  ,2.803532352460e+00  ,9.871026242252e+00  
  1.322126906223e-03  ,1.317243559663e+01  ,2.805758239909e+00  ,9.877907375987e+00  
  1.322175716467e-03  ,1.415993196498e+01  ,2.808131178345e+00  ,9.891668453016e+00  
  1.322273336954e-03  ,1.497351873978e+01  ,2.816001715372e+00  ,9.919185356371e+00  
  1.322401558466e-03  ,1.499968432351e+01  ,2.826272331096e+00  ,9.955316721091e+00  
  1.322625910349e-03  ,1.500015169869e+01  ,2.844187408377e+00  ,1.001850491136e+01  
  1.322864901133e-03  ,1.500013379743e+01  ,2.863296488331e+00  ,1.008577186612e+01  
  1.323342882700e-03  ,1.500024090188e+01  ,2.901452125234e+00  ,1.022016895642e+01  
  1.324298845835e-03  ,1.500030121610e+01  ,2.977608173861e+00  ,1.048841686993e+01  
  1.326210772104e-03  ,1.500041412701e+01  ,3.129301801713e+00  ,1.102273420569e+01  
  1.330034624643e-03  ,1.499971895137e+01  ,3.430232582716e+00  ,1.208271503221e+01  
  1.332010000020e-03  ,1.500000649771e+01  ,3.584416534226e+00  ,1.262580476615e+01  
  1.332011000018e-03  ,1.442270167368e+01  ,3.584347173990e+00  ,1.262607891409e+01  
  1.332013000126e-03  ,1.321499157075e+01  ,3.584116014168e+00  ,1.262662716469e+01  
  1.332017000343e-03  ,1.067364973091e+01  ,3.583672016742e+00  ,1.262772397764e+01  
  1.332020000020e-03  ,8.648719465322e+00  ,3.583399384990e+00  ,1.262854638249e+01  
  1.332020800063e-03  ,8.545028180455e+00  ,3.583453876914e+00  ,1.262876568539e+01  
  1.332022400076e-03  ,8.340142349435e+00  ,3.583649665246e+00  ,1.262920439094e+01  
  1.332025600100e-03  ,7.944935567730e+00  ,3.584175527903e+00  ,1.263008177168e+01  
  1.332032000149e-03  ,7.209405667312e+00  ,3.585269910400e+00  ,1.263183630206e+01  
  1.332044800246e-03  ,5.933607441352e+00  ,3.588223500973e+00  ,1.263534522352e+01  
  1.332058726871e-03  ,4.792679487353e+00  ,3.598075084058e+00  ,1.263916191799e+01  
  1.332067645216e-03  ,4.356502950296e+00  ,1.398114647596e+01  ,1.264096444201e+01  
  1.332076016689e-03  ,4.341960029405e+00  ,4.351235287745e+01  ,1.264102529016e+01  
  1.332082294548e-03  ,4.134599898318e+00  ,5.281573460725e+01  ,3.861304093392e-02  
  1.332085565725e-03  ,3.936726676997e+00  ,5.284503745746e+01  ,-2.059953920538e-01  
  1.332088128352e-03  ,3.786557220294e+00  ,5.282789072251e+01  ,-1.726153037306e-03  
  1.332090903694e-03  ,3.630574039474e+00  ,5.283100576755e+01  ,7.840857121723e-03  
  1.332096454376e-03  ,3.337320489602e+00  ,5.283947148460e+01  ,5.600575680529e-03  
  1.332107555741e-03  ,2.819293422575e+00  ,5.285611878024e+01  ,4.578680889647e-03  
  1.332129758472e-03  ,2.007203541181e+00  ,5.288927518096e+01  ,3.657832633597e-03  
  1.332174163932e-03  ,9.673374560005e-01  ,5.295546768544e+01  ,2.010253561754e-03  
  1.332217454785e-03  ,4.397537936062e-01  ,5.301977935108e+01  ,1.239180563424e-03  
  1.332265031213e-03  ,1.637725740948e-01  ,5.309025457566e+01  ,8.352916478560e-04  
  1.332331204290e-03  ,5.550668052081e-02  ,5.318795649242e+01  ,6.750463665258e-04  
  1.332415115708e-03  ,1.370716863762e-02  ,5.331135857065e+01  ,6.109949184192e-04  
  1.332508408898e-03  ,-3.615313799874e-04  ,5.344792570418e+01  ,5.870136613227e-04  
  1.332694995278e-03  ,-3.213404197343e-03  ,5.371906887734e+01  ,5.759230454945e-04  
  1.333064830178e-03  ,6.009667140090e-05  ,5.424863702746e+01  ,5.670464509306e-04  
  1.333717143411e-03  ,2.740351056028e-03  ,5.515704773838e+01  ,5.473380195315e-04  
  1.335021769876e-03  ,6.321114188362e-04  ,5.687446896653e+01  ,4.980858232009e-04  
  1.337631022805e-03  ,2.081815066325e-03  ,5.990466686511e+01  ,4.126142515069e-04  
  1.342000000020e-03  ,1.214177661912e-04  ,6.375251029035e+01  ,2.753228648776e-04  
  1.342001000018e-03  ,5.767783221423e-01  ,6.375334703939e+01  ,-1.015052119953e-03  
  1.342001885426e-03  ,1.094759503101e+00  ,6.375409126738e+01  ,-2.189365187875e-03  
  1.342003656243e-03  ,2.160524744885e+00  ,6.375557708399e+01  ,-4.508413129648e-03  
  1.342007197877e-03  ,4.414475586880e+00  ,6.375853174113e+01  ,-8.965473459036e-03  
  1.342010000020e-03  ,6.310593380059e+00  ,6.376085402721e+01  ,-1.232728685374e-02  
  1.342010708347e-03  ,6.402965883944e+00  ,6.376134578639e+01  ,-1.224763741875e-02  
  1.342012125075e-03  ,6.583833777175e+00  ,6.376231874903e+01  ,-1.198726673480e-02  
  1.342014958530e-03  ,6.936476283035e+00  ,6.376426483974e+01  ,-1.147366995211e-02  
  1.342020625442e-03  ,7.600254225992e+00  ,6.376816051747e+01  ,-1.050651009992e-02  
  1.342031959265e-03  ,8.773582338699e+00  ,6.377596424374e+01  ,-8.797150067457e-03  
  1.342044029206e-03  ,9.824004375586e+00  ,6.378428949241e+01  ,-7.266869200491e-03  
  1.342052573532e-03  ,9.976790280208e+00  ,3.628455906011e+01  ,9.860997414175e+00  
  1.342060714036e-03  ,1.001058307635e+01  ,4.463112160256e+00  ,9.862063313581e+00  
  1.342064623356e-03  ,1.027360919279e+01  ,2.829729024149e+00  ,9.862523085324e+00  
  1.342066732987e-03  ,1.042117316323e+01  ,2.762220298285e+00  ,9.863106094855e+00  
  1.342069399178e-03  ,1.060270562045e+01  ,2.788909758754e+00  ,9.863848943239e+00  
  1.342074668973e-03  ,1.094095604968e+01  ,2.818060491332e+00  ,9.865299641583e+00  
  1.342083807856e-03  ,1.146788395285e+01  ,2.807531726276e+00  ,9.867911962510e+00  
  1.342102085620e-03  ,1.233309313891e+01  ,2.804402399389e+00  ,9.873065298215e+00  
  1.342138641149e-03  ,1.349084713827e+01  ,2.806844118256e+00  ,9.883371912054e+00  
  1.342211752206e-03  ,1.464997473287e+01  ,2.811848431407e+00  ,9.903982383125e+00  
  1.342321186334e-03  ,1.514737750111e+01  ,2.820377487834e+00  ,9.934825026745e+00  
  1.342481975823e-03  ,1.516611190401e+01  ,2.833231385969e+00  ,9.980124417681e+00  
  1.342704134255e-03  ,1.495770001848e+01  ,2.851081272918e+00  ,1.004267940812e+01  
  1.343119125634e-03  ,1.502198475060e+01  ,2.884197521090e+00  ,1.015942623620e+01  
  1.343521909982e-03  ,1.500840352912e+01  ,2.916335912181e+00  ,1.027260756667e+01  
  1.344327478677e-03  ,1.499405546577e+01  ,2.980496971503e+00  ,1.049858241861e+01  
  1.345938616067e-03  ,1.500514682227e+01  ,3.108362141345e+00  ,1.094898506672e+01  
  1.349160890847e-03  ,1.500051492632e+01  ,3.362359428258e+00  ,1.184364361888e+01  
  1.352010000020e-03  ,1.499960500394e+01  ,3.585011054247e+00  ,1.262789837799e+01  
  1.352011000018e-03  ,1.441979839807e+01  ,3.584942550197e+00  ,1.262817252028e+01  
  1.352013000126e-03  ,1.321217378171e+01  ,3.584711704684e+00  ,1.262872075715e+01  
  1.352017000343e-03  ,1.067099690458e+01  ,3.584267823371e+00  ,1.262981754777e+01  
  1.352020000020e-03  ,8.646184653722e+00  ,3.583995202754e+00  ,1.263063993474e+01  
  1.352020800063e-03  ,8.542523760182e+00  ,3.584049734874e+00  ,1.263085923280e+01  
  1.352022400076e-03  ,8.337697980277e+00  ,3.584245595979e+00  ,1.263129792890e+01  
  1.352025600100e-03  ,7.942607032601e+00  ,3.584771608294e+00  ,1.263217529067e+01  
  1.352032000149e-03  ,7.207292717163e+00  ,3.585866453561e+00  ,1.263392978278e+01  
  1.352044800246e-03  ,5.931868461588e+00  ,3.588822639552e+00  ,1.263743862771e+01  
  1.352058725381e-03  ,4.791386386444e+00  ,3.598703226945e+00  ,1.264125482771e+01  
  1.352067642236e-03  ,4.356432320177e+00  ,1.403868752386e+01  ,1.264305240225e+01  
  1.352076010728e-03  ,4.342024247463e+00  ,4.356870205229e+01  ,1.264310955996e+01  
  1.352082280392e-03  ,4.134227878909e+00  ,5.281626624324e+01  ,3.560556978225e-02  
  1.352085550079e-03  ,3.936449271401e+00  ,5.284517580086e+01  ,-2.051597741844e-01  
  1.352087120661e-03  ,3.843526120414e+00  ,5.282694016151e+01  ,-4.083994187173e-03  
  1.352090261826e-03  ,3.664812445150e+00  ,5.283012612749e+01  ,1.012041226007e-02  
  1.352096544156e-03  ,3.331512611711e+00  ,5.283991057469e+01  ,5.647111085397e-03  
  1.352109108815e-03  ,2.750555760493e+00  ,5.285871465052e+01  ,4.592950861759e-03  
  1.352134238133e-03  ,1.860678077393e+00  ,5.289624573186e+01  ,3.312597306625e-03  
  1.352175359378e-03  ,9.413892654296e-01  ,5.295751698962e+01  ,1.971999874984e-03  
  1.352221356282e-03  ,4.553908303452e-01  ,5.302584920691e+01  ,1.262026049192e-03  
  1.352269445309e-03  ,1.918054536614e-01  ,5.309708656528e+01  ,8.761346948888e-04  
  1.352324365029e-03  ,8.005260631215e-02  ,5.317820398366e+01  ,7.112281697705e-04  
  1.352413068661e-03  ,6.880250488728e-03  ,5.330872379302e+01  ,6.012790763689e-04  
  1.352507875809e-03  ,2.594661788028e-03  ,5.344755438468e+01  ,5.915022521768e-04  
  1.352697490105e-03  ,7.928741354517e-04  ,5.372316135316e+01  ,5.818227902276e-04  
  1.352919124016e-03  ,1.962207087373e-03  ,5.404183092795e+01  ,5.753710483666e-04  
  1.353362391839e-03  ,1.917344277288e-03  ,5.466785422242e+01  ,5.590471290452e-04  
  1.354248927483e-03  ,1.422331174718e-03  ,5.587429928010e+01  ,5.265828613509e-04  
  1.356021998772e-03  ,1.581358113521e-03  ,5.810210049801e+01  ,4.653243421396e-04  
  1.359568141350e-03  ,9.474427948223e-04  ,6.180372422659e+01  ,3.495691004968e-04  
  1.362000000020e-03  ,1.006162536997e-03  ,6.375547500325e+01  ,2.787675557717e-04  
  1.362001000018e-03  ,5.776499244851e-01  ,6.375631161759e+01  ,-1.012266232733e-03  
  1.362001884774e-03  ,1.095233643965e+00  ,6.375705534615e+01  ,-2.187929979752e-03  
  1.362003654287e-03  ,2.160159928845e+00  ,6.375853966578e+01  ,-4.504830476600e-03  
  1.362007193313e-03  ,4.412258727038e+00  ,6.376149145017e+01  ,-8.958799320496e-03  
  1.362010000020e-03  ,6.311349686424e+00  ,6.376381695039e+01  ,-1.232626088558e-02  
  1.362010707825e-03  ,6.403646863181e+00  ,6.376430821087e+01  ,-1.224672576117e-02  
  1.362012123435e-03  ,6.586280252685e+00  ,6.376528026586e+01  ,-1.198673638491e-02  
  1.362014954656e-03  ,6.940078287948e+00  ,6.376722382614e+01  ,-1.146849877125e-02  
  1.362020617097e-03  ,7.603877314276e+00  ,6.377111525636e+01  ,-1.050130444418e-02  
  1.362031941980e-03  ,8.776422835922e+00  ,6.377891056655e+01  ,-8.793063276880e-03  
  1.362043350309e-03  ,9.773403637728e+00  ,6.378677684664e+01  ,-7.340661672589e-03  
  1.362051387995e-03  ,9.973478454512e+00  ,4.100690603961e+01  ,9.860285780175e+00  
  1.362059062093e-03  ,1.000030869727e+01  ,1.063796560515e+01  ,9.860460292387e+00  
  1.362063370019e-03  ,1.018878665694e+01  ,3.395294798794e+00  ,9.861376623084e+00  
  1.362067448467e-03  ,1.046803527533e+01  ,2.664112606832e+00  ,9.862454300155e+00  
  1.362069770068e-03  ,1.062541982367e+01  ,2.745293491866e+00  ,9.863103518021e+00  
  1.362072704851e-03  ,1.081639760882e+01  ,2.800510768283e+00  ,9.863928024043e+00  
  1.362078574419e-03  ,1.117322472014e+01  ,2.810175103115e+00  ,9.865578885079e+00  
  1.362090313554e-03  ,1.180037713176e+01  ,2.805187035235e+00  ,9.868885168574e+00  
  1.362110203624e-03  ,1.263911956220e+01  ,2.803842598578e+00  ,9.874493225166e+00  
  1.362149983763e-03  ,1.373349149282e+01  ,2.807981997638e+00  ,9.885708913508e+00  
  1.362229544043e-03  ,1.477321247980e+01  ,2.812990500372e+00  ,9.908136810486e+00  
  1.362347000956e-03  ,1.516378687833e+01  ,2.822189310983e+00  ,9.941238874106e+00  
  1.362520331263e-03  ,1.497780722439e+01  ,2.836139195307e+00  ,9.990067470379e+00  
  1.362676996112e-03  ,1.497081218750e+01  ,2.848662610136e+00  ,1.003418053631e+01  
  1.362990325808e-03  ,1.501197557426e+01  ,2.873675312574e+00  ,1.012234786694e+01  
  1.363616985202e-03  ,1.499227945397e+01  ,2.923679090352e+00  ,1.029844758741e+01  
  1.364717143893e-03  ,1.499815813379e+01  ,3.011232615379e+00  ,1.060685020169e+01  
  1.366917461276e-03  ,1.500018822148e+01  ,3.185526455860e+00  ,1.122077642365e+01  
  1.371318096041e-03  ,1.499992836077e+01  ,3.530868874224e+00  ,1.243719118758e+01  
  1.372010000020e-03  ,1.500001303762e+01  ,3.584774503660e+00  ,1.262706574277e+01  
  1.372011000018e-03  ,1.442323065620e+01  ,3.584704982207e+00  ,1.262733988630e+01  
  1.372013000126e-03  ,1.321550497744e+01  ,3.584473762060e+00  ,1.262788813438e+01  
  1.372017000343e-03  ,1.067413308119e+01  ,3.584029748304e+00  ,1.262898492921e+01  
  1.372020000020e-03  ,8.649181313271e+00  ,3.583757122662e+00  ,1.262980732333e+01  
  1.372020800063e-03  ,8.545484491147e+00  ,3.583811613959e+00  ,1.263002662337e+01  
  1.372022400076e-03  ,8.340587718889e+00  ,3.584007401173e+00  ,1.263046532319e+01  
  1.372025600100e-03  ,7.945359832327e+00  ,3.584533255101e+00  ,1.263134269247e+01  
  1.372032000149e-03  ,7.209790652731e+00  ,3.585627601733e+00  ,1.263309719997e+01  
  1.372044800246e-03  ,5.933924291923e+00  ,3.588580927994e+00  ,1.263660607567e+01  
  1.372058726871e-03  ,4.792935330334e+00  ,3.598427947070e+00  ,1.264042272077e+01  
  1.372067645216e-03  ,4.356528544053e+00  ,1.396976447437e+01  ,1.264222612346e+01  
  1.372076016689e-03  ,4.341957235465e+00  ,4.349902572202e+01  ,1.264228779471e+01  
  1.372082296783e-03  ,4.134694202064e+00  ,5.281612643954e+01  ,3.931096184793e-02  
  1.372085568333e-03  ,3.936797125813e+00  ,5.284552155389e+01  ,-2.061894037933e-01  
  1.372087137798e-03  ,3.843929195829e+00  ,5.282718575570e+01  ,-4.150884677190e-03  
  1.372090276727e-03  ,3.665321106672e+00  ,5.283035874291e+01  ,1.014358845261e-02  
  1.372096554587e-03  ,3.332202037810e+00  ,5.284013766073e+01  ,5.649303395738e-03  
  1.372109110305e-03  ,2.753100456795e+00  ,5.285897507920e+01  ,4.426705724901e-03  
  1.372134221742e-03  ,1.864203131564e+00  ,5.289648313789e+01  ,3.316756795198e-03  
  1.372175867507e-03  ,9.348858705042e-01  ,5.295854370955e+01  ,1.962621750317e-03  
  1.372222126672e-03  ,3.971886185741e-01  ,5.302726164522e+01  ,1.177133138881e-03  
  1.372268445441e-03  ,1.916084925498e-01  ,5.309586279574e+01  ,8.758189517806e-04  
  1.372330648849e-03  ,5.755963925911e-02  ,5.318771609266e+01  ,6.781455994506e-04  
  1.372396762321e-03  ,2.029480281159e-02  ,5.328500805329e+01  ,6.213731240572e-04  
  1.372528989265e-03  ,1.731019315857e-03  ,5.347858880166e+01  ,5.893846254551e-04  
  1.372669131705e-03  ,-1.045979278339e-03  ,5.368230291799e+01  ,5.801309659936e-04  
  1.372949416587e-03  ,3.097629907225e-04  ,5.408522957940e+01  ,5.717498284600e-04  
  1.373396069953e-03  ,1.567280063643e-03  ,5.471485579349e+01  ,5.572451537542e-04  
  1.374289376685e-03  ,1.675485897787e-03  ,5.592779402762e+01  ,5.254693631680e-04  
  1.376075990150e-03  ,1.354385734186e-03  ,5.816565540405e+01  ,4.631115054108e-04  
  1.379649217078e-03  ,1.145161374129e-03  ,6.187559606165e+01  ,3.473118245227e-04  
  1.382000000020e-03  ,8.844072865213e-04  ,6.375445726052e+01  ,2.762359257712e-04  
  1.382001000018e-03  ,5.775299949959e-01  ,6.375529405670e+01  ,-1.012302716631e-03  
  1.382001884868e-03  ,1.095170439502e+00  ,6.375603824842e+01  ,-2.188065236213e-03  
  1.382003654567e-03  ,2.160216463597e+00  ,6.375752349862e+01  ,-4.505203737905e-03  
  1.382007193965e-03  ,4.412579617337e+00  ,6.376047713975e+01  ,-8.959602543377e-03  
  1.382010000020e-03  ,6.311245706331e+00  ,6.376280332594e+01  ,-1.232625822970e-02  
  1.382010707900e-03  ,6.403553605500e+00  ,6.376329494789e+01  ,-1.224670807079e-02  
  1.382012123696e-03  ,6.584292750695e+00  ,6.376426761651e+01  ,-1.198651658794e-02  
  1.382014955289e-03  ,6.936690056300e+00  ,6.376621308869e+01  ,-1.147327795082e-02  
  1.382020618476e-03  ,7.600851925441e+00  ,6.377010748344e+01  ,-1.050548885656e-02  
  1.382031944848e-03  ,8.774019872968e+00  ,6.377790873169e+01  ,-8.796435248623e-03  
  1.382043354667e-03  ,9.771507056657e+00  ,6.378578098270e+01  ,-7.343271919488e-03  
  1.382051392354e-03  ,9.973414622310e+00  ,4.110157517903e+01  ,9.862342110685e+00  
  1.382059064962e-03  ,1.000020830613e+01  ,1.073630604952e+01  ,9.862512789027e+00  
  1.382063384808e-03  ,1.018788287498e+01  ,3.401569083801e+00  ,9.863429058149e+00  
  1.382067481883e-03  ,1.046837289941e+01  ,2.663362972448e+00  ,9.864509301668e+00  
  1.382069802738e-03  ,1.062570527493e+01  ,2.745514105255e+00  ,9.865158321249e+00  
  1.382072731189e-03  ,1.081627185861e+01  ,2.801087022025e+00  ,9.865981047294e+00  
  1.382078588091e-03  ,1.117237193936e+01  ,2.810808172882e+00  ,9.867628298566e+00  
  1.382090301893e-03  ,1.179841350157e+01  ,2.805779240915e+00  ,9.870927365225e+00  
  1.382110087655e-03  ,1.263384337540e+01  ,2.804411763650e+00  ,9.876505896377e+00  
  1.382149659179e-03  ,1.372623687226e+01  ,2.808547609441e+00  ,9.887662543057e+00  
  1.382228802226e-03  ,1.476757439768e+01  ,2.813514524272e+00  ,9.909972394246e+00  
  1.382346247218e-03  ,1.516337764995e+01  ,2.822709423032e+00  ,9.943070484957e+00  
  1.382518862270e-03  ,1.497819436434e+01  ,2.836601631813e+00  ,9.991696739700e+00  
  1.382675336383e-03  ,1.497093669218e+01  ,2.849109660011e+00  ,1.003575538770e+01  
  1.382988284610e-03  ,1.501191002905e+01  ,2.874091586019e+00  ,1.012381402624e+01  
  1.383614181064e-03  ,1.499232635913e+01  ,2.924033763166e+00  ,1.029969693834e+01  
  1.384711669467e-03  ,1.499816707739e+01  ,3.011374016421e+00  ,1.060734827868e+01  
  1.386906646274e-03  ,1.500018750984e+01  ,3.185245248394e+00  ,1.121978591334e+01  
  1.391296599887e-03  ,1.499992905197e+01  ,3.529758130998e+00  ,1.243327876725e+01  
  1.392010000020e-03  ,1.500001334169e+01  ,3.585339070576e+00  ,1.262905434230e+01  
  1.392011000018e-03  ,1.442323007462e+01  ,3.585269544277e+00  ,1.262932848019e+01  
  1.392013000126e-03  ,1.321550441297e+01  ,3.585038320868e+00  ,1.262987671691e+01  
  1.392017000343e-03  ,1.067413254990e+01  ,3.584594311377e+00  ,1.263097348921e+01  
  1.392020000020e-03  ,8.649180805869e+00  ,3.584321697915e+00  ,1.263179586640e+01  
  1.392020800063e-03  ,8.545483989952e+00  ,3.584376196832e+00  ,1.263201516192e+01  
  1.392022400076e-03  ,8.340587229951e+00  ,3.584571998370e+00  ,1.263245385271e+01  
  1.392025600100e-03  ,7.945359366995e+00  ,3.585097874837e+00  ,1.263333120393e+01  
  1.392032000149e-03  ,7.209790231585e+00  ,3.586192280019e+00  ,1.263508567529e+01  
  1.392044800246e-03  ,5.933923949658e+00  ,3.589145858433e+00  ,1.263859447869e+01  
  1.392058726871e-03  ,4.792935078244e+00  ,3.598994366911e+00  ,1.264241104498e+01  
  1.392067645216e-03  ,4.356540843301e+00  ,1.397108431018e+01  ,1.264421429224e+01  
  1.392076016689e-03  ,4.341969458003e+00  ,4.350044374075e+01  ,1.264427587668e+01  
  1.392082296038e-03  ,4.134717203325e+00  ,5.281536492045e+01  ,3.928638809908e-02  
  1.392085567215e-03  ,3.936840847001e+00  ,5.284475607643e+01  ,-2.061681169255e-01  
  1.392087136680e-03  ,3.843971936136e+00  ,5.282642305620e+01  ,-4.149864806944e-03  
  1.392090275610e-03  ,3.665361879301e+00  ,5.282959747922e+01  ,1.014333220832e-02  
  1.392096553469e-03  ,3.332239141052e+00  ,5.283937896301e+01  ,5.649506448155e-03  
  1.392109109187e-03  ,2.751535649073e+00  ,5.285817296508e+01  ,4.594375319203e-03  
  1.392134220624e-03  ,1.861886955017e+00  ,5.289568364230e+01  ,3.314454527798e-03  
  1.392175371671e-03  ,9.415169908492e-01  ,5.295700956859e+01  ,1.972284259716e-03  
  1.392221362615e-03  ,4.554993432951e-01  ,5.302534429413e+01  ,1.262282160752e-03  
  1.392269451642e-03  ,1.918555973797e-01  ,5.309659353116e+01  ,8.763056728365e-04  
  1.392324359441e-03  ,8.009056671287e-02  ,5.317770691494e+01  ,7.113815397111e-04  
  1.392413051153e-03  ,6.893502182060e-03  ,5.330823115704e+01  ,6.013965020486e-04  
  1.392507846380e-03  ,2.597391451748e-03  ,5.344706782406e+01  ,5.916042857060e-04  
  1.392697436834e-03  ,7.909015890497e-04  ,5.372268734289e+01  ,5.819179959397e-04  
  1.392919023061e-03  ,1.962991394479e-03  ,5.404134393755e+01  ,5.754709818000e-04  
  1.393362195516e-03  ,1.918227892961e-03  ,5.466734550252e+01  ,5.591486275789e-04  
  1.394248540426e-03  ,1.422239689355e-03  ,5.587376411515e+01  ,5.266856838758e-04  
  1.396021230245e-03  ,1.582058333800e-03  ,5.810158103102e+01  ,4.654335521964e-04  
  1.399566609884e-03  ,9.475161457785e-04  ,6.180350918622e+01  ,3.496866996540e-04  
  1.402000000020e-03  ,1.006691503968e-03  ,6.375712282718e+01  ,2.788305480536e-04  
  1.402001000018e-03  ,5.776504489093e-01  ,6.375795963112e+01  ,-1.012203857189e-03  
  1.402001884774e-03  ,1.095234164442e+00  ,6.375870352724e+01  ,-2.187866485765e-03  
  1.402003654287e-03  ,2.160160441576e+00  ,6.376018818224e+01  ,-4.504767248755e-03  
  1.402007193313e-03  ,4.412259224874e+00  ,6.376314063732e+01  ,-8.958736130935e-03  
  1.402010000020e-03  ,6.311350172847e+00  ,6.376546666943e+01  ,-1.232619768914e-02  
  1.402010707825e-03  ,6.403647346856e+00  ,6.376595806423e+01  ,-1.224666180822e-02  
  1.402012123435e-03  ,6.586280730925e+00  ,6.376693038801e+01  ,-1.198667229066e-02  
  1.402014954656e-03  ,6.940078755660e+00  ,6.376887448589e+01  ,-1.146843476872e-02  
  1.402020617097e-03  ,7.603877762233e+00  ,6.377276699107e+01  ,-1.050124050370e-02  
  1.402031941980e-03  ,8.776423248969e+00  ,6.378056445043e+01  ,-8.792999428271e-03  
  1.402043350309e-03  ,9.773404021074e+00  ,6.378843289443e+01  ,-7.340597915205e-03  
  1.402051387995e-03  ,9.973483893811e+00  ,4.100899129939e+01  ,9.861395899576e+00  
  1.402059062093e-03  ,1.000031291113e+01  ,1.063999501977e+01  ,9.861570285891e+00  
  1.402063370019e-03  ,1.018876161594e+01  ,3.395729564316e+00  ,9.862486631464e+00  
  1.402067449212e-03  ,1.046806049489e+01  ,2.664370583035e+00  ,9.863564422068e+00  
  1.402069770813e-03  ,1.062544465201e+01  ,2.745599240224e+00  ,9.864213634192e+00  
  1.402072705224e-03  ,1.081639782321e+01  ,2.800827583315e+00  ,9.865038026936e+00  
  1.402078574046e-03  ,1.117318151422e+01  ,2.810492395988e+00  ,9.866688659870e+00  
  1.402090311691e-03  ,1.179867993200e+01  ,2.800016471160e+00  ,9.869997828992e+00  
  1.402102578327e-03  ,1.234656228112e+01  ,2.804223323478e+00  ,9.873456550520e+00  
  1.402127111599e-03  ,1.317906648027e+01  ,2.806449037374e+00  ,9.880373646844e+00  
  1.402176178142e-03  ,1.416674551390e+01  ,2.808852730816e+00  ,9.894206636384e+00  
  1.402274311229e-03  ,1.497726047213e+01  ,2.816761666090e+00  ,9.921867304717e+00  
  1.402402628109e-03  ,1.499974514191e+01  ,2.827040889941e+00  ,9.958024562219e+00  
  1.402628100559e-03  ,1.500013662702e+01  ,2.845045430331e+00  ,1.002152652429e+01  
  1.402867615863e-03  ,1.500012096306e+01  ,2.864195653016e+00  ,1.008893900759e+01  
  1.403346646473e-03  ,1.500021021377e+01  ,2.902433758363e+00  ,1.022362655889e+01  
  1.404304707691e-03  ,1.500026036382e+01  ,2.978754061209e+00  ,1.049245301413e+01  
  1.406220830127e-03  ,1.500035433350e+01  ,3.130773502756e+00  ,1.102791795549e+01  
  1.410053075000e-03  ,1.500037425402e+01  ,3.432344911766e+00  ,1.209015648212e+01  
  1.412010000020e-03  ,1.499974555070e+01  ,3.585079687157e+00  ,1.262814036960e+01  
  1.412011000018e-03  ,1.442068895037e+01  ,3.585010935671e+00  ,1.262841451141e+01  
  1.412013000126e-03  ,1.321303811188e+01  ,3.584779999130e+00  ,1.262896274570e+01  
  1.412017000343e-03  ,1.067181063408e+01  ,3.584336085854e+00  ,1.263005953459e+01  
  1.412020000020e-03  ,8.646962183421e+00  ,3.584063467042e+00  ,1.263088191952e+01  
  1.412020800063e-03  ,8.543291967681e+00  ,3.584117990252e+00  ,1.263110121705e+01  
  1.412022400076e-03  ,8.338447767765e+00  ,3.584313835419e+00  ,1.263153991203e+01  
  1.412025600100e-03  ,7.943321289272e+00  ,3.584839811807e+00  ,1.263241727160e+01  
  1.412032000149e-03  ,7.207940845619e+00  ,3.585934541049e+00  ,1.263417175937e+01  
  1.412044800246e-03  ,5.932401879914e+00  ,3.588890042242e+00  ,1.263768059563e+01  
  1.412058725381e-03  ,4.791817084630e+00  ,3.598761492667e+00  ,1.264149678708e+01  
  1.412067643726e-03  ,4.356457393959e+00  ,1.402378826443e+01  ,1.264329585939e+01  
  1.412076013708e-03  ,4.342010703840e+00  ,4.355650328038e+01  ,1.264335388913e+01  
  1.412082286352e-03  ,4.134289576466e+00  ,5.281925925506e+01  ,3.630895354318e-02  
  1.412085556785e-03  ,3.936466783036e+00  ,5.284826157720e+01  ,-2.053557649747e-01  
  1.412087127367e-03  ,3.843542927575e+00  ,5.283000709251e+01  ,-4.095512396545e-03  
  1.412090268532e-03  ,3.664828511091e+00  ,5.283319145599e+01  ,1.012420713318e-02  
  1.412096550861e-03  ,3.331527284991e+00  ,5.284297618174e+01  ,5.647294766568e-03  
  1.412109115520e-03  ,2.750567920124e+00  ,5.286178009163e+01  ,4.592929809909e-03  
  1.412134244839e-03  ,1.860686333377e+00  ,5.289931078990e+01  ,3.312585312819e-03  
  1.412175366083e-03  ,9.413934553226e-01  ,5.296058141097e+01  ,1.971982487945e-03  
  1.412221362987e-03  ,4.553928432665e-01  ,5.302891290153e+01  ,1.262005456176e-03  
  1.412269452015e-03  ,1.918062857300e-01  ,5.310014948660e+01  ,8.761123979020e-04  
  1.412324377695e-03  ,8.004437521576e-02  ,5.318127479611e+01  ,7.111924236088e-04  
  1.412413081327e-03  ,6.877707603001e-03  ,5.331179307411e+01  ,6.012516096556e-04  
  1.412507900396e-03  ,2.593914484869e-03  ,5.345063939204e+01  ,5.914769234524e-04  
  1.412697538534e-03  ,7.931853658449e-04  ,5.372627713959e+01  ,5.817980844498e-04  
  1.412919196287e-03  ,1.962139655904e-03  ,5.404497579602e+01  ,5.753448696693e-04  
  1.413362511793e-03  ,1.917219706486e-03  ,5.467105396081e+01  ,5.590190399577e-04  
  1.414249142805e-03  ,1.422338206756e-03  ,5.587759553336e+01  ,5.265514418418e-04  
  1.416022404829e-03  ,1.581227487055e-03  ,5.810553658088e+01  ,4.652860426922e-04  
  1.419568928877e-03  ,9.473461405993e-04  ,6.180722826098e+01  ,3.495189351103e-04  
  1.422000000020e-03  ,1.006041867246e-03  ,6.375812637838e+01  ,2.787413110694e-04  
  1.422001000018e-03  ,5.776498044915e-01  ,6.375896292880e+01  ,-1.012293687696e-03  
  1.422001884774e-03  ,1.095233524547e+00  ,6.375970660075e+01  ,-2.187958095743e-03  
  1.422003654287e-03  ,2.160159810552e+00  ,6.376119080702e+01  ,-4.504858413197e-03  
  1.422007193313e-03  ,4.412258610910e+00  ,6.376414236469e+01  ,-8.958827175204e-03  
  1.422010000020e-03  ,6.311349571932e+00  ,6.376646768505e+01  ,-1.232628870356e-02  
  1.422010707825e-03  ,6.403646749086e+00  ,6.376695890007e+01  ,-1.224675256623e-02  
  1.422012123435e-03  ,6.586280139379e+00  ,6.376793086428e+01  ,-1.198676297104e-02  
  1.422014954656e-03  ,6.940078176171e+00  ,6.376987424306e+01  ,-1.146852546159e-02  
  1.422020617097e-03  ,7.603877205367e+00  ,6.377376531015e+01  ,-1.050133114134e-02  
  1.422031941980e-03  ,8.776422732072e+00  ,6.378155989371e+01  ,-8.793089995233e-03  
  1.422043350309e-03  ,9.773403538171e+00  ,6.378942544130e+01  ,-7.340688402856e-03  
  1.422051387995e-03  ,9.973477032917e+00  ,4.100946523097e+01  ,9.860243301427e+00  
  1.422059062093e-03  ,1.000030485957e+01  ,1.064034722457e+01  ,9.860417623500e+00  
  1.422063370019e-03  ,1.018874285696e+01  ,3.395473260937e+00  ,9.861333990573e+00  
  1.422067449212e-03  ,1.046804202572e+01  ,2.664039103436e+00  ,9.862411772350e+00  
  1.422069770813e-03  ,1.062542678643e+01  ,2.745265493915e+00  ,9.863060991890e+00  
  1.422072705224e-03  ,1.081638077398e+01  ,2.800498067964e+00  ,9.863885394804e+00  
  1.422078574046e-03  ,1.117316594020e+01  ,2.810165321211e+00  ,9.865536046872e+00  
  1.422090311691e-03  ,1.179866689856e+01  ,2.799688741065e+00  ,9.868845254420e+00  
  1.422102578327e-03  ,1.234655148159e+01  ,2.803895936549e+00  ,9.872304016109e+00  
  1.422127111599e-03  ,1.317905907113e+01  ,2.806121851015e+00  ,9.879221192729e+00  
  1.422176178142e-03  ,1.416674212344e+01  ,2.808525518237e+00  ,9.893054342813e+00  
  1.422274311229e-03  ,1.497726038040e+01  ,2.816434616479e+00  ,9.920715332149e+00  
  1.422402628109e-03  ,1.499974514132e+01  ,2.826713963613e+00  ,9.956873009232e+00  
  1.422628076717e-03  ,1.500013661269e+01  ,2.844716803869e+00  ,1.002036899546e+01  
  1.422867592022e-03  ,1.500012096447e+01  ,2.863867251708e+00  ,1.008778226560e+01  
  1.423346622631e-03  ,1.500021022152e+01  ,2.902105803415e+00  ,1.022247138897e+01  
  1.424304683849e-03  ,1.500026037687e+01  ,2.978426997110e+00  ,1.049130098196e+01  
  1.426220806285e-03  ,1.500035435403e+01  ,3.130448213099e+00  ,1.102677217326e+01  
  1.430053051159e-03  ,1.500037427669e+01  ,3.432023142160e+00  ,1.208902309834e+01  
  1.432010000020e-03  ,1.499974553161e+01  ,3.584761555983e+00  ,1.262701980152e+01  
  1.432011000018e-03  ,1.442068873210e+01  ,3.584692807304e+00  ,1.262729394651e+01  
  1.432013000126e-03  ,1.321303790004e+01  ,3.584461872638e+00  ,1.262784218717e+01  
  1.432017000343e-03  ,1.067181043456e+01  ,3.584017956960e+00  ,1.262893898878e+01  
  1.432020000020e-03  ,8.646961992641e+00  ,3.583745331298e+00  ,1.262976138325e+01  
  1.432020800063e-03  ,8.543291779119e+00  ,3.583799850213e+00  ,1.262998068333e+01  
  1.432022400076e-03  ,8.338447583589e+00  ,3.583995687311e+00  ,1.263041938340e+01  
  1.432025600100e-03  ,7.943321113578e+00  ,3.584521651010e+00  ,1.263129675314e+01  
  1.432032000149e-03  ,7.207940685569e+00  ,3.585616347297e+00  ,1.263305126128e+01  
  1.432044800246e-03  ,5.932401745739e+00  ,3.588571706639e+00  ,1.263656013828e+01  
  1.432058725381e-03  ,4.791816962584e+00  ,3.598442320917e+00  ,1.264037637414e+01  
  1.432067643726e-03  ,4.356450443708e+00  ,1.402305704194e+01  ,1.264217553279e+01  
  1.432076013708e-03  ,4.342003832398e+00  ,4.355571924533e+01  ,1.264223361244e+01  
  1.432082286352e-03  ,4.134307553620e+00  ,5.282003911488e+01  ,3.643599997832e-02  
  1.432085556785e-03  ,3.936484304632e+00  ,5.284905689347e+01  ,-2.053869241377e-01  
  1.432087127181e-03  ,3.843570808629e+00  ,5.283079883119e+01  ,-4.098266262420e-03  
  1.432090267973e-03  ,3.664875778717e+00  ,5.283398150614e+01  ,1.012519119679e-02  
  1.432096549557e-03  ,3.331608017185e+00  ,5.284376369848e+01  ,5.647382420033e-03  
  1.432109112726e-03  ,2.752296012192e+00  ,5.286261094742e+01  ,4.426463293562e-03  
  1.432134239064e-03  ,1.871833454281e+00  ,5.290011890975e+01  ,3.514735066841e-03  
  1.432173512565e-03  ,9.862301561090e-01  ,5.295866453399e+01  ,2.038015059194e-03  
  1.432218120681e-03  ,4.423908961135e-01  ,5.302493996896e+01  ,1.242986930505e-03  
  1.432263628827e-03  ,1.762191811889e-01  ,5.309235995841e+01  ,8.535173125612e-04  
  1.432332758294e-03  ,5.621818578142e-02  ,5.319443790279e+01  ,6.760596248303e-04  
  1.432413856374e-03  ,4.598224804162e-03  ,5.331371536867e+01  ,5.978019554537e-04  
  1.432510177480e-03  ,-7.866647299889e-03  ,5.345472724127e+01  ,5.760455268297e-04  
  1.432702819692e-03  ,-5.374660052216e-03  ,5.373462806437e+01  ,5.725169123133e-04  
  1.432993594991e-03  ,4.389596252037e-03  ,5.415174409895e+01  ,5.760463102630e-04  
  1.433575145589e-03  ,-2.606193984889e-05  ,5.496648093754e+01  ,5.484096983200e-04  
  1.434479133474e-03  ,1.129599899520e-03  ,5.618078710475e+01  ,5.177290132976e-04  
  1.435735313283e-03  ,1.471503078058e-03  ,5.776157571472e+01  ,4.746945056334e-04  
  1.438247672902e-03  ,1.202583028614e-03  ,6.054607731149e+01  ,3.920372919680e-04  
  1.442000000020e-03  ,8.924225876695e-04  ,6.375699118401e+01  ,2.765774982056e-04  
  1.442001000018e-03  ,5.775378355148e-01  ,6.375782756595e+01  ,-1.013394702101e-03  
  1.442001884868e-03  ,1.095178164046e+00  ,6.375857113307e+01  ,-2.187912082513e-03  
  1.442003654567e-03  ,2.160223966523e+00  ,6.376005541983e+01  ,-4.505345213832e-03  
  1.442007193965e-03  ,4.412586692963e+00  ,6.376300707887e+01  ,-8.959795887282e-03  
  1.442010000020e-03  ,6.311252458952e+00  ,6.376533169272e+01  ,-1.232644884716e-02  
  1.442010707900e-03  ,6.403560279218e+00  ,6.376582291642e+01  ,-1.224689616841e-02  
  1.442012123696e-03  ,6.584299269905e+00  ,6.376679478763e+01  ,-1.198670683152e-02  
  1.442014955289e-03  ,6.936696274352e+00  ,6.376873867053e+01  ,-1.147346844267e-02  
  1.442020618476e-03  ,7.600857575847e+00  ,6.377262988273e+01  ,-1.050567935331e-02  
  1.442031944848e-03  ,8.774024520700e+00  ,6.378042476691e+01  ,-8.796627191639e-03  
  1.442043354667e-03  ,9.771510851870e+00  ,6.378829060813e+01  ,-7.343465703954e-03  
  1.442051392354e-03  ,9.973399678835e+00  ,4.110269991375e+01  ,9.859824208324e+00  
  1.442059064962e-03  ,1.000019054034e+01  ,1.073714869343e+01  ,9.859994731966e+00  
  1.442063384808e-03  ,1.018784047390e+01  ,3.401014214535e+00  ,9.860911053951e+00  
  1.442067481883e-03  ,1.046833116037e+01  ,2.662638216995e+00  ,9.861991276797e+00  
  1.442069802738e-03  ,1.062566490381e+01  ,2.744784693470e+00  ,9.862640312552e+00  
  1.442072730817e-03  ,1.081620966630e+01  ,2.800365378741e+00  ,9.863462956616e+00  
  1.442078586973e-03  ,1.117227169291e+01  ,2.810093981060e+00  ,9.865110040283e+00  
  1.442090299286e-03  ,1.179825610573e+01  ,2.805064778673e+00  ,9.868408770895e+00  
  1.442110079087e-03  ,1.263350817767e+01  ,2.803695762937e+00  ,9.873985762948e+00  
  1.442149638690e-03  ,1.372580326053e+01  ,2.807832000328e+00  ,9.885139331888e+00  
  1.442228757895e-03  ,1.476724719353e+01  ,2.812796597244e+00  ,9.907443029561e+00  
  1.442346202887e-03  ,1.516335788120e+01  ,2.821991582931e+00  ,9.940541963404e+00  
  1.442518770255e-03  ,1.497821916696e+01  ,2.835880310678e+00  ,9.989156027242e+00  
  1.442675244368e-03  ,1.497094258868e+01  ,2.848388663152e+00  ,1.003321580367e+01  
  1.442988192595e-03  ,1.501190763051e+01  ,2.873371235111e+00  ,1.012127669754e+01  
  1.443614089049e-03  ,1.499232792526e+01  ,2.923314688554e+00  ,1.029716411440e+01  
  1.444711386718e-03  ,1.499816745852e+01  ,3.010642023420e+00  ,1.060476994845e+01  
  1.446905982055e-03  ,1.500018750622e+01  ,3.184487678387e+00  ,1.121711749061e+01  
  1.451295172728e-03  ,1.499992905970e+01  ,3.528950439992e+00  ,1.243043380013e+01  
  1.452010000020e-03  ,1.500001335879e+01  ,3.584644094840e+00  ,1.262660639721e+01  
  1.452011000018e-03  ,1.442322998505e+01  ,3.584574574641e+00  ,1.262688054205e+01  
  1.452013000126e-03  ,1.321550432604e+01  ,3.584343355294e+00  ,1.262742879267e+01  
  1.452017000343e-03  ,1.067413246790e+01  ,3.583899340540e+00  ,1.262852559277e+01  
  1.452020000020e-03  ,8.649180727207e+00  ,3.583626712132e+00  ,1.262934799080e+01  
  1.452020800063e-03  ,8.545483912082e+00  ,3.583681201667e+00  ,1.262956729189e+01  
  1.452022400076e-03  ,8.340587153652e+00  ,3.583876985581e+00  ,1.263000599380e+01  
  1.452025600100e-03  ,7.945359293775e+00  ,3.584402834340e+00  ,1.263088336725e+01  
  1.452032000149e-03  ,7.209790163785e+00  ,3.585497167557e+00  ,1.263263788310e+01  
  1.452044800246e-03  ,5.933923888511e+00  ,3.588450436221e+00  ,1.263614677549e+01  
  1.452058726871e-03  ,4.792934999013e+00  ,3.598297119646e+00  ,1.263996343880e+01  
  1.452067645216e-03  ,4.356525675881e+00  ,1.396947819348e+01  ,1.264176687623e+01  
  1.452076016689e-03  ,4.341954428156e+00  ,4.349871981743e+01  ,1.264182857037e+01  
  1.452082296783e-03  ,4.134716919986e+00  ,5.281736171559e+01  ,3.944217641531e-02  
  1.452085568333e-03  ,3.936819181341e+00  ,5.284677293641e+01  ,-2.062193470509e-01  
  1.452087137798e-03  ,3.843950681260e+00  ,5.282843407498e+01  ,-4.152771846245e-03  
  1.452090276727e-03  ,3.665341590484e+00  ,5.283160644602e+01  ,1.014408833997e-02  
  1.452096554587e-03  ,3.332220654639e+00  ,5.284138466946e+01  ,5.649304150969e-03  
  1.452109110305e-03  ,2.753115811752e+00  ,5.286022059915e+01  ,4.426648454292e-03  
  1.452134221742e-03  ,1.864213479429e+00  ,5.289772566643e+01  ,3.316718582055e-03  
  1.452175867507e-03  ,9.348909836645e-01  ,5.295978128098e+01  ,1.962576222988e-03  
  1.452222126672e-03  ,3.971907029780e-01  ,5.302849371004e+01  ,1.177083275558e-03  
  1.452268445441e-03  ,1.916094189701e-01  ,5.309708934655e+01  ,8.757675031470e-04  
  1.452330648849e-03  ,5.755981063147e-02  ,5.318893523849e+01  ,6.780931836409e-04  
  1.452396762321e-03  ,2.029476431169e-02  ,5.328621932871e+01  ,6.213205433018e-04  
  1.452528989265e-03  ,1.730876324690e-03  ,5.347978433700e+01  ,5.893321712174e-04  
  1.452669131705e-03  ,-1.046137825733e-03  ,5.368348177270e+01  ,5.800787813870e-04  
  1.452949416587e-03  ,3.096122698767e-04  ,5.408637508097e+01  ,5.716982306399e-04  
  1.453396069953e-03  ,1.567136776133e-03  ,5.471594817897e+01  ,5.571944591012e-04  
  1.454289376685e-03  ,1.675344091863e-03  ,5.592878037955e+01  ,5.254203472460e-04  
  1.456075990150e-03  ,1.354244530120e-03  ,5.816643111009e+01  ,4.630655885373e-04  
  1.459649217078e-03  ,1.145026287207e-03  ,6.187596074948e+01  ,3.472711518924e-04  
  1.462000000020e-03  ,8.842769928020e-04  ,6.375456259852e+01  ,2.761981756576e-04  
  1.462001000018e-03  ,5.775298647067e-01  ,6.375539928646e+01  ,-1.012340763247e-03  
  1.462001884868e-03  ,1.095170309218e+00  ,6.375614338237e+01  ,-2.188103258751e-03  
  1.462003654567e-03  ,2.160216333322e+00  ,6.375762844096e+01  ,-4.505241764207e-03  
  1.462007193965e-03  ,4.412579487080e+00  ,6.376058169888e+01  ,-8.959640567506e-03  
  1.462010000020e-03  ,6.311245576088e+00  ,6.376290758123e+01  ,-1.232629625133e-02  
  1.462010707900e-03  ,6.403553475258e+00  ,6.376339912642e+01  ,-1.224674611154e-02  
  1.462012123696e-03  ,6.584292620455e+00  ,6.376437164149e+01  ,-1.198655462821e-02  
  1.462014955289e-03  ,6.936689926064e+00  ,6.376631680655e+01  ,-1.147331598939e-02  
  1.462020618476e-03  ,7.600851795213e+00  ,6.377021058715e+01  ,-1.050552688420e-02  
  1.462031944848e-03  ,8.774019742758e+00  ,6.377801060733e+01  ,-8.796473265771e-03  
  1.462043354667e-03  ,9.771506926469e+00  ,6.378588162156e+01  ,-7.343309921033e-03  
  1.462051392354e-03  ,9.973411654234e+00  ,4.110144483254e+01  ,9.861816447653e+00  
  1.462059064962e-03  ,1.000020511576e+01  ,1.073614357941e+01  ,9.861987122383e+00  
  1.462063384808e-03  ,1.018788019873e+01  ,3.401426594169e+00  ,9.862903396526e+00  
  1.462067481883e-03  ,1.046837032786e+01  ,2.663214571279e+00  ,9.863983647613e+00  
  1.462069802738e-03  ,1.062570277050e+01  ,2.745363526767e+00  ,9.864632670458e+00  
  1.462072731189e-03  ,1.081626946891e+01  ,2.800936973871e+00  ,9.865455401052e+00  
  1.462078588091e-03  ,1.117236976116e+01  ,2.810658876570e+00  ,9.867102661090e+00  
  1.462090301893e-03  ,1.179841168089e+01  ,2.805629998742e+00  ,9.870401745246e+00  
  1.462110087655e-03  ,1.263384202938e+01  ,2.804262442472e+00  ,9.875980305933e+00  
  1.462149659179e-03  ,1.372623614911e+01  ,2.808398448554e+00  ,9.887137011672e+00  
  1.462228802226e-03  ,1.476757426612e+01  ,2.813365358349e+00  ,9.909446980938e+00  
  1.462346247218e-03  ,1.516337774323e+01  ,2.822560308215e+00  ,9.942545246812e+00  
  1.462518862270e-03  ,1.497819435217e+01  ,2.836452588786e+00  ,9.991171758888e+00  
  1.462675336383e-03  ,1.497093667590e+01  ,2.848960682842e+00  ,1.003523064005e+01  
  1.462988284610e-03  ,1.501191003609e+01  ,2.873942741567e+00  ,1.012328974461e+01  
  1.463614181064e-03  ,1.499232635503e+01  ,2.923885182788e+00  ,1.029917358750e+01  
  1.464711669467e-03  ,1.499816707661e+01  ,3.011225898348e+00  ,1.060682655595e+01  
  1.466906646274e-03  ,1.500018751021e+01  ,3.185098050520e+00  ,1.121926743168e+01  
  1.471296599887e-03  ,1.499992905219e+01  ,3.529612756361e+00  ,1.243276670748e+01  
  1.472010000020e-03  ,1.500001334197e+01  ,3.585193990082e+00  ,1.262854331859e+01  
  1.472011000018e-03  ,1.442323007480e+01  ,3.585124465052e+00  ,1.262881745794e+01  
  1.472013000126e-03  ,1.321550441314e+01  ,3.584893242489e+00  ,1.262936569755e+01  
  1.472017000343e-03  ,1.067413255003e+01  ,3.584449231900e+00  ,1.263046247566e+01  
  1.472020000020e-03  ,8.649180805930e+00  ,3.584176615317e+00  ,1.263128485720e+01  
  1.472020800063e-03  ,8.545483989980e+00  ,3.584231112275e+00  ,1.263150415388e+01  
  1.472022400076e-03  ,8.340587229917e+00  ,3.584426910133e+00  ,1.263194284700e+01  
  1.472025600100e-03  ,7.945359366850e+00  ,3.584952780816e+00  ,1.263282020286e+01  
  1.472032000149e-03  ,7.209790231170e+00  ,3.586047170972e+00  ,1.263457468350e+01  
  1.472044800246e-03  ,5.933923948200e+00  ,3.589000684708e+00  ,1.263808350548e+01  
  1.472058726871e-03  ,4.792935070834e+00  ,3.598848811992e+00  ,1.264190009203e+01  
  1.472067645216e-03  ,4.356537677725e+00  ,1.397074859253e+01  ,1.264370337891e+01  
  1.472076016689e-03  ,4.341966320140e+00  ,4.350008335959e+01  ,1.264376498494e+01  
  1.472082296038e-03  ,4.134720582186e+00  ,5.281543518223e+01  ,3.931942402819e-02  
  1.472085567215e-03  ,3.936844167175e+00  ,5.284483031107e+01  ,-2.061769092078e-01  
  1.472087136494e-03  ,3.843985990951e+00  ,5.282649608408e+01  ,-4.151192163730e-03  
  1.472090275051e-03  ,3.665395972349e+00  ,5.282966943343e+01  ,1.014395874043e-02  
  1.472096552165e-03  ,3.332307916106e+00  ,5.283944921118e+01  ,5.649613953216e-03  
  1.472109106393e-03  ,2.751655724667e+00  ,5.285823968357e+01  ,4.594504966825e-03  
  1.472134214850e-03  ,1.862059145810e+00  ,5.289574329743e+01  ,3.314664637602e-03  
  1.472175371857e-03  ,9.415059347080e-01  ,5.295707381606e+01  ,1.972227410177e-03  
  1.472221362801e-03  ,4.554939403404e-01  ,5.302540373229e+01  ,1.262233627025e-03  
  1.472269457789e-03  ,1.918278418519e-01  ,5.309665676430e+01  ,8.762244509288e-04  
  1.472324359627e-03  ,8.008762181171e-02  ,5.317775559977e+01  ,7.113368094908e-04  
  1.472413051339e-03  ,6.895178411903e-03  ,5.330827059951e+01  ,6.013586877127e-04  
  1.472507846566e-03  ,2.597561164622e-03  ,5.344709740725e+01  ,5.915644682851e-04  
  1.472697437020e-03  ,7.904430114013e-04  ,5.372269726472e+01  ,5.818776461608e-04  
  1.472919023247e-03  ,1.962952437946e-03  ,5.404133097787e+01  ,5.754316800435e-04  
  1.473362195702e-03  ,1.918188735010e-03  ,5.466728710601e+01  ,5.591101917560e-04  
  1.474248540612e-03  ,1.422057688928e-03  ,5.587361619458e+01  ,5.266486765883e-04  
  1.476021230431e-03  ,1.581996813199e-03  ,5.810125986013e+01  ,4.653997648607e-04  
  1.479566610070e-03  ,9.473640599962e-04  ,6.180286749137e+01  ,3.496580343925e-04  
  1.482000000020e-03  ,1.006642298214e-03  ,6.375628287991e+01  ,2.788048460158e-04  
  1.482001000018e-03  ,5.776503990463e-01  ,6.375711960646e+01  ,-1.012229091917e-03  
  1.482001884774e-03  ,1.095234114003e+00  ,6.375786343415e+01  ,-2.187891669232e-03  
  1.482003654287e-03  ,2.160160390008e+00  ,6.375934795232e+01  ,-4.504792451850e-03  
  1.482007193313e-03  ,4.412259171135e+00  ,6.376230013374e+01  ,-8.958761354740e-03  
  1.482010000020e-03  ,6.311350117616e+00  ,6.376462594882e+01  ,-1.232622292591e-02  
  1.482010707825e-03  ,6.403647291225e+00  ,6.376511728882e+01  ,-1.224668742141e-02  
  1.482012123435e-03  ,6.586280674500e+00  ,6.376608950291e+01  ,-1.198669798142e-02  
  1.482014954656e-03  ,6.940078697699e+00  ,6.376803338142e+01  ,-1.146846042281e-02  
  1.482020617097e-03  ,7.603877701390e+00  ,6.377192544797e+01  ,-1.050126614707e-02  
  1.482031941980e-03  ,8.776423183041e+00  ,6.377972203039e+01  ,-8.793025060014e-03  
  1.482043350309e-03  ,9.773403950830e+00  ,6.378758959149e+01  ,-7.340623532155e-03  
  1.482051387995e-03  ,9.973481656102e+00  ,4.100796556785e+01  ,9.860925547293e+00  
  1.482059062093e-03  ,1.000031132268e+01  ,1.063900243807e+01  ,9.861099997305e+00  
  1.482063370019e-03  ,1.018877463947e+01  ,3.395534827405e+00  ,9.862016334700e+00  
  1.482067448467e-03  ,1.046802320356e+01  ,2.664286026035e+00  ,9.863093972230e+00  
  1.482069769695e-03  ,1.062538354523e+01  ,2.745472637915e+00  ,9.863743084327e+00  
  1.482072704479e-03  ,1.081636294339e+01  ,2.800694560566e+00  ,9.864567585106e+00  
  1.482078574046e-03  ,1.117319298695e+01  ,2.810357602790e+00  ,9.866218435387e+00  
  1.482090313181e-03  ,1.180035058298e+01  ,2.805368703606e+00  ,9.869524697480e+00  
  1.482110203251e-03  ,1.263909997250e+01  ,2.804024267296e+00  ,9.875132717939e+00  
  1.482149983391e-03  ,1.373348098211e+01  ,2.808163519907e+00  ,9.886348334041e+00  
  1.482229543671e-03  ,1.477321059674e+01  ,2.813171993899e+00  ,9.908776086590e+00  
  1.482346988663e-03  ,1.516376122416e+01  ,2.822369797883e+00  ,9.941874578050e+00  
  1.482520318970e-03  ,1.497781070996e+01  ,2.836319582472e+00  ,9.990702861571e+00  
  1.482676983818e-03  ,1.497081676904e+01  ,2.848842917058e+00  ,1.003481564496e+01  
  1.482990313515e-03  ,1.501197370621e+01  ,2.873855461501e+00  ,1.012298241088e+01  
  1.483616972908e-03  ,1.499228067195e+01  ,2.923858917918e+00  ,1.029908100347e+01  
  1.484717322334e-03  ,1.499815843318e+01  ,3.011427038345e+00  ,1.060753502660e+01  
  1.486918021187e-03  ,1.500018817832e+01  ,3.185749791585e+00  ,1.122156308898e+01  
  1.491319418892e-03  ,1.499992839915e+01  ,3.531148936788e+00  ,1.243817766485e+01  
  1.492010000020e-03  ,1.500001302623e+01  ,3.584951055878e+00  ,1.262768762083e+01  
  1.492011000018e-03  ,1.442323079878e+01  ,3.584881532843e+00  ,1.262796176259e+01  
  1.492013000126e-03  ,1.321550511582e+01  ,3.584650311652e+00  ,1.262851000715e+01  
  1.492017000343e-03  ,1.067413321151e+01  ,3.584206299230e+00  ,1.262960679491e+01  
  1.492020000020e-03  ,8.649181437873e+00  ,3.583933677383e+00  ,1.263042918373e+01  
  1.492020800063e-03  ,8.545484614294e+00  ,3.583988171062e+00  ,1.263064848236e+01  
  1.492022400076e-03  ,8.340587839158e+00  ,3.584183962751e+00  ,1.263108717936e+01  
  1.492025600100e-03  ,7.945359947033e+00  ,3.584709823714e+00  ,1.263196454299e+01  
  1.492032000149e-03  ,7.209790757162e+00  ,3.585804188611e+00  ,1.263371903919e+01  
  1.492044800246e-03  ,5.933924379229e+00  ,3.588757593465e+00  ,1.263722789227e+01  
  1.492058726871e-03  ,4.792935408412e+00  ,3.598605074928e+00  ,1.264104451273e+01  
  1.492067645216e-03  ,4.356532401275e+00  ,1.397016973072e+01  ,1.264284786768e+01  
  1.492076016689e-03  ,4.341961051355e+00  ,4.349946045458e+01  ,1.264290951587e+01  
  1.492082296783e-03  ,4.134703047535e+00  ,5.281679789241e+01  ,3.933760645540e-02  
  1.492085568333e-03  ,3.936805641490e+00  ,5.284619643284e+01  ,-2.061932717633e-01  
  1.492087137798e-03  ,3.843937508137e+00  ,5.282786045081e+01  ,-4.151079508107e-03  
  1.492090276727e-03  ,3.665329040027e+00  ,5.283103375607e+01  ,1.014368874141e-02  
  1.492096554587e-03  ,3.332209263568e+00  ,5.284081337537e+01  ,5.649355402505e-03  
  1.492109110305e-03  ,2.753106449366e+00  ,5.285965219274e+01  ,4.426751289636e-03  
  1.492134221742e-03  ,1.864207231196e+00  ,5.289716304634e+01  ,3.316801842566e-03  
  1.492175867507e-03  ,9.348879910624e-01  ,5.295922824834e+01  ,1.962663830770e-03  
  1.492222126672e-03  ,3.971895939591e-01  ,5.302795131965e+01  ,1.177173444754e-03  
  1.492268445441e-03  ,1.916090299743e-01  ,5.309655760440e+01  ,8.758585127799e-04  
  1.492330648849e-03  ,5.755989097393e-02  ,5.318841778370e+01  ,6.781846005208e-04  
  1.492396762321e-03  ,2.029497489145e-02  ,5.328571704345e+01  ,6.214118567821e-04  
  1.492528989265e-03  ,1.731151297079e-03  ,5.347931234084e+01  ,5.894229956107e-04  
  1.492669131705e-03  ,-1.045853816736e-03  ,5.368304180519e+01  ,5.801690075280e-04  
  1.492949416587e-03  ,3.098901168476e-04  ,5.408599893878e+01  ,5.717872418917e-04  
  1.493396069953e-03  ,1.567407893258e-03  ,5.471567308861e+01  ,5.572815857558e-04  
  1.494289376685e-03  ,1.675609916174e-03  ,5.592870485396e+01  ,5.255039191268e-04  
  1.496075990150e-03  ,1.354500647122e-03  ,5.816674359587e+01  ,4.631425481991e-04  
  1.499649217078e-03  ,1.145257907953e-03  ,6.187699805499e+01  ,3.473367418566e-04  
  1.502000000020e-03  ,8.844911482603e-04  ,6.375603454532e+01  ,2.762573142224e-04  
  1.502001000018e-03  ,5.775300788492e-01  ,6.375687141068e+01  ,-1.012281818998e-03  
  1.502001884868e-03  ,1.095170523348e+00  ,6.375761566357e+01  ,-2.188044389199e-03  
  1.502003654567e-03  ,2.160216547427e+00  ,6.375910103608e+01  ,-4.505182867354e-03  
  1.502007193965e-03  ,4.412579701138e+00  ,6.376205492184e+01  ,-8.959581641235e-03  
  1.502010000020e-03  ,6.311245789959e+00  ,6.376438130193e+01  ,-1.232623730707e-02  
  1.502010707900e-03  ,6.403553689120e+00  ,6.376487297286e+01  ,-1.224668648517e-02  
  1.502012123696e-03  ,6.584292834306e+00  ,6.376584573956e+01  ,-1.198649493250e-02  
  1.502014955289e-03  ,6.936690139890e+00  ,6.376779140787e+01  ,-1.147325629618e-02  
  1.502020618476e-03  ,7.600852008990e+00  ,6.377168619478e+01  ,-1.050546722502e-02  
  1.502031944848e-03  ,8.774019956438e+00  ,6.377948822689e+01  ,-8.796413640744e-03  
  1.502043354667e-03  ,9.771507140049e+00  ,6.378736126688e+01  ,-7.343250340321e-03  
  1.502051392354e-03  ,9.973416732055e+00  ,4.110333234353e+01  ,9.862848236804e+00  
  1.502059064962e-03  ,1.000020911681e+01  ,1.073798375587e+01  ,9.863018798201e+00  
  1.502063385553e-03  ,1.018790918960e+01  ,3.401699989644e+00  ,9.863935150162e+00  
  1.502067482628e-03  ,1.046839780784e+01  ,2.663526243431e+00  ,9.865015413123e+00  
  1.502069803484e-03  ,1.062572917045e+01  ,2.745665035180e+00  ,9.865664427784e+00  
  1.502072731934e-03  ,1.081629463492e+01  ,2.801231230017e+00  ,9.866487148523e+00  
  1.502078588836e-03  ,1.117239275453e+01  ,2.810951143379e+00  ,9.868134390939e+00  
  1.502090302638e-03  ,1.179843090896e+01  ,2.805922823327e+00  ,9.871433440455e+00  
  1.502110091381e-03  ,1.263396566135e+01  ,2.804555717720e+00  ,9.877012783436e+00  
  1.502149668865e-03  ,1.372642925021e+01  ,2.808691778533e+00  ,9.888171053560e+00  
  1.502228823833e-03  ,1.476773347868e+01  ,2.813659735472e+00  ,9.910484150600e+00  
  1.502346268825e-03  ,1.516339065196e+01  ,2.822854657406e+00  ,9.943582070752e+00  
  1.502518907718e-03  ,1.497818154656e+01  ,2.836748711760e+00  ,9.992214789505e+00  
  1.502675405673e-03  ,1.497093117939e+01  ,2.849258578207e+00  ,1.003627991908e+01  
  1.502988401584e-03  ,1.501191412383e+01  ,2.874244174854e+00  ,1.012435150321e+01  
  1.503614393405e-03  ,1.499232316957e+01  ,2.924193686021e+00  ,1.030026023632e+01  
  1.504711881809e-03  ,1.499816660640e+01  ,3.011533440508e+00  ,1.060790982429e+01  
  1.506906858615e-03  ,1.500018759078e+01  ,3.185403681789e+00  ,1.122034397053e+01  
  1.511296812229e-03  ,1.499992897516e+01  ,3.529914602071e+00  ,1.243382991236e+01  
  1.512010000020e-03  ,1.500001333152e+01  ,3.585478698225e+00  ,1.262954615919e+01  
  1.512011000018e-03  ,1.442322998746e+01  ,3.585409170732e+00  ,1.262982029569e+01  
  1.512013000126e-03  ,1.321550432837e+01  ,3.585177946519e+00  ,1.263036852961e+01  
  1.512017000343e-03  ,1.067413247029e+01  ,3.584733938090e+00  ,1.263146529633e+01  
  1.512020000020e-03  ,8.649180729863e+00  ,3.584461327631e+00  ,1.263228766933e+01  
  1.512020800063e-03  ,8.545483914887e+00  ,3.584515828433e+00  ,1.263250696374e+01  
  1.512022400076e-03  ,8.340587156747e+00  ,3.584711633514e+00  ,1.263294565230e+01  
  1.512025600100e-03  ,7.945359297367e+00  ,3.585237515553e+00  ,1.263382299905e+01  
  1.512032000149e-03  ,7.209790168676e+00  ,3.586331935208e+00  ,1.263557746146e+01  
  1.512044800246e-03  ,5.933923898957e+00  ,3.589285575939e+00  ,1.263908624698e+01  
  1.512058726871e-03  ,4.792935043308e+00  ,3.599134452192e+00  ,1.264290279379e+01  
  1.512067645216e-03  ,4.356543886936e+00  ,1.397140941551e+01  ,1.264470600315e+01  
  1.512076016689e-03  ,4.341972479648e+00  ,4.350079291416e+01  ,1.264476757201e+01  
  1.512082296038e-03  ,4.134737079555e+00  ,5.281665703241e+01  ,3.937391451166e-02  
  1.512085567215e-03  ,3.936860063591e+00  ,5.284605910626e+01  ,-2.061856263499e-01  
  1.512087136494e-03  ,3.844001504503e+00  ,5.282772434068e+01  ,-4.151660026367e-03  
  1.512090275051e-03  ,3.665410777039e+00  ,5.283089817350e+01  ,1.014416358369e-02  
  1.512096552165e-03  ,3.332321397408e+00  ,5.284067906790e+01  ,5.649700675584e-03  
  1.512109106393e-03  ,2.751666895012e+00  ,5.285947175565e+01  ,4.594582044751e-03  
  1.512134214850e-03  ,1.862066772947e+00  ,5.289697979970e+01  ,3.314736817561e-03  
  1.512175371857e-03  ,9.415098935772e-01  ,5.295831757411e+01  ,1.972294109936e-03  
  1.512221362801e-03  ,4.554959610028e-01  ,5.302665558745e+01  ,1.262297336193e-03  
  1.512269457789e-03  ,1.918288108550e-01  ,5.309791707288e+01  ,8.762864509885e-04  
  1.512324359627e-03  ,8.008814488251e-02  ,5.317902554048e+01  ,7.113979580114e-04  
  1.512413051339e-03  ,6.895409010489e-03  ,5.330955606071e+01  ,6.014190820281e-04  
  1.512507846566e-03  ,2.597773949908e-03  ,5.344839940253e+01  ,5.916244905168e-04  
  1.512697437020e-03  ,7.906472285224e-04  ,5.372403215826e+01  ,5.819369635249e-04  
  1.512919047089e-03  ,1.963205414221e-03  ,5.404273811893e+01  ,5.754893990973e-04  
  1.513362267228e-03  ,1.918382624076e-03  ,5.466883535655e+01  ,5.591645267639e-04  
  1.514248707505e-03  ,1.422234040775e-03  ,5.587543295952e+01  ,5.266967021261e-04  
  1.516021588059e-03  ,1.582150049442e-03  ,5.810355756258e+01  ,4.654359791286e-04  
  1.519567349167e-03  ,9.474367604194e-04  ,6.180589659882e+01  ,3.496735718887e-04  
  1.522000000020e-03  ,1.006772923956e-03  ,6.375892875193e+01  ,2.788386423773e-04  
  1.522001000018e-03  ,5.776505296591e-01  ,6.375976558550e+01  ,-1.012196762601e-03  
  1.522001884774e-03  ,1.095234244586e+00  ,6.376050950780e+01  ,-2.187860039160e-03  
  1.522003654287e-03  ,2.160160520528e+00  ,6.376199421503e+01  ,-4.504760636991e-03  
  1.522007193313e-03  ,4.412259301534e+00  ,6.376494677456e+01  ,-8.958729461675e-03  
  1.522010000020e-03  ,6.311350247923e+00  ,6.376727288948e+01  ,-1.232619100040e-02  
  1.522010707825e-03  ,6.403647421511e+00  ,6.376776430517e+01  ,-1.224665438988e-02  
  1.522012123435e-03  ,6.586280804749e+00  ,6.376873667086e+01  ,-1.198666471854e-02  
  1.522014954656e-03  ,6.940078827874e+00  ,6.377068085257e+01  ,-1.146842727582e-02  
  1.522020617097e-03  ,7.603877831424e+00  ,6.377457352531e+01  ,-1.050123303156e-02  
  1.522031941980e-03  ,8.776423312814e+00  ,6.378237131933e+01  ,-8.792991990779e-03  
  1.522043350309e-03  ,9.773404080363e+00  ,6.379024009987e+01  ,-7.340590508107e-03  
  1.522051387995e-03  ,9.973484941767e+00  ,4.101089298917e+01  ,9.861729495884e+00  
  1.522059062093e-03  ,1.000031240149e+01  ,1.064179314864e+01  ,9.861903750195e+00  
  1.522063370764e-03  ,1.018878388207e+01  ,3.395828688169e+00  ,9.862820182346e+00  
  1.522067449957e-03  ,1.046808139678e+01  ,2.664483367478e+00  ,9.863897989658e+00  
  1.522069771558e-03  ,1.062546467686e+01  ,2.745699748947e+00  ,9.864547197989e+00  
  1.522072706341e-03  ,1.081644056516e+01  ,2.800924142416e+00  ,9.865371691171e+00  
  1.522078575909e-03  ,1.117326397685e+01  ,2.810586161086e+00  ,9.867022527387e+00  
  1.522090315044e-03  ,1.180040993177e+01  ,2.805596940890e+00  ,9.870328762155e+00  
  1.522110205114e-03  ,1.263914376440e+01  ,2.804252625498e+00  ,9.875936737208e+00  
  1.522149985254e-03  ,1.373350447361e+01  ,2.808391709459e+00  ,9.887152262501e+00  
  1.522229545533e-03  ,1.477321480344e+01  ,2.813400178281e+00  ,9.909579833478e+00  
  1.522347002446e-03  ,1.516378519883e+01  ,2.822598848205e+00  ,9.942681415973e+00  
  1.522520332753e-03  ,1.497780745172e+01  ,2.836548534271e+00  ,9.991509302566e+00  
  1.522676997602e-03  ,1.497081248652e+01  ,2.849071767765e+00  ,1.003562172734e+01  
  1.522990327298e-03  ,1.501197545123e+01  ,2.874084105410e+00  ,1.012378777654e+01  
  1.523616986692e-03  ,1.499227953290e+01  ,2.924087156972e+00  ,1.029988493752e+01  
  1.524717145383e-03  ,1.499815815243e+01  ,3.011639409243e+00  ,1.060828306944e+01  
  1.526917462766e-03  ,1.500018821932e+01  ,3.185930716352e+00  ,1.122220036849e+01  
  1.531318097532e-03  ,1.499992836127e+01  ,3.531268115317e+00  ,1.243859745283e+01  
  1.532010000020e-03  ,1.500001303694e+01  ,3.585172845288e+00  ,1.262846883984e+01  
  1.532011000018e-03  ,1.442323065723e+01  ,3.585103320351e+00  ,1.262874297939e+01  
  1.532013000126e-03  ,1.321550497843e+01  ,3.584872097879e+00  ,1.262929121949e+01  
  1.532017000343e-03  ,1.067413308222e+01  ,3.584428087141e+00  ,1.263038799839e+01  
  1.532020000020e-03  ,8.649181314431e+00  ,3.584155470068e+00  ,1.263121038056e+01  
  1.532020800063e-03  ,8.545484492380e+00  ,3.584209966741e+00  ,1.263142967742e+01  
  1.532022400076e-03  ,8.340587720262e+00  ,3.584405764058e+00  ,1.263186837087e+01  
  1.532025600100e-03  ,7.945359833942e+00  ,3.584931633870e+00  ,1.263274572740e+01  
  1.532032000149e-03  ,7.209790654975e+00  ,3.586026021757e+00  ,1.263450020940e+01  
  1.532044800246e-03  ,5.933924296835e+00  ,3.588979525600e+00  ,1.263800903408e+01  
  1.532058726871e-03  ,4.792935351415e+00  ,3.598827591268e+00  ,1.264182562359e+01  
  1.532067645216e-03  ,4.356537235945e+00  ,1.397068622051e+01  ,1.264362891835e+01  
  1.532076016689e-03  ,4.341965851290e+00  ,4.350001519004e+01  ,1.264369054225e+01  
  1.532082296783e-03  ,4.134736573200e+00  ,5.281896508956e+01  ,3.948669855820e-02  
  1.532085568333e-03  ,3.936838058669e+00  ,5.284838221547e+01  ,-2.062232741592e-01  
  1.532087137798e-03  ,3.843969117886e+00  ,5.283004355037e+01  ,-4.152881132693e-03  
  1.532090276727e-03  ,3.665359191767e+00  ,5.283321696316e+01  ,1.014425481752e-02  
  1.532096554587e-03  ,3.332236695368e+00  ,5.284299732903e+01  ,5.649450801227e-03  
  1.532109110305e-03  ,2.753129134674e+00  ,5.286183755547e+01  ,4.426790457620e-03  
  1.532134221742e-03  ,1.864222630560e+00  ,5.289935121135e+01  ,3.316854685381e-03  
  1.532175867507e-03  ,9.348957731218e-01  ,5.296142105491e+01  ,1.962705662887e-03  
  1.532222126672e-03  ,3.971929685309e-01  ,5.303014926781e+01  ,1.177208720837e-03  
  1.532268445441e-03  ,1.916107192020e-01  ,5.309876068595e+01  ,8.758912167923e-04  
  1.532330648849e-03  ,5.756048103414e-02  ,5.319062773610e+01  ,6.782155430938e-04  
  1.532396762321e-03  ,2.029525902877e-02  ,5.328793426976e+01  ,6.214421837575e-04  
  1.532528989265e-03  ,1.731282301995e-03  ,5.348154402590e+01  ,5.894527590411e-04  
  1.532669131705e-03  ,-1.045746610931e-03  ,5.368528868479e+01  ,5.801983785472e-04  
  1.532949416587e-03  ,3.100063542189e-04  ,5.408827580606e+01  ,5.718159180016e-04  
  1.533396117637e-03  ,1.567556099903e-03  ,5.471806303833e+01  ,5.573074602510e-04  
  1.534289519737e-03  ,1.675694711851e-03  ,5.593130692099e+01  ,5.255242499666e-04  
  1.536076323936e-03  ,1.354585503507e-03  ,5.816971278387e+01  ,4.631526430701e-04  
  1.539649932334e-03  ,1.145247143984e-03  ,6.188046963928e+01  ,3.473287246592e-04  
  1.542000000020e-03  ,8.845424402519e-04  ,6.375898721278e+01  ,2.762680097501e-04  
  1.542001000018e-03  ,5.775301301582e-01  ,6.375982412121e+01  ,-1.012272538892e-03  
  1.542001884961e-03  ,1.095225698020e+00  ,6.376056849041e+01  ,-2.188158854140e-03  
  1.542003654846e-03  ,2.160388317305e+00  ,6.376205409456e+01  ,-4.505534504112e-03  
  1.542007194617e-03  ,4.413009783140e+00  ,6.376500844012e+01  ,-8.960371045786e-03  
  1.542010000020e-03  ,6.311246423754e+00  ,6.376733439842e+01  ,-1.232622749398e-02  
  1.542010707974e-03  ,6.403563929113e+00  ,6.376782615089e+01  ,-1.224666180541e-02  
  1.542012123957e-03  ,6.584326138482e+00  ,6.376879910650e+01  ,-1.198643622069e-02  
  1.542014955923e-03  ,6.936767248742e+00  ,6.377074515286e+01  ,-1.147313377416e-02  
  1.542020619854e-03  ,7.601006550138e+00  ,6.377464069658e+01  ,-1.050523184910e-02  
  1.542031947717e-03  ,8.774292766103e+00  ,6.378244424433e+01  ,-8.796006068729e-03  
  1.542043359026e-03  ,9.771857657844e+00  ,6.379031880597e+01  ,-7.342729570040e-03  
  1.542051398203e-03  ,9.973435887761e+00  ,4.108245385670e+01  ,9.863366944660e+00  
  1.542059072301e-03  ,1.000024372760e+01  ,1.071197198894e+01  ,9.863538647905e+00  
  1.542063390657e-03  ,1.018822427640e+01  ,3.400163922166e+00  ,9.864454921163e+00  
  1.542067483261e-03  ,1.046841305518e+01  ,2.664045015588e+00  ,9.865534709717e+00  
  1.542069804489e-03  ,1.062576622933e+01  ,2.745926862919e+00  ,9.866183815019e+00  
  1.542072735175e-03  ,1.081647099010e+01  ,2.801386708703e+00  ,9.867007152127e+00  
  1.542078596547e-03  ,1.117281443108e+01  ,2.811083585697e+00  ,9.868655645990e+00  
  1.542090319290e-03  ,1.179764285232e+01  ,2.800551299791e+00  ,9.871960546480e+00  
  1.542102545693e-03  ,1.234404623367e+01  ,2.804776713673e+00  ,9.875407856555e+00  
  1.542126998499e-03  ,1.317503431937e+01  ,2.807002661148e+00  ,9.882302130498e+00  
  1.542175904110e-03  ,1.416253199657e+01  ,2.809386577861e+00  ,9.896089483314e+00  
  1.542273715332e-03  ,1.497491921813e+01  ,2.817271221529e+00  ,9.923658916204e+00  
  1.542401960686e-03  ,1.499970625027e+01  ,2.827543754385e+00  ,9.959795369974e+00  
  1.542626741722e-03  ,1.500014631381e+01  ,2.845492464454e+00  ,1.002310153474e+01  
  1.542865923241e-03  ,1.500012916811e+01  ,2.864615831327e+00  ,1.009041903564e+01  
  1.543344286278e-03  ,1.500022981485e+01  ,2.902800110478e+00  ,1.022491700648e+01  
  1.544301012352e-03  ,1.500028644701e+01  ,2.979013201106e+00  ,1.049336583539e+01  
  1.546214464500e-03  ,1.500031902106e+01  ,3.130820373909e+00  ,1.102808294845e+01  
  1.550041368797e-03  ,1.499980769694e+01  ,3.431973507946e+00  ,1.208884736042e+01  
  1.552010000020e-03  ,1.500001131506e+01  ,3.585622868577e+00  ,1.263005390195e+01  
  1.552011000018e-03  ,1.442288380054e+01  ,3.585553439525e+00  ,1.263032803782e+01  
  1.552013000126e-03  ,1.321516833487e+01  ,3.585322251120e+00  ,1.263087626426e+01  
  1.552017000343e-03  ,1.067381614697e+01  ,3.584878255242e+00  ,1.263197302899e+01  
  1.552020000020e-03  ,8.648878478682e+00  ,3.584605649834e+00  ,1.263279539766e+01  
  1.552020800063e-03  ,8.545185287582e+00  ,3.584660155969e+00  ,1.263301469090e+01  
  1.552022400076e-03  ,8.340295689969e+00  ,3.584855971238e+00  ,1.263345337716e+01  
  1.552025600100e-03  ,7.945081642706e+00  ,3.585381874127e+00  ,1.263433071931e+01  
  1.552032000149e-03  ,7.209538220522e+00  ,3.586476356438e+00  ,1.263608517247e+01  
  1.552044800246e-03  ,5.933716543586e+00  ,3.589430338953e+00  ,1.263959393948e+01  
  1.552058726871e-03  ,4.792767629184e+00  ,3.599283197146e+00  ,1.264341046576e+01  
  1.552067645216e-03  ,4.356535394686e+00  ,1.397973394175e+01  ,1.264521299773e+01  
  1.552076016689e-03  ,4.341982491503e+00  ,4.351045465488e+01  ,1.264527398300e+01  
  1.552082295293e-03  ,4.134673984634e+00  ,5.281918199724e+01  ,3.894891291411e-02  
  1.552085566470e-03  ,3.936798465365e+00  ,5.284852852554e+01  ,-2.060656403403e-01  
  1.552087135935e-03  ,3.843930710645e+00  ,5.283020552231e+01  ,-4.143395674329e-03  
  1.552090274865e-03  ,3.665322565423e+00  ,5.283338119447e+01  ,1.014127014851e-02  
  1.552096552724e-03  ,3.332203386270e+00  ,5.284316324172e+01  ,5.649368852292e-03  
  1.552109108442e-03  ,2.751506134267e+00  ,5.286195875673e+01  ,4.594366333337e-03  
  1.552134219879e-03  ,1.861867021214e+00  ,5.289947248616e+01  ,3.314451055784e-03  
  1.552175370926e-03  ,9.415069819459e-01  ,5.296080340353e+01  ,1.972294817951e-03  
  1.552221361870e-03  ,4.554945859034e-01  ,5.302914369003e+01  ,1.262300267068e-03  
  1.552269456858e-03  ,1.918282691645e-01  ,5.310040753910e+01  ,8.762905110603e-04  
  1.552324364657e-03  ,8.007939122758e-02  ,5.318152748077e+01  ,7.113897567138e-04  
  1.552413056368e-03  ,6.892904089482e-03  ,5.331206225281e+01  ,6.014198571619e-04  
  1.552507863516e-03  ,2.597097200584e-03  ,5.345092750456e+01  ,5.916273583804e-04  
  1.552697477812e-03  ,7.910436180669e-04  ,5.372660339998e+01  ,5.819402409044e-04  
  1.552919087881e-03  ,1.963168791129e-03  ,5.404531879021e+01  ,5.754917561564e-04  
  1.553362308020e-03  ,1.918344201695e-03  ,5.467143399013e+01  ,5.591662857374e-04  
  1.554248748297e-03  ,1.422338761970e-03  ,5.587806394506e+01  ,5.266975198172e-04  
  1.556021628851e-03  ,1.582123550569e-03  ,5.810623912153e+01  ,4.654344096157e-04  
  1.559567389959e-03  ,9.474915810509e-04  ,6.180862446799e+01  ,3.496681055523e-04  
  1.562000000020e-03  ,1.006719305296e-03  ,6.376161884031e+01  ,2.788316879949e-04  
  1.562001000018e-03  ,5.776504767195e-01  ,6.376245566689e+01  ,-1.012204838878e-03  
  1.562001884868e-03  ,1.095289315314e+00  ,6.376319966116e+01  ,-2.187991347832e-03  
  1.562003654567e-03  ,2.160332186522e+00  ,6.376468451146e+01  ,-4.505129239989e-03  
  1.562007193965e-03  ,4.412689277040e+00  ,6.376763735363e+01  ,-8.959535861986e-03  
  1.562010000020e-03  ,6.311350783057e+00  ,6.376996290661e+01  ,-1.232619817205e-02  
  1.562010707900e-03  ,6.403657563130e+00  ,6.377045436836e+01  ,-1.224664682575e-02  
  1.562012123696e-03  ,6.584394517138e+00  ,6.377142671699e+01  ,-1.198645838574e-02  
  1.562014955289e-03  ,6.936787550468e+00  ,6.377337154958e+01  ,-1.147322595325e-02  
  1.562020618476e-03  ,7.600941367660e+00  ,6.377726466459e+01  ,-1.050544858421e-02  
  1.562031944848e-03  ,8.774095092299e+00  ,6.378506335220e+01  ,-8.796415747970e-03  
  1.562043354667e-03  ,9.771570182943e+00  ,6.379293302233e+01  ,-7.343270130668e-03  
  1.562051392354e-03  ,9.973411863211e+00  ,4.110520032885e+01  ,9.861965653010e+00  
  1.562059064962e-03  ,1.000020001874e+01  ,1.073951649091e+01  ,9.862135936922e+00  
  1.562063385553e-03  ,1.018787052851e+01  ,3.401602285905e+00  ,9.863052410715e+00  
  1.562067482628e-03  ,1.046835957286e+01  ,2.663261480840e+00  ,9.864132622647e+00  
  1.562069803111e-03  ,1.062566758961e+01  ,2.745403255221e+00  ,9.864781541142e+00  
  1.562072731562e-03  ,1.081623581472e+01  ,2.800979813575e+00  ,9.865604270019e+00  
  1.562078588463e-03  ,1.117233894388e+01  ,2.810701656208e+00  ,9.867251526899e+00  
  1.562090302266e-03  ,1.179680692827e+01  ,2.800141066779e+00  ,9.870553952421e+00  
  1.562102506317e-03  ,1.234243186715e+01  ,2.804375324822e+00  ,9.873995009437e+00  
  1.562126914419e-03  ,1.317264240444e+01  ,2.806601289998e+00  ,9.880876777698e+00  
  1.562175730623e-03  ,1.416011502583e+01  ,2.808974504330e+00  ,9.894639123549e+00  
  1.562273363031e-03  ,1.497360713830e+01  ,2.816845780144e+00  ,9.922158563393e+00  
  1.562401584543e-03  ,1.499968555858e+01  ,2.827116120046e+00  ,9.958288846017e+00  
  1.562625984110e-03  ,1.500015141258e+01  ,2.845034477285e+00  ,1.002148856916e+01  
  1.562864974893e-03  ,1.500013353338e+01  ,2.864142980162e+00  ,1.008875350019e+01  
  1.563342956461e-03  ,1.500024026631e+01  ,2.902297469210e+00  ,1.022314654716e+01  
  1.564298919596e-03  ,1.500030036656e+01  ,2.978451226683e+00  ,1.049138639045e+01  
  1.566210845865e-03  ,1.500041288207e+01  ,3.130140290824e+00  ,1.102568765128e+01  
  1.570034698404e-03  ,1.499972011013e+01  ,3.431062016989e+00  ,1.208563658834e+01  
  1.572010000020e-03  ,1.500000655900e+01  ,3.585235589251e+00  ,1.262868976154e+01  
  1.572011000018e-03  ,1.442270405247e+01  ,3.585166221121e+00  ,1.262896390129e+01  
  1.572013000126e-03  ,1.321499387948e+01  ,3.584935056246e+00  ,1.262951213549e+01  
  1.572017000343e-03  ,1.067365190468e+01  ,3.584491064928e+00  ,1.263060891569e+01  
  1.572020000020e-03  ,8.648721542752e+00  ,3.584218450801e+00  ,1.263143129597e+01  
  1.572020800063e-03  ,8.545030233157e+00  ,3.584272953756e+00  ,1.263165059231e+01  
  1.572022400076e-03  ,8.340144353266e+00  ,3.584468762816e+00  ,1.263208928477e+01  
  1.572025600100e-03  ,7.944937477235e+00  ,3.584994658037e+00  ,1.263296663931e+01  
  1.572032000149e-03  ,7.209407401630e+00  ,3.586089125053e+00  ,1.263472111725e+01  
  1.572044800246e-03  ,5.933608875022e+00  ,3.589043078963e+00  ,1.263822993383e+01  
  1.572058726871e-03  ,4.792680680125e+00  ,3.598896790770e+00  ,1.264204651397e+01  
  1.572067645216e-03  ,4.356520903089e+00  ,1.398298694726e+01  ,1.264384882063e+01  
  1.572076016689e-03  ,4.341977694792e+00  ,4.351432332819e+01  ,1.264390957493e+01  
  1.572082295293e-03  ,4.134642790245e+00  ,5.282153979611e+01  ,3.882888876145e-02  
  1.572085566470e-03  ,3.936768322538e+00  ,5.285086915496e+01  ,-2.060268393587e-01  
  1.572087136121e-03  ,3.843890503241e+00  ,5.283254952578e+01  ,-4.140394578558e-03  
  1.572090275424e-03  ,3.665263511881e+00  ,5.283572518016e+01  ,1.013983130619e-02  
  1.572096554028e-03  ,3.332111869640e+00  ,5.284550618572e+01  ,5.649014012484e-03  
  1.572109111236e-03  ,2.752963260828e+00  ,5.286434848230e+01  ,4.426764268836e-03  
  1.572134225653e-03  ,1.864019769519e+00  ,5.290186638148e+01  ,3.316543121485e-03  
  1.572175865458e-03  ,9.348917343711e-01  ,5.296392695673e+01  ,1.962681757363e-03  
  1.572222124623e-03  ,3.971995479470e-01  ,5.303265475051e+01  ,1.177200591521e-03  
  1.572268443393e-03  ,1.916138721170e-01  ,5.310126574053e+01  ,8.758780812746e-04  
  1.572330646800e-03  ,5.756139955561e-02  ,5.319313219895e+01  ,6.781991433754e-04  
  1.572396760272e-03  ,2.029555619037e-02  ,5.329043808285e+01  ,6.214248575642e-04  
  1.572528987216e-03  ,1.731269500270e-03  ,5.348404647582e+01  ,5.894349471755e-04  
  1.572669129657e-03  ,-1.045806295161e-03  ,5.368778959771e+01  ,5.801804580939e-04  
  1.572949414538e-03  ,3.099680769368e-04  ,5.409077336187e+01  ,5.717979493255e-04  
  1.573396115588e-03  ,1.567536915861e-03  ,5.472055447008e+01  ,5.572893899316e-04  
  1.574289517688e-03  ,1.675673706103e-03  ,5.593378329194e+01  ,5.255059016523e-04  
  1.576076321887e-03  ,1.354552338205e-03  ,5.817214815626e+01  ,4.631337111089e-04  
  1.579649930285e-03  ,1.145198702644e-03  ,6.188278265965e+01  ,3.473085721337e-04  
  1.582000000020e-03  ,8.844825845115e-04  ,6.376119471702e+01  ,2.762469628075e-04  
  1.582001000018e-03  ,5.775300702968e-01  ,6.376203157540e+01  ,-1.012294614536e-03  
  1.582001884961e-03  ,1.095225638155e+00  ,6.376277590022e+01  ,-2.188180963456e-03  
  1.582003654846e-03  ,2.160388257431e+00  ,6.376426141560e+01  ,-4.505556587681e-03  
  1.582007194617e-03  ,4.413009723249e+00  ,6.376721558359e+01  ,-8.960393085254e-03  
  1.582010000020e-03  ,6.311246363850e+00  ,6.376954140112e+01  ,-1.232624950357e-02  
  1.582010707974e-03  ,6.403563869204e+00  ,6.377003311798e+01  ,-1.224668296965e-02  
  1.582012123957e-03  ,6.584326078565e+00  ,6.377100600250e+01  ,-1.198645729280e-02  
  1.582014955923e-03  ,6.936767188811e+00  ,6.377295190669e+01  ,-1.147315484510e-02  
  1.582020619854e-03  ,7.601006490181e+00  ,6.377684716600e+01  ,-1.050525293596e-02  
  1.582031947717e-03  ,8.774292706093e+00  ,6.378465014460e+01  ,-8.796027173006e-03  
  1.582043359026e-03  ,9.771857597782e+00  ,6.379252413247e+01  ,-7.342750691684e-03  
  1.582051398203e-03  ,9.973434794446e+00  ,4.108459076958e+01  ,9.863347305897e+00  
  1.582059072301e-03  ,1.000024063651e+01  ,1.071396255693e+01  ,9.863518850879e+00  
  1.582063390657e-03  ,1.018818784813e+01  ,3.400316123789e+00  ,9.864435152844e+00  
  1.582067484006e-03  ,1.046842714642e+01  ,2.663981341636e+00  ,9.865515061269e+00  
  1.582069805234e-03  ,1.062578027413e+01  ,2.745907480135e+00  ,9.866164167983e+00  
  1.582072735920e-03  ,1.081648457558e+01  ,2.801382572637e+00  ,9.866987505881e+00  
  1.582078597292e-03  ,1.117282686112e+01  ,2.811079846409e+00  ,9.868635999772e+00  
  1.582090320036e-03  ,1.179765321964e+01  ,2.800544141604e+00  ,9.871940900827e+00  
  1.582102544948e-03  ,1.234399364231e+01  ,2.804770883198e+00  ,9.875387791493e+00  
  1.582126994773e-03  ,1.317491274772e+01  ,2.806996980507e+00  ,9.882281226602e+00  
  1.582175894424e-03  ,1.416238840187e+01  ,2.809380083194e+00  ,9.896066902025e+00  
  1.582273693725e-03  ,1.497483248094e+01  ,2.817263891184e+00  ,9.923632981526e+00  
  1.582401939079e-03  ,1.499970504489e+01  ,2.827536400042e+00  ,9.959769444712e+00  
  1.582626696273e-03  ,1.500014661052e+01  ,2.845483197781e+00  ,1.002306891345e+01  
  1.582865830108e-03  ,1.500012941959e+01  ,2.864602767385e+00  ,1.009037302050e+01  
  1.583344097778e-03  ,1.500023042143e+01  ,2.902779456838e+00  ,1.022484425816e+01  
  1.584300633117e-03  ,1.500028725592e+01  ,2.978977429947e+00  ,1.049323983837e+01  
  1.586213703796e-03  ,1.500039368981e+01  ,3.130754196218e+00  ,1.102785000686e+01  
  1.590039845153e-03  ,1.499973800712e+01  ,3.431848420103e+00  ,1.208840660172e+01  
  1.592010000020e-03  ,1.500000751835e+01  ,3.585617024007e+00  ,1.263003330875e+01  
  1.592011000018e-03  ,1.442274166487e+01  ,3.585547640548e+00  ,1.263030744467e+01  
  1.592013000126e-03  ,1.321503038437e+01  ,3.585316469013e+00  ,1.263085567125e+01  
  1.592017000343e-03  ,1.067368627255e+01  ,3.584872479024e+00  ,1.263195243620e+01  
  1.592020000020e-03  ,8.648754381893e+00  ,3.584599873178e+00  ,1.263277480503e+01  
  1.592020800063e-03  ,8.545062678654e+00  ,3.584654380855e+00  ,1.263299409832e+01  
  1.592022400076e-03  ,8.340176020950e+00  ,3.584850198835e+00  ,1.263343278468e+01  
  1.592025600100e-03  ,7.944967644548e+00  ,3.585376107641e+00  ,1.263431012701e+01  
  1.592032000149e-03  ,7.209434776695e+00  ,3.586470608977e+00  ,1.263606458054e+01  
  1.592044800246e-03  ,5.933631407978e+00  ,3.589424702828e+00  ,1.263957334827e+01  
  1.592058726871e-03  ,4.792698889803e+00  ,3.599279025801e+00  ,1.264338987521e+01  
  1.592067645216e-03  ,4.356530490053e+00  ,1.398300137550e+01  ,1.264519214715e+01  
  1.592076016689e-03  ,4.341985194450e+00  ,4.351425990777e+01  ,1.264525290631e+01  
  1.592082295293e-03  ,4.134648058195e+00  ,5.282123764949e+01  ,3.881520078065e-02  
  1.592085566470e-03  ,3.936773314358e+00  ,5.285056603238e+01  ,-2.060231991598e-01  
  1.592087136121e-03  ,3.843895390666e+00  ,5.283224721250e+01  ,-4.140062421392e-03  
  1.592090275424e-03  ,3.665268187272e+00  ,5.283542376492e+01  ,1.013987713543e-02  
  1.592096554028e-03  ,3.332116149100e+00  ,5.284520650166e+01  ,5.649126218908e-03  
  1.592109111236e-03  ,2.752966854018e+00  ,5.286405228477e+01  ,4.426881570766e-03  
  1.592134225653e-03  ,1.864022309344e+00  ,5.290157715636e+01  ,3.316655708949e-03  
  1.592175865458e-03  ,9.348931731124e-01  ,5.296364928411e+01  ,1.962792484670e-03  
  1.592222124623e-03  ,3.972003493486e-01  ,5.303238990134e+01  ,1.177310139785e-03  
  1.592268443393e-03  ,1.916144296567e-01  ,5.310101372009e+01  ,8.759870206939e-04  
  1.592330646800e-03  ,5.756179788481e-02  ,5.319289738884e+01  ,6.783075126073e-04  
  1.592396760272e-03  ,2.029590995360e-02  ,5.329022154230e+01  ,6.215328044713e-04  
  1.592528987216e-03  ,1.731600432840e-03  ,5.348386640393e+01  ,5.895421488615e-04  
  1.592669129657e-03  ,-1.045479549193e-03  ,5.368764807396e+01  ,5.802869071847e-04  
  1.592949414538e-03  ,3.102946053635e-04  ,5.409070860918e+01  ,5.719029252027e-04  
  1.593396115588e-03  ,1.567861943433e-03  ,5.472061115207e+01  ,5.573920725222e-04  
  1.594289517688e-03  ,1.675992577907e-03  ,5.593407932780e+01  ,5.256042359614e-04  
  1.596076321887e-03  ,1.354857121299e-03  ,5.817290773018e+01  ,4.632239446774e-04  
  1.599649930285e-03  ,1.145471808003e-03  ,6.188440097096e+01  ,3.473848449605e-04  
  1.602000000020e-03  ,8.847322304554e-04  ,6.376332250386e+01  ,2.763152951313e-04  
  1.602001000018e-03  ,5.775303199259e-01  ,6.376415956932e+01  ,-1.012226678155e-03  
  1.602001884961e-03  ,1.095225887768e+00  ,6.376490407734e+01  ,-2.188113123664e-03  
  1.602003654846e-03  ,2.160388507012e+00  ,6.376638995910e+01  ,-4.505488710616e-03  
  1.602007194617e-03  ,4.413009972769e+00  ,6.376934485982e+01  ,-8.960325165671e-03  
  1.602010000020e-03  ,6.311246613322e+00  ,6.377167125806e+01  ,-1.232618155777e-02  
  1.602010707974e-03  ,6.403564118668e+00  ,6.377216312165e+01  ,-1.224661406581e-02  
  1.602012123957e-03  ,6.584326328018e+00  ,6.377313629986e+01  ,-1.198638829049e-02  
  1.602014955923e-03  ,6.936767438240e+00  ,6.377508279142e+01  ,-1.147308584567e-02  
  1.602020619854e-03  ,7.601006739562e+00  ,6.377897922525e+01  ,-1.050518398023e-02  
  1.602031947717e-03  ,8.774292955373e+00  ,6.378678455198e+01  ,-8.795958261282e-03  
  1.602043359026e-03  ,9.771857846956e+00  ,6.379466090400e+01  ,-7.342681836387e-03  
  1.602051398203e-03  ,9.973440772992e+00  ,4.108721080854e+01  ,9.864593896067e+00  
  1.602059072301e-03  ,1.000024499586e+01  ,1.071650218371e+01  ,9.864765279089e+00  
  1.602063390657e-03  ,1.018815499742e+01  ,3.400824003011e+00  ,9.865681599836e+00  
  1.602067484006e-03  ,1.046839424991e+01  ,2.664314784205e+00  ,9.866761414031e+00  
  1.602069805234e-03  ,1.062574860540e+01  ,2.746253723697e+00  ,9.867410513733e+00  
  1.602072735548e-03  ,1.081643068685e+01  ,2.801735104320e+00  ,9.868233737223e+00  
  1.602078596174e-03  ,1.117273416444e+01  ,2.811435040694e+00  ,9.869882000631e+00  
  1.602090317428e-03  ,1.179750268561e+01  ,2.800897673842e+00  ,9.873186439984e+00  
  1.602102540850e-03  ,1.234380712474e+01  ,2.805124607073e+00  ,9.876632867264e+00  
  1.602126987695e-03  ,1.317469913230e+01  ,2.807350507125e+00  ,9.883525375678e+00  
  1.602175881386e-03  ,1.416220254126e+01  ,2.809732812629e+00  ,9.897309198075e+00  
  1.602273668766e-03  ,1.497474443963e+01  ,2.817615565850e+00  ,9.924871573040e+00  
  1.602401914119e-03  ,1.499970382065e+01  ,2.827887914194e+00  ,9.961007585322e+00  
  1.602626647472e-03  ,1.500014691114e+01  ,2.845832575229e+00  ,1.002429955178e+01  
  1.602865781307e-03  ,1.500012967788e+01  ,2.864951910736e+00  ,1.009160282364e+01  
  1.603344048977e-03  ,1.500023103950e+01  ,2.903128126282e+00  ,1.022607239260e+01  
  1.604300584316e-03  ,1.500028807902e+01  ,2.979325153670e+00  ,1.049446464217e+01  
  1.606213654995e-03  ,1.500039489487e+01  ,3.131100036229e+00  ,1.102906817649e+01  
  1.610039796352e-03  ,1.499973688103e+01  ,3.432190524702e+00  ,1.208961161047e+01  
  1.612010000020e-03  ,1.500000745649e+01  ,3.585961018140e+00  ,1.263124497504e+01  
  1.612011000018e-03  ,1.442273936461e+01  ,3.585891632422e+00  ,1.263151910752e+01  
  1.612013000126e-03  ,1.321502815185e+01  ,3.585660459157e+00  ,1.263206732721e+01  
  1.612017000343e-03  ,1.067368417080e+01  ,3.585216471871e+00  ,1.263316407840e+01  
  1.612020000020e-03  ,8.648752373800e+00  ,3.584943873419e+00  ,1.263398643692e+01  
  1.612020800063e-03  ,8.545060694712e+00  ,3.584998385767e+00  ,1.263420572746e+01  
  1.612022400076e-03  ,8.340174084725e+00  ,3.585194212518e+00  ,1.263464440831e+01  
  1.612025600100e-03  ,7.944965800342e+00  ,3.585720135143e+00  ,1.263552173964e+01  
  1.612032000149e-03  ,7.209433103904e+00  ,3.586814672432e+00  ,1.263727617114e+01  
  1.612044800246e-03  ,5.933630033898e+00  ,3.589768921527e+00  ,1.264078489483e+01  
  1.612058726871e-03  ,4.792697795151e+00  ,3.599624172913e+00  ,1.264460137375e+01  
  1.612067645216e-03  ,4.356537918439e+00  ,1.398385046994e+01  ,1.264640354817e+01  
  1.612076016689e-03  ,4.341992678678e+00  ,4.351517609198e+01  ,1.264646425978e+01  
  1.612082295293e-03  ,4.134671874341e+00  ,5.282299717861e+01  ,3.890107319431e-02  
  1.612085566843e-03  ,3.936774332751e+00  ,5.285233854633e+01  ,-2.060543061799e-01  
  1.612087136494e-03  ,3.843896325483e+00  ,5.283401703608e+01  ,-4.141315538953e-03  
  1.612090275796e-03  ,3.665269089582e+00  ,5.283719404401e+01  ,1.014051491851e-02  
  1.612096554400e-03  ,3.332116996504e+00  ,5.284697813350e+01  ,5.649219091682e-03  
  1.612109111609e-03  ,2.751371530005e+00  ,5.286577786951e+01  ,4.594215359101e-03  
  1.612134226026e-03  ,1.861685034524e+00  ,5.290330004730e+01  ,3.314225733690e-03  
  1.612175371112e-03  ,9.415131094791e-01  ,5.296462862787e+01  ,1.972343443569e-03  
  1.612221362056e-03  ,4.554976430921e-01  ,5.303297623085e+01  ,1.262344277339e-03  
  1.612269457044e-03  ,1.918296603686e-01  ,5.310424770593e+01  ,8.763319062947e-04  
  1.612324364843e-03  ,8.008007590409e-02  ,5.318537632242e+01  ,7.114299158724e-04  
  1.612413056554e-03  ,6.893125376375e-03  ,5.331592503609e+01  ,6.014590032389e-04  
  1.612507863702e-03  ,2.597290147160e-03  ,5.345480509421e+01  ,5.916661037489e-04  
  1.612697477998e-03  ,7.912227398288e-04  ,5.373051030284e+01  ,5.819782480286e-04  
  1.612919111909e-03  ,1.963398151317e-03  ,5.404929353614e+01  ,5.755281328380e-04  
  1.613362379732e-03  ,1.918511967486e-03  ,5.467554033773e+01  ,5.591992080636e-04  
  1.614248915376e-03  ,1.422483093426e-03  ,5.588241703741e+01  ,5.267239648162e-04  
  1.616021986665e-03  ,1.582236071634e-03  ,5.811101899668e+01  ,4.654486775150e-04  
  1.619568129243e-03  ,9.475058411485e-04  ,6.181398834237e+01  ,3.496608366485e-04  
  1.622000000020e-03  ,1.006781634957e-03  ,6.376647057658e+01  ,2.788418327021e-04  
  1.622001000018e-03  ,5.776505390267e-01  ,6.376730745317e+01  ,-1.012197017989e-03  
  1.622001884961e-03  ,1.095344500780e+00  ,6.376805156981e+01  ,-2.188107387965e-03  
  1.622003654846e-03  ,2.160503966798e+00  ,6.376953666382e+01  ,-4.505482409852e-03  
  1.622007194617e-03  ,4.413119368705e+00  ,6.377248998993e+01  ,-8.960326759790e-03  
  1.622010000020e-03  ,6.311351427497e+00  ,6.377481514048e+01  ,-1.232618982580e-02  
  1.622010707974e-03  ,6.403667813624e+00  ,6.377530668858e+01  ,-1.224662285812e-02  
  1.622012123957e-03  ,6.584427831487e+00  ,6.377627923583e+01  ,-1.198640030527e-02  
  1.622014955923e-03  ,6.936864668865e+00  ,6.377822446591e+01  ,-1.147310406318e-02  
  1.622020619854e-03  ,7.601095917232e+00  ,6.378211837650e+01  ,-1.050521386118e-02  
  1.622031947717e-03  ,8.774367908625e+00  ,6.378991865691e+01  ,-8.796008851691e-03  
  1.622043359026e-03  ,9.771920706169e+00  ,6.379778992589e+01  ,-7.342750060578e-03  
  1.622051398203e-03  ,9.973431454499e+00  ,4.108626998966e+01  ,9.862715275976e+00  
  1.622059072301e-03  ,1.000023340395e+01  ,1.071533866224e+01  ,9.862886564969e+00  
  1.622063390657e-03  ,1.018815471878e+01  ,3.400268084968e+00  ,9.863802982224e+00  
  1.622067484006e-03  ,1.046839436752e+01  ,2.663789318512e+00  ,9.864882843813e+00  
  1.622069805234e-03  ,1.062574863056e+01  ,2.745718516074e+00  ,9.865531954789e+00  
  1.622072735548e-03  ,1.081643071063e+01  ,2.801199287784e+00  ,9.866355194325e+00  
  1.622078596174e-03  ,1.117273421172e+01  ,2.810901246681e+00  ,9.868003489164e+00  
  1.622090317428e-03  ,1.179750272853e+01  ,2.800364040348e+00  ,9.871307991100e+00  
  1.622102540850e-03  ,1.234380716222e+01  ,2.804591077686e+00  ,9.874754483592e+00  
  1.622126987695e-03  ,1.317469916068e+01  ,2.806817198817e+00  ,9.881647122409e+00  
  1.622175881386e-03  ,1.416220255521e+01  ,2.809199576033e+00  ,9.895431205544e+00  
  1.622273668766e-03  ,1.497474444173e+01  ,2.817082545433e+00  ,9.922994101833e+00  
  1.622401914119e-03  ,1.499970382175e+01  ,2.827355092147e+00  ,9.959130797563e+00  
  1.622626647472e-03  ,1.500014691217e+01  ,2.845300089734e+00  ,1.002242396107e+01  
  1.622865781307e-03  ,1.500012967893e+01  ,2.864419788277e+00  ,1.008972850585e+01  
  1.623344048977e-03  ,1.500023104054e+01  ,2.902596725914e+00  ,1.022420061805e+01  
  1.624300584316e-03  ,1.500028808006e+01  ,2.978795194495e+00  ,1.049259794377e+01  
  1.626213654995e-03  ,1.500039489588e+01  ,3.130572947716e+00  ,1.102721158912e+01  
  1.630039796352e-03  ,1.499973688210e+01  ,3.431669130905e+00  ,1.208777508131e+01  
  1.632010000020e-03  ,1.500000745752e+01  ,3.585442532699e+00  ,1.262941868986e+01  
  1.632011000018e-03  ,1.442273936548e+01  ,3.585373151496e+00  ,1.262969282753e+01  
  1.632013000126e-03  ,1.321502815270e+01  ,3.585141981249e+00  ,1.263024105760e+01  
  1.632017000343e-03  ,1.067368417148e+01  ,3.584697990034e+00  ,1.263133782952e+01  
  1.632020000020e-03  ,8.648752374213e+00  ,3.584425380429e+00  ,1.263216020360e+01  
  1.632020800063e-03  ,8.545060695008e+00  ,3.584479885777e+00  ,1.263237949828e+01  
  1.632022400076e-03  ,8.340174084793e+00  ,3.584675699377e+00  ,1.263281818743e+01  
  1.632025600100e-03  ,7.944965800006e+00  ,3.585201601324e+00  ,1.263369553534e+01  
  1.632032000149e-03  ,7.209433102586e+00  ,3.586296084901e+00  ,1.263545000004e+01  
  1.632044800246e-03  ,5.933630028823e+00  ,3.589250102785e+00  ,1.263895879012e+01  
  1.632058726871e-03  ,4.792697768760e+00  ,3.599103990929e+00  ,1.264277534141e+01  
  1.632067645216e-03  ,4.356526605424e+00  ,1.398265067833e+01  ,1.264457765794e+01  
  1.632076016689e-03  ,4.341981467073e+00  ,4.351388832506e+01  ,1.264463845573e+01  
  1.632082296038e-03  ,4.134677747218e+00  ,5.282550883521e+01  ,3.906969771283e-02  
  1.632085567588e-03  ,3.936780528136e+00  ,5.285486984417e+01  ,-2.060899775861e-01  
  1.632087137239e-03  ,3.843902320097e+00  ,5.283654423444e+01  ,-4.143801950020e-03  
  1.632090276541e-03  ,3.665274794851e+00  ,5.283971961934e+01  ,1.014099873744e-02  
  1.632096555145e-03  ,3.332122154578e+00  ,5.284950113102e+01  ,5.649081220373e-03  
  1.632109112354e-03  ,2.751375713132e+00  ,5.286829557741e+01  ,4.594041656506e-03  
  1.632134226771e-03  ,1.861687710332e+00  ,5.290580716291e+01  ,3.314052224586e-03  
  1.632175365897e-03  ,9.416186288903e-01  ,5.296710952205e+01  ,1.972320449254e-03  
  1.632221356841e-03  ,4.555483279741e-01  ,5.303543775980e+01  ,1.262241747526e-03  
  1.632269451829e-03  ,1.918505973436e-01  ,5.310668898874e+01  ,8.761864174259e-04  
  1.632324365588e-03  ,8.007984005872e-02  ,5.318780329088e+01  ,7.112537812611e-04  
  1.632413057299e-03  ,6.890651735035e-03  ,5.331831466473e+01  ,6.012803115108e-04  
  1.632507864447e-03  ,2.596463527093e-03  ,5.345715484271e+01  ,5.914905441946e-04  
  1.632697478743e-03  ,7.910840520082e-04  ,5.373278040276e+01  ,5.818051641013e-04  
  1.632919088813e-03  ,1.962756953904e-03  ,5.405143665006e+01  ,5.753568644458e-04  
  1.633362308951e-03  ,1.917930335745e-03  ,5.467743258606e+01  ,5.590330711107e-04  
  1.634248749228e-03  ,1.422074507767e-03  ,5.588382029708e+01  ,5.265676171496e-04  
  1.636021629782e-03  ,1.581724305003e-03  ,5.811149792938e+01  ,4.653099288546e-04  
  1.639567390891e-03  ,9.471878407977e-04  ,6.181284993137e+01  ,3.495529214791e-04  
  1.642000000020e-03  ,1.006309901710e-03  ,6.376511525533e+01  ,2.787203189171e-04  
  1.642001000018e-03  ,5.776500680289e-01  ,6.376595178119e+01  ,-1.012317264045e-03  
  1.642001884868e-03  ,1.095288907253e+00  ,6.376669550929e+01  ,-2.188103693549e-03  
  1.642003654567e-03  ,2.160331779699e+00  ,6.376817982723e+01  ,-4.505241571970e-03  
  1.642007193965e-03  ,4.412688872595e+00  ,6.377113160464e+01  ,-8.959648123879e-03  
  1.642010000020e-03  ,6.311350380559e+00  ,6.377345631340e+01  ,-1.232631038177e-02  
  1.642010707900e-03  ,6.403657161065e+00  ,6.377394756178e+01  ,-1.224675782024e-02  
  1.642012123696e-03  ,6.584394115926e+00  ,6.377491948386e+01  ,-1.198656924151e-02  
  1.642014955289e-03  ,6.936787150917e+00  ,6.377686346338e+01  ,-1.147333680120e-02  
  1.642020618476e-03  ,7.600940971241e+00  ,6.378075487225e+01  ,-1.050555942822e-02  
  1.642031944848e-03  ,8.774094701412e+00  ,6.378855014758e+01  ,-8.796526587856e-03  
  1.642043354667e-03  ,9.771569796761e+00  ,6.379641638035e+01  ,-7.343380956693e-03  
  1.642051392354e-03  ,9.973404034813e+00  ,4.110810050754e+01  ,9.860837424119e+00  
  1.642059064962e-03  ,1.000018876584e+01  ,1.074213270034e+01  ,9.861007465600e+00  
  1.642063385553e-03  ,1.018781084473e+01  ,3.401529966527e+00  ,9.861923991391e+00  
  1.642067483373e-03  ,1.046835072647e+01  ,2.662876481962e+00  ,9.863004305848e+00  
  1.642069803856e-03  ,1.062565946201e+01  ,2.745061458460e+00  ,9.863653232972e+00  
  1.642072731934e-03  ,1.081620457701e+01  ,2.800656790648e+00  ,9.864475868297e+00  
  1.642078588091e-03  ,1.117226699411e+01  ,2.810383733974e+00  ,9.866122934219e+00  
  1.642090300403e-03  ,1.179825213524e+01  ,2.805352514985e+00  ,9.869421630401e+00  
  1.642110080205e-03  ,1.263350524136e+01  ,2.803983384685e+00  ,9.874998565552e+00  
  1.642149639807e-03  ,1.372580167856e+01  ,2.808119547946e+00  ,9.886152020725e+00  
  1.642228759013e-03  ,1.476724690350e+01  ,2.813084040888e+00  ,9.908455490930e+00  
  1.642346204005e-03  ,1.516335808300e+01  ,2.822278923721e+00  ,9.941554087236e+00  
  1.642518771372e-03  ,1.497821913936e+01  ,2.836167514230e+00  ,9.990167655336e+00  
  1.642675245486e-03  ,1.497094255204e+01  ,2.848675739371e+00  ,1.003422698246e+01  
  1.642988193713e-03  ,1.501190764463e+01  ,2.873658055538e+00  ,1.012228697834e+01  
  1.643614090167e-03  ,1.499232791513e+01  ,2.923601000144e+00  ,1.029817260157e+01  
  1.644711387835e-03  ,1.499816745561e+01  ,3.010927444302e+00  ,1.060577529884e+01  
  1.646905983172e-03  ,1.500018750582e+01  ,3.184771326366e+00  ,1.121811659659e+01  
  1.651295173846e-03  ,1.499992905899e+01  ,3.529230575230e+00  ,1.243142053336e+01  
  1.652010000020e-03  ,1.500001335820e+01  ,3.584923575149e+00  ,1.262759082357e+01  
  1.652011000018e-03  ,1.442322998439e+01  ,3.584854052506e+00  ,1.262786496563e+01  
  1.652013000126e-03  ,1.321550432540e+01  ,3.584622831528e+00  ,1.262841321065e+01  
  1.652017000343e-03  ,1.067413246737e+01  ,3.584178818892e+00  ,1.262950999957e+01  
  1.652020000020e-03  ,8.649180726818e+00  ,3.583906196495e+00  ,1.263033238922e+01  
  1.652020800063e-03  ,8.545483911758e+00  ,3.583960689803e+00  ,1.263055168807e+01  
  1.652022400076e-03  ,8.340587153456e+00  ,3.584156480805e+00  ,1.263099038551e+01  
  1.652025600100e-03  ,7.945359293804e+00  ,3.584682340709e+00  ,1.263186775002e+01  
  1.652032000149e-03  ,7.209790164357e+00  ,3.585776702871e+00  ,1.263362224798e+01  
  1.652044800246e-03  ,5.933923891132e+00  ,3.588730096128e+00  ,1.263713110458e+01  
  1.652058726871e-03  ,4.792935013138e+00  ,3.598577513859e+00  ,1.264094772888e+01  
  1.652067645216e-03  ,4.356531774268e+00  ,1.397012493845e+01  ,1.264275109192e+01  
  1.652076016689e-03  ,4.341960473364e+00  ,4.349941409201e+01  ,1.264281277099e+01  
  1.652082297528e-03  ,4.134780863531e+00  ,5.282398637393e+01  ,3.982441059749e-02  
  1.652085569078e-03  ,3.936881396015e+00  ,5.285344422449e+01  ,-2.062927057349e-01  
  1.652087138357e-03  ,3.844022160524e+00  ,5.283509827109e+01  ,-4.158136291652e-03  
  1.652090276914e-03  ,3.665430468580e+00  ,5.283826954750e+01  ,1.014587788937e-02  
  1.652096554028e-03  ,3.332339280191e+00  ,5.284804718745e+01  ,5.649561188866e-03  
  1.652109108256e-03  ,2.751681574438e+00  ,5.286683298543e+01  ,4.594341592164e-03  
  1.652134216713e-03  ,1.862076512980e+00  ,5.290432721923e+01  ,3.314496139249e-03  
  1.652175367759e-03  ,9.416189198225e-01  ,5.296563348032e+01  ,1.972199010053e-03  
  1.652221358703e-03  ,4.555482590775e-01  ,5.303394620350e+01  ,1.262120028349e-03  
  1.652269453691e-03  ,1.918503335167e-01  ,5.310518123066e+01  ,8.760647855521e-04  
  1.652324361490e-03  ,8.008805940647e-02  ,5.318626827317e+01  ,7.111451051471e-04  
  1.652413053201e-03  ,6.892799623818e-03  ,5.331674992099e+01  ,6.011634101884e-04  
  1.652507848429e-03  ,2.596793846940e-03  ,5.345554100077e+01  ,5.913720748386e-04  
  1.652697438883e-03  ,7.903465347043e-04  ,5.373106915796e+01  ,5.816873237500e-04  
  1.652919048952e-03  ,1.962450800196e-03  ,5.404965273504e+01  ,5.752411089866e-04  
  1.653362269090e-03  ,1.917628354962e-03  ,5.467550488234e+01  ,5.589202354141e-04  
  1.654248709368e-03  ,1.421635413231e-03  ,5.588161134392e+01  ,5.264601000742e-04  
  1.656021589922e-03  ,1.581427063592e-03  ,5.810875283834e+01  ,4.652129220811e-04  
  1.659567351030e-03  ,9.468373392689e-04  ,6.180914493872e+01  ,3.494737719003e-04  
  1.662000000020e-03  ,1.006089851705e-03  ,6.376087072688e+01  ,2.786500220197e-04  
  1.662001000018e-03  ,5.776498473188e-01  ,6.376170703228e+01  ,-1.012385452803e-03  
  1.662001884868e-03  ,1.095288685968e+00  ,6.376245056548e+01  ,-2.188171660225e-03  
  1.662003654567e-03  ,2.160331557285e+00  ,6.376393449371e+01  ,-4.505309623969e-03  
  1.662007193965e-03  ,4.412688648011e+00  ,6.376688549173e+01  ,-8.959716267201e-03  
  1.662010000020e-03  ,6.311350154186e+00  ,6.376920958263e+01  ,-1.232637858134e-02  
  1.662010707900e-03  ,6.403656934287e+00  ,6.376970067498e+01  ,-1.224682782346e-02  
  1.662012123696e-03  ,6.584393888348e+00  ,6.377067228462e+01  ,-1.198663943511e-02  
  1.662014955289e-03  ,6.936786921780e+00  ,6.377261563925e+01  ,-1.147340699444e-02  
  1.662020618476e-03  ,7.600940739171e+00  ,6.377650579868e+01  ,-1.050562956005e-02  
  1.662031944848e-03  ,8.774094464184e+00  ,6.378429857651e+01  ,-8.796596660245e-03  
  1.662043354667e-03  ,9.771569555178e+00  ,6.379216229527e+01  ,-7.343450953150e-03  
  1.662051392354e-03  ,9.973397415448e+00  ,4.110329560472e+01  ,9.859305838021e+00  
  1.662059064962e-03  ,1.000018560053e+01  ,1.073753343966e+01  ,9.859476195483e+00  
  1.662063384808e-03  ,1.018782669321e+01  ,3.400916007456e+00  ,9.860392612019e+00  
  1.662067481883e-03  ,1.046831760684e+01  ,2.662487100555e+00  ,9.861472822894e+00  
  1.662069802366e-03  ,1.062562714322e+01  ,2.744633576841e+00  ,9.862121759803e+00  
  1.662072730444e-03  ,1.081617358182e+01  ,2.800218827089e+00  ,9.862944408520e+00  
  1.662078586600e-03  ,1.117223867074e+01  ,2.809947435303e+00  ,9.864591500802e+00  
  1.662090298913e-03  ,1.179665002303e+01  ,2.799384613343e+00  ,9.867893594634e+00  
  1.662102498494e-03  ,1.234211751768e+01  ,2.803619502724e+00  ,9.871333483417e+00  
  1.662126897655e-03  ,1.317216960869e+01  ,2.805845420819e+00  ,9.878212915322e+00  
  1.662175695978e-03  ,1.415963363299e+01  ,2.808216901984e+00  ,9.891970589280e+00  
  1.662273292623e-03  ,1.497334399032e+01  ,2.816085629437e+00  ,9.919480689298e+00  
  1.662401514135e-03  ,1.499968187856e+01  ,2.826356155404e+00  ,9.955611946480e+00  
  1.662625818334e-03  ,1.500015229623e+01  ,2.844267350160e+00  ,1.001878652305e+01  
  1.662864761434e-03  ,1.500013431084e+01  ,2.863372574922e+00  ,1.008603987023e+01  
  1.663342647634e-03  ,1.500024213652e+01  ,2.901520500738e+00  ,1.022040980028e+01  
  1.664298420034e-03  ,1.500030286219e+01  ,2.977661189673e+00  ,1.048860361248e+01  
  1.666209964834e-03  ,1.500041653813e+01  ,3.129324346039e+00  ,1.102281361844e+01  
  1.670033054433e-03  ,1.499971670569e+01  ,3.430195167911e+00  ,1.208258324063e+01  
  1.672010000020e-03  ,1.500000637992e+01  ,3.584501545326e+00  ,1.262610420437e+01  
  1.672011000018e-03  ,1.442269672523e+01  ,3.584432185921e+00  ,1.262637835145e+01  
  1.672013000126e-03  ,1.321498676800e+01  ,3.584201026185e+00  ,1.262692660035e+01  
  1.672017000343e-03  ,1.067364520935e+01  ,3.583757029606e+00  ,1.262802340990e+01  
  1.672020000020e-03  ,8.648715144948e+00  ,3.583484399675e+00  ,1.262884581220e+01  
  1.672020800063e-03  ,8.545023911899e+00  ,3.583538892802e+00  ,1.262906511442e+01  
  1.672022400076e-03  ,8.340138183266e+00  ,3.583734683390e+00  ,1.262950381862e+01  
  1.672025600100e-03  ,7.944931599053e+00  ,3.584260549652e+00  ,1.263038119664e+01  
  1.672032000149e-03  ,7.209402066235e+00  ,3.585354941639e+00  ,1.263213572157e+01  
  1.672044800246e-03  ,5.933604478275e+00  ,3.588308574086e+00  ,1.263564463215e+01  
  1.672058726871e-03  ,4.792677098597e+00  ,3.598160432205e+00  ,1.263946131474e+01  
  1.672067645216e-03  ,4.356504639112e+00  ,1.398145743222e+01  ,1.264126380794e+01  
  1.672076016689e-03  ,4.341961966542e+00  ,4.351269702892e+01  ,1.264132465549e+01  
  1.672082295293e-03  ,4.134639076090e+00  ,5.282085854179e+01  ,3.888863838616e-02  
  1.672085566470e-03  ,3.936764954239e+00  ,5.285019464821e+01  ,-2.060472477382e-01  
  1.672087135935e-03  ,3.843897996842e+00  ,5.283187202785e+01  ,-4.142591542919e-03  
  1.672090274865e-03  ,3.665291325229e+00  ,5.283504525034e+01  ,1.014054515806e-02  
  1.672096552724e-03  ,3.332174892334e+00  ,5.284482205187e+01  ,5.648974812613e-03  
  1.672109108442e-03  ,2.751482431996e+00  ,5.286360711910e+01  ,4.594002310575e-03  
  1.672134219879e-03  ,1.861850662481e+00  ,5.290109995021e+01  ,3.314096422180e-03  
  1.672175370926e-03  ,9.414982221321e-01  ,5.296239663039e+01  ,1.971951873796e-03  
  1.672221361870e-03  ,4.554898404919e-01  ,5.303069867501e+01  ,1.261963928085e-03  
  1.672269456858e-03  ,1.918257019814e-01  ,5.310192256507e+01  ,8.759581312599e-04  
  1.672324364657e-03  ,8.007774780271e-02  ,5.318299692812e+01  ,7.110596078166e-04  
  1.672413056368e-03  ,6.891866527732e-03  ,5.331345816993e+01  ,6.010920255542e-04  
  1.672507863516e-03  ,2.596096696442e-03  ,5.345224494814e+01  ,5.913010865454e-04  
  1.672697477812e-03  ,7.900612401136e-04  ,5.372776429534e+01  ,5.816170097082e-04  
  1.672919087881e-03  ,1.962180560556e-03  ,5.404629740291e+01  ,5.751719426884e-04  
  1.673362308020e-03  ,1.917364227160e-03  ,5.467205031533e+01  ,5.588532855762e-04  
  1.674248748297e-03  ,1.421379569883e-03  ,5.587796518072e+01  ,5.263973860280e-04  
  1.676021628851e-03  ,1.581199881852e-03  ,5.810475143929e+01  ,4.651581802606e-04  
  1.679567389959e-03  ,9.466591772055e-04  ,6.180454737794e+01  ,3.494330796922e-04  
  1.682000000020e-03  ,1.005953718449e-03  ,6.375592605467e+01  ,2.786185275360e-04  
  1.682001000018e-03  ,5.776497111921e-01  ,6.375676224699e+01  ,-1.012414671467e-03  
  1.682001884774e-03  ,1.095233426774e+00  ,6.375750560215e+01  ,-2.188077619847e-03  
  1.682003654287e-03  ,2.160159704003e+00  ,6.375898917517e+01  ,-4.504978310137e-03  
  1.682007193313e-03  ,4.412258487484e+00  ,6.376193946629e+01  ,-8.958947195668e-03  
  1.682010000020e-03  ,6.311349435745e+00  ,6.376426378220e+01  ,-1.232640876495e-02  
  1.682010707825e-03  ,6.403646609778e+00  ,6.376475474354e+01  ,-1.224687370200e-02  
  1.682012123435e-03  ,6.586279993890e+00  ,6.376572620018e+01  ,-1.198688433288e-02  
  1.682014954656e-03  ,6.940078018709e+00  ,6.376766856381e+01  ,-1.146864672809e-02  
  1.682020617097e-03  ,7.603877025445e+00  ,6.377155760094e+01  ,-1.050145238208e-02  
  1.682031941980e-03  ,8.776422512499e+00  ,6.377934812586e+01  ,-8.793211228155e-03  
  1.682043350309e-03  ,9.773403284913e+00  ,6.378720958672e+01  ,-7.340809605992e-03  
  1.682051387995e-03  ,9.973466897565e+00  ,4.100643152344e+01  ,9.858241434199e+00  
  1.682059062093e-03  ,1.000029624185e+01  ,1.063736371597e+01  ,9.858415928781e+00  
  1.682063370019e-03  ,1.018877569805e+01  ,3.394742889645e+00  ,9.859332279788e+00  
  1.682067448467e-03  ,1.046802472484e+01  ,2.663535194864e+00  ,9.860409985416e+00  
  1.682069770068e-03  ,1.062540955417e+01  ,2.744707748126e+00  ,9.861059216010e+00  
  1.682072704851e-03  ,1.081638781041e+01  ,2.799927205562e+00  ,9.861883739747e+00  
  1.682078574419e-03  ,1.117321578898e+01  ,2.809594486277e+00  ,9.863534634944e+00  
  1.682090313554e-03  ,1.180036966901e+01  ,2.804606621406e+00  ,9.866840986632e+00  
  1.682110203624e-03  ,1.263911405401e+01  ,2.803261875685e+00  ,9.872449158693e+00  
  1.682149983763e-03  ,1.373348854356e+01  ,2.807401900089e+00  ,9.883665077929e+00  
  1.682229544043e-03  ,1.477321195322e+01  ,2.812410382508e+00  ,9.906093436540e+00  
  1.682346989035e-03  ,1.516376024969e+01  ,2.821608449693e+00  ,9.939192822350e+00  
  1.682520319342e-03  ,1.497781084402e+01  ,2.835558601375e+00  ,9.988022425200e+00  
  1.682676984191e-03  ,1.497081694484e+01  ,2.848082272744e+00  ,1.003213640052e+01  
  1.682990313887e-03  ,1.501197363668e+01  ,2.873095495806e+00  ,1.012030554870e+01  
  1.683616973281e-03  ,1.499228071979e+01  ,2.923100302081e+00  ,1.029640889951e+01  
  1.684717322707e-03  ,1.499815844598e+01  ,3.010670789097e+00  ,1.060487125700e+01  
  1.686918021559e-03  ,1.500018817901e+01  ,3.184998252833e+00  ,1.121891591036e+01  
  1.691319419265e-03  ,1.499992840137e+01  ,3.530406730932e+00  ,1.243556335905e+01  
  1.692010000020e-03  ,1.500001302777e+01  ,3.584210274779e+00  ,1.262507833344e+01  
  1.692011000018e-03  ,1.442323080118e+01  ,3.584140758223e+00  ,1.262535248261e+01  
  1.692013000126e-03  ,1.321550511815e+01  ,3.583909541354e+00  ,1.262590074199e+01  
  1.692017000343e-03  ,1.067413321354e+01  ,3.583465523321e+00  ,1.262699755937e+01  
  1.692020000020e-03  ,8.649181439476e+00  ,3.583192885541e+00  ,1.262781997042e+01  
  1.692020800063e-03  ,8.545484615717e+00  ,3.583247369219e+00  ,1.262803927498e+01  
  1.692022400076e-03  ,8.340587840230e+00  ,3.583443142120e+00  ,1.262847798383e+01  
  1.692025600100e-03  ,7.945359947483e+00  ,3.583968973543e+00  ,1.262935537116e+01  
  1.692032000149e-03  ,7.209790756123e+00  ,3.585063261719e+00  ,1.263110991478e+01  
  1.692044800246e-03  ,5.933924372674e+00  ,3.588016336333e+00  ,1.263461886273e+01  
  1.692058726871e-03  ,4.792935371291e+00  ,3.597861871492e+00  ,1.263843558659e+01  
  1.692067645216e-03  ,4.356516236838e+00  ,1.396845545892e+01  ,1.264023914375e+01  
  1.692076016689e-03  ,4.341945028166e+00  ,4.349762022375e+01  ,1.264030089927e+01  
  1.692082296783e-03  ,4.134707955539e+00  ,5.281643201614e+01  ,3.944259121980e-02  
  1.692085568333e-03  ,3.936810632023e+00  ,5.284584297219e+01  ,-2.062242979654e-01  
  1.692087137798e-03  ,3.843942316959e+00  ,5.282750315403e+01  ,-4.153187843685e-03  
  1.692090276727e-03  ,3.665333597866e+00  ,5.283067457827e+01  ,1.014409635736e-02  
  1.692096554587e-03  ,3.332213357535e+00  ,5.284045100614e+01  ,5.649194163833e-03  
  1.692109110305e-03  ,2.753109723227e+00  ,5.285928330913e+01  ,4.426526475290e-03  
  1.692134221742e-03  ,1.864209246007e+00  ,5.289678112299e+01  ,3.316606228774e-03  
  1.692175867507e-03  ,9.348886898603e-01  ,5.295882472044e+01  ,1.962467012008e-03  
  1.692222126672e-03  ,3.971895316306e-01  ,5.302752381740e+01  ,1.176975959128e-03  
  1.692268445441e-03  ,1.916086770437e-01  ,5.309610612175e+01  ,8.756610842740e-04  
  1.692330648849e-03  ,5.755934901146e-02  ,5.318793413647e+01  ,6.779875372874e-04  
  1.692396762321e-03  ,2.029438107699e-02  ,5.328519925987e+01  ,6.212153972752e-04  
  1.692528989265e-03  ,1.730533083620e-03  ,5.347872644061e+01  ,5.892278531311e-04  
  1.692669131705e-03  ,-1.046473930896e-03  ,5.368238393971e+01  ,5.799752814160e-04  
  1.692949416587e-03  ,3.092760463140e-04  ,5.408519785935e+01  ,5.715963251031e-04  
  1.693396069953e-03  ,1.566802324382e-03  ,5.471464580146e+01  ,5.570950394510e-04  
  1.694289376685e-03  ,1.675018478050e-03  ,5.592723280389e+01  ,5.253256589000e-04  
  1.696075990150e-03  ,1.353938719068e-03  ,5.816441457577e+01  ,4.629797418870e-04  
  1.699649217078e-03  ,1.144762552653e-03  ,6.187309856219e+01  ,3.472006554554e-04  
  1.702000000020e-03  ,8.840431687223e-04  ,6.375121564220e+01  ,2.761364815761e-04  
  1.702001000018e-03  ,5.775296309029e-01  ,6.375205213637e+01  ,-1.012401526390e-03  
  1.702001884774e-03  ,1.095114952192e+00  ,6.375279598267e+01  ,-2.188040753939e-03  
  1.702003654287e-03  ,2.160044381912e+00  ,6.375428054290e+01  ,-4.504941974551e-03  
  1.702007193313e-03  ,4.412149227879e+00  ,6.375723280761e+01  ,-8.958902990109e-03  
  1.702010000020e-03  ,6.311244759949e+00  ,6.375955868849e+01  ,-1.232635790508e-02  
  1.702010707825e-03  ,6.403543052938e+00  ,6.376005004528e+01  ,-1.224682287355e-02  
  1.702012123435e-03  ,6.586178651190e+00  ,6.376102229266e+01  ,-1.198683033932e-02  
  1.702014954656e-03  ,6.939980965242e+00  ,6.376296623733e+01  ,-1.146858647954e-02  
  1.702020617097e-03  ,7.603788019478e+00  ,6.376685843683e+01  ,-1.050138048366e-02  
  1.702031941980e-03  ,8.776347721764e+00  ,6.377465528636e+01  ,-8.793118622144e-03  
  1.702043350309e-03  ,9.773340580961e+00  ,6.378252311805e+01  ,-7.340699377489e-03  
  1.702051387995e-03  ,9.973479122386e+00  ,4.100602886765e+01  ,9.860517163117e+00  
  1.702059062093e-03  ,1.000031225043e+01  ,1.063730592802e+01  ,9.860691856652e+00  
  1.702063370764e-03  ,1.018885387678e+01  ,3.395174448621e+00  ,9.861608156837e+00  
  1.702067449212e-03  ,1.046810086472e+01  ,2.664217436780e+00  ,9.862685940104e+00  
  1.702069770813e-03  ,1.062548294406e+01  ,2.745377020107e+00  ,9.863335154173e+00  
  1.702072705969e-03  ,1.081648148326e+01  ,2.800579913754e+00  ,9.864159760935e+00  
  1.702078576281e-03  ,1.117334479571e+01  ,2.810238876592e+00  ,9.865810827417e+00  
  1.702090316906e-03  ,1.179896243950e+01  ,2.799769542940e+00  ,9.869120866325e+00  
  1.702102589503e-03  ,1.234704191914e+01  ,2.803974648886e+00  ,9.872581298961e+00  
  1.702127134695e-03  ,1.317973660838e+01  ,2.806200616999e+00  ,9.879501817339e+00  
  1.702176225081e-03  ,1.416740177735e+01  ,2.808607153986e+00  ,9.893341649728e+00  
  1.702274405852e-03  ,1.497760642072e+01  ,2.816519841108e+00  ,9.921015998064e+00  
  1.702402722731e-03  ,1.499974985372e+01  ,2.826799273930e+00  ,9.957173565733e+00  
  1.702628290549e-03  ,1.500013545354e+01  ,2.844811623107e+00  ,1.002070292328e+01  
  1.702867853537e-03  ,1.500011996951e+01  ,2.863965799501e+00  ,1.008812938271e+01  
  1.703346979513e-03  ,1.500020783978e+01  ,2.902211825197e+00  ,1.022284483050e+01  
  1.704305231467e-03  ,1.500025720468e+01  ,2.978547904980e+00  ,1.049172685600e+01  
  1.706221735373e-03  ,1.500034971012e+01  ,3.130598648553e+00  ,1.102730205102e+01  
  1.710054743185e-03  ,1.500036930064e+01  ,3.432231663456e+00  ,1.208975757406e+01  
  1.712010000020e-03  ,1.499974991211e+01  ,3.584837222744e+00  ,1.262728633355e+01  
  1.712011000018e-03  ,1.442073317109e+01  ,3.584768460217e+00  ,1.262756047775e+01  
  1.712013000126e-03  ,1.321308103053e+01  ,3.584537520245e+00  ,1.262810871712e+01  
  1.712017000343e-03  ,1.067185104007e+01  ,3.584093603495e+00  ,1.262920551552e+01  
  1.712020000020e-03  ,8.647000791794e+00  ,3.583820979398e+00  ,1.263002790772e+01  
  1.712020800063e-03  ,8.543330113106e+00  ,3.583875498862e+00  ,1.263024720719e+01  
  1.712022400076e-03  ,8.338484998437e+00  ,3.584071337011e+00  ,1.263068590606e+01  
  1.712025600100e-03  ,7.943356755473e+00  ,3.584597301797e+00  ,1.263156327337e+01  
  1.712032000149e-03  ,7.207973027763e+00  ,3.585691999790e+00  ,1.263331777668e+01  
  1.712044800246e-03  ,5.932428364351e+00  ,3.588647357226e+00  ,1.263682664399e+01  
  1.712058725381e-03  ,4.791838458382e+00  ,3.598517706440e+00  ,1.264064286934e+01  
  1.712067643726e-03  ,4.356453586480e+00  ,1.402220618366e+01  ,1.264244208764e+01  
  1.712076013708e-03  ,4.342004585811e+00  ,4.355471302213e+01  ,1.264250020751e+01  
  1.712082286352e-03  ,4.134230080686e+00  ,5.281443861264e+01  ,3.602799085892e-02  
  1.712085557157e-03  ,3.936387264274e+00  ,5.284340867226e+01  ,-2.053177212435e-01  
  1.712087127926e-03  ,3.843454494861e+00  ,5.282515783489e+01  ,-4.091877502563e-03  
  1.712090269463e-03  ,3.664723480678e+00  ,5.282834301246e+01  ,1.012307759968e-02  
  1.712096552538e-03  ,3.331394003221e+00  ,5.283812831534e+01  ,5.647029735276e-03  
  1.712109118687e-03  ,2.751993807710e+00  ,5.285698215702e+01  ,4.426259331573e-03  
  1.712134250985e-03  ,1.871452647235e+00  ,5.289450336347e+01  ,3.514142520482e-03  
  1.712173518525e-03  ,9.861272136658e-01  ,5.295304684235e+01  ,2.037963123713e-03  
  1.712218126642e-03  ,4.423508953729e-01  ,5.301932998382e+01  ,1.243027266465e-03  
  1.712263628827e-03  ,1.762347977774e-01  ,5.308674903566e+01  ,8.536387450848e-04  
  1.712332758294e-03  ,5.622320363201e-02  ,5.318883902266e+01  ,6.761654406300e-04  
  1.712413844453e-03  ,4.604079109142e-03  ,5.330811316350e+01  ,5.979092381604e-04  
  1.712510165559e-03  ,-7.865579866824e-03  ,5.344914202184e+01  ,5.761456029116e-04  
  1.712702807771e-03  ,-5.375527154350e-03  ,5.372907702538e+01  ,5.726137147603e-04  
  1.712993535386e-03  ,4.389721553513e-03  ,5.414617729647e+01  ,5.761456562125e-04  
  1.713574990617e-03  ,-2.563582951559e-05  ,5.496089086296e+01  ,5.485116204455e-04  
  1.714478692399e-03  ,1.129839935450e-03  ,5.617500238811e+01  ,5.178388510155e-04  
  1.715734681474e-03  ,1.471801384671e-03  ,5.775584727506e+01  ,4.748080835597e-04  
  1.718246659623e-03  ,1.202932276569e-03  ,6.054060440402e+01  ,3.921579661239e-04  
  1.722000000020e-03  ,8.926937895225e-04  ,6.375335563321e+01  ,2.766604560004e-04  
  1.722001000018e-03  ,5.775381066511e-01  ,6.375419223929e+01  ,-1.013309705345e-03  
  1.722001884868e-03  ,1.095178435158e+00  ,6.375493600479e+01  ,-2.187825850001e-03  
  1.722003654567e-03  ,2.160224237595e+00  ,6.375642068860e+01  ,-4.505259301595e-03  
  1.722007193965e-03  ,4.412586963956e+00  ,6.375937314175e+01  ,-8.959710099095e-03  
  1.722010000020e-03  ,6.311252729736e+00  ,6.376169838524e+01  ,-1.232636310642e-02  
  1.722010707900e-03  ,6.403560549991e+00  ,6.376218976809e+01  ,-1.224681173881e-02  
  1.722012123696e-03  ,6.584299540654e+00  ,6.376316195738e+01  ,-1.198662254996e-02  
  1.722014955289e-03  ,6.936696545052e+00  ,6.376510647644e+01  ,-1.147338416525e-02  
  1.722020618476e-03  ,7.600857846457e+00  ,6.376899896100e+01  ,-1.050559506496e-02  
  1.722031944848e-03  ,8.774024791154e+00  ,6.377679639010e+01  ,-8.796542889968e-03  
  1.722043354667e-03  ,9.771511122196e+00  ,6.378466479523e+01  ,-7.343381396566e-03  
  1.722051392354e-03  ,9.973405382270e+00  ,4.109949152379e+01  ,9.860559021313e+00  
  1.722059064962e-03  ,1.000019969904e+01  ,1.073421461496e+01  ,9.860729800250e+00  
  1.722063384808e-03  ,1.018790172726e+01  ,3.400964343064e+00  ,9.861646071127e+00  
  1.722067481138e-03  ,1.046834163690e+01  ,2.662913835152e+00  ,9.862726204109e+00  
  1.722069801993e-03  ,1.062567458537e+01  ,2.745014786783e+00  ,9.863375233610e+00  
  1.722072730444e-03  ,1.081624238777e+01  ,2.800576245792e+00  ,9.864197974578e+00  
  1.722078587346e-03  ,1.117234500518e+01  ,2.810300089244e+00  ,9.865845255801e+00  
  1.722090301148e-03  ,1.179681203772e+01  ,2.799743180754e+00  ,9.869147728226e+00  
  1.722102506689e-03  ,1.234249732993e+01  ,2.803976161775e+00  ,9.872589254093e+00  
  1.722126917772e-03  ,1.317277294779e+01  ,2.806202141661e+00  ,9.879471960047e+00  
  1.722175739936e-03  ,1.416026301692e+01  ,2.808576238764e+00  ,9.893236180949e+00  
  1.722273384265e-03  ,1.497369440594e+01  ,2.816448511522e+00  ,9.920759369387e+00  
  1.722401605777e-03  ,1.499968678025e+01  ,2.826719025939e+00  ,9.956890161283e+00  
  1.722626029186e-03  ,1.500015111454e+01  ,2.844639550952e+00  ,1.002009748798e+01  
  1.722865019969e-03  ,1.500013327573e+01  ,2.863748317535e+00  ,1.008736336253e+01  
  1.723343001537e-03  ,1.500023964893e+01  ,2.901903341930e+00  ,1.022175829464e+01  
  1.724298964672e-03  ,1.500029954398e+01  ,2.978058167773e+00  ,1.049000190053e+01  
  1.726210890941e-03  ,1.500041167751e+01  ,3.129749359925e+00  ,1.102431065602e+01  
  1.730034743480e-03  ,1.499972123587e+01  ,3.430675306156e+00  ,1.208427446101e+01  
  1.732010000020e-03  ,1.500000662087e+01  ,3.584847533114e+00  ,1.262732289363e+01  
  1.732011000018e-03  ,1.442270635545e+01  ,3.584778167625e+00  ,1.262759703725e+01  
  1.732013000126e-03  ,1.321499611466e+01  ,3.584547004738e+00  ,1.262814527922e+01  
  1.732017000343e-03  ,1.067365400891e+01  ,3.584103010382e+00  ,1.262924207494e+01  
  1.732020000020e-03  ,8.648723553199e+00  ,3.583830387912e+00  ,1.263006446686e+01  
  1.732020800063e-03  ,8.545032219415e+00  ,3.583884885602e+00  ,1.263028376631e+01  
  1.732022400076e-03  ,8.340146291732e+00  ,3.584080684773e+00  ,1.263072246497e+01  
  1.732025600100e-03  ,7.944939323542e+00  ,3.584606564417e+00  ,1.263159983192e+01  
  1.732032000149e-03  ,7.209409076241e+00  ,3.585700990916e+00  ,1.263335433471e+01  
  1.732044800246e-03  ,5.933610250261e+00  ,3.588654769931e+00  ,1.263686320098e+01  
  1.732058726871e-03  ,4.792681773818e+00  ,3.598507437451e+00  ,1.264067983529e+01  
  1.732067645216e-03  ,4.356512512764e+00  ,1.398203579268e+01  ,1.264248225008e+01  
  1.732076016689e-03  ,4.341969257011e+00  ,4.351329758479e+01  ,1.264254303882e+01  
  1.732082294548e-03  ,4.134579346217e+00  ,5.281479071600e+01  ,3.846064999225e-02  
  1.732085566098e-03  ,3.936684675078e+00  ,5.284407725587e+01  ,-2.059743038708e-01  
  1.732088129098e-03  ,3.786495505443e+00  ,5.282693380830e+01  ,-1.723580403026e-03  
  1.732090904811e-03  ,3.630494372420e+00  ,5.283005060384e+01  ,7.840473315351e-03  
  1.732096456239e-03  ,3.337209466419e+00  ,5.283851920130e+01  ,5.600490913739e-03  
  1.732107559094e-03  ,2.819135570966e+00  ,5.285517233939e+01  ,4.578636065192e-03  
  1.732129764805e-03  ,2.000721816733e+00  ,5.288835475057e+01  ,3.516201037556e-03  
  1.732174176225e-03  ,9.590808920247e-01  ,5.295455735756e+01  ,1.997953025935e-03  
  1.732220059881e-03  ,4.087020253831e-01  ,5.302273005273e+01  ,1.194029171471e-03  
  1.732266450176e-03  ,1.521355709511e-01  ,5.309145469683e+01  ,8.184117942780e-04  
  1.732335257778e-03  ,4.901792199357e-02  ,5.319305330778e+01  ,6.655689090655e-04  
  1.732416749248e-03  ,1.292041905679e-02  ,5.331290491304e+01  ,6.099177435795e-04  
  1.732513523349e-03  ,-2.539439132537e-04  ,5.345457401418e+01  ,5.871090536276e-04  
  1.732707071552e-03  ,-2.802262678300e-03  ,5.373576977421e+01  ,5.762022670387e-04  
  1.733094167957e-03  ,2.530135984036e-04  ,5.428956485012e+01  ,5.663756197678e-04  
  1.733788538227e-03  ,2.629375695755e-03  ,5.525406104377e+01  ,5.447323661972e-04  
  1.735177278766e-03  ,6.932228268717e-04  ,5.707028006675e+01  ,4.928939999420e-04  
  1.737954759845e-03  ,1.987244518709e-03  ,6.024343560006e+01  ,4.020921631246e-04  
  1.742000000020e-03  ,1.847672363760e-04  ,6.375418499715e+01  ,2.759170446215e-04  
  1.742001000018e-03  ,5.768407470918e-01  ,6.375502183825e+01  ,-1.014529017627e-03  
  1.742001885426e-03  ,1.094821099886e+00  ,6.375576619895e+01  ,-2.189403434787e-03  
  1.742003656243e-03  ,2.160584713079e+00  ,6.375725215243e+01  ,-4.508321274113e-03  
  1.742007197877e-03  ,4.414532423745e+00  ,6.376020710809e+01  ,-8.965363075608e-03  
  1.742010000020e-03  ,6.310647854865e+00  ,6.376252961913e+01  ,-1.232718165649e-02  
  1.742010708347e-03  ,6.403019780818e+00  ,6.376302144002e+01  ,-1.224753782438e-02  
  1.742012125075e-03  ,6.583886542532e+00  ,6.376399453070e+01  ,-1.198716119222e-02  
  1.742014958530e-03  ,6.936526841862e+00  ,6.376594085545e+01  ,-1.147356834828e-02  
  1.742020625442e-03  ,7.601121035466e+00  ,6.376983695473e+01  ,-1.050514792110e-02  
  1.742031959265e-03  ,8.774960055909e+00  ,6.377764162778e+01  ,-8.795117023974e-03  
  1.742043378025e-03  ,9.773023899272e+00  ,6.378551833825e+01  ,-7.341114260667e-03  
  1.742051423162e-03  ,9.973488913504e+00  ,4.099276440182e+01  ,9.861565175140e+00  
  1.742059104711e-03  ,1.000037736750e+01  ,1.059672750357e+01  ,9.861742619698e+00  
  1.742063414126e-03  ,1.018965117289e+01  ,3.392151056469e+00  ,9.862657971187e+00  
  1.742067489594e-03  ,1.046869092744e+01  ,2.665073673677e+00  ,9.863736531695e+00  
  1.742069814920e-03  ,1.062629653072e+01  ,2.745912885854e+00  ,9.864386735509e+00  
  1.742072756782e-03  ,1.081768332664e+01  ,2.800910353028e+00  ,9.865213193892e+00  
  1.742078640505e-03  ,1.117522468324e+01  ,2.810504368860e+00  ,9.866868015337e+00  
  1.742090407952e-03  ,1.180344520600e+01  ,2.805541624950e+00  ,9.870182233460e+00  
  1.742110384449e-03  ,1.264454564206e+01  ,2.804220205498e+00  ,9.875814585710e+00  
  1.742150337442e-03  ,1.374004340978e+01  ,2.808360385908e+00  ,9.887078857183e+00  
  1.742230243429e-03  ,1.477794065167e+01  ,2.813404560111e+00  ,9.909603889214e+00  
  1.742347724184e-03  ,1.516407709231e+01  ,2.822607507839e+00  ,9.942712183338e+00  
  1.742521674379e-03  ,1.497748048826e+01  ,2.836606924769e+00  ,9.991714636790e+00  
  1.742678529963e-03  ,1.497071383680e+01  ,2.849145323491e+00  ,1.003588066366e+01  
  1.742992241129e-03  ,1.501203054360e+01  ,2.874187988985e+00  ,1.012415377421e+01  
  1.743619663462e-03  ,1.499223941090e+01  ,2.924251709386e+00  ,1.030046448582e+01  
  1.744722492441e-03  ,1.499815088456e+01  ,3.012015612942e+00  ,1.060960817663e+01  
  1.746928150400e-03  ,1.500018881233e+01  ,3.186726289803e+00  ,1.122500265300e+01  
  1.751339466318e-03  ,1.499992777973e+01  ,3.532886768491e+00  ,1.244429890787e+01  
  1.752010000020e-03  ,1.500001272707e+01  ,3.585125193849e+00  ,1.262830099549e+01  
  1.752011000018e-03  ,1.442323138024e+01  ,3.585055669187e+00  ,1.262857513550e+01  
  1.752013000126e-03  ,1.321550568015e+01  ,3.584824446943e+00  ,1.262912337663e+01  
  1.752017000343e-03  ,1.067413374285e+01  ,3.584380435849e+00  ,1.263022015738e+01  
  1.752020000020e-03  ,8.649181945652e+00  ,3.584107817715e+00  ,1.263104254098e+01  
  1.752020800063e-03  ,8.545485116023e+00  ,3.584162313745e+00  ,1.263126183821e+01  
  1.752022400076e-03  ,8.340588328931e+00  ,3.584358109844e+00  ,1.263170053243e+01  
  1.752025600100e-03  ,7.945360413731e+00  ,3.584883977723e+00  ,1.263257789049e+01  
  1.752032000149e-03  ,7.209791180992e+00  ,3.585978360576e+00  ,1.263433237554e+01  
  1.752044800246e-03  ,5.933924729386e+00  ,3.588931842595e+00  ,1.263784120632e+01  
  1.752058726871e-03  ,4.792935698614e+00  ,3.598779775542e+00  ,1.264165780248e+01  
  1.752067645216e-03  ,4.356536220508e+00  ,1.397055926622e+01  ,1.264346111046e+01  
  1.752076016689e-03  ,4.341964806157e+00  ,4.349987738595e+01  ,1.264352272757e+01  
  1.752082296038e-03  ,4.134717036516e+00  ,5.281513343324e+01  ,3.930853603149e-02  
  1.752085567215e-03  ,3.936840753336e+00  ,5.284452718012e+01  ,-2.061754201092e-01  
  1.752087136494e-03  ,3.843982658570e+00  ,5.282619302435e+01  ,-4.151116982419e-03  
  1.752090275051e-03  ,3.665392791959e+00  ,5.282936625219e+01  ,1.014392141055e-02  
  1.752096552165e-03  ,3.332305019568e+00  ,5.283914576206e+01  ,5.649594229922e-03  
  1.752109106393e-03  ,2.751653323725e+00  ,5.285793570090e+01  ,4.594486816579e-03  
  1.752134214850e-03  ,1.862057504690e+00  ,5.289543824763e+01  ,3.314647575957e-03  
  1.752175371857e-03  ,9.415050802099e-01  ,5.295676701851e+01  ,1.972211529063e-03  
  1.752221362801e-03  ,4.554935014576e-01  ,5.302509498434e+01  ,1.262218391511e-03  
  1.752269457789e-03  ,1.918276284844e-01  ,5.309634598018e+01  ,8.762095866557e-04  
  1.752324359627e-03  ,8.008750407630e-02  ,5.317744249559e+01  ,7.113221332054e-04  
  1.752413051339e-03  ,6.895123409761e-03  ,5.330795375705e+01  ,6.013441819682e-04  
  1.752507846566e-03  ,2.597510002611e-03  ,5.344677658251e+01  ,5.915500516452e-04  
  1.752697437020e-03  ,7.903937278057e-04  ,5.372236851672e+01  ,5.818633993004e-04  
  1.752919023247e-03  ,1.962902544299e-03  ,5.404099303956e+01  ,5.754176229226e-04  
  1.753362195702e-03  ,1.918139673117e-03  ,5.466693101652e+01  ,5.590965139716e-04  
  1.754248540612e-03  ,1.422010671736e-03  ,5.587322473444e+01  ,5.266357205725e-04  
  1.756021230431e-03  ,1.581953021635e-03  ,5.810080150399e+01  ,4.653881579798e-04  
  1.759566610070e-03  ,9.473279198371e-04  ,6.180229147718e+01  ,3.496487879782e-04  
  1.762000000020e-03  ,1.006611234574e-03  ,6.375563900585e+01  ,2.787969136230e-04  
  1.762001000018e-03  ,5.776503679874e-01  ,6.375647570676e+01  ,-1.012236713917e-03  
  1.762001884774e-03  ,1.095234082949e+00  ,6.375721951179e+01  ,-2.187899266571e-03  
  1.762003654287e-03  ,2.160160358963e+00  ,6.375870398466e+01  ,-4.504800059803e-03  
  1.762007193313e-03  ,4.412259140106e+00  ,6.376165607548e+01  ,-8.958768975765e-03  
  1.762010000020e-03  ,6.311350086600e+00  ,6.376398181872e+01  ,-1.232623055524e-02  
  1.762010707825e-03  ,6.403647260212e+00  ,6.376447314058e+01  ,-1.224669531990e-02  
  1.762012123435e-03  ,6.586280643492e+00  ,6.376544531835e+01  ,-1.198670593573e-02  
  1.762014954656e-03  ,6.940078666700e+00  ,6.376738912421e+01  ,-1.146846834919e-02  
  1.762020617097e-03  ,7.603877670409e+00  ,6.377128104551e+01  ,-1.050127406592e-02  
  1.762031941980e-03  ,8.776423152095e+00  ,6.377907733762e+01  ,-8.793032967740e-03  
  1.762043350309e-03  ,9.773403919918e+00  ,6.378694460653e+01  ,-7.340631428891e-03  
  1.762051387995e-03  ,9.973480867545e+00  ,4.100725404926e+01  ,9.860731887622e+00  
  1.762059062093e-03  ,1.000031107172e+01  ,1.063832428911e+01  ,9.860906385243e+00  
  1.762063370019e-03  ,1.018878490624e+01  ,3.395433268481e+00  ,9.861822715201e+00  
  1.762067448467e-03  ,1.046803345539e+01  ,2.664236656547e+00  ,9.862900377838e+00  
  1.762069769695e-03  ,1.062539342373e+01  ,2.745420298598e+00  ,9.863549490927e+00  
  1.762072704479e-03  ,1.081637237153e+01  ,2.800639732794e+00  ,9.864373993220e+00  
  1.762078574046e-03  ,1.117320161084e+01  ,2.810302353753e+00  ,9.866024846848e+00  
  1.762090313181e-03  ,1.180035779839e+01  ,2.805313666760e+00  ,9.869331115508e+00  
  1.762110203251e-03  ,1.263910529741e+01  ,2.803969320777e+00  ,9.874939146907e+00  
  1.762149983391e-03  ,1.373348383851e+01  ,2.808108533553e+00  ,9.886154784873e+00  
  1.762229543671e-03  ,1.477321110856e+01  ,2.813117055569e+00  ,9.908582581141e+00  
  1.762346988663e-03  ,1.516376085511e+01  ,2.822314880472e+00  ,9.941681137112e+00  
  1.762520318970e-03  ,1.497781076022e+01  ,2.836264691035e+00  ,9.990509515799e+00  
  1.762676983818e-03  ,1.497081683508e+01  ,2.848788050085e+00  ,1.003462238516e+01  
  1.762990313515e-03  ,1.501197367945e+01  ,2.873800643515e+00  ,1.012278932293e+01  
  1.763616972908e-03  ,1.499228068959e+01  ,2.923804197282e+00  ,1.029888825873e+01  
  1.764717322334e-03  ,1.499815843756e+01  ,3.011372488422e+00  ,1.060734288304e+01  
  1.766918021187e-03  ,1.500018817812e+01  ,3.185695581442e+00  ,1.122137214217e+01  
  1.771319418892e-03  ,1.499992839954e+01  ,3.531095399847e+00  ,1.243798908922e+01  
  1.772010000020e-03  ,1.500001302636e+01  ,3.584897623800e+00  ,1.262749941456e+01  
  1.772011000018e-03  ,1.442323079925e+01  ,3.584828101232e+00  ,1.262777355686e+01  
  1.772013000126e-03  ,1.321550511627e+01  ,3.584596880352e+00  ,1.262832180248e+01  
  1.772017000343e-03  ,1.067413321193e+01  ,3.584152867525e+00  ,1.262941859238e+01  
  1.772020000020e-03  ,8.649181438248e+00  ,3.583880244530e+00  ,1.263024098280e+01  
  1.772020800063e-03  ,8.545484614653e+00  ,3.583934737487e+00  ,1.263046028186e+01  
  1.772022400076e-03  ,8.340587839485e+00  ,3.584130527821e+00  ,1.263089897971e+01  
  1.772025600100e-03  ,7.945359947304e+00  ,3.584656386653e+00  ,1.263177634505e+01  
  1.772032000149e-03  ,7.209790757304e+00  ,3.585750746016e+00  ,1.263353084467e+01  
  1.772044800246e-03  ,5.933924378934e+00  ,3.588704127050e+00  ,1.263703970460e+01  
  1.772058726871e-03  ,4.792935405878e+00  ,3.598551468121e+00  ,1.264085633252e+01  
  1.772067645216e-03  ,4.356531235391e+00  ,1.397004607671e+01  ,1.264265970190e+01  
  1.772076016689e-03  ,4.341959895638e+00  ,4.349932771393e+01  ,1.264272135587e+01  
  1.772082296783e-03  ,4.134694872230e+00  ,5.281627085006e+01  ,3.930117921508e-02  
  1.772085568333e-03  ,3.936797736278e+00  ,5.284566484973e+01  ,-2.061859298415e-01  
  1.772087137798e-03  ,3.843929799878e+00  ,5.282732952517e+01  ,-4.150638413331e-03  
  1.772090276727e-03  ,3.665321687338e+00  ,5.283050280578e+01  ,1.014355033191e-02  
  1.772096554587e-03  ,3.332202574195e+00  ,5.284028224568e+01  ,5.649332269529e-03  
  1.772109110305e-03  ,2.753100917537e+00  ,5.285912072488e+01  ,4.426741925912e-03  
  1.772134221742e-03  ,1.864203476218e+00  ,5.289663090603e+01  ,3.316789116120e-03  
  1.772175867507e-03  ,9.348860937450e-01  ,5.295869499420e+01  ,1.962653788884e-03  
  1.772222126672e-03  ,3.971887715118e-01  ,5.302741683172e+01  ,1.177165001362e-03  
  1.772268445441e-03  ,1.916086185376e-01  ,5.309602188468e+01  ,8.758506962232e-04  
  1.772330648849e-03  ,5.755974759442e-02  ,5.318788041532e+01  ,6.781772130043e-04  
  1.772396762321e-03  ,2.029490611755e-02  ,5.328517792977e+01  ,6.214046187255e-04  
  1.772528989265e-03  ,1.731119866200e-03  ,5.347876975811e+01  ,5.894158939067e-04  
  1.772669131705e-03  ,-1.045879445723e-03  ,5.368249557714e+01  ,5.801620002974e-04  
  1.772949416587e-03  ,3.098622810827e-04  ,5.408544551725e+01  ,5.717804016668e-04  
  1.773396069953e-03  ,1.567378348443e-03  ,5.471510847230e+01  ,5.572750092157e-04  
  1.774289376685e-03  ,1.675581773005e-03  ,5.592811884255e+01  ,5.254978555318e-04  
  1.776075990150e-03  ,1.354476406160e-03  ,5.816611880297e+01  ,4.631374534552e-04  
  1.779649217078e-03  ,1.145240623581e-03  ,6.187631181955e+01  ,3.473333663065e-04  
  1.782000000020e-03  ,8.844783760959e-04  ,6.375531955321e+01  ,2.762549474883e-04  
  1.782001000018e-03  ,5.775300660798e-01  ,6.375615640833e+01  ,-1.012283913948e-03  
  1.782001884868e-03  ,1.095170510581e+00  ,6.375690065217e+01  ,-2.188046466290e-03  
  1.782003654567e-03  ,2.160216534665e+00  ,6.375838600660e+01  ,-4.505184954144e-03  
  1.782007193965e-03  ,4.412579688385e+00  ,6.376133985621e+01  ,-8.959583742351e-03  
  1.782010000020e-03  ,6.311245777364e+00  ,6.376366620767e+01  ,-1.232623941780e-02  
  1.782010707900e-03  ,6.403553676529e+00  ,6.376415787136e+01  ,-1.224668888460e-02  
  1.782012123696e-03  ,6.584292821721e+00  ,6.376513062355e+01  ,-1.198649736275e-02  
  1.782014955289e-03  ,6.936690127317e+00  ,6.376707626285e+01  ,-1.147325872640e-02  
  1.782020618476e-03  ,7.600851996441e+00  ,6.377097099178e+01  ,-1.050546964710e-02  
  1.782031944848e-03  ,8.774019943933e+00  ,6.377877290808e+01  ,-8.796416054354e-03  
  1.782043354667e-03  ,9.771507127585e+00  ,6.378664583163e+01  ,-7.343252744175e-03  
  1.782051392354e-03  ,9.973416357255e+00  ,4.110258214788e+01  ,9.862723460598e+00  
  1.782059064962e-03  ,1.000020935621e+01  ,1.073727459370e+01  ,9.862894074221e+00  
  1.782063384808e-03  ,1.018786933996e+01  ,3.401739472165e+00  ,9.863810351555e+00  
  1.782067481883e-03  ,1.046835936985e+01  ,2.663463328478e+00  ,9.864890559721e+00  
  1.782069802738e-03  ,1.062569224430e+01  ,2.745619068998e+00  ,9.865539577223e+00  
  1.782072730817e-03  ,1.081623575877e+01  ,2.801193509708e+00  ,9.866362196004e+00  
  1.782078586973e-03  ,1.117229551639e+01  ,2.810917107023e+00  ,9.868009231466e+00  
  1.782090299286e-03  ,1.179827603162e+01  ,2.805887845338e+00  ,9.871307865716e+00  
  1.782110085048e-03  ,1.263374177038e+01  ,2.804519654575e+00  ,9.876886375438e+00  
  1.782149656571e-03  ,1.372618217722e+01  ,2.808655902840e+00  ,9.888042979356e+00  
  1.782228799619e-03  ,1.476756441459e+01  ,2.813622519567e+00  ,9.910352745038e+00  
  1.782346244611e-03  ,1.516338466248e+01  ,2.822817364291e+00  ,9.943450708936e+00  
  1.782518859662e-03  ,1.497819342547e+01  ,2.836709526731e+00  ,9.992076777396e+00  
  1.782675333775e-03  ,1.497093544167e+01  ,2.849217506308e+00  ,1.003613525661e+01  
  1.782988282002e-03  ,1.501191053785e+01  ,2.874199335441e+00  ,1.012419355780e+01  
  1.783614178456e-03  ,1.499232602706e+01  ,2.924141321817e+00  ,1.030007579607e+01  
  1.784711476125e-03  ,1.499816699359e+01  ,3.011466084437e+00  ,1.060767257374e+01  
  1.786906071461e-03  ,1.500018753718e+01  ,3.185306620516e+00  ,1.122000208720e+01  
  1.791295262135e-03  ,1.499992902742e+01  ,3.529759240237e+00  ,1.243328267436e+01  
  1.792010000020e-03  ,1.500001335320e+01  ,3.585444296660e+00  ,1.262942498494e+01  
  1.792011000018e-03  ,1.442322994895e+01  ,3.585374769473e+00  ,1.262969912178e+01  
  1.792013000126e-03  ,1.321550429099e+01  ,3.585143545463e+00  ,1.263024735638e+01  
  1.792017000343e-03  ,1.067413243510e+01  ,3.584699536772e+00  ,1.263134412449e+01  
  1.792020000020e-03  ,8.649180696217e+00  ,3.584426925576e+00  ,1.263216649851e+01  
  1.792020800063e-03  ,8.545483881637e+00  ,3.584481425914e+00  ,1.263238579320e+01  
  1.792022400076e-03  ,8.340587124279e+00  ,3.584677230122e+00  ,1.263282448231e+01  
  1.792025600100e-03  ,7.945359266411e+00  ,3.585203110791e+00  ,1.263370183016e+01  
  1.792032000149e-03  ,7.209790140519e+00  ,3.586297526889e+00  ,1.263545629478e+01  
  1.792044800246e-03  ,5.933923875519e+00  ,3.589251152314e+00  ,1.263896508470e+01  
  1.792058726871e-03  ,4.792935022906e+00  ,3.599099938578e+00  ,1.264278163631e+01  
  1.792067645216e-03  ,4.356543135029e+00  ,1.397133070060e+01  ,1.264458485482e+01  
  1.792076016689e-03  ,4.341971736366e+00  ,4.350070849645e+01  ,1.264464642639e+01  
  1.792082296038e-03  ,4.134727671197e+00  ,5.281607539852e+01  ,3.932907556910e-02  
  1.792085567215e-03  ,3.936850957423e+00  ,5.284547190615e+01  ,-2.061762392817e-01  
  1.792087136494e-03  ,3.843992627203e+00  ,5.282713801824e+01  ,-4.151087435817e-03  
  1.792090275051e-03  ,3.665402310210e+00  ,5.283031188914e+01  ,1.014399278178e-02  
  1.792096552165e-03  ,3.332313696165e+00  ,5.284009269259e+01  ,5.649680170235e-03  
  1.792109106393e-03  ,2.751660531862e+00  ,5.285888522748e+01  ,4.594572021227e-03  
  1.792134214850e-03  ,1.862062462029e+00  ,5.289639296792e+01  ,3.314729252131e-03  
  1.792175371857e-03  ,9.415077076894e-01  ,5.295773024639e+01  ,1.972289631555e-03  
  1.792221362801e-03  ,4.554948981860e-01  ,5.302606770836e+01  ,1.262294508949e-03  
  1.792269457789e-03  ,1.918283573499e-01  ,5.309732862052e+01  ,8.762845261661e-04  
  1.792324359627e-03  ,8.008794965255e-02  ,5.317843643783e+01  ,7.113964281700e-04  
  1.792413051339e-03  ,6.895383036628e-03  ,5.330896591673e+01  ,6.014178285305e-04  
  1.792507846566e-03  ,2.597758050009e-03  ,5.344780815808e+01  ,5.916232843835e-04  
  1.792697437020e-03  ,7.906357909662e-04  ,5.372343875160e+01  ,5.819358279314e-04  
  1.792919047089e-03  ,1.963191601974e-03  ,5.404214225030e+01  ,5.754883344255e-04  
  1.793362267228e-03  ,1.918369582945e-03  ,5.466823477504e+01  ,5.591636103478e-04  
  1.794248707505e-03  ,1.422223472540e-03  ,5.587482379376e+01  ,5.266960751168e-04  
  1.796021588059e-03  ,1.582141722931e-03  ,5.810293456245e+01  ,4.654359003056e-04  
  1.799567349167e-03  ,9.474349053807e-04  ,6.180525891204e+01  ,3.496744948838e-04  
  1.802000000020e-03  ,1.006774230136e-03  ,6.375829068245e+01  ,2.788401917969e-04  
  1.802001000018e-03  ,5.776505309717e-01  ,6.375912751743e+01  ,-1.012194944305e-03  
  1.802001884774e-03  ,1.095234245904e+00  ,6.375987144101e+01  ,-2.187858208819e-03  
  1.802003654287e-03  ,2.160160521857e+00  ,6.376135615079e+01  ,-4.504758814505e-03  
  1.802007193313e-03  ,4.412259302883e+00  ,6.376430871542e+01  ,-8.958727651901e-03  
  1.802010000020e-03  ,6.311350249289e+00  ,6.376663483440e+01  ,-1.232618919914e-02  
  1.802010707825e-03  ,6.403647422881e+00  ,6.376712625112e+01  ,-1.224665284029e-02  
  1.802012123435e-03  ,6.586280806126e+00  ,6.376809861883e+01  ,-1.198666322198e-02  
  1.802014954656e-03  ,6.940078829266e+00  ,6.377004280459e+01  ,-1.146842575317e-02  
  1.802020617097e-03  ,7.603877832843e+00  ,6.377393548545e+01  ,-1.050123150460e-02  
  1.802031941980e-03  ,8.776423314282e+00  ,6.378173329584e+01  ,-8.792990455436e-03  
  1.802043350309e-03  ,9.773404081877e+00  ,6.378960209304e+01  ,-7.340588966069e-03  
  1.802051387995e-03  ,9.973484898741e+00  ,4.101024671971e+01  ,9.861670455545e+00  
  1.802059062093e-03  ,1.000031292306e+01  ,1.064118628872e+01  ,9.861844756093e+00  
  1.802063370019e-03  ,1.018874287704e+01  ,3.395891771807e+00  ,9.862761115661e+00  
  1.802067449212e-03  ,1.046804179726e+01  ,2.664438599698e+00  ,9.863838862415e+00  
  1.802069770813e-03  ,1.062542663180e+01  ,2.745672278390e+00  ,9.864488073213e+00  
  1.802072705224e-03  ,1.081638062452e+01  ,2.800905146721e+00  ,9.865312463872e+00  
  1.802078574046e-03  ,1.117316578356e+01  ,2.810570815550e+00  ,9.866963092021e+00  
  1.802090311691e-03  ,1.179866676519e+01  ,2.800094135726e+00  ,9.870272251966e+00  
  1.802102578327e-03  ,1.234655136954e+01  ,2.804301242403e+00  ,9.873730963938e+00  
  1.802127111599e-03  ,1.317905899222e+01  ,2.806526986971e+00  ,9.880648041144e+00  
  1.802176178142e-03  ,1.416674208664e+01  ,2.808930601389e+00  ,9.894480992454e+00  
  1.802274311229e-03  ,1.497726037812e+01  ,2.816839534240e+00  ,9.922141584357e+00  
  1.802402628109e-03  ,1.499974514048e+01  ,2.827118730642e+00  ,9.958298741959e+00  
  1.802628076717e-03  ,1.500013661191e+01  ,2.845121314436e+00  ,1.002179381594e+01  
  1.802867592022e-03  ,1.500012096367e+01  ,2.864271486039e+00  ,1.008920611754e+01  
  1.803346622631e-03  ,1.500021022074e+01  ,2.902509488325e+00  ,1.022389330582e+01  
  1.804304683849e-03  ,1.500026037609e+01  ,2.978829585455e+00  ,1.049271903651e+01  
  1.806220806285e-03  ,1.500035435327e+01  ,3.130848617251e+00  ,1.102818253466e+01  
  1.810053051159e-03  ,1.500037427594e+01  ,3.432419213424e+00  ,1.209041819829e+01  
  1.812010000020e-03  ,1.499974553079e+01  ,3.585155432830e+00  ,1.262840717203e+01  
  1.812011000018e-03  ,1.442068873116e+01  ,3.585086680757e+00  ,1.262868131308e+01  
  1.812013000126e-03  ,1.321303789912e+01  ,3.584855743800e+00  ,1.262922954585e+01  
  1.812017000343e-03  ,1.067181043380e+01  ,3.584411831106e+00  ,1.263032633172e+01  
  1.812020000020e-03  ,8.646961992083e+00  ,3.584139213924e+00  ,1.263114871437e+01  
  1.812020800063e-03  ,8.543291778654e+00  ,3.584193738160e+00  ,1.263136801129e+01  
  1.812022400076e-03  ,8.338447583303e+00  ,3.584389585254e+00  ,1.263180670507e+01  
  1.812025600100e-03  ,7.943321113609e+00  ,3.584915564674e+00  ,1.263268406221e+01  
  1.812032000149e-03  ,7.207940686369e+00  ,3.586010301801e+00  ,1.263443854513e+01  
  1.812044800246e-03  ,5.932401749432e+00  ,3.588965836986e+00  ,1.263794737169e+01  
  1.812058725381e-03  ,4.791816982541e+00  ,3.598837489331e+00  ,1.264176355258e+01  
  1.812067643726e-03  ,4.356459039654e+00  ,1.402396862447e+01  ,1.264356260417e+01  
  1.812076013708e-03  ,4.342012345274e+00  ,4.355669724211e+01  ,1.264362062607e+01  
  1.812082286352e-03  ,4.134304594041e+00  ,5.282021306454e+01  ,3.637834511176e-02  
  1.812085556785e-03  ,3.936481311941e+00  ,5.284922401602e+01  ,-2.053700304362e-01  
  1.812087127367e-03  ,3.843557092582e+00  ,5.283096822307e+01  ,-4.096377175349e-03  
  1.812090268532e-03  ,3.664842021382e+00  ,5.283415257647e+01  ,1.012447073190e-02  
  1.812096550861e-03  ,3.331539574094e+00  ,5.284393753554e+01  ,5.647332107687e-03  
  1.812109115520e-03  ,2.750578075255e+00  ,5.286274186880e+01  ,4.592951240043e-03  
  1.812134244839e-03  ,1.860693216421e+00  ,5.290027341077e+01  ,3.312602761399e-03  
  1.812175366083e-03  ,9.413969559844e-01  ,5.296154540940e+01  ,1.971995008892e-03  
  1.812221362987e-03  ,4.553945539841e-01  ,5.302987843579e+01  ,1.262015332604e-03  
  1.812269452015e-03  ,1.918070255905e-01  ,5.310111662045e+01  ,8.761208223960e-04  
  1.812324377695e-03  ,8.004470333026e-02  ,5.318224374938e+01  ,7.112002027506e-04  
  1.812413081327e-03  ,6.877766011477e-03  ,5.331276494873e+01  ,6.012589229427e-04  
  1.812507900396e-03  ,2.593956847154e-03  ,5.345161436633e+01  ,5.914841345122e-04  
  1.812697538534e-03  ,7.932205565288e-04  ,5.372725824162e+01  ,5.818051292451e-04  
  1.812919196287e-03  ,1.962178520016e-03  ,5.404596393937e+01  ,5.753517401044e-04  
  1.813362511793e-03  ,1.917257141431e-03  ,5.467205579499e+01  ,5.590255523557e-04  
  1.814249142805e-03  ,1.422371291429e-03  ,5.587862318055e+01  ,5.265572625185e-04  
  1.816022404829e-03  ,1.581256115612e-03  ,5.810660958060e+01  ,4.652905601219e-04  
  1.819568928877e-03  ,9.473625207595e-04  ,6.180836709791e+01  ,3.495211106337e-04  
  1.822000000020e-03  ,1.006052083045e-03  ,6.375929148081e+01  ,2.787420851579e-04  
  1.822001000018e-03  ,5.776498146964e-01  ,6.376012803892e+01  ,-1.012293420064e-03  
  1.822001884868e-03  ,1.095288657815e+00  ,6.376087179587e+01  ,-2.188081002255e-03  
  1.822003654567e-03  ,2.160331537901e+00  ,6.376235617127e+01  ,-4.505218641759e-03  
  1.822007193965e-03  ,4.412688645492e+00  ,6.376530806373e+01  ,-8.959625236201e-03  
  1.822010000020e-03  ,6.311350164415e+00  ,6.376763286378e+01  ,-1.232628755883e-02  
  1.822010707900e-03  ,6.403656947634e+00  ,6.376812413533e+01  ,-1.224673728138e-02  
  1.822012123696e-03  ,6.584393907800e+00  ,6.376909610333e+01  ,-1.198654893973e-02  
  1.822014955289e-03  ,6.936786953134e+00  ,6.377104017467e+01  ,-1.147331648620e-02  
  1.822020618476e-03  ,7.600940792957e+00  ,6.377493176743e+01  ,-1.050553903259e-02  
  1.822031944848e-03  ,8.774094557588e+00  ,6.378272741165e+01  ,-8.796506085628e-03  
  1.822043354667e-03  ,9.771569682262e+00  ,6.379059401751e+01  ,-7.343360350097e-03  
  1.822051392354e-03  ,9.973404161703e+00  ,4.110225142103e+01  ,9.860394440716e+00  
  1.822059064962e-03  ,1.000019403117e+01  ,1.073664507892e+01  ,9.860564903014e+00  
  1.822063384808e-03  ,1.018785452270e+01  ,3.401114599329e+00  ,9.861481291839e+00  
  1.822067481883e-03  ,1.046834510205e+01  ,2.662804939089e+00  ,9.862561530028e+00  
  1.822069802738e-03  ,1.062567837470e+01  ,2.744951449222e+00  ,9.863210561823e+00  
  1.822072730817e-03  ,1.081622252075e+01  ,2.800528641185e+00  ,9.864033200719e+00  
  1.822078586973e-03  ,1.117228344078e+01  ,2.810255660792e+00  ,9.865680274979e+00  
  1.822090299286e-03  ,1.179826593546e+01  ,2.805226605637e+00  ,9.868978986723e+00  
  1.822110082067e-03  ,1.263362487786e+01  ,2.803857926164e+00  ,9.874556787028e+00  
  1.822149647630e-03  ,1.372599267981e+01  ,2.807994389775e+00  ,9.885711972266e+00  
  1.822228778757e-03  ,1.476740581687e+01  ,2.812960011700e+00  ,9.908018901502e+00  
  1.822346223749e-03  ,1.516337128227e+01  ,2.822155013378e+00  ,9.941117643411e+00  
  1.822518814958e-03  ,1.497820629540e+01  ,2.836045578332e+00  ,9.989738140102e+00  
  1.822675289072e-03  ,1.497093901391e+01  ,2.848553854621e+00  ,1.003379765799e+01  
  1.822988237299e-03  ,1.501190908539e+01  ,2.873536277212e+00  ,1.012185803513e+01  
  1.823614133753e-03  ,1.499232697618e+01  ,2.923479438892e+00  ,1.029774441987e+01  
  1.824711431421e-03  ,1.499816722643e+01  ,3.010806260914e+00  ,1.060534844898e+01  
  1.826906026758e-03  ,1.500018752220e+01  ,3.184650895612e+00  ,1.121769239797e+01  
  1.831295217432e-03  ,1.499992904404e+01  ,3.529111635920e+00  ,1.243100158794e+01  
  1.832010000020e-03  ,1.500001335647e+01  ,3.584801484544e+00  ,1.262716077821e+01  
  1.832011000018e-03  ,1.442322996744e+01  ,3.584731962974e+00  ,1.262743492148e+01  
  1.832013000126e-03  ,1.321550430896e+01  ,3.584500742711e+00  ,1.262798316895e+01  
  1.832017000343e-03  ,1.067413245185e+01  ,3.584056729150e+00  ,1.262907996276e+01  
  1.832020000020e-03  ,8.649180711941e+00  ,3.583784104127e+00  ,1.262990235607e+01  
  1.832020800063e-03  ,8.545483897033e+00  ,3.583838595787e+00  ,1.263012165590e+01  
  1.832022400076e-03  ,8.340587139031e+00  ,3.584034383693e+00  ,1.263056035529e+01  
  1.832025600100e-03  ,7.945359279968e+00  ,3.584560238729e+00  ,1.263143772370e+01  
  1.832032000149e-03  ,7.209790151564e+00  ,3.585654588249e+00  ,1.263319222948e+01  
  1.832044800246e-03  ,5.933923879664e+00  ,3.588607927091e+00  ,1.263670110171e+01  
  1.832058726871e-03  ,4.792934998632e+00  ,3.598455024219e+00  ,1.264051774305e+01  
  1.832067645216e-03  ,4.356529109633e+00  ,1.396984280751e+01  ,1.264232113802e+01  
  1.832076016689e-03  ,4.341957832845e+00  ,4.349911126034e+01  ,1.264238281641e+01  
  1.832082296783e-03  ,4.134746568837e+00  ,5.281924138707e+01  ,3.957819441689e-02  
  1.832085568333e-03  ,3.936847862176e+00  ,5.284866953114e+01  ,-2.062472245158e-01  
  1.832087137612e-03  ,3.843989474611e+00  ,5.283032793291e+01  ,-4.155204491972e-03  
  1.832090276169e-03  ,3.665399285868e+00  ,5.283349963039e+01  ,1.014510477341e-02  
  1.832096553283e-03  ,3.332310911715e+00  ,5.284327728270e+01  ,5.649515624114e-03  
  1.832109107511e-03  ,2.751658138331e+00  ,5.286206324816e+01  ,4.594342614488e-03  
  1.832134215968e-03  ,1.862060651126e+00  ,5.289955782876e+01  ,3.314505800254e-03  
  1.832175372975e-03  ,9.415064895802e-01  ,5.296087353674e+01  ,1.972067634177e-03  
  1.832221363919e-03  ,4.554939848619e-01  ,5.302918689969e+01  ,1.262073408691e-03  
  1.832269458907e-03  ,1.918276095020e-01  ,5.310042262078e+01  ,8.760641567136e-04  
  1.832324366705e-03  ,8.007870722557e-02  ,5.318151048470e+01  ,7.111639915550e-04  
  1.832413058417e-03  ,6.892204926923e-03  ,5.331199352017e+01  ,6.011951047544e-04  
  1.832507865565e-03  ,2.596398474564e-03  ,5.345080357567e+01  ,5.914036742464e-04  
  1.832697479861e-03  ,7.903473340123e-04  ,5.372636941623e+01  ,5.817187268964e-04  
  1.832919089930e-03  ,1.962476148887e-03  ,5.404495675654e+01  ,5.752727011365e-04  
  1.833362310069e-03  ,1.917658456661e-03  ,5.467081776740e+01  ,5.589521151182e-04  
  1.834248750346e-03  ,1.421667333558e-03  ,5.587694723680e+01  ,5.264925815875e-04  
  1.836021630900e-03  ,1.581483329333e-03  ,5.810415521198e+01  ,4.652466577105e-04  
  1.839567392008e-03  ,9.469216274396e-04  ,6.180475650653e+01  ,3.495100627734e-04  
  1.842000000020e-03  ,1.006202888518e-03  ,6.375665138357e+01  ,2.786896412873e-04  
  1.842001000018e-03  ,5.776499603359e-01  ,6.375748778194e+01  ,-1.012344160049e-03  
  1.842001884774e-03  ,1.095233675892e+00  ,6.375823131936e+01  ,-2.188007223454e-03  
  1.842003654287e-03  ,2.160159953069e+00  ,6.375971525686e+01  ,-4.504907883081e-03  
  1.842007193313e-03  ,4.412258736451e+00  ,6.376266627695e+01  ,-8.958876752230e-03  
  1.842010000020e-03  ,6.311349684638e+00  ,6.376499117099e+01  ,-1.232633831413e-02  
  1.842010707825e-03  ,6.403646858657e+00  ,6.376548227834e+01  ,-1.224680284849e-02  
  1.842012123435e-03  ,6.586280242742e+00  ,6.376645402710e+01  ,-1.198681340180e-02  
  1.842014954656e-03  ,6.940078267509e+00  ,6.376839697496e+01  ,-1.146857583853e-02  
  1.842020617097e-03  ,7.603877274146e+00  ,6.377228718040e+01  ,-1.050138152229e-02  
  1.842031941980e-03  ,8.776422761013e+00  ,6.378008004130e+01  ,-8.793140399102e-03  
  1.842043350309e-03  ,9.773403533254e+00  ,6.378794385445e+01  ,-7.340738817179e-03  
  1.842051387995e-03  ,9.973472664977e+00  ,4.100762173792e+01  ,9.859337490157e+00  
  1.842059062093e-03  ,1.000030161480e+01  ,1.063855829209e+01  ,9.859511924906e+00  
  1.842063370019e-03  ,1.018876570371e+01  ,3.395107959947e+00  ,9.860428278252e+00  
  1.842067448467e-03  ,1.046801458689e+01  ,2.663837289117e+00  ,9.861505937116e+00  
  1.842069769695e-03  ,1.062537516175e+01  ,2.745017511156e+00  ,9.862155059108e+00  
  1.842072704479e-03  ,1.081635494439e+01  ,2.800241229423e+00  ,9.862979573655e+00  
  1.842078574046e-03  ,1.117318569480e+01  ,2.809906586369e+00  ,9.864630450468e+00  
  1.842090313181e-03  ,1.180034448942e+01  ,2.804917837597e+00  ,9.867936765529e+00  
  1.842110203251e-03  ,1.263909547492e+01  ,2.803573156735e+00  ,9.873544875685e+00  
  1.842149983391e-03  ,1.373347857376e+01  ,2.807712898826e+00  ,9.884760671147e+00  
  1.842229543671e-03  ,1.477321016667e+01  ,2.812721355168e+00  ,9.907188782295e+00  
  1.842346988663e-03  ,1.516376153714e+01  ,2.821919313304e+00  ,9.940287802934e+00  
  1.842520318970e-03  ,1.497781066841e+01  ,2.835869315687e+00  ,9.989116867092e+00  
  1.842676983818e-03  ,1.497081671418e+01  ,2.848392849485e+00  ,1.003323035574e+01  
  1.842990313515e-03  ,1.501197372983e+01  ,2.873405795362e+00  ,1.012139853123e+01  
  1.843616972908e-03  ,1.499228065801e+01  ,2.923410050529e+00  ,1.029749993921e+01  
  1.844717322334e-03  ,1.499815843045e+01  ,3.010979571234e+00  ,1.060595889373e+01  
  1.846918021187e-03  ,1.500018817945e+01  ,3.185305111635e+00  ,1.121999677287e+01  
  1.851319418892e-03  ,1.499992839978e+01  ,3.530709779044e+00  ,1.243663079934e+01  
  1.852010000020e-03  ,1.500001302707e+01  ,3.584512758309e+00  ,1.262614378511e+01  
  1.852011000018e-03  ,1.442323079930e+01  ,3.584443239108e+00  ,1.262641793126e+01  
  1.852013000126e-03  ,1.321550511632e+01  ,3.584212020473e+00  ,1.262696618458e+01  
  1.852017000343e-03  ,1.067413321188e+01  ,3.583768004732e+00  ,1.262806298987e+01  
  1.852020000020e-03  ,8.649181438032e+00  ,3.583495373458e+00  ,1.262888539184e+01  
  1.852020800063e-03  ,8.545484614356e+00  ,3.583549861220e+00  ,1.262910469398e+01  
  1.852022400076e-03  ,8.340587839031e+00  ,3.583745641792e+00  ,1.262954339799e+01  
  1.852025600100e-03  ,7.945359946574e+00  ,3.584271485277e+00  ,1.263042077564e+01  
  1.852032000149e-03  ,7.209790755889e+00  ,3.585365804781e+00  ,1.263217529990e+01  
  1.852044800246e-03  ,5.933924374809e+00  ,3.588319014242e+00  ,1.263568420911e+01  
  1.852058726871e-03  ,4.792935386011e+00  ,3.598165344134e+00  ,1.263950089076e+01  
  1.852067645216e-03  ,4.356522837378e+00  ,1.396915547757e+01  ,1.264130436547e+01  
  1.852076016689e-03  ,4.341951571110e+00  ,4.349837168217e+01  ,1.264136607901e+01  
  1.852082296783e-03  ,4.134713949079e+00  ,5.281705087588e+01  ,3.944097858214e-02  
  1.852085568333e-03  ,3.936816344187e+00  ,5.284646185949e+01  ,-2.062206111957e-01  
  1.852087137798e-03  ,3.843947906357e+00  ,5.282812273186e+01  ,-4.152883098754e-03  
  1.852090276727e-03  ,3.665338939368e+00  ,5.283129482008e+01  ,1.014408725345e-02  
  1.852096554587e-03  ,3.332218235109e+00  ,5.284107250347e+01  ,5.649270788175e-03  
  1.852109110305e-03  ,2.753113794822e+00  ,5.285990734297e+01  ,4.426611850320e-03  
  1.852134221742e-03  ,1.864212080470e+00  ,5.289741022997e+01  ,3.316684807656e-03  
  1.852175867507e-03  ,9.348902308259e-01  ,5.295946223241e+01  ,1.962543484179e-03  
  1.852222126672e-03  ,3.971903240439e-01  ,5.302817065424e+01  ,1.177051159693e-03  
  1.852268445441e-03  ,1.916091830749e-01  ,5.309676228363e+01  ,8.757356775746e-04  
  1.852330648849e-03  ,5.755966809792e-02  ,5.318860280260e+01  ,6.780616039038e-04  
  1.852396762321e-03  ,2.029464787436e-02  ,5.328588119265e+01  ,6.212891180036e-04  
  1.852528989265e-03  ,1.730773178485e-03  ,5.347943483332e+01  ,5.893009973906e-04  
  1.852669131705e-03  ,-1.046238628694e-03  ,5.368312026882e+01  ,5.800478545199e-04  
  1.852949416587e-03  ,3.095113586745e-04  ,5.408598972604e+01  ,5.716677845264e-04  
  1.853396069953e-03  ,1.567036342746e-03  ,5.471552523329e+01  ,5.571647626965e-04  
  1.854289376685e-03  ,1.675246367804e-03  ,5.592828382632e+01  ,5.253920783089e-04  
  1.856075990150e-03  ,1.354152895810e-03  ,5.816579392888e+01  ,4.630399878569e-04  
  1.859649217078e-03  ,1.144947525196e-03  ,6.187507058190e+01  ,3.472501862503e-04  
  1.862000000020e-03  ,8.842073634818e-04  ,6.375352786539e+01  ,2.761798695421e-04  
  1.862001000018e-03  ,5.775297950836e-01  ,6.375436449563e+01  ,-1.012358776315e-03  
  1.862001884868e-03  ,1.095170239600e+00  ,6.375510854052e+01  ,-2.188121235275e-03  
  1.862003654567e-03  ,2.160216263716e+00  ,6.375659349707e+01  ,-4.505259756853e-03  
  1.862007193965e-03  ,4.412579417496e+00  ,6.375954655092e+01  ,-8.959658580870e-03  
  1.862010000020e-03  ,6.311245506521e+00  ,6.376187227151e+01  ,-1.232631427786e-02  
  1.862010707900e-03  ,6.403553405693e+00  ,6.376236377584e+01  ,-1.224676457988e-02  
  1.862012123696e-03  ,6.584292550896e+00  ,6.376333620910e+01  ,-1.198657314293e-02  
  1.862014955289e-03  ,6.936689856514e+00  ,6.376528121057e+01  ,-1.147333450339e-02  
  1.862020618476e-03  ,7.600851725682e+00  ,6.376917466403e+01  ,-1.050554538171e-02  
  1.862031944848e-03  ,8.774019673267e+00  ,6.377697403030e+01  ,-8.796491746473e-03  
  1.862043354667e-03  ,9.771506857019e+00  ,6.378484438628e+01  ,-7.343328380925e-03  
  1.862051392354e-03  ,9.973409930988e+00  ,4.110026506655e+01  ,9.861423383941e+00  
  1.862059064962e-03  ,1.000020423007e+01  ,1.073501302286e+01  ,9.861594135843e+00  
  1.862063384808e-03  ,1.018789655580e+01  ,3.401240547616e+00  ,9.862510399660e+00  
  1.862067481138e-03  ,1.046833633861e+01  ,2.663153302613e+00  ,9.863590501551e+00  
  1.862069801621e-03  ,1.062564485194e+01  ,2.745259836827e+00  ,9.864239423819e+00  
  1.862072730072e-03  ,1.081621396623e+01  ,2.800824393605e+00  ,9.865062157532e+00  
  1.862078586973e-03  ,1.117231897325e+01  ,2.810546260010e+00  ,9.866709424335e+00  
  1.862090300776e-03  ,1.179836920344e+01  ,2.805518308182e+00  ,9.870008521781e+00  
  1.862110086538e-03  ,1.263381063729e+01  ,2.804150859047e+00  ,9.875587104559e+00  
  1.862149658061e-03  ,1.372621924885e+01  ,2.808286776480e+00  ,9.886743854468e+00  
  1.862228801109e-03  ,1.476757118214e+01  ,2.813253763737e+00  ,9.909053912065e+00  
  1.862346246101e-03  ,1.516337991034e+01  ,2.822448752831e+00  ,9.942152308979e+00  
  1.862518861152e-03  ,1.497819406234e+01  ,2.836341087448e+00  ,9.990779013569e+00  
  1.862675335265e-03  ,1.497093628978e+01  ,2.848849231149e+00  ,1.003483806916e+01  
  1.862988283492e-03  ,1.501191019360e+01  ,2.873831388935e+00  ,1.012289752235e+01  
  1.863614179946e-03  ,1.499232625270e+01  ,2.923774027819e+00  ,1.029878206158e+01  
  1.864711477615e-03  ,1.499816704926e+01  ,3.011099933162e+00  ,1.060638286325e+01  
  1.866906072952e-03  ,1.500018753404e+01  ,3.184942743626e+00  ,1.121872038732e+01  
  1.871295263625e-03  ,1.499992903177e+01  ,3.529399869652e+00  ,1.243201684684e+01  
  1.872010000020e-03  ,1.500001335425e+01  ,3.585085538591e+00  ,1.262816131486e+01  
  1.872011000018e-03  ,1.442322995450e+01  ,3.585016014540e+00  ,1.262843545530e+01  
  1.872013000126e-03  ,1.321550429639e+01  ,3.584784792622e+00  ,1.262898369708e+01  
  1.872017000343e-03  ,1.067413244009e+01  ,3.584340781213e+00  ,1.263008047953e+01  
  1.872020000020e-03  ,8.649180700833e+00  ,3.584068162300e+00  ,1.263090286432e+01  
  1.872020800063e-03  ,8.545483886119e+00  ,3.584122657795e+00  ,1.263112216187e+01  
  1.872022400076e-03  ,8.340587128500e+00  ,3.584318452905e+00  ,1.263156085672e+01  
  1.872025600100e-03  ,7.945359270156e+00  ,3.584844319268e+00  ,1.263243821605e+01  
  1.872032000149e-03  ,7.209790143216e+00  ,3.585938698209e+00  ,1.263419270364e+01  
  1.872044800246e-03  ,5.933923874978e+00  ,3.588892163694e+00  ,1.263770153950e+01  
  1.872058726871e-03  ,4.792935007054e+00  ,3.598740007279e+00  ,1.264151814119e+01  
  1.872067645216e-03  ,4.356535307294e+00  ,1.397050041260e+01  ,1.264332145721e+01  
  1.872076016689e-03  ,4.341963976849e+00  ,4.349981719769e+01  ,1.264338307563e+01  
  1.872082296038e-03  ,4.134707711459e+00  ,5.281458701646e+01  ,3.926468551658e-02  
  1.872085567215e-03  ,3.936831729266e+00  ,5.284397529947e+01  ,-2.061661754607e-01  
  1.872087136680e-03  ,3.843963031368e+00  ,5.282564219102e+01  ,-4.149808692982e-03  
  1.872090275610e-03  ,3.665353378070e+00  ,5.282881611559e+01  ,1.014325156821e-02  
  1.872096553469e-03  ,3.332231393690e+00  ,5.283859657322e+01  ,5.649436136172e-03  
  1.872109109187e-03  ,2.751529217291e+00  ,5.285738852021e+01  ,4.594307100597e-03  
  1.872134220624e-03  ,1.861882539801e+00  ,5.289489508631e+01  ,3.314389359675e-03  
  1.872175371671e-03  ,9.415146625824e-01  ,5.295621428023e+01  ,1.972222270774e-03  
  1.872221362615e-03  ,4.554981177572e-01  ,5.302454149019e+01  ,1.262221930692e-03  
  1.872269451642e-03  ,1.918549701599e-01  ,5.309578288022e+01  ,8.762464767955e-04  
  1.872324359441e-03  ,8.009019333653e-02  ,5.317688731867e+01  ,7.113228973083e-04  
  1.872413051153e-03  ,6.893295363023e-03  ,5.330739714384e+01  ,6.013384015734e-04  
  1.872507846380e-03  ,2.597194936609e-03  ,5.344621844611e+01  ,5.915465150715e-04  
  1.872697436834e-03  ,7.907102974231e-04  ,5.372180737370e+01  ,5.818608635146e-04  
  1.872919023061e-03  ,1.962798771750e-03  ,5.404042844935e+01  ,5.754145660699e-04  
  1.873362195516e-03  ,1.918038063423e-03  ,5.466635974747e+01  ,5.590936419727e-04  
  1.874248540426e-03  ,1.422056511000e-03  ,5.587264096987e+01  ,5.266334139344e-04  
  1.876021230245e-03  ,1.581886369857e-03  ,5.810019618645e+01  ,4.653863518028e-04  
  1.879566609884e-03  ,9.473705032631e-04  ,6.180165660646e+01  ,3.496483368094e-04  
  1.882000000020e-03  ,1.006563935262e-03  ,6.375499422812e+01  ,2.787970512864e-04  
  1.882001000018e-03  ,5.776503213561e-01  ,6.375583092657e+01  ,-1.012236297935e-03  
  1.882001884774e-03  ,1.095234036903e+00  ,6.375657472945e+01  ,-2.187898835715e-03  
  1.882003654287e-03  ,2.160160314067e+00  ,6.375805919802e+01  ,-4.504799635689e-03  
  1.882007193313e-03  ,4.412259097421e+00  ,6.376101128025e+01  ,-8.958768561300e-03  
  1.882010000020e-03  ,6.311350045437e+00  ,6.376333701668e+01  ,-1.232623014662e-02  
  1.882010707825e-03  ,6.403647219456e+00  ,6.376382833684e+01  ,-1.224669516715e-02  
  1.882012123435e-03  ,6.586280603539e+00  ,6.376480051115e+01  ,-1.198670583583e-02  
  1.882014954656e-03  ,6.940078628303e+00  ,6.376674431008e+01  ,-1.146846822039e-02  
  1.882020617097e-03  ,7.603877634933e+00  ,6.377063621755e+01  ,-1.050127392813e-02  
  1.882031941980e-03  ,8.776423121780e+00  ,6.377843248216e+01  ,-8.793032813633e-03  
  1.882043350309e-03  ,9.773403893995e+00  ,6.378629972354e+01  ,-7.340631261104e-03  
  1.882051387995e-03  ,9.973480716182e+00  ,4.100659360160e+01  ,9.860652976621e+00  
  1.882059062093e-03  ,1.000031148604e+01  ,1.063770272951e+01  ,9.860827521058e+00  
  1.882063370019e-03  ,1.018879537338e+01  ,3.395364495972e+00  ,9.861743842756e+00  
  1.882067448467e-03  ,1.046804388663e+01  ,2.664219501607e+00  ,9.862821528083e+00  
  1.882069770068e-03  ,1.062542814572e+01  ,2.745400580782e+00  ,9.863470743534e+00  
  1.882072704851e-03  ,1.081640555077e+01  ,2.800615855677e+00  ,9.864295246275e+00  
  1.882078574419e-03  ,1.117323197720e+01  ,2.810279243081e+00  ,9.865946101242e+00  
  1.882090313554e-03  ,1.180038320128e+01  ,2.805291253987e+00  ,9.869252372553e+00  
  1.882110206604e-03  ,1.263923324350e+01  ,2.803947065904e+00  ,9.874861248681e+00  
  1.882149992704e-03  ,1.373367843854e+01  ,2.808086801546e+00  ,9.886078575890e+00  
  1.882229564905e-03  ,1.477336917615e+01  ,2.813096303466e+00  ,9.908509749541e+00  
  1.882347009897e-03  ,1.516377323299e+01  ,2.822294206048e+00  ,9.941608329845e+00  
  1.882520364046e-03  ,1.497779802726e+01  ,2.836245942263e+00  ,9.990443459124e+00  
  1.882677028894e-03  ,1.497081344565e+01  ,2.848769306254e+00  ,1.003455635786e+01  
  1.882990358591e-03  ,1.501197506111e+01  ,2.873781914319e+00  ,1.012272335433e+01  
  1.883617017984e-03  ,1.499227978837e+01  ,2.923785502345e+00  ,1.029882240737e+01  
  1.884717367410e-03  ,1.499815821773e+01  ,3.011353851507e+00  ,1.060727723710e+01  
  1.886918066263e-03  ,1.500018819363e+01  ,3.185677060514e+00  ,1.122130690509e+01  
  1.891319463968e-03  ,1.499992838501e+01  ,3.531077108930e+00  ,1.243792466226e+01  
  1.892010000020e-03  ,1.500001302440e+01  ,3.584875860308e+00  ,1.262742275601e+01  
  1.892011000018e-03  ,1.442323078322e+01  ,3.584806337936e+00  ,1.262769689852e+01  
  1.892013000126e-03  ,1.321550510071e+01  ,3.584575117185e+00  ,1.262824514458e+01  
  1.892017000343e-03  ,1.067413319727e+01  ,3.584131104194e+00  ,1.262934193535e+01  
  1.892020000020e-03  ,8.649181424234e+00  ,3.583858480730e+00  ,1.263016432643e+01  
  1.892020800063e-03  ,8.545484600802e+00  ,3.583912973394e+00  ,1.263038362566e+01  
  1.892022400076e-03  ,8.340587825957e+00  ,3.584108763176e+00  ,1.263082232386e+01  
  1.892025600100e-03  ,7.945359934400e+00  ,3.584634621141e+00  ,1.263169968990e+01  
  1.892032000149e-03  ,7.209790745552e+00  ,3.585728978252e+00  ,1.263345419091e+01  
  1.892044800246e-03  ,5.933924369095e+00  ,3.588682349597e+00  ,1.263696305362e+01  
  1.892058726871e-03  ,4.792935396999e+00  ,3.598529633654e+00  ,1.264077968458e+01  
  1.892067645216e-03  ,4.356530759966e+00  ,1.396999608544e+01  ,1.264258305972e+01  
  1.892076016689e-03  ,4.341959425216e+00  ,4.349927408254e+01  ,1.264264471480e+01  
  1.892082296783e-03  ,4.134686257611e+00  ,5.281574639134e+01  ,3.925907976946e-02  
  1.892085568333e-03  ,3.936789395326e+00  ,5.284513517300e+01  ,-2.061770022266e-01  
  1.892087137798e-03  ,3.843921669301e+00  ,5.282680069517e+01  ,-4.150091127733e-03  
  1.892090276727e-03  ,3.665313933115e+00  ,5.282997403452e+01  ,1.014338993520e-02  
  1.892096554587e-03  ,3.332195521867e+00  ,5.283975343277e+01  ,5.649315711690e-03  
  1.892109110305e-03  ,2.753095090549e+00  ,5.285859185573e+01  ,4.426742354217e-03  
  1.892134221742e-03  ,1.864199530156e+00  ,5.289610192887e+01  ,3.316784783694e-03  
  1.892175867507e-03  ,9.348841141388e-01  ,5.295816583840e+01  ,1.962652267026e-03  
  1.892222126672e-03  ,3.971879297111e-01  ,5.302688747997e+01  ,1.177165150842e-03  
  1.892268445441e-03  ,1.916082117932e-01  ,5.309549233930e+01  ,8.758514869047e-04  
  1.892330648849e-03  ,5.755962456745e-02  ,5.318735061384e+01  ,6.781784279105e-04  
  1.892396762321e-03  ,2.029486202076e-02  ,5.328464786102e+01  ,6.214059602248e-04  
  1.892528989265e-03  ,1.731115207477e-03  ,5.347823916998e+01  ,5.894173164479e-04  
  1.892669131705e-03  ,-1.045878061614e-03  ,5.368196446055e+01  ,5.801634565540e-04  
  1.892949416587e-03  ,3.098611287292e-04  ,5.408491341143e+01  ,5.717819039904e-04  
  1.893396069953e-03  ,1.567375060779e-03  ,5.471457497575e+01  ,5.572765870188e-04  
  1.894289376685e-03  ,1.675579292540e-03  ,5.592758324340e+01  ,5.254995897826e-04  
  1.896075990150e-03  ,1.354476612873e-03  ,5.816558165883e+01  ,4.631394921298e-04  
  1.899649217078e-03  ,1.145244996866e-03  ,6.187578172326e+01  ,3.473359762691e-04  
  1.902000000020e-03  ,8.844855766458e-04  ,6.375480098515e+01  ,2.762579118383e-04  
  1.902001000018e-03  ,5.775300732819e-01  ,6.375563784632e+01  ,-1.012280721301e-03  
  1.902001884868e-03  ,1.095170517784e+00  ,6.375638209554e+01  ,-2.188043263503e-03  
  1.902003654567e-03  ,2.160216541871e+00  ,6.375786746073e+01  ,-4.505181757889e-03  
  1.902007193965e-03  ,4.412579695595e+00  ,6.376082133186e+01  ,-8.959580556474e-03  
  1.902010000020e-03  ,6.311245784578e+00  ,6.376314770038e+01  ,-1.232623623892e-02  
  1.902010707900e-03  ,6.403553683745e+00  ,6.376363936840e+01  ,-1.224668590746e-02  
  1.902012123696e-03  ,6.584292828938e+00  ,6.376461212920e+01  ,-1.198649440746e-02  
  1.902014955289e-03  ,6.936690134537e+00  ,6.376655778571e+01  ,-1.147325577133e-02  
  1.902020618476e-03  ,7.600852003668e+00  ,6.377045254909e+01  ,-1.050546668770e-02  
  1.902031944848e-03  ,8.774019951172e+00  ,6.377825453437e+01  ,-8.796413090257e-03  
  1.902043354667e-03  ,9.771507134838e+00  ,6.378612752753e+01  ,-7.343249775072e-03  
  1.902051392354e-03  ,9.973416456868e+00  ,4.110206763762e+01  ,9.862699805835e+00  
  1.902059064962e-03  ,1.000020991752e+01  ,1.073679304986e+01  ,9.862870456835e+00  
  1.902063384808e-03  ,1.018787784732e+01  ,3.401695700123e+00  ,9.863786727788e+00  
  1.902067481883e-03  ,1.046836783653e+01  ,2.663460722133e+00  ,9.864866952940e+00  
  1.902069802738e-03  ,1.062570040872e+01  ,2.745614676512e+00  ,9.865515970428e+00  
  1.902072731189e-03  ,1.081626721335e+01  ,2.801188854869e+00  ,9.866338693480e+00  
  1.902078588091e-03  ,1.117236768581e+01  ,2.810909913513e+00  ,9.867985938719e+00  
  1.902090301893e-03  ,1.179840994020e+01  ,2.805880827800e+00  ,9.871284993406e+00  
  1.902110087655e-03  ,1.263384074298e+01  ,2.804513332297e+00  ,9.876863504460e+00  
  1.902149659179e-03  ,1.372623545460e+01  ,2.808649128578e+00  ,9.888020110958e+00  
  1.902228802226e-03  ,1.476757413861e+01  ,2.813616016793e+00  ,9.910329881806e+00  
  1.902346247218e-03  ,1.516337783137e+01  ,2.822810879497e+00  ,9.943427853337e+00  
  1.902518862270e-03  ,1.497819433983e+01  ,2.836703039780e+00  ,9.992053932993e+00  
  1.902675336383e-03  ,1.497093665961e+01  ,2.849211023060e+00  ,1.003611242235e+01  
  1.902988284610e-03  ,1.501191004203e+01  ,2.874192858740e+00  ,1.012417074382e+01  
  1.903614181064e-03  ,1.499232635034e+01  ,2.924134856228e+00  ,1.030005302261e+01  
  1.904711669467e-03  ,1.499816707509e+01  ,3.011474794929e+00  ,1.060770325520e+01  
  1.906906646274e-03  ,1.500018750979e+01  ,3.185345400803e+00  ,1.122013868466e+01  
  1.911296599887e-03  ,1.499992905164e+01  ,3.529857042890e+00  ,1.243362716915e+01  
  1.912010000020e-03  ,1.500001334148e+01  ,3.585437782335e+00  ,1.262940203927e+01  
  1.912011000018e-03  ,1.442323007425e+01  ,3.585368255172e+00  ,1.262967617618e+01  
  1.912013000126e-03  ,1.321550441261e+01  ,3.585137031188e+00  ,1.263022441092e+01  
  1.912017000343e-03  ,1.067413254959e+01  ,3.584693022445e+00  ,1.263132117928e+01  
  1.912020000020e-03  ,8.649180805613e+00  ,3.584420411106e+00  ,1.263214355350e+01  
  1.912020800063e-03  ,8.545483989720e+00  ,3.584474911355e+00  ,1.263236284824e+01  
  1.912022400076e-03  ,8.340587229767e+00  ,3.584670715397e+00  ,1.263280153745e+01  
  1.912025600100e-03  ,7.945359366896e+00  ,3.585196595800e+00  ,1.263367888551e+01  
  1.912032000149e-03  ,7.209790231688e+00  ,3.586291011206e+00  ,1.263543335055e+01  
  1.912044800246e-03  ,5.933923950502e+00  ,3.589244633627e+00  ,1.263894214130e+01  
  1.912058726871e-03  ,4.792935083167e+00  ,3.599093401471e+00  ,1.264275869382e+01  
  1.912067645216e-03  ,4.356542997105e+00  ,1.397131273438e+01  ,1.264456191422e+01  
  1.912076016689e-03  ,4.341971592968e+00  ,4.350068894689e+01  ,1.264462348529e+01  
  1.912082296038e-03  ,4.134720636196e+00  ,5.281565355932e+01  ,3.929348219013e-02  
  1.912085567215e-03  ,3.936844142331e+00  ,5.284504566584e+01  ,-2.061685732482e-01  
  1.912087136680e-03  ,3.843975155027e+00  ,5.282671270913e+01  ,-4.149868115470e-03  
  1.912090275610e-03  ,3.665364952587e+00  ,5.282988732960e+01  ,1.014335830779e-02  
  1.912096553469e-03  ,3.332241942284e+00  ,5.283966921431e+01  ,5.649533445849e-03  
  1.912109109187e-03  ,2.751537975609e+00  ,5.285846402029e+01  ,4.594401839067e-03  
  1.912134220624e-03  ,1.861888553959e+00  ,5.289597630576e+01  ,3.314479925611e-03  
  1.912175371671e-03  ,9.415178368212e-01  ,5.295730486577e+01  ,1.972308505578e-03  
  1.912221362615e-03  ,4.554997914181e-01  ,5.302564253149e+01  ,1.262305767537e-03  
  1.912269451642e-03  ,1.918558296347e-01  ,5.309689483843e+01  ,8.763289017115e-04  
  1.912324359441e-03  ,8.009070737825e-02  ,5.317801172190e+01  ,7.114045633908e-04  
  1.912413051153e-03  ,6.893582743938e-03  ,5.330854160454e+01  ,6.014193213302e-04  
  1.912507846380e-03  ,2.597468282216e-03  ,5.344738428322e+01  ,5.916269766964e-04  
  1.912697436834e-03  ,7.909765067441e-04  ,5.372301577214e+01  ,5.819404380242e-04  
  1.912919023061e-03  ,1.963066759009e-03  ,5.404168626655e+01  ,5.754931439633e-04  
  1.913362195516e-03  ,1.918302181719e-03  ,5.466771533393e+01  ,5.591702315317e-04  
  1.914248540426e-03  ,1.422311437485e-03  ,5.587418773990e+01  ,5.267062281402e-04  
  1.916021230245e-03  ,1.582125735593e-03  ,5.810210719599e+01  ,4.654521184223e-04  
  1.919566609884e-03  ,9.475733875987e-04  ,6.180421892166e+01  ,3.497018191914e-04  
  1.922000000020e-03  ,1.006741413957e-03  ,6.375794113886e+01  ,2.788437720093e-04  
  1.922001000018e-03  ,5.776504988133e-01  ,6.375877798433e+01  ,-1.012191040247e-03  
  1.922001884774e-03  ,1.095234214340e+00  ,6.375952191717e+01  ,-2.187853704802e-03  
  1.922003654287e-03  ,2.160160491463e+00  ,6.376100664560e+01  ,-4.504754453245e-03  
  1.922007193313e-03  ,4.412259274739e+00  ,6.376395924751e+01  ,-8.958723318821e-03  
  1.922010000020e-03  ,6.311350222845e+00  ,6.376628539606e+01  ,-1.232618486679e-02  
  1.922010707825e-03  ,6.403647396852e+00  ,6.376677682026e+01  ,-1.224664863887e-02  
  1.922012123435e-03  ,6.586280780919e+00  ,6.376774920290e+01  ,-1.198665904949e-02  
  1.922014954656e-03  ,6.940078805651e+00  ,6.376969341851e+01  ,-1.146842156355e-02  
  1.922020617097e-03  ,7.603877812215e+00  ,6.377358615908e+01  ,-1.050122730918e-02  
  1.922031941980e-03  ,8.776423298931e+00  ,6.378138408894e+01  ,-8.792986248747e-03  
  1.922043350309e-03  ,9.773404071013e+00  ,6.378925300656e+01  ,-7.340584751037e-03  
  1.922051387995e-03  ,9.973485142605e+00  ,4.100991523517e+01  ,9.861686403511e+00  
  1.922059062093e-03  ,1.000031348746e+01  ,1.064087867419e+01  ,9.861860729002e+00  
  1.922063370019e-03  ,1.018874864696e+01  ,3.395871303764e+00  ,9.862777083697e+00  
  1.922067449212e-03  ,1.046804753694e+01  ,2.664445784489e+00  ,9.863854841480e+00  
  1.922069770813e-03  ,1.062543216815e+01  ,2.745678430464e+00  ,9.864504052071e+00  
  1.922072705224e-03  ,1.081638590834e+01  ,2.800909926645e+00  ,9.865328442509e+00  
  1.922078574046e-03  ,1.117317061496e+01  ,2.810575220449e+00  ,9.866979070448e+00  
  1.922090311691e-03  ,1.179867080899e+01  ,2.800098766001e+00  ,9.870288229866e+00  
  1.922102578327e-03  ,1.234655472061e+01  ,2.804305788134e+00  ,9.873746941280e+00  
  1.922127111599e-03  ,1.317906129174e+01  ,2.806531511302e+00  ,9.880664017373e+00  
  1.922176178142e-03  ,1.416674313907e+01  ,2.808935146327e+00  ,9.894496966459e+00  
  1.922274311229e-03  ,1.497726040690e+01  ,2.816844068282e+00  ,9.922157553912e+00  
  1.922402628109e-03  ,1.499974514086e+01  ,2.827123262523e+00  ,9.958314705697e+00  
  1.922628076717e-03  ,1.500013661180e+01  ,2.845125843925e+00  ,1.002180976946e+01  
  1.922867592022e-03  ,1.500012096358e+01  ,2.864276012198e+00  ,1.008922206022e+01  
  1.923346622631e-03  ,1.500021022053e+01  ,2.902514008331e+00  ,1.022390922684e+01  
  1.924304683849e-03  ,1.500026037582e+01  ,2.978834093183e+00  ,1.049273491428e+01  
  1.926220806285e-03  ,1.500035435288e+01  ,3.130853100523e+00  ,1.102819832628e+01  
  1.930053051159e-03  ,1.500037427553e+01  ,3.432423648181e+00  ,1.209043381904e+01  
  1.932010000020e-03  ,1.499974553114e+01  ,3.585159843016e+00  ,1.262842270623e+01  
  1.932011000018e-03  ,1.442068873457e+01  ,3.585091090904e+00  ,1.262869684724e+01  
  1.932013000126e-03  ,1.321303790243e+01  ,3.584860153921e+00  ,1.262924507992e+01  
  1.932017000343e-03  ,1.067181043691e+01  ,3.584416241261e+00  ,1.263034186561e+01  
  1.932020000020e-03  ,8.646961995059e+00  ,3.584143624174e+00  ,1.263116424813e+01  
  1.932020800063e-03  ,8.543291781595e+00  ,3.584198148469e+00  ,1.263138354502e+01  
  1.932022400076e-03  ,8.338447586175e+00  ,3.584393995675e+00  ,1.263182223872e+01  
  1.932025600100e-03  ,7.943321116349e+00  ,3.584919975271e+00  ,1.263269959572e+01  
  1.932032000149e-03  ,7.207940688863e+00  ,3.586014712855e+00  ,1.263445407837e+01  
  1.932044800246e-03  ,5.932401751519e+00  ,3.588970250006e+00  ,1.263796290436e+01  
  1.932058725381e-03  ,4.791816984416e+00  ,3.598841913939e+00  ,1.264177908463e+01  
  1.932067643726e-03  ,4.356459136014e+00  ,1.402397875234e+01  ,1.264357813494e+01  
  1.932076013708e-03  ,4.342012440515e+00  ,4.355670810016e+01  ,1.264363615508e+01  
  1.932082286352e-03  ,4.134299713352e+00  ,5.281993040714e+01  ,3.635267007146e-02  
  1.932085556785e-03  ,3.936476580867e+00  ,5.284893818934e+01  ,-2.053643881637e-01  
  1.932087127367e-03  ,3.843552482169e+00  ,5.283068295138e+01  ,-4.096026509377e-03  
  1.932090268532e-03  ,3.664837625160e+00  ,5.283386737925e+01  ,1.012437270001e-02  
  1.932096550861e-03  ,3.331535577220e+00  ,5.284365238625e+01  ,5.647326516751e-03  
  1.932109115520e-03  ,2.750574776492e+00  ,5.286245683372e+01  ,4.592951956252e-03  
  1.932134244839e-03  ,1.860690988236e+00  ,5.289998860550e+01  ,3.312604695006e-03  
  1.932175366083e-03  ,9.413958345461e-01  ,5.296126098080e+01  ,1.971998535279e-03  
  1.932221362987e-03  ,4.553940182915e-01  ,5.302959442940e+01  ,1.262019706137e-03  
  1.932269452015e-03  ,1.918068075901e-01  ,5.310083305637e+01  ,8.761256514487e-04  
  1.932324377695e-03  ,8.004462004476e-02  ,5.318196069159e+01  ,7.112052209909e-04  
  1.932413081327e-03  ,6.877770937298e-03  ,5.331248271104e+01  ,6.012640576923e-04  
  1.932507900396e-03  ,2.593966968341e-03  ,5.345133300854e+01  ,5.914892651239e-04  
  1.932697538534e-03  ,7.932329117735e-04  ,5.372697865365e+01  ,5.818102387570e-04  
  1.932919196287e-03  ,1.962189539506e-03  ,5.404568643685e+01  ,5.753568207843e-04  
  1.933362511793e-03  ,1.917268356377e-03  ,5.467178251615e+01  ,5.590305796785e-04  
  1.934249142805e-03  ,1.422383365534e-03  ,5.587835855258e+01  ,5.265621934597e-04  
  1.936022404829e-03  ,1.581268444259e-03  ,5.810636299682e+01  ,4.652953159754e-04  
  1.939568928877e-03  ,9.473761939707e-04  ,6.180815901143e+01  ,3.495255900293e-04  
  1.942000000020e-03  ,1.006065569618e-03  ,6.375911123163e+01  ,2.787464592631e-04  
  1.942001000018e-03  ,5.776498281852e-01  ,6.375994780135e+01  ,-1.012288985828e-03  
  1.942001884868e-03  ,1.095288671306e+00  ,6.376069156858e+01  ,-2.188076570272e-03  
  1.942003654567e-03  ,2.160331551395e+00  ,6.376217596456e+01  ,-4.505214210823e-03  
  1.942007193965e-03  ,4.412688658993e+00  ,6.376512789816e+01  ,-8.959620808775e-03  
  1.942010000020e-03  ,6.311350178071e+00  ,6.376745273082e+01  ,-1.232628313412e-02  
  1.942010707900e-03  ,6.403656961294e+00  ,6.376794401062e+01  ,-1.224673292149e-02  
  1.942012123696e-03  ,6.584393921466e+00  ,6.376891599510e+01  ,-1.198654458707e-02  
  1.942014955289e-03  ,6.936786966813e+00  ,6.377086009940e+01  ,-1.147331213369e-02  
  1.942020618476e-03  ,7.600940806660e+00  ,6.377475175807e+01  ,-1.050553467967e-02  
  1.942031944848e-03  ,8.774094571333e+00  ,6.378254753414e+01  ,-8.796501731953e-03  
  1.942043354667e-03  ,9.771569696043e+00  ,6.379041427282e+01  ,-7.343355996148e-03  
  1.942051392354e-03  ,9.973404458226e+00  ,4.110209345762e+01  ,9.860433348364e+00  
  1.942059064962e-03  ,1.000019449959e+01  ,1.073650083330e+01  ,9.860603823301e+00  
  1.942063384808e-03  ,1.018785756385e+01  ,3.401112834604e+00  ,9.861520209575e+00  
  1.942067481883e-03  ,1.046834812050e+01  ,2.662817264706e+00  ,9.862600452690e+00  
  1.942069802738e-03  ,1.062568128759e+01  ,2.744963379944e+00  ,9.863249484190e+00  
  1.942072730817e-03  ,1.081622530103e+01  ,2.800539859188e+00  ,9.864072122707e+00  
  1.942078586973e-03  ,1.117228598309e+01  ,2.810266648992e+00  ,9.865719196347e+00  
  1.942090299286e-03  ,1.179826806301e+01  ,2.805237638351e+00  ,9.869017906823e+00  
  1.942110082067e-03  ,1.263362645062e+01  ,2.803868994627e+00  ,9.874595704943e+00  
  1.942149647630e-03  ,1.372599352627e+01  ,2.808005421637e+00  ,9.885750885808e+00  
  1.942228778757e-03  ,1.476740597143e+01  ,2.812971056411e+00  ,9.908057806302e+00  
  1.942346223749e-03  ,1.516337117372e+01  ,2.822166054838e+00  ,9.941156535242e+00  
  1.942518814958e-03  ,1.497820630989e+01  ,2.836056614333e+00  ,9.989777012880e+00  
  1.942675289072e-03  ,1.497093903324e+01  ,2.848564885790e+00  ,1.003383651350e+01  
  1.942988237299e-03  ,1.501190907749e+01  ,2.873547298566e+00  ,1.012189685614e+01  
  1.943614133753e-03  ,1.499232698130e+01  ,2.923490440687e+00  ,1.029778317195e+01  
  1.944711431421e-03  ,1.499816722766e+01  ,3.010817228484e+00  ,1.060538708053e+01  
  1.946906026758e-03  ,1.500018752209e+01  ,3.184661795057e+00  ,1.121773078957e+01  
  1.951295217432e-03  ,1.499992904410e+01  ,3.529122400385e+00  ,1.243103950411e+01  
  1.952010000020e-03  ,1.500001335646e+01  ,3.584812227186e+00  ,1.262719861751e+01  
  1.952011000018e-03  ,1.442322996753e+01  ,3.584742705522e+00  ,1.262747276068e+01  
  1.952013000126e-03  ,1.321550430904e+01  ,3.584511485197e+00  ,1.262802100793e+01  
  1.952017000343e-03  ,1.067413245194e+01  ,3.584067471717e+00  ,1.262911780131e+01  
  1.952020000020e-03  ,8.649180712026e+00  ,3.583794846925e+00  ,1.262994019430e+01  
  1.952020800063e-03  ,8.545483897119e+00  ,3.583849338731e+00  ,1.263015949404e+01  
  1.952022400076e-03  ,8.340587139120e+00  ,3.584045126909e+00  ,1.263059819326e+01  
  1.952025600100e-03  ,7.945359280061e+00  ,3.584570982373e+00  ,1.263147556133e+01  
  1.952032000149e-03  ,7.209790151670e+00  ,3.585665333005e+00  ,1.263323006642e+01  
  1.952044800246e-03  ,5.933923879833e+00  ,3.588618676637e+00  ,1.263673893728e+01  
  1.952058726871e-03  ,4.792934999231e+00  ,3.598465801989e+00  ,1.264055557712e+01  
  1.952067645216e-03  ,4.356529344045e+00  ,1.396986766432e+01  ,1.264235896911e+01  
  1.952076016689e-03  ,4.341958065198e+00  ,4.349913794294e+01  ,1.264242064535e+01  
  1.952082296783e-03  ,4.134743939122e+00  ,5.281909651117e+01  ,3.956347380391e-02  
  1.952085567960e-03  ,3.936867261747e+00  ,5.284852070027e+01  ,-2.062274685857e-01  
  1.952087137239e-03  ,3.844008465537e+00  ,5.283018107159e+01  ,-4.154566329472e-03  
  1.952090275796e-03  ,3.665417398395e+00  ,5.283335290608e+01  ,1.014472834177e-02  
  1.952096552910e-03  ,3.332327378526e+00  ,5.284313058566e+01  ,5.649530558939e-03  
  1.952109107139e-03  ,2.751671737145e+00  ,5.286191668460e+01  ,4.594369142762e-03  
  1.952134215595e-03  ,1.862069855348e+00  ,5.289941153565e+01  ,3.314524244707e-03  
  1.952175372602e-03  ,9.415111458418e-01  ,5.296072768661e+01  ,1.972079398897e-03  
  1.952221363546e-03  ,4.554962396466e-01  ,5.302904154444e+01  ,1.262081668865e-03  
  1.952269458534e-03  ,1.918285614752e-01  ,5.310027778306e+01  ,8.760705064789e-04  
  1.952324360372e-03  ,8.008767199244e-02  ,5.318135744827e+01  ,7.111822318101e-04  
  1.952413052084e-03  ,6.894790125170e-03  ,5.331184147949e+01  ,6.012040301219e-04  
  1.952507847311e-03  ,2.597147191126e-03  ,5.345063518846e+01  ,5.914103510136e-04  
  1.952697437765e-03  ,7.900183616139e-04  ,5.372616885453e+01  ,5.817246790735e-04  
  1.952919047834e-03  ,1.962580716424e-03  ,5.404475929319e+01  ,5.752792274334e-04  
  1.953362267973e-03  ,1.917761632720e-03  ,5.467062651566e+01  ,5.589585440728e-04  
  1.954248708250e-03  ,1.421620277167e-03  ,5.587676845887e+01  ,5.264986068583e-04  
  1.956021588804e-03  ,1.581555459919e-03  ,5.810400150468e+01  ,4.652525174222e-04  
  1.959567349913e-03  ,9.468873232556e-04  ,6.180465283629e+01  ,3.495151993214e-04  
  1.962000000020e-03  ,1.006261496353e-03  ,6.375661118375e+01  ,2.786933894638e-04  
  1.962001000018e-03  ,5.776500183804e-01  ,6.375744759247e+01  ,-1.012340422628e-03  
  1.962001884774e-03  ,1.095233733458e+00  ,6.375819113904e+01  ,-2.188003452058e-03  
  1.962003654287e-03  ,2.160160009458e+00  ,6.375967509485e+01  ,-4.504904122090e-03  
  1.962007193313e-03  ,4.412258790432e+00  ,6.376262615156e+01  ,-8.958872996609e-03  
  1.962010000020e-03  ,6.311349736749e+00  ,6.376495107464e+01  ,-1.232633456133e-02  
  1.962010707825e-03  ,6.403646910318e+00  ,6.376544218933e+01  ,-1.224679910632e-02  
  1.962012123435e-03  ,6.586280293570e+00  ,6.376641395277e+01  ,-1.198680966351e-02  
  1.962014954656e-03  ,6.940078316723e+00  ,6.376835692997e+01  ,-1.146857210150e-02  
  1.962020617097e-03  ,7.603877320331e+00  ,6.377224719410e+01  ,-1.050137779052e-02  
  1.962031941980e-03  ,8.776422801869e+00  ,6.378004017235e+01  ,-8.793136675704e-03  
  1.962043350309e-03  ,9.773403569558e+00  ,6.378790410371e+01  ,-7.340735101576e-03  
  1.962051387995e-03  ,9.973472945726e+00  ,4.100760233522e+01  ,9.859384603914e+00  
  1.962059062093e-03  ,1.000030194375e+01  ,1.063854382989e+01  ,9.859559041263e+00  
  1.962063370019e-03  ,1.018876647136e+01  ,3.395118431076e+00  ,9.860475393750e+00  
  1.962067448467e-03  ,1.046801534270e+01  ,2.663850839078e+00  ,9.861553052978e+00  
  1.962069770068e-03  ,1.062540055820e+01  ,2.745031012610e+00  ,9.862202276745e+00  
  1.962072704479e-03  ,1.081635556235e+01  ,2.800251173127e+00  ,9.863026686600e+00  
  1.962078573301e-03  ,1.117314289254e+01  ,2.809919780842e+00  ,9.864677353235e+00  
  1.962090310946e-03  ,1.179864764816e+01  ,2.799446178754e+00  ,9.867986589503e+00  
  1.962102577582e-03  ,1.234653551599e+01  ,2.803652222675e+00  ,9.871445381070e+00  
  1.962127110854e-03  ,1.317904811303e+01  ,2.805877937708e+00  ,9.878362617499e+00  
  1.962176177397e-03  ,1.416673711140e+01  ,2.808281903983e+00  ,9.892195887196e+00  
  1.962274310484e-03  ,1.497726024405e+01  ,2.816190969278e+00  ,9.919857115673e+00  
  1.962402627364e-03  ,1.499974513992e+01  ,2.826470400587e+00  ,9.956015105342e+00  
  1.962628075972e-03  ,1.500013661368e+01  ,2.844473401541e+00  ,1.001951164050e+01  
  1.962867591276e-03  ,1.500012096534e+01  ,2.863624012444e+00  ,1.008692549343e+01  
  1.963346621886e-03  ,1.500021022293e+01  ,2.901862894730e+00  ,1.022161578120e+01  
  1.964304683104e-03  ,1.500026037858e+01  ,2.978184748263e+00  ,1.049044769824e+01  
  1.966220805540e-03  ,1.500035435630e+01  ,3.130207278544e+00  ,1.102592351874e+01  
  1.970053050413e-03  ,1.500037427907e+01  ,3.431784814826e+00  ,1.208818362706e+01  
  1.972010000020e-03  ,1.499974553039e+01  ,3.584524607084e+00  ,1.262618518553e+01  
  1.972011000018e-03  ,1.442068871530e+01  ,3.584455860452e+00  ,1.262645933289e+01  
  1.972013000126e-03  ,1.321303788388e+01  ,3.584224927167e+00  ,1.262700757829e+01  
  1.972017000343e-03  ,1.067181041933e+01  ,3.583781009694e+00  ,1.262810438938e+01  
  1.972020000020e-03  ,8.646961977711e+00  ,3.583508378931e+00  ,1.262892679095e+01  
  1.972020800063e-03  ,8.543291764317e+00  ,3.583562894646e+00  ,1.262914609293e+01  
  1.972022400076e-03  ,8.338447569068e+00  ,3.583758725730e+00  ,1.262958479679e+01  
  1.972025600100e-03  ,7.943321099536e+00  ,3.584284679972e+00  ,1.263046217411e+01  
  1.972032000149e-03  ,7.207940672364e+00  ,3.585379351694e+00  ,1.263221669743e+01  
  1.972044800246e-03  ,5.932401733045e+00  ,3.588334605267e+00  ,1.263572560477e+01  
  1.972058725381e-03  ,4.791816942122e+00  ,3.598204595258e+00  ,1.263954187369e+01  
  1.972067643726e-03  ,4.356445271805e+00  ,1.402250904526e+01  ,1.264134109639e+01  
  1.972076013708e-03  ,4.341998711355e+00  ,4.355513135555e+01  ,1.264139920622e+01  
  1.972082286352e-03  ,4.134289781360e+00  ,5.281878729521e+01  ,3.636972709034e-02  
  1.972085556785e-03  ,3.936467157257e+00  ,5.284779670549e+01  ,-2.053750890586e-01  
  1.972087127367e-03  ,3.843543251191e+00  ,5.282953972865e+01  ,-4.096849431376e-03  
  1.972090268532e-03  ,3.664828798759e+00  ,5.283272272684e+01  ,1.012444345541e-02  
  1.972096550861e-03  ,3.331527508715e+00  ,5.284250507930e+01  ,5.647169129891e-03  
  1.972109115520e-03  ,2.750568026980e+00  ,5.286130416059e+01  ,4.592782430039e-03  
  1.972134244839e-03  ,1.860686258295e+00  ,5.289882519382e+01  ,3.312439326827e-03  
  1.972175366083e-03  ,9.413931906080e-01  ,5.296008000652e+01  ,1.971836600596e-03  
  1.972221362987e-03  ,4.553924770584e-01  ,5.302839382892e+01  ,1.261859769313e-03  
  1.972269452015e-03  ,1.918058647264e-01  ,5.309961196267e+01  ,8.759670052506e-04  
  1.972324377695e-03  ,8.004393135648e-02  ,5.318071622349e+01  ,7.110474163061e-04  
  1.972413081327e-03  ,6.877249362368e-03  ,5.331120056675e+01  ,6.011072645983e-04  
  1.972507900396e-03  ,2.593456393261e-03  ,5.345001069060e+01  ,5.913332938679e-04  
  1.972697538534e-03  ,7.927290149752e-04  ,5.372557630118e+01  ,5.816558937285e-04  
  1.972919196287e-03  ,1.961686058286e-03  ,5.404419106841e+01  ,5.752043164126e-04  
  1.973362511793e-03  ,1.916771212462e-03  ,5.467010286907e+01  ,5.588817364863e-04  
  1.974249142805e-03  ,1.623178152614e-03  ,5.587625581849e+01  ,5.265334505343e-04  
  1.976022404829e-03  ,1.407419385065e-03  ,5.810358584822e+01  ,4.651018352890e-04  
  1.979568928877e-03  ,1.107965389251e-03  ,6.180416206063e+01  ,3.494728168861e-04  
  1.982000000020e-03  ,8.613162405427e-04  ,6.375438345737e+01  ,2.786292031517e-04  
  1.982001000018e-03  ,5.775072369516e-01  ,6.375521976323e+01  ,-1.012578366483e-03  
  1.982001884868e-03  ,1.095147972007e+00  ,6.375596328200e+01  ,-2.188372029112e-03  
  1.982003654567e-03  ,2.160194566369e+00  ,6.375744717904e+01  ,-4.505502201366e-03  
  1.982007193965e-03  ,4.412558816802e+00  ,6.376039811527e+01  ,-8.959898115763e-03  
  1.982010000020e-03  ,6.311225734578e+00  ,6.376272215734e+01  ,-1.232655265614e-02  
  1.982010707900e-03  ,6.403533836146e+00  ,6.376321323746e+01  ,-1.224700255385e-02  
  1.982012123696e-03  ,6.584273377663e+00  ,6.376418482218e+01  ,-1.198681067012e-02  
  1.982014955289e-03  ,6.936671455926e+00  ,6.376612812699e+01  ,-1.147357088233e-02  
  1.982020618476e-03  ,7.600834781348e+00  ,6.377001818716e+01  ,-1.050577952190e-02  
  1.982031944848e-03  ,8.774005301284e+00  ,6.377781076810e+01  ,-8.796722085965e-03  
  1.982043354667e-03  ,9.771494672188e+00  ,6.378567429057e+01  ,-7.343555499322e-03  
  1.982051392354e-03  ,9.973393111119e+00  ,4.110039683208e+01  ,9.858547517898e+00  
  1.982059064962e-03  ,1.000018575789e+01  ,1.073493722033e+01  ,9.858718208890e+00  
  1.982063384808e-03  ,1.018786736024e+01  ,3.400525181999e+00  ,9.859634495532e+00  
  1.982067481138e-03  ,1.046830777939e+01  ,2.662334457765e+00  ,9.860714610328e+00  
  1.982069801993e-03  ,1.062564183926e+01  ,2.744431828109e+00  ,9.861363652829e+00  
  1.982072730072e-03  ,1.081618747351e+01  ,2.799999347722e+00  ,9.862186307377e+00  
  1.982078586228e-03  ,1.117225140811e+01  ,2.809729613498e+00  ,9.863833412604e+00  
  1.982090298541e-03  ,1.179823915861e+01  ,2.804702191230e+00  ,9.867132185970e+00  
  1.982110081322e-03  ,1.263360508690e+01  ,2.803333358266e+00  ,9.872710090030e+00  
  1.982149646885e-03  ,1.372598202848e+01  ,2.807470243408e+00  ,9.883865482737e+00  
  1.982228778012e-03  ,1.476740387345e+01  ,2.812435905937e+00  ,9.906172826781e+00  
  1.982346223004e-03  ,1.516337264948e+01  ,2.821631088312e+00  ,9.939272184137e+00  
  1.982518814213e-03  ,1.497820611361e+01  ,2.835521905498e+00  ,9.987893584859e+00  
  1.982675288327e-03  ,1.497093877137e+01  ,2.848030413440e+00  ,1.003195392198e+01  
  1.982988236554e-03  ,1.501190918560e+01  ,2.873013302230e+00  ,1.012001593649e+01  
  1.983614133008e-03  ,1.499232691256e+01  ,2.922957391802e+00  ,1.029590559164e+01  
  1.984711430676e-03  ,1.499816721167e+01  ,3.010285837867e+00  ,1.060351534022e+01  
  1.986906026013e-03  ,1.500018752433e+01  ,3.184133705183e+00  ,1.121587067495e+01  
  1.991295216687e-03  ,1.499992904400e+01  ,3.528600850459e+00  ,1.242920242483e+01  
  1.992010000020e-03  ,1.500001335738e+01  ,3.584291792572e+00  ,1.262536546670e+01  
  1.992011000018e-03  ,1.442322996710e+01  ,3.584222275460e+00  ,1.262563961507e+01  
  1.992013000126e-03  ,1.321550430878e+01  ,3.583991058171e+00  ,1.262618787274e+01  
  1.992017000343e-03  ,1.067413245160e+01  ,3.583547040750e+00  ,1.262728468692e+01  
  1.992020000020e-03  ,8.649180711206e+00  ,3.583274404763e+00  ,1.262810709552e+01  
  1.992020800063e-03  ,8.545483896196e+00  ,3.583328889543e+00  ,1.262832639943e+01  
  1.992022400076e-03  ,8.340587138024e+00  ,3.583524664521e+00  ,1.262876510697e+01  
  1.992025600100e-03  ,7.945359278590e+00  ,3.584050499233e+00  ,1.262964249170e+01  
  1.992032000149e-03  ,7.209790149318e+00  ,3.585144795966e+00  ,1.263139703010e+01  
  1.992044800246e-03  ,5.933923873893e+00  ,3.588097907589e+00  ,1.263490596761e+01  
  1.992058726871e-03  ,4.792934972074e+00  ,3.597943665592e+00  ,1.263872268009e+01  
  1.992067645216e-03  ,4.356517987631e+00  ,1.396866335435e+01  ,1.264052621309e+01  
  1.992076016689e-03  ,4.341946808057e+00  ,4.349784514242e+01  ,1.264058795047e+01  
  1.992082296783e-03  ,4.134685607869e+00  ,5.281521325979e+01  ,3.931853675387e-02  
  1.992085568333e-03  ,3.936788950444e+00  ,5.284460894012e+01  ,-2.061963107579e-01  
  1.992087137798e-03  ,3.843921192585e+00  ,5.282627193950e+01  ,-4.151434555467e-03  
  1.992090276727e-03  ,3.665313456505e+00  ,5.282944385392e+01  ,1.014362018024e-02  
  1.992096554587e-03  ,3.332195048686e+00  ,5.283922075990e+01  ,5.649182080359e-03  
  1.992109110305e-03  ,2.753094615375e+00  ,5.285805411091e+01  ,4.426568557993e-03  
  1.992134221742e-03  ,1.872815076135e+00  ,5.289553374654e+01  ,3.517086963719e-03  
  1.992173519084e-03  ,9.863438217088e-01  ,5.295410581170e+01  ,2.038119994480e-03  
  1.992218127200e-03  ,4.424109901118e-01  ,5.302037076616e+01  ,1.242950975842e-03  
  1.992263629386e-03  ,1.762391188953e-01  ,5.308777126499e+01  ,8.534821014045e-04  
  1.992332746932e-03  ,5.623779462360e-02  ,5.318981551305e+01  ,6.760247312108e-04  
  1.992413833091e-03  ,4.608211988776e-03  ,5.330905672427e+01  ,5.977539392121e-04  
  1.992510130355e-03  ,-7.863352691834e-03  ,5.345001171046e+01  ,5.759891696647e-04  
  1.992702724883e-03  ,-5.376697286098e-03  ,5.372980020704e+01  ,5.724555798380e-04  
  1.992993404815e-03  ,4.389008375697e-03  ,5.414671706997e+01  ,5.759920907415e-04  
  1.993574764678e-03  ,-2.580944556607e-05  ,5.496107205668e+01  ,5.483665061163e-04  
  1.994478084991e-03  ,1.129421696986e-03  ,5.617434360901e+01  ,5.177131237747e-04  
  1.995733883331e-03  ,1.471426694335e-03  ,5.775453305644e+01  ,4.746963312235e-04  
  1.998245480010e-03  ,1.202610034262e-03  ,6.053813859061e+01  ,3.920709357816e-04  
  2.002000000020e-03  ,8.923197915137e-04  ,6.375081357059e+01  ,2.765537357416e-04  
  2.002001000018e-03  ,5.775377326421e-01  ,6.375164986116e+01  ,-1.013415969815e-03  
  2.002001884774e-03  ,1.095122937981e+00  ,6.375239326915e+01  ,-2.187807073602e-03  
  2.002003654287e-03  ,2.160052145907e+00  ,6.375387723920e+01  ,-4.505003624731e-03  
  2.002007193313e-03  ,4.412156564088e+00  ,6.375682826825e+01  ,-8.959016696086e-03  
  2.002010000020e-03  ,6.311251772627e+00  ,6.375915316829e+01  ,-1.232646891869e-02  
  2.002010707825e-03  ,6.403549986625e+00  ,6.375964427641e+01  ,-1.224693240637e-02  
  2.002012123435e-03  ,6.586185428612e+00  ,6.376061602557e+01  ,-1.198694408030e-02  
  2.002014954656e-03  ,6.939987440030e+00  ,6.376255897879e+01  ,-1.146869851310e-02  
  2.002020617097e-03  ,7.603793926415e+00  ,6.376644919180e+01  ,-1.050149262476e-02  
  2.002031941980e-03  ,8.776352625672e+00  ,6.377424206945e+01  ,-8.793232096153e-03  
  2.002043350309e-03  ,9.773344632010e+00  ,6.378210590125e+01  ,-7.340814714089e-03  
  2.002051387995e-03  ,9.973469601947e+00  ,4.100462758121e+01  ,9.858739688669e+00  
  2.002059062093e-03  ,1.000030274066e+01  ,1.063585167200e+01  ,9.858914432359e+00  
  2.002063370019e-03  ,1.018880978441e+01  ,3.394746420813e+00  ,9.859830677612e+00  
  2.002067448467e-03  ,1.046805849719e+01  ,2.663690250380e+00  ,9.860908436478e+00  
  2.002069770068e-03  ,1.062544215006e+01  ,2.744858922077e+00  ,9.861557663581e+00  
  2.002072705224e-03  ,1.081644258209e+01  ,2.800072375399e+00  ,9.862382286815e+00  
  2.002078575536e-03  ,1.117330925772e+01  ,2.809735054026e+00  ,9.864033383312e+00  
  2.002090316161e-03  ,1.179893269458e+01  ,2.799263737598e+00  ,9.867343481458e+00  
  2.002102585777e-03  ,1.234689499208e+01  ,2.803469618592e+00  ,9.870803135768e+00  
  2.002127125010e-03  ,1.317946531057e+01  ,2.805695588476e+00  ,9.877722097533e+00  
  2.002176203474e-03  ,1.416710286585e+01  ,2.808100994494e+00  ,9.891558817236e+00  
  2.002274360403e-03  ,1.497743430219e+01  ,2.816011992320e+00  ,9.919226942842e+00  
  2.002402677282e-03  ,1.499974751070e+01  ,2.826291550643e+00  ,9.955385162088e+00  
  2.002628197416e-03  ,1.500013603871e+01  ,2.844300398161e+00  ,1.001890223885e+01  
  2.002867712721e-03  ,1.500012046346e+01  ,2.863451120019e+00  ,1.008631650601e+01  
  2.003346743330e-03  ,1.500020902077e+01  ,2.901690237527e+00  ,1.022100762143e+01  
  2.004304804548e-03  ,1.500025877639e+01  ,2.978012560268e+00  ,1.048984119039e+01  
  2.006220926985e-03  ,1.500035201021e+01  ,3.130036025122e+00  ,1.102532030127e+01  
  2.010053171858e-03  ,1.500037176560e+01  ,3.431615414671e+00  ,1.208758693693e+01  
  2.012010000020e-03  ,1.499974772957e+01  ,3.584346690715e+00  ,1.262555850626e+01  
  2.012011000018e-03  ,1.442071005426e+01  ,3.584277939304e+00  ,1.262583265539e+01  
  2.012013000126e-03  ,1.321305859453e+01  ,3.584047004726e+00  ,1.262638090446e+01  
  2.012017000343e-03  ,1.067182991747e+01  ,3.583603085118e+00  ,1.262747772256e+01  
  2.012020000020e-03  ,8.646980608365e+00  ,3.583330450492e+00  ,1.262830012948e+01  
  2.012020800063e-03  ,8.543310171560e+00  ,3.583384963576e+00  ,1.262851943288e+01  
  2.012022400076e-03  ,8.338465534867e+00  ,3.583580789728e+00  ,1.262895813959e+01  
  2.012025600100e-03  ,7.943338213835e+00  ,3.584106735940e+00  ,1.262983552260e+01  
  2.012032000149e-03  ,7.207956201814e+00  ,3.585201386267e+00  ,1.263159005731e+01  
  2.012044800246e-03  ,5.932414512606e+00  ,3.588156543279e+00  ,1.263509898743e+01  
  2.012058725381e-03  ,4.791827252994e+00  ,3.598025841385e+00  ,1.263891528122e+01  
  2.012067642236e-03  ,4.356448413991e+00  ,1.401610184620e+01  ,1.264071471525e+01  
  2.012076010728e-03  ,4.341991801795e+00  ,4.354255605897e+01  ,1.264077347151e+01  
  2.012082283372e-03  ,4.134411502260e+00  ,5.281397540672e+01  ,3.696119024517e-02  
  2.012085553432e-03  ,3.936607028051e+00  ,5.284306129604e+01  ,-2.055376913460e-01  
  2.012087123455e-03  ,3.843712058590e+00  ,5.282478815746e+01  ,-4.109554284979e-03  
  2.012090263503e-03  ,3.665051847412e+00  ,5.282796764967e+01  ,1.012920968179e-02  
  2.012096543597e-03  ,3.331843655867e+00  ,5.283774693550e+01  ,5.647938982934e-03  
  2.012109103786e-03  ,2.751018929357e+00  ,5.285653906012e+01  ,4.593432372872e-03  
  2.012134224163e-03  ,1.861264106004e+00  ,5.289404614040e+01  ,3.313298211064e-03  
  2.012175363289e-03  ,9.413913358675e-01  ,5.295532658086e+01  ,1.971851144939e-03  
  2.012221354233e-03  ,4.554382582809e-01  ,5.302363039859e+01  ,1.261943918682e-03  
  2.012269443260e-03  ,1.918295390135e-01  ,5.309484736194e+01  ,8.760190361458e-04  
  2.012324357020e-03  ,8.007079285797e-02  ,5.317593273658e+01  ,7.111046034116e-04  
  2.012413048731e-03  ,6.889471303925e-03  ,5.330639761436e+01  ,6.011436852733e-04  
  2.012507855879e-03  ,2.595747557003e-03  ,5.344518839596e+01  ,5.913558049647e-04  
  2.012697470175e-03  ,7.905681792674e-04  ,5.372071610989e+01  ,5.816730551711e-04  
  2.012919080244e-03  ,1.962122349214e-03  ,5.403925960169e+01  ,5.752272954299e-04  
  2.013362300383e-03  ,1.917314903781e-03  ,5.466503521944e+01  ,5.589088970821e-04  
  2.014248740660e-03  ,1.421541146625e-03  ,5.587100313288e+01  ,5.264538644090e-04  
  2.016021621214e-03  ,1.581231504706e-03  ,5.809792496842e+01  ,4.652156661114e-04  
  2.019567382323e-03  ,9.468778488681e-04  ,6.179810096920e+01  ,3.494935203349e-04  
  2.022000000020e-03  ,1.006073610246e-03  ,6.374982282795e+01  ,2.786811159197e-04  
  2.022001000018e-03  ,5.776498318694e-01  ,6.375065917012e+01  ,-1.012349700832e-03  
  2.022001884681e-03  ,1.095178425297e+00  ,6.375140257989e+01  ,-2.187889450755e-03  
  2.022003654008e-03  ,2.159988110909e+00  ,6.375288626298e+01  ,-4.504552860980e-03  
  2.022007192661e-03  ,4.411828594406e+00  ,6.375583677779e+01  ,-8.958084000633e-03  
  2.022010000020e-03  ,6.311348981221e+00  ,6.375816205680e+01  ,-1.232634484748e-02  
  2.022010707751e-03  ,6.403636549717e+00  ,6.375865307358e+01  ,-1.224682578950e-02  
  2.022012123175e-03  ,6.586246375834e+00  ,6.375962461520e+01  ,-1.198687180370e-02  
  2.022014954023e-03  ,6.940000234968e+00  ,6.376156714835e+01  ,-1.146869801782e-02  
  2.022020615719e-03  ,7.603721915046e+00  ,6.376545652391e+01  ,-1.050161642922e-02  
  2.022031939111e-03  ,8.776149304583e+00  ,6.377324772382e+01  ,-8.793547148241e-03  
  2.022043345950e-03  ,9.773052496872e+00  ,6.378110987008e+01  ,-7.341258539490e-03  
  2.022051382147e-03  ,9.973452611621e+00  ,4.102455062026e+01  ,9.858352622103e+00  
  2.022059054754e-03  ,1.000026936209e+01  ,1.066084368447e+01  ,9.858526162735e+00  
  2.022063364915e-03  ,1.018851332121e+01  ,3.396245620972e+00  ,9.859442591615e+00  
  2.022067447088e-03  ,1.046801135453e+01  ,2.663258203289e+00  ,9.860520658995e+00  
  2.022069767944e-03  ,1.062534920628e+01  ,2.744643091148e+00  ,9.861169691314e+00  
  2.022072700493e-03  ,1.081618901059e+01  ,2.799952243833e+00  ,9.861993592459e+00  
  2.022078565590e-03  ,1.117277359272e+01  ,2.809639300884e+00  ,9.863643226128e+00  
  2.022090295784e-03  ,1.179797379058e+01  ,2.799143514826e+00  ,9.866950395388e+00  
  2.022102544538e-03  ,1.234524069001e+01  ,2.803356433427e+00  ,9.870404181364e+00  
  2.022127042047e-03  ,1.317713561224e+01  ,2.805582111760e+00  ,9.877311406924e+00  
  2.022176037065e-03  ,1.416481106163e+01  ,2.807977542730e+00  ,9.891124658445e+00  
  2.022274027101e-03  ,1.497622072246e+01  ,2.815875889256e+00  ,9.918745867346e+00  
  2.022402296297e-03  ,1.499972655522e+01  ,2.826151272465e+00  ,9.954890827128e+00  
  2.022627458803e-03  ,1.500014128735e+01  ,2.844131501447e+00  ,1.001830752703e+01  
  2.022866783373e-03  ,1.500012488462e+01  ,2.863267156539e+00  ,1.008566853199e+01  
  2.023345432512e-03  ,1.500021957151e+01  ,2.901476091231e+00  ,1.022025334064e+01  
  2.024302730791e-03  ,1.500027281052e+01  ,2.977738297527e+00  ,1.048887516501e+01  
  2.026217327349e-03  ,1.500037254471e+01  ,3.129642512022e+00  ,1.102393424675e+01  
  2.030046520464e-03  ,1.500039376408e+01  ,3.430987295336e+00  ,1.208537452048e+01  
  2.032010000020e-03  ,1.499972837012e+01  ,3.584239783368e+00  ,1.262518190838e+01  
  2.032011000018e-03  ,1.442051406078e+01  ,3.584171091066e+00  ,1.262545605872e+01  
  2.032013000126e-03  ,1.321286837202e+01  ,3.583940178566e+00  ,1.262600430915e+01  
  2.032017000343e-03  ,1.067165083115e+01  ,3.583496265471e+00  ,1.262710113217e+01  
  2.032020000020e-03  ,8.646809489162e+00  ,3.583223628728e+00  ,1.262792354229e+01  
  2.032020800063e-03  ,8.543141103972e+00  ,3.583278142478e+00  ,1.262814284654e+01  
  2.032022400076e-03  ,8.338300521126e+00  ,3.583473969765e+00  ,1.262858155496e+01  
  2.032025600100e-03  ,7.943181019671e+00  ,3.583999920228e+00  ,1.262945894139e+01  
  2.032032000149e-03  ,7.207813561019e+00  ,3.585094586551e+00  ,1.263121348293e+01  
  2.032044800246e-03  ,5.932297116628e+00  ,3.588049853208e+00  ,1.263472242672e+01  
  2.032058725381e-03  ,4.791732459919e+00  ,3.597920918134e+00  ,1.263853873520e+01  
  2.032067643726e-03  ,4.356433194292e+00  ,1.402588216972e+01  ,1.264033771190e+01  
  2.032076013708e-03  ,4.341996020917e+00  ,4.355911713774e+01  ,1.264039555310e+01  
  2.032082285607e-03  ,4.134169914947e+00  ,5.281327851353e+01  ,3.569768748354e-02  
  2.032085556040e-03  ,3.936350712289e+00  ,5.284220347371e+01  ,-2.052220657736e-01  
  2.032087126808e-03  ,3.843418950597e+00  ,5.282396117875e+01  ,-4.086600384624e-03  
  2.032090268346e-03  ,3.664689555873e+00  ,5.282714584603e+01  ,1.012107586075e-02  
  2.032096551420e-03  ,3.331363094970e+00  ,5.283692846835e+01  ,5.646748622589e-03  
  2.032109117569e-03  ,2.750368959781e+00  ,5.285572867943e+01  ,4.592505545387e-03  
  2.032134249868e-03  ,1.860460633191e+00  ,5.289325200949e+01  ,3.312110055474e-03  
  2.032175365152e-03  ,9.413770290247e-01  ,5.295449444864e+01  ,1.971812304022e-03  
  2.032221362056e-03  ,4.553846226800e-01  ,5.302280440634e+01  ,1.261847716620e-03  
  2.032269445123e-03  ,1.918279314391e-01  ,5.309400971475e+01  ,8.759988730585e-04  
  2.032324370803e-03  ,8.005296225650e-02  ,5.317510945896e+01  ,7.110604336521e-04  
  2.032413062515e-03  ,6.884266825543e-03  ,5.330556909527e+01  ,6.011180210158e-04  
  2.032507881584e-03  ,2.594523563651e-03  ,5.344437170809e+01  ,5.913356339025e-04  
  2.032697519721e-03  ,7.913163240672e-04  ,5.371992264701e+01  ,5.816551132297e-04  
  2.032919129791e-03  ,1.961841308723e-03  ,5.403845272508e+01  ,5.752081563202e-04  
  2.033362349929e-03  ,1.917038840525e-03  ,5.466420194291e+01  ,5.588903406575e-04  
  2.034248790206e-03  ,1.421625343822e-03  ,5.587011878386e+01  ,5.264369400187e-04  
  2.036021670761e-03  ,1.581039135446e-03  ,5.809694551779e+01  ,4.652004156616e-04  
  2.039567431869e-03  ,9.469511749067e-04  ,6.179696024175e+01  ,3.494823116729e-04  
  2.042000000020e-03  ,1.005929380773e-03  ,6.374855925677e+01  ,2.786731386048e-04  
  2.042001000018e-03  ,5.776496892806e-01  ,6.374939557066e+01  ,-1.012357083742e-03  
  2.042001884681e-03  ,1.095178284145e+00  ,6.375013895545e+01  ,-2.187896840689e-03  
  2.042003654008e-03  ,2.159987972579e+00  ,6.375162258862e+01  ,-4.504560254299e-03  
  2.042007192661e-03  ,4.411828461502e+00  ,6.375457300359e+01  ,-8.958091409546e-03  
  2.042010000020e-03  ,6.311348852722e+00  ,6.375689820341e+01  ,-1.232635226757e-02  
  2.042010707751e-03  ,6.403636422223e+00  ,6.375738920021e+01  ,-1.224683372423e-02  
  2.042012123175e-03  ,6.586246250327e+00  ,6.375836070179e+01  ,-1.198687984313e-02  
  2.042014954023e-03  ,6.940000113309e+00  ,6.376030315485e+01  ,-1.146870599815e-02  
  2.042020615719e-03  ,7.603721800611e+00  ,6.376419237030e+01  ,-1.050162438697e-02  
  2.042031939111e-03  ,8.776149202912e+00  ,6.377198325031e+01  ,-8.793555067884e-03  
  2.042043345950e-03  ,9.773052406062e+00  ,6.377984507476e+01  ,-7.341266425332e-03  
  2.042051382147e-03  ,9.973451668068e+00  ,4.102320543372e+01  ,9.858081727640e+00  
  2.042059054754e-03  ,1.000026949711e+01  ,1.065956900008e+01  ,9.858255360804e+00  
  2.042063364915e-03  ,1.018853361653e+01  ,3.396077833432e+00  ,9.859171774626e+00  
  2.042067447088e-03  ,1.046803159848e+01  ,2.663191942084e+00  ,9.860249888591e+00  
  2.042069768317e-03  ,1.062539338348e+01  ,2.744571382418e+00  ,9.860899024260e+00  
  2.042072701238e-03  ,1.081625487706e+01  ,2.799875736028e+00  ,9.861723031557e+00  
  2.042078567080e-03  ,1.117287725113e+01  ,2.809561140027e+00  ,9.863372879187e+00  
  2.042090298764e-03  ,1.179813347634e+01  ,2.799067263489e+00  ,9.866680477691e+00  
  2.042102550499e-03  ,1.234549588938e+01  ,2.803279883143e+00  ,9.870135113374e+00  
  2.042127053968e-03  ,1.317748151468e+01  ,2.805505816495e+00  ,9.877044038237e+00  
  2.042176060907e-03  ,1.416514471800e+01  ,2.807902538309e+00  ,9.890860687731e+00  
  2.042274074785e-03  ,1.497639462887e+01  ,2.815802805646e+00  ,9.918488689755e+00  
  2.042402367823e-03  ,1.499973115438e+01  ,2.826080185044e+00  ,9.954640460411e+00  
  2.042627578012e-03  ,1.500014011765e+01  ,2.844064285123e+00  ,1.001807074612e+01  
  2.042866950266e-03  ,1.500012391572e+01  ,2.863203789133e+00  ,1.008544532856e+01  
  2.043345694773e-03  ,1.500021726435e+01  ,2.901420418101e+00  ,1.022005723724e+01  
  2.044303183786e-03  ,1.500026974484e+01  ,2.977697950019e+00  ,1.048873304236e+01  
  2.046218161814e-03  ,1.500036806086e+01  ,3.129632567804e+00  ,1.102389921234e+01  
  2.050048117868e-03  ,1.500038896111e+01  ,3.431037174978e+00  ,1.208555020573e+01  
  2.052010000020e-03  ,1.499973260169e+01  ,3.584165048283e+00  ,1.262491867284e+01  
  2.052011000018e-03  ,1.442055721133e+01  ,3.584096343807e+00  ,1.262519282390e+01  
  2.052013000126e-03  ,1.321291025202e+01  ,3.583865427016e+00  ,1.262574107593e+01  
  2.052017000343e-03  ,1.067169025933e+01  ,3.583421511720e+00  ,1.262683790185e+01  
  2.052020000020e-03  ,8.646847163298e+00  ,3.583148873359e+00  ,1.262766031422e+01  
  2.052020800063e-03  ,8.543178326396e+00  ,3.583203385628e+00  ,1.262787961907e+01  
  2.052022400076e-03  ,8.338336851001e+00  ,3.583399210166e+00  ,1.262831832868e+01  
  2.052025600100e-03  ,7.943215627891e+00  ,3.583925155771e+00  ,1.262919571751e+01  
  2.052032000149e-03  ,7.207844964944e+00  ,3.585019808382e+00  ,1.263095026383e+01  
  2.052044800246e-03  ,5.932322961875e+00  ,3.587975007022e+00  ,1.263445921720e+01  
  2.052058725381e-03  ,4.791753324799e+00  ,3.597845423871e+00  ,1.263827553616e+01  
  2.052067643726e-03  ,4.356433011132e+00  ,1.402471295772e+01  ,1.264007461240e+01  
  2.052076013708e-03  ,4.341993549370e+00  ,4.355777210600e+01  ,1.264013253200e+01  
  2.052082285607e-03  ,4.134171822923e+00  ,5.281223687151e+01  ,3.571573441410e-02  
  2.052085556040e-03  ,3.936352593673e+00  ,5.284116449618e+01  ,-2.052308751778e-01  
  2.052087126808e-03  ,3.843420771995e+00  ,5.282292130272e+01  ,-4.087152691177e-03  
  2.052090268346e-03  ,3.664691290294e+00  ,5.282610579733e+01  ,1.012126176456e-02  
  2.052096551420e-03  ,3.331364669423e+00  ,5.283588824292e+01  ,5.646755649030e-03  
  2.052109117569e-03  ,2.750370253699e+00  ,5.285468806389e+01  ,4.592500458347e-03  
  2.052134249868e-03  ,1.860461496631e+00  ,5.289221061139e+01  ,3.312105217383e-03  
  2.052175365152e-03  ,9.413774474404e-01  ,5.295345177336e+01  ,1.971806878778e-03  
  2.052221362056e-03  ,4.553848054620e-01  ,5.302176030718e+01  ,1.261841978202e-03  
  2.052269445123e-03  ,1.918279865129e-01  ,5.309296413333e+01  ,8.759929864233e-04  
  2.052324370803e-03  ,8.005296328461e-02  ,5.317406219213e+01  ,7.110545106685e-04  
  2.052413062515e-03  ,6.884232651820e-03  ,5.330451912446e+01  ,6.011121176670e-04  
  2.052507881584e-03  ,2.594487626484e-03  ,5.344331887049e+01  ,5.913298023869e-04  
  2.052697519721e-03  ,7.912801485806e-04  ,5.371886415026e+01  ,5.816494319242e-04  
  2.052919129791e-03  ,1.961806445142e-03  ,5.403738774084e+01  ,5.752026494651e-04  
  2.053362349929e-03  ,1.917005442931e-03  ,5.466312439032e+01  ,5.588851781118e-04  
  2.054248790206e-03  ,1.421594679842e-03  ,5.586901772033e+01  ,5.264324416217e-04  
  2.056021670761e-03  ,1.581014473713e-03  ,5.809580391494e+01  ,4.651971774875e-04  
  2.059567431869e-03  ,9.469378318606e-04  ,6.179576311255e+01  ,3.494813427868e-04  
  2.062000000020e-03  ,1.005923766317e-03  ,6.374734333734e+01  ,2.786735479790e-04  
  2.062001000018e-03  ,5.776496836694e-01  ,6.374817964667e+01  ,-1.012356150216e-03  
  2.062001884681e-03  ,1.095178278537e+00  ,6.374892302748e+01  ,-2.187895882593e-03  
  2.062003654008e-03  ,2.159987966976e+00  ,6.375040665268e+01  ,-4.504559311424e-03  
  2.062007192661e-03  ,4.411828455910e+00  ,6.375335705174e+01  ,-8.958090490937e-03  
  2.062010000020e-03  ,6.311348847138e+00  ,6.375568223895e+01  ,-1.232635136514e-02  
  2.062010707751e-03  ,6.403636416641e+00  ,6.375617323259e+01  ,-1.224683330552e-02  
  2.062012123175e-03  ,6.586246244749e+00  ,6.375714472775e+01  ,-1.198687952631e-02  
  2.062014954023e-03  ,6.940000107737e+00  ,6.375908716797e+01  ,-1.146870563111e-02  
  2.062020615719e-03  ,7.603721795050e+00  ,6.376297635781e+01  ,-1.050162401093e-02  
  2.062031939111e-03  ,8.776149197376e+00  ,6.377076718687e+01  ,-8.793554675273e-03  
  2.062043345950e-03  ,9.773052400554e+00  ,6.377862896034e+01  ,-7.341266018873e-03  
  2.062051382147e-03  ,9.973451386215e+00  ,4.102195795331e+01  ,9.857933315014e+00  
  2.062059054754e-03  ,1.000027028119e+01  ,1.065839480424e+01  ,9.858107036522e+00  
  2.062063364915e-03  ,1.018855339465e+01  ,3.395948207440e+00  ,9.859023435082e+00  
  2.062067447088e-03  ,1.046805130655e+01  ,2.663159722235e+00  ,9.860101591640e+00  
  2.062069768317e-03  ,1.062541238405e+01  ,2.744534578804e+00  ,9.860750727844e+00  
  2.062072701238e-03  ,1.081627301169e+01  ,2.799834192815e+00  ,9.861574736126e+00  
  2.062078567080e-03  ,1.117289383664e+01  ,2.809518538842e+00  ,9.863224586435e+00  
  2.062090298764e-03  ,1.179814735972e+01  ,2.799025448689e+00  ,9.866532189907e+00  
  2.062102550499e-03  ,1.234550739731e+01  ,2.803237791350e+00  ,9.869986830745e+00  
  2.062127053968e-03  ,1.317748941547e+01  ,2.805463675525e+00  ,9.876895765927e+00  
  2.062176060907e-03  ,1.416514833790e+01  ,2.807860475487e+00  ,9.890712436056e+00  
  2.062274074785e-03  ,1.497639473159e+01  ,2.815760729004e+00  ,9.918340479329e+00  
  2.062402367823e-03  ,1.499973115586e+01  ,2.826038122444e+00  ,9.954492303958e+00  
  2.062627578012e-03  ,1.500014011737e+01  ,2.844022250789e+00  ,1.001792268436e+01  
  2.062866950266e-03  ,1.500012391550e+01  ,2.863161782675e+00  ,1.008529736739e+01  
  2.063345694773e-03  ,1.500021726373e+01  ,2.901378468697e+00  ,1.021990947703e+01  
  2.064303183786e-03  ,1.500026974399e+01  ,2.977656114498e+00  ,1.048858568327e+01  
  2.066218161814e-03  ,1.500036805958e+01  ,3.129590959122e+00  ,1.102375265222e+01  
  2.070048117868e-03  ,1.500038895973e+01  ,3.430996016288e+00  ,1.208540523059e+01  
  2.072010000020e-03  ,1.499973260305e+01  ,3.584124118203e+00  ,1.262477450294e+01  
  2.072011000018e-03  ,1.442055722371e+01  ,3.584055414076e+00  ,1.262504865441e+01  
  2.072013000126e-03  ,1.321291026403e+01  ,3.583824497521e+00  ,1.262559690726e+01  
  2.072017000343e-03  ,1.067169027063e+01  ,3.583380581915e+00  ,1.262669373482e+01  
  2.072020000020e-03  ,8.646847174075e+00  ,3.583107942672e+00  ,1.262751614841e+01  
  2.072020800063e-03  ,8.543178337036e+00  ,3.583162454389e+00  ,1.262773545359e+01  
  2.072022400076e-03  ,8.338336861368e+00  ,3.583358277887e+00  ,1.262817416386e+01  
  2.072025600100e-03  ,7.943215637735e+00  ,3.583884221858e+00  ,1.262905155400e+01  
  2.072032000149e-03  ,7.207844973797e+00  ,3.584978870223e+00  ,1.263080610294e+01  
  2.072044800246e-03  ,5.932322968845e+00  ,3.587934050580e+00  ,1.263431506154e+01  
  2.072058725381e-03  ,4.791753328663e+00  ,3.597804359415e+00  ,1.263813138622e+01  
  2.072067643726e-03  ,4.356432118208e+00  ,1.402461794131e+01  ,1.263993047333e+01  
  2.072076013708e-03  ,4.341992664439e+00  ,4.355767014190e+01  ,1.263998839511e+01  
  2.072082285607e-03  ,4.134155591861e+00  ,5.281124778469e+01  ,3.563631662407e-02  
  2.072085556040e-03  ,3.936336877726e+00  ,5.284016556479e+01  ,-2.052140213817e-01  
  2.072087126994e-03  ,3.843394624601e+00  ,5.282192416075e+01  ,-4.085376052917e-03  
  2.072090268904e-03  ,3.664645663599e+00  ,5.282510943949e+01  ,1.012046265257e-02  
  2.072096552724e-03  ,3.331285408344e+00  ,5.283489287332e+01  ,5.646588931705e-03  
  2.072109120363e-03  ,2.751841291882e+00  ,5.285374339442e+01  ,4.426015184929e-03  
  2.072134255642e-03  ,1.871261100606e+00  ,5.289125803123e+01  ,3.513584087545e-03  
  2.072173523182e-03  ,9.860217726539e-01  ,5.294978425227e+01  ,2.037658184666e-03  
  2.072218131298e-03  ,4.423011536348e-01  ,5.301604783813e+01  ,1.242804529088e-03  
  2.072263639444e-03  ,1.761853997421e-01  ,5.308345579613e+01  ,8.534166265638e-04  
  2.072332768911e-03  ,5.620742531700e-02  ,5.318551556508e+01  ,6.759929517539e-04  
  2.072413866991e-03  ,4.597367662062e-03  ,5.330477185427e+01  ,5.977502634320e-04  
  2.072510188097e-03  ,-7.865112223560e-03  ,5.344575877736e+01  ,5.759979744844e-04  
  2.072702830309e-03  ,-5.373600957606e-03  ,5.372561035721e+01  ,5.724699686996e-04  
  2.072993605608e-03  ,4.388785332154e-03  ,5.414265371838e+01  ,5.759985790625e-04  
  2.073575156206e-03  ,-2.601966330220e-05  ,5.495725118087e+01  ,5.483670174543e-04  
  2.074479239458e-03  ,1.129421426972e-03  ,5.617148119087e+01  ,5.176883501321e-04  
  2.075735419268e-03  ,1.471264219859e-03  ,5.775201304020e+01  ,4.746614852498e-04  
  2.078247778887e-03  ,1.202431679307e-03  ,6.053611096953e+01  ,3.920186086298e-04  
  2.082000000020e-03  ,8.923659046448e-04  ,6.374661360927e+01  ,2.765811549849e-04  
  2.082001000018e-03  ,5.775377788779e-01  ,6.374744995200e+01  ,-1.013386529615e-03  
  2.082001884774e-03  ,1.095122984436e+00  ,6.374819340667e+01  ,-2.187781014380e-03  
  2.082003654287e-03  ,2.160052192776e+00  ,6.374967746934e+01  ,-4.504976795922e-03  
  2.082007193313e-03  ,4.412156611760e+00  ,6.375262868382e+01  ,-8.958989809271e-03  
  2.082010000020e-03  ,6.311251821208e+00  ,6.375495373098e+01  ,-1.232644209672e-02  
  2.082010707825e-03  ,6.403550035361e+00  ,6.375544487634e+01  ,-1.224690722173e-02  
  2.082012123435e-03  ,6.586185477648e+00  ,6.375641669969e+01  ,-1.198691923205e-02  
  2.082014954656e-03  ,6.939987489647e+00  ,6.375835980122e+01  ,-1.146867349936e-02  
  2.082020617097e-03  ,7.603793977126e+00  ,6.376225031106e+01  ,-1.050146758829e-02  
  2.082031941980e-03  ,8.776352678328e+00  ,6.377004378310e+01  ,-8.793207006970e-03  
  2.082043350309e-03  ,9.773344686336e+00  ,6.377790821464e+01  ,-7.340789583707e-03  
  2.082051387995e-03  ,9.973470500254e+00  ,4.100046816351e+01  ,9.858563724446e+00  
  2.082059062093e-03  ,1.000030740856e+01  ,1.063196197764e+01  ,9.858738770950e+00  
  2.082063370019e-03  ,1.018887869206e+01  ,3.394394367420e+00  ,9.859654959904e+00  
  2.082067447722e-03  ,1.046807677467e+01  ,2.663714423121e+00  ,9.860732669507e+00  
  2.082069769695e-03  ,1.062548398045e+01  ,2.744831511011e+00  ,9.861381997881e+00  
  2.082072705224e-03  ,1.081650602486e+01  ,2.800021986902e+00  ,9.862206725658e+00  
  2.082078576281e-03  ,1.117341068245e+01  ,2.809681760746e+00  ,9.863858034948e+00  
  2.082090318396e-03  ,1.179909051495e+01  ,2.799216242179e+00  ,9.867168559279e+00  
  2.082102592483e-03  ,1.234720965789e+01  ,2.803420315829e+00  ,9.870629480104e+00  
  2.082127140656e-03  ,1.317993692937e+01  ,2.805646342821e+00  ,9.877550974817e+00  
  2.082176237002e-03  ,1.416758078792e+01  ,2.808053894462e+00  ,9.891392759504e+00  
  2.082274429694e-03  ,1.497769323567e+01  ,2.815967621314e+00  ,9.919071010850e+00  
  2.082402746573e-03  ,1.499975103709e+01  ,2.826247284136e+00  ,9.955229286963e+00  
  2.082628362074e-03  ,1.500013517468e+01  ,2.844263808328e+00  ,1.001877331492e+01  
  2.082867925063e-03  ,1.500011971986e+01  ,2.863418352558e+00  ,1.008620108627e+01  
  2.083347051039e-03  ,1.500020723813e+01  ,2.901665122567e+00  ,1.022091915524e+01  
  2.084305302992e-03  ,1.500025640117e+01  ,2.978002687808e+00  ,1.048980641241e+01  
  2.086221806898e-03  ,1.500034853231e+01  ,3.130056390171e+00  ,1.102539202818e+01  
  2.090054814711e-03  ,1.500036803839e+01  ,3.431695274213e+00  ,1.208786822355e+01  
  2.092010000020e-03  ,1.499975101825e+01  ,3.584298234512e+00  ,1.262538783243e+01  
  2.092011000018e-03  ,1.442074389845e+01  ,3.584229473459e+00  ,1.262566198201e+01  
  2.092013000126e-03  ,1.321309144216e+01  ,3.583998535452e+00  ,1.262621023222e+01  
  2.092017000343e-03  ,1.067186084204e+01  ,3.583554614223e+00  ,1.262730705212e+01  
  2.092020000020e-03  ,8.647010157468e+00  ,3.583281978507e+00  ,1.262812946049e+01  
  2.092020800063e-03  ,8.543339366373e+00  ,3.583336490575e+00  ,1.262834876428e+01  
  2.092022400076e-03  ,8.338494029627e+00  ,3.583532314835e+00  ,1.262878747176e+01  
  2.092025600100e-03  ,7.943365358251e+00  ,3.584058257641e+00  ,1.262966485633e+01  
  2.092032000149e-03  ,7.207980833011e+00  ,3.585152898269e+00  ,1.263141939414e+01  
  2.092044800246e-03  ,5.932434784015e+00  ,3.588108006475e+00  ,1.263492833047e+01  
  2.092058725381e-03  ,4.791843618553e+00  ,3.597976823216e+00  ,1.263874463106e+01  
  2.092067642236e-03  ,4.356448492631e+00  ,1.401520833993e+01  ,1.264054413966e+01  
  2.092076010728e-03  ,4.341990082096e+00  ,4.354152627047e+01  ,1.264060294560e+01  
  2.092082282627e-03  ,4.134413032359e+00  ,5.281054484231e+01  ,3.689145951942e-02  
  2.092085552314e-03  ,3.936630142336e+00  ,5.283962112419e+01  ,-2.055165535394e-01  
  2.092087122338e-03  ,3.843734665041e+00  ,5.282135011138e+01  ,-4.108685239413e-03  
  2.092090262385e-03  ,3.665073397066e+00  ,5.282452984486e+01  ,1.012887977150e-02  
  2.092096542479e-03  ,3.331863239463e+00  ,5.283430933033e+01  ,5.647991074691e-03  
  2.092109102668e-03  ,2.751035098053e+00  ,5.285310193163e+01  ,4.593491662200e-03  
  2.092134223046e-03  ,1.861275051127e+00  ,5.289060997034e+01  ,3.313348617006e-03  
  2.092175362172e-03  ,9.413968855076e-01  ,5.295189198802e+01  ,1.971893638597e-03  
  2.092221359076e-03  ,4.553942690568e-01  ,5.302020642069e+01  ,1.261913980582e-03  
  2.092269442143e-03  ,1.918320409450e-01  ,5.309141641348e+01  ,8.760570539762e-04  
  2.092324355902e-03  ,8.007185124475e-02  ,5.317250394028e+01  ,7.111405074827e-04  
  2.092413047614e-03  ,6.889584883343e-03  ,5.330297233269e+01  ,6.011781970802e-04  
  2.092507854762e-03  ,2.595806462192e-03  ,5.344176692404e+01  ,5.913902256429e-04  
  2.092697469057e-03  ,7.906053619640e-04  ,5.371730242062e+01  ,5.817074193295e-04  
  2.092919055285e-03  ,1.962130881842e-03  ,5.403582121362e+01  ,5.752624752525e-04  
  2.093362227740e-03  ,1.917382166030e-03  ,5.466155075036e+01  ,5.589458475918e-04  
  2.094248572649e-03  ,1.421618165057e-03  ,5.586743981003e+01  ,5.264940927330e-04  
  2.096021262469e-03  ,1.581334447664e-03  ,5.809425735428e+01  ,4.652621373101e-04  
  2.099566642107e-03  ,9.470465944121e-04  ,6.179443648797e+01  ,3.495512104482e-04  
  2.102000000020e-03  ,1.006178445082e-03  ,6.374702597161e+01  ,2.787157916656e-04  
  2.102001000018e-03  ,5.776499366775e-01  ,6.374786240117e+01  ,-1.012313772467e-03  
  2.102001884681e-03  ,1.095178530098e+00  ,6.374860588828e+01  ,-2.187852912326e-03  
  2.102003654008e-03  ,2.159988215699e+00  ,6.375008972624e+01  ,-4.504516489557e-03  
  2.102007192661e-03  ,4.411828699175e+00  ,6.375304055079e+01  ,-8.958047708804e-03  
  2.102010000020e-03  ,6.311349086276e+00  ,6.375536607557e+01  ,-1.232630859286e-02  
  2.102010707751e-03  ,6.403636654774e+00  ,6.375585715446e+01  ,-1.224679059182e-02  
  2.102012123175e-03  ,6.586246480893e+00  ,6.375682882010e+01  ,-1.198683683402e-02  
  2.102014954023e-03  ,6.940000340030e+00  ,6.375877160127e+01  ,-1.146866293705e-02  
  2.102020615719e-03  ,7.603722020116e+00  ,6.376266147296e+01  ,-1.050158133924e-02  
  2.102031939111e-03  ,8.776149409672e+00  ,6.377045366549e+01  ,-8.793512030229e-03  
  2.102043345950e-03  ,9.773052601986e+00  ,6.377831681216e+01  ,-7.341223405266e-03  
  2.102051382147e-03  ,9.973454659082e+00  ,4.102189592906e+01  ,9.858496300461e+00  
  2.102059054754e-03  ,1.000027397817e+01  ,1.065838074819e+01  ,9.858670040841e+00  
  2.102063364915e-03  ,1.018855968274e+01  ,3.396085941126e+00  ,9.859586431278e+00  
  2.102067447088e-03  ,1.046805746634e+01  ,2.663320274656e+00  ,9.860664586432e+00  
  2.102069768317e-03  ,1.062541835080e+01  ,2.744696795695e+00  ,9.861313719071e+00  
  2.102072701238e-03  ,1.081627870570e+01  ,2.799995029654e+00  ,9.862137722428e+00  
  2.102078567080e-03  ,1.117289903571e+01  ,2.809678361151e+00  ,9.863787563368e+00  
  2.102090298764e-03  ,1.179815171078e+01  ,2.799185478274e+00  ,9.867095148076e+00  
  2.102102550499e-03  ,1.234551100325e+01  ,2.803397695021e+00  ,9.870549769324e+00  
  2.102127053968e-03  ,1.317749189027e+01  ,2.805623490881e+00  ,9.877458665334e+00  
  2.102176060907e-03  ,1.416514947148e+01  ,2.808020293154e+00  ,9.891275257142e+00  
  2.102274074785e-03  ,1.497639476322e+01  ,2.815920471594e+00  ,9.918903143816e+00  
  2.102402367823e-03  ,1.499973115597e+01  ,2.826197805051e+00  ,9.955054763544e+00  
  2.102627578012e-03  ,1.500014011695e+01  ,2.844181832854e+00  ,1.001848478444e+01  
  2.102866950266e-03  ,1.500012391509e+01  ,2.863321255568e+00  ,1.008585908560e+01  
  2.103345694773e-03  ,1.500021726320e+01  ,2.901537724968e+00  ,1.022047043230e+01  
  2.104303183786e-03  ,1.500026974339e+01  ,2.977814938426e+00  ,1.048914511574e+01  
  2.106218161814e-03  ,1.500036805885e+01  ,3.129748921884e+00  ,1.102430905150e+01  
  2.110048117868e-03  ,1.500038895897e+01  ,3.431152270704e+00  ,1.208595561268e+01  
  2.112010000020e-03  ,1.499973260313e+01  ,3.584279504722e+00  ,1.262532182801e+01  
  2.112011000018e-03  ,1.442055722723e+01  ,3.584210799255e+00  ,1.262559597793e+01  
  2.112013000126e-03  ,1.321291026745e+01  ,3.583979881797e+00  ,1.262614422767e+01  
  2.112017000343e-03  ,1.067169027389e+01  ,3.583535967367e+00  ,1.262724104901e+01  
  2.112020000020e-03  ,8.646847177256e+00  ,3.583263331470e+00  ,1.262806345794e+01  
  2.112020800063e-03  ,8.543178340212e+00  ,3.583317845286e+00  ,1.262828276188e+01  
  2.112022400076e-03  ,8.338336864535e+00  ,3.583513672728e+00  ,1.262872146966e+01  
  2.112025600100e-03  ,7.943215640871e+00  ,3.584039622901e+00  ,1.262959885483e+01  
  2.112032000149e-03  ,7.207844976947e+00  ,3.585134287378e+00  ,1.263135339382e+01  
  2.112044800246e-03  ,5.932322972635e+00  ,3.588089537107e+00  ,1.263486233253e+01  
  2.112058725381e-03  ,4.791753338421e+00  ,3.597960255476e+00  ,1.263867863552e+01  
  2.112067643726e-03  ,4.356435509763e+00  ,1.402497749287e+01  ,1.264047768029e+01  
  2.112076013708e-03  ,4.341996022861e+00  ,4.355805587111e+01  ,1.264053557807e+01  
  2.112082285607e-03  ,4.134149151820e+00  ,5.281100685617e+01  ,3.558634003078e-02  
  2.112085556040e-03  ,3.936330587734e+00  ,5.283991857795e+01  ,-2.052014228009e-01  
  2.112087126994e-03  ,3.843388506146e+00  ,5.282167857251e+01  ,-4.084556349445e-03  
  2.112090268904e-03  ,3.664639835099e+00  ,5.282486431672e+01  ,1.012027050340e-02  
  2.112096552724e-03  ,3.331280119609e+00  ,5.283464845289e+01  ,5.646615452735e-03  
  2.112109120363e-03  ,2.751836947675e+00  ,5.285350042540e+01  ,4.426066703049e-03  
  2.112134255642e-03  ,1.871258191921e+00  ,5.289101797151e+01  ,3.513614232844e-03  
  2.112173523182e-03  ,9.860203069705e-01  ,5.294954873035e+01  ,2.037701959270e-03  
  2.112218131298e-03  ,4.423005742202e-01  ,5.301581746903e+01  ,1.242849546158e-03  
  2.112263639444e-03  ,1.761852540397e-01  ,5.308323067990e+01  ,8.534621653572e-04  
  2.112332768911e-03  ,5.620747503222e-02  ,5.318529842056e+01  ,6.760386209751e-04  
  2.112413866991e-03  ,4.597501308733e-03  ,5.330456404956e+01  ,5.977958729387e-04  
  2.112510188097e-03  ,-7.864958505010e-03  ,5.344556204859e+01  ,5.760433995033e-04  
  2.112702830309e-03  ,-5.373451796511e-03  ,5.372543572394e+01  ,5.725149635183e-04  
  2.112993605608e-03  ,4.388917814102e-03  ,5.414251229158e+01  ,5.760429255949e-04  
  2.113575156206e-03  ,-2.588156985338e-05  ,5.495717562624e+01  ,5.484101515479e-04  
  2.114479239458e-03  ,1.129555025821e-03  ,5.617150652440e+01  ,5.177296596165e-04  
  2.115735419268e-03  ,1.471393351818e-03  ,5.775217527100e+01  ,4.747004478354e-04  
  2.118247778887e-03  ,1.202552522238e-03  ,6.053653442273e+01  ,3.920534537468e-04  
  2.122000000020e-03  ,8.924723493347e-04  ,6.374739161859e+01  ,2.766105944741e-04  
  2.122001000018e-03  ,5.775378853167e-01  ,6.374822804965e+01  ,-1.013357260141e-03  
  2.122001884774e-03  ,1.095123090868e+00  ,6.374897158246e+01  ,-2.187751806292e-03  
  2.122003654287e-03  ,2.160052299197e+00  ,6.375045580138e+01  ,-4.504947568872e-03  
  2.122007193313e-03  ,4.412156718156e+00  ,6.375340732837e+01  ,-8.958960565402e-03  
  2.122010000020e-03  ,6.311251927586e+00  ,6.375573262336e+01  ,-1.232641284344e-02  
  2.122010707825e-03  ,6.403550141736e+00  ,6.375622383131e+01  ,-1.224687761107e-02  
  2.122012123435e-03  ,6.586185584018e+00  ,6.375719577990e+01  ,-1.198688954889e-02  
  2.122014954656e-03  ,6.939987596009e+00  ,6.375913913192e+01  ,-1.146864385327e-02  
  2.122020617097e-03  ,7.603794083471e+00  ,6.376303014264e+01  ,-1.050143795826e-02  
  2.122031941980e-03  ,8.776352784636e+00  ,6.377082461609e+01  ,-8.793177396230e-03  
  2.122043350309e-03  ,9.773344792604e+00  ,6.377869005590e+01  ,-7.340759995155e-03  
  2.122051387995e-03  ,9.973473033281e+00  ,4.100145380337e+01  ,9.859082045231e+00  
  2.122059062093e-03  ,1.000030935993e+01  ,1.063292085117e+01  ,9.859257032199e+00  
  2.122063370019e-03  ,1.018886679533e+01  ,3.394598284558e+00  ,9.860173228273e+00  
  2.122067447722e-03  ,1.046806484376e+01  ,2.663853905148e+00  ,9.861250901465e+00  
  2.122069769323e-03  ,1.062544783264e+01  ,2.744976074005e+00  ,9.861900124808e+00  
  2.122072704851e-03  ,1.081647148463e+01  ,2.800171140815e+00  ,9.862724848384e+00  
  2.122078575909e-03  ,1.117337906617e+01  ,2.809829750928e+00  ,9.864376148953e+00  
  2.122090318024e-03  ,1.179906405552e+01  ,2.799362928285e+00  ,9.867686655952e+00  
  2.122102592110e-03  ,1.234718773231e+01  ,2.803567430649e+00  ,9.871147558724e+00  
  2.122127140283e-03  ,1.317992188638e+01  ,2.805793502447e+00  ,9.878069017320e+00  
  2.122176236629e-03  ,1.416757390657e+01  ,2.808200915948e+00  ,9.891910729789e+00  
  2.122274429321e-03  ,1.497769305035e+01  ,2.816114632527e+00  ,9.919588836750e+00  
  2.122402746200e-03  ,1.499975103428e+01  ,2.826394243254e+00  ,9.955746924257e+00  
  2.122628361702e-03  ,1.500013517504e+01  ,2.844410671592e+00  ,1.001929062076e+01  
  2.122867924690e-03  ,1.500011972010e+01  ,2.863565116830e+00  ,1.008671804039e+01  
  2.123347050667e-03  ,1.500020723910e+01  ,2.901811687332e+00  ,1.022143540665e+01  
  2.124305302620e-03  ,1.500025640255e+01  ,2.978148854365e+00  ,1.049032126128e+01  
  2.126221806526e-03  ,1.500034853446e+01  ,3.130201763562e+00  ,1.102590408336e+01  
  2.130054814338e-03  ,1.500036804072e+01  ,3.431839074165e+00  ,1.208837473671e+01  
  2.132010000020e-03  ,1.499975101568e+01  ,3.584441267460e+00  ,1.262589164394e+01  
  2.132011000018e-03  ,1.442074387570e+01  ,3.584372505180e+00  ,1.262616579210e+01  
  2.132013000126e-03  ,1.321309142007e+01  ,3.584141566344e+00  ,1.262671403944e+01  
  2.132017000343e-03  ,1.067186082129e+01  ,3.583697646199e+00  ,1.262781085363e+01  
  2.132020000020e-03  ,8.647010137699e+00  ,3.583425013562e+00  ,1.262863325771e+01  
  2.132020800063e-03  ,8.543339346871e+00  ,3.583479527563e+00  ,1.262885256035e+01  
  2.132022400076e-03  ,8.338494010655e+00  ,3.583675355453e+00  ,1.262929126555e+01  
  2.132025600100e-03  ,7.943365340288e+00  ,3.584201303970e+00  ,1.263016864553e+01  
  2.132032000149e-03  ,7.207980816991e+00  ,3.585295959431e+00  ,1.263192317418e+01  
  2.132044800246e-03  ,5.932434771932e+00  ,3.588251131507e+00  ,1.263543209220e+01  
  2.132058725381e-03  ,4.791843614961e+00  ,3.598120325405e+00  ,1.263924837283e+01  
  2.132067642236e-03  ,4.356451613547e+00  ,1.401553989441e+01  ,1.264104784264e+01  
  2.132076010728e-03  ,4.341993174486e+00  ,4.354188205580e+01  ,1.264110662992e+01  
  2.132082282627e-03  ,4.134421861162e+00  ,5.281118984062e+01  ,3.692166043678e-02  
  2.132085552314e-03  ,3.936638652779e+00  ,5.284026996183e+01  ,-2.055215570249e-01  
  2.132087122338e-03  ,3.843742969691e+00  ,5.282199861768e+01  ,-4.108959244674e-03  
  2.132090262385e-03  ,3.665081321720e+00  ,5.282517858701e+01  ,1.012899368290e-02  
  2.132096542479e-03  ,3.331870454777e+00  ,5.283495863061e+01  ,5.648035406598e-03  
  2.132109102668e-03  ,2.751041074676e+00  ,5.285375233716e+01  ,4.593530443632e-03  
  2.132134223046e-03  ,1.861279128743e+00  ,5.289126258594e+01  ,3.313384802436e-03  
  2.132175362172e-03  ,9.413989988644e-01  ,5.295254821988e+01  ,1.971926895911e-03  
  2.132221359076e-03  ,4.553953437944e-01  ,5.302086669028e+01  ,1.261945641338e-03  
  2.132269448103e-03  ,1.918071364792e-01  ,5.309208971276e+01  ,8.760505451141e-04  
  2.132324361863e-03  ,8.006165261862e-02  ,5.317318201602e+01  ,7.111553282026e-04  
  2.132413053574e-03  ,6.889015030381e-03  ,5.330365810442e+01  ,6.012068854684e-04  
  2.132507860722e-03  ,2.595800134418e-03  ,5.344246089581e+01  ,5.914195628467e-04  
  2.132697475018e-03  ,7.908335734013e-04  ,5.371801270570e+01  ,5.817367530018e-04  
  2.132919085087e-03  ,1.962247040010e-03  ,5.403658448652e+01  ,5.752903728757e-04  
  2.133362305226e-03  ,1.917441486132e-03  ,5.466241707572e+01  ,5.589711510950e-04  
  2.134248745503e-03  ,1.421719390919e-03  ,5.586850041532e+01  ,5.265146678923e-04  
  2.136021626057e-03  ,1.581375242456e-03  ,5.809565820327e+01  ,4.652736406278e-04  
  2.139567387165e-03  ,9.470615144787e-04  ,6.179632010367e+01  ,3.495469930476e-04  
  2.142000000020e-03  ,1.006226426614e-03  ,6.374837811406e+01  ,2.787326684800e-04  
  2.142001000018e-03  ,5.776499849090e-01  ,6.374921459638e+01  ,-1.012297732386e-03  
  2.142001884681e-03  ,1.095178578530e+00  ,6.374995813016e+01  ,-2.187837526758e-03  
  2.142003654008e-03  ,2.159988264522e+00  ,6.375144206130e+01  ,-4.504500938683e-03  
  2.142007192661e-03  ,4.411828748749e+00  ,6.375439307221e+01  ,-8.958032104416e-03  
  2.142010000020e-03  ,6.311349136417e+00  ,6.375671874483e+01  ,-1.232629297173e-02  
  2.142010707751e-03  ,6.403636705055e+00  ,6.375720986101e+01  ,-1.224677440664e-02  
  2.142012123175e-03  ,6.586246531452e+00  ,6.375818160137e+01  ,-1.198682052931e-02  
  2.142014954023e-03  ,6.940000391126e+00  ,6.376012453198e+01  ,-1.146864669121e-02  
  2.142020615719e-03  ,7.603722072219e+00  ,6.376401470245e+01  ,-1.050156510784e-02  
  2.142031939111e-03  ,8.776149463547e+00  ,6.377180749213e+01  ,-8.793495819480e-03  
  2.142043345950e-03  ,9.773052657359e+00  ,6.377967123981e+01  ,-7.341207214851e-03  
  2.142051382147e-03  ,9.973456284983e+00  ,4.102338815978e+01  ,9.858897560569e+00  
  2.142059054754e-03  ,1.000027447550e+01  ,1.065980277009e+01  ,9.859071201001e+00  
  2.142063364915e-03  ,1.018853810443e+01  ,3.396297560003e+00  ,9.859987606768e+00  
  2.142067447088e-03  ,1.046803592282e+01  ,2.663422421228e+00  ,9.861065709588e+00  
  2.142069768317e-03  ,1.062539759170e+01  ,2.744805168224e+00  ,9.861714840178e+00  
  2.142072701238e-03  ,1.081625889237e+01  ,2.800108623097e+00  ,9.862538840406e+00  
  2.142078567080e-03  ,1.117288091155e+01  ,2.809792842835e+00  ,9.864188674413e+00  
  2.142090298764e-03  ,1.179813653905e+01  ,2.799299085205e+00  ,9.867496245723e+00  
  2.142102550499e-03  ,1.234549842715e+01  ,2.803511589321e+00  ,9.870950853018e+00  
  2.142127053968e-03  ,1.317748325580e+01  ,2.805737410325e+00  ,9.877859721119e+00  
  2.142176060907e-03  ,1.416514551532e+01  ,2.808134118496e+00  ,9.891676257119e+00  
  2.142274074785e-03  ,1.497639465074e+01  ,2.816034284290e+00  ,9.919304032219e+00  
  2.142402367823e-03  ,1.499973115421e+01  ,2.826311577148e+00  ,9.955455505960e+00  
  2.142627578012e-03  ,1.500014011712e+01  ,2.844295531149e+00  ,1.001888527071e+01  
  2.142866950266e-03  ,1.500012391520e+01  ,2.863434877152e+00  ,1.008625929981e+01  
  2.143345694773e-03  ,1.500021726374e+01  ,2.901651192219e+00  ,1.022087010291e+01  
  2.144303183786e-03  ,1.500026974419e+01  ,2.977928097639e+00  ,1.048954370139e+01  
  2.146218161814e-03  ,1.500036806012e+01  ,3.129861467531e+00  ,1.102470547605e+01  
  2.150048117868e-03  ,1.500038896035e+01  ,3.431263599186e+00  ,1.208634775009e+01  
  2.152010000020e-03  ,1.499973260151e+01  ,3.584390214844e+00  ,1.262571178736e+01  
  2.152011000018e-03  ,1.442055721357e+01  ,3.584321508427e+00  ,1.262598593617e+01  
  2.152013000126e-03  ,1.321291025419e+01  ,3.584090590326e+00  ,1.262653418369e+01  
  2.152017000343e-03  ,1.067169026143e+01  ,3.583646676736e+00  ,1.262763100061e+01  
  2.152020000020e-03  ,8.646847165401e+00  ,3.583374043223e+00  ,1.262845340622e+01  
  2.152020800063e-03  ,8.543178328523e+00  ,3.583428558534e+00  ,1.262867270926e+01  
  2.152022400076e-03  ,8.338336853173e+00  ,3.583624388787e+00  ,1.262911141528e+01  
  2.152025600100e-03  ,7.943215630134e+00  ,3.584150343380e+00  ,1.262998879690e+01  
  2.152032000149e-03  ,7.207844967420e+00  ,3.585245019338e+00  ,1.263174332881e+01  
  2.152044800246e-03  ,5.932322965647e+00  ,3.588200318506e+00  ,1.263525225334e+01  
  2.152058725381e-03  ,4.791753337551e+00  ,3.598071328833e+00  ,1.263906854087e+01  
  2.152067643726e-03  ,4.356437925615e+00  ,1.402523403870e+01  ,1.264086755584e+01  
  2.152076013708e-03  ,4.341998415994e+00  ,4.355833113092e+01  ,1.264092544155e+01  
  2.152082285607e-03  ,4.134166336226e+00  ,5.281211351810e+01  ,3.566317376769e-02  
  2.152085556040e-03  ,3.936347205441e+00  ,5.284103481783e+01  ,-2.052169459661e-01  
  2.152087126994e-03  ,3.843404709286e+00  ,5.282279342000e+01  ,-4.085490324529e-03  
  2.152090268904e-03  ,3.664655290055e+00  ,5.282597921185e+01  ,1.012056276705e-02  
  2.152096552724e-03  ,3.331294178938e+00  ,5.283576371863e+01  ,5.646663752656e-03  
  2.152109120363e-03  ,2.751848571804e+00  ,5.285461638863e+01  ,4.426085858180e-03  
  2.152134255642e-03  ,1.871266115113e+00  ,5.289213532023e+01  ,3.513653327286e-03  
  2.152173517222e-03  ,9.861306278773e-01  ,5.295065937487e+01  ,2.037877874314e-03  
  2.152218125338e-03  ,4.423604626877e-01  ,5.301693059155e+01  ,1.242951822816e-03  
  2.152263627524e-03  ,1.762427003004e-01  ,5.308433750204e+01  ,8.535610815976e-04  
  2.152332756991e-03  ,5.622545030518e-02  ,5.318640908498e+01  ,6.760799294625e-04  
  2.152413843149e-03  ,4.603893967204e-03  ,5.330566170194e+01  ,5.978206441135e-04  
  2.152510164255e-03  ,-7.866351166112e-03  ,5.344666508197e+01  ,5.760566997200e-04  
  2.152702806467e-03  ,-5.376177810278e-03  ,5.372654942277e+01  ,5.725260702770e-04  
  2.152993534083e-03  ,4.389536170121e-03  ,5.414357398177e+01  ,5.760602904783e-04  
  2.153574989313e-03  ,-2.601930128183e-05  ,5.495813884676e+01  ,5.484291025799e-04  
  2.154478595728e-03  ,1.129535172008e-03  ,5.617190187548e+01  ,5.177645363174e-04  
  2.155734584803e-03  ,1.471542609703e-03  ,5.775246036843e+01  ,4.747397888282e-04  
  2.158246562952e-03  ,1.202694843265e-03  ,6.053669930987e+01  ,3.921003596089e-04  
  2.162000000020e-03  ,8.925144615582e-04  ,6.374888463280e+01  ,2.766143307830e-04  
  2.162001000018e-03  ,5.775379271227e-01  ,6.374972108510e+01  ,-1.013354224435e-03  
  2.162001884774e-03  ,1.095123132461e+00  ,6.375046463645e+01  ,-2.187747008726e-03  
  2.162003654287e-03  ,2.160052340379e+00  ,6.375194889286e+01  ,-4.504943178151e-03  
  2.162007193313e-03  ,4.412156758547e+00  ,6.375490049472e+01  ,-8.958956219480e-03  
  2.162010000020e-03  ,6.311251967077e+00  ,6.375722584908e+01  ,-1.232640847367e-02  
  2.162010707825e-03  ,6.403550181077e+00  ,6.375771707199e+01  ,-1.224687263622e-02  
  2.162012123435e-03  ,6.586185623065e+00  ,6.375868905063e+01  ,-1.198688445294e-02  
  2.162014954656e-03  ,6.939987634485e+00  ,6.376063246275e+01  ,-1.146863881820e-02  
  2.162020617097e-03  ,7.603794120875e+00  ,6.376452359360e+01  ,-1.050143293661e-02  
  2.162031941980e-03  ,8.776352820140e+00  ,6.377231830692e+01  ,-8.793172399144e-03  
  2.162043350309e-03  ,9.773344826484e+00  ,6.378018398790e+01  ,-7.340755020709e-03  
  2.162051387995e-03  ,9.973473809892e+00  ,4.100301943309e+01  ,9.859341758492e+00  
  2.162059062093e-03  ,1.000030884397e+01  ,1.063440002288e+01  ,9.859516636429e+00  
  2.162063370019e-03  ,1.018884265730e+01  ,3.394779710569e+00  ,9.860432851176e+00  
  2.162067448467e-03  ,1.046809110947e+01  ,2.663874276062e+00  ,9.861510660473e+00  
  2.162069770440e-03  ,1.062549829544e+01  ,2.745039542570e+00  ,9.862159985346e+00  
  2.162072705596e-03  ,1.081649620630e+01  ,2.800243637973e+00  ,9.862984602854e+00  
  2.162078575909e-03  ,1.117335830907e+01  ,2.809904938878e+00  ,9.864635689492e+00  
  2.162090316534e-03  ,1.179897374512e+01  ,2.799435671332e+00  ,9.867945767609e+00  
  2.162102587640e-03  ,1.234699015045e+01  ,2.803640813612e+00  ,9.871405821063e+00  
  2.162127129853e-03  ,1.317961584941e+01  ,2.805866732766e+00  ,9.878325581104e+00  
  2.162176214277e-03  ,1.416725914349e+01  ,2.808272812595e+00  ,9.892163897081e+00  
  2.162274383127e-03  ,1.497752055992e+01  ,2.816184648544e+00  ,9.919835213879e+00  
  2.162402700007e-03  ,1.499974868506e+01  ,2.826464172250e+00  ,9.955993211600e+00  
  2.162628243983e-03  ,1.500013574565e+01  ,2.844474824284e+00  ,1.001951661199e+01  
  2.162867759287e-03  ,1.500012021448e+01  ,2.863625423318e+00  ,1.008693046152e+01  
  2.163346789896e-03  ,1.500020842774e+01  ,2.901864304034e+00  ,1.022162074254e+01  
  2.164304851114e-03  ,1.500025798765e+01  ,2.978186154045e+00  ,1.049045264609e+01  
  2.166220973551e-03  ,1.500035085637e+01  ,3.130208677277e+00  ,1.102592843973e+01  
  2.170053218424e-03  ,1.500037052984e+01  ,3.431786198549e+00  ,1.208818849473e+01  
  2.172010000020e-03  ,1.499974880960e+01  ,3.584512902914e+00  ,1.262614396496e+01  
  2.172011000018e-03  ,1.442072052161e+01  ,3.584444146974e+00  ,1.262641811241e+01  
  2.172013000126e-03  ,1.321306875366e+01  ,3.584213210287e+00  ,1.262696635821e+01  
  2.172017000343e-03  ,1.067183948189e+01  ,3.583769291553e+00  ,1.262806316963e+01  
  2.172020000020e-03  ,8.646989747378e+00  ,3.583496660489e+00  ,1.262888557156e+01  
  2.172020800063e-03  ,8.543319201037e+00  ,3.583551175707e+00  ,1.262910487362e+01  
  2.172022400076e-03  ,8.338474347906e+00  ,3.583747005873e+00  ,1.262954357768e+01  
  2.172025600100e-03  ,7.943346609372e+00  ,3.584272958264e+00  ,1.263042095537e+01  
  2.172032000149e-03  ,7.207963820388e+00  ,3.585367624379e+00  ,1.263217547943e+01  
  2.172044800246e-03  ,5.932420784068e+00  ,3.588322847187e+00  ,1.263568438828e+01  
  2.172058725381e-03  ,4.791832323894e+00  ,3.598192473923e+00  ,1.263950065887e+01  
  2.172067642236e-03  ,4.356452392938e+00  ,1.401624486143e+01  ,1.264130006651e+01  
  2.172076010728e-03  ,4.341995186818e+00  ,4.354268750792e+01  ,1.264135880937e+01  
  2.172082282627e-03  ,4.134431586015e+00  ,5.281241252502e+01  ,3.696408227515e-02  
  2.172085552314e-03  ,3.936648049403e+00  ,5.284149767638e+01  ,-2.055278148460e-01  
  2.172087122338e-03  ,3.843752136266e+00  ,5.282322577757e+01  ,-4.109335533753e-03  
  2.172090262385e-03  ,3.665090065391e+00  ,5.282640577663e+01  ,1.012909193397e-02  
  2.172096542479e-03  ,3.331878408536e+00  ,5.283618598494e+01  ,5.648053196598e-03  
  2.172109102668e-03  ,2.751047648361e+00  ,5.285498000631e+01  ,4.593542478843e-03  
  2.172134223046e-03  ,1.861283586200e+00  ,5.289249088349e+01  ,3.313393913021e-03  
  2.172175362172e-03  ,9.414012670841e-01  ,5.295377754304e+01  ,1.971932799590e-03  
  2.172221359076e-03  ,4.553964542060e-01  ,5.302209715447e+01  ,1.261949829862e-03  
  2.172269448103e-03  ,1.918076188655e-01  ,5.309332136300e+01  ,8.760537868936e-04  
  2.172324361863e-03  ,8.006186864317e-02  ,5.317441501210e+01  ,7.111581437629e-04  
  2.172413053574e-03  ,6.889056458675e-03  ,5.330489325502e+01  ,6.012093843422e-04  
  2.172507860722e-03  ,2.595831015283e-03  ,5.344369832335e+01  ,5.914219792007e-04  
  2.172697475018e-03  ,7.908595132939e-04  ,5.371925460620e+01  ,5.817390285931e-04  
  2.172919085087e-03  ,1.962275021304e-03  ,5.403783147813e+01  ,5.752924969624e-04  
  2.173362305226e-03  ,1.917467866563e-03  ,5.466367380870e+01  ,5.589729670679e-04  
  2.174248745503e-03  ,1.421741618623e-03  ,5.586977487354e+01  ,5.265158837282e-04  
  2.176021626057e-03  ,1.581391988111e-03  ,5.809696114990e+01  ,4.652737159639e-04  
  2.179567387165e-03  ,9.470654676941e-04  ,6.179765292792e+01  ,3.495449863149e-04  
  2.182000000020e-03  ,1.006223133100e-03  ,6.374971120893e+01  ,2.787293570755e-04  
  2.182001000018e-03  ,5.776499818628e-01  ,6.375054768810e+01  ,-1.012301607241e-03  
  2.182001884681e-03  ,1.095178575482e+00  ,6.375129121904e+01  ,-2.187841424787e-03  
  2.182003654008e-03  ,2.159988261470e+00  ,6.375277514448e+01  ,-4.504504820778e-03  
  2.182007192661e-03  ,4.411828745689e+00  ,6.375572614398e+01  ,-8.958035960010e-03  
  2.182010000020e-03  ,6.311349133050e+00  ,6.375805180753e+01  ,-1.232629680898e-02  
  2.182010707751e-03  ,6.403636701681e+00  ,6.375854292140e+01  ,-1.224677771810e-02  
  2.182012123175e-03  ,6.586246528068e+00  ,6.375951465723e+01  ,-1.198682372988e-02  
  2.182014954023e-03  ,6.940000387724e+00  ,6.376145757879e+01  ,-1.146864994640e-02  
  2.182020615719e-03  ,7.603722068779e+00  ,6.376534773108e+01  ,-1.050156837188e-02  
  2.182031939111e-03  ,8.776149460038e+00  ,6.377314048417e+01  ,-8.793499100927e-03  
  2.182043345950e-03  ,9.773052653785e+00  ,6.378100419462e+01  ,-7.341210510206e-03  
  2.182051382147e-03  ,9.973456369379e+00  ,4.102473795244e+01  ,9.859019860325e+00  
  2.182059054754e-03  ,1.000027338163e+01  ,1.066107029310e+01  ,9.859193404187e+00  
  2.182063364915e-03  ,1.018851634813e+01  ,3.396428132387e+00  ,9.860109826938e+00  
  2.182067447088e-03  ,1.046801425077e+01  ,2.663446399273e+00  ,9.861187883937e+00  
  2.182069767944e-03  ,1.062535203034e+01  ,2.744834116322e+00  ,9.861836912115e+00  
  2.182072700493e-03  ,1.081619170505e+01  ,2.800142687550e+00  ,9.862660807488e+00  
  2.182078565590e-03  ,1.117277604737e+01  ,2.809828815805e+00  ,9.864310430011e+00  
  2.182090295784e-03  ,1.179797584427e+01  ,2.799333101679e+00  ,9.867617577032e+00  
  2.182102546029e-03  ,1.234530356847e+01  ,2.803545998480e+00  ,9.871071759945e+00  
  2.182127046518e-03  ,1.317726413002e+01  ,2.805771785210e+00  ,9.877979779338e+00  
  2.182176047496e-03  ,1.416495754303e+01  ,2.808167702793e+00  ,9.891794618245e+00  
  2.182274049453e-03  ,1.497630711161e+01  ,2.816066957915e+00  ,9.919419000591e+00  
  2.182402318649e-03  ,1.499972774741e+01  ,2.826342303910e+00  ,9.955563715314e+00  
  2.182627504997e-03  ,1.500014099150e+01  ,2.844324321820e+00  ,1.001898669806e+01  
  2.182866829566e-03  ,1.500012463182e+01  ,2.863459843674e+00  ,1.008634724170e+01  
  2.183345478706e-03  ,1.500021896875e+01  ,2.901668516814e+00  ,1.022093112869e+01  
  2.184302776985e-03  ,1.500027200851e+01  ,2.977930200924e+00  ,1.048955111347e+01  
  2.186217373542e-03  ,1.500037137126e+01  ,3.129833375292e+00  ,1.102460653099e+01  
  2.190046566657e-03  ,1.500039250722e+01  ,3.431176094896e+00  ,1.208603953571e+01  
  2.192010000020e-03  ,1.499972946907e+01  ,3.584423936860e+00  ,1.262583056255e+01  
  2.192011000018e-03  ,1.442052474953e+01  ,3.584355239809e+00  ,1.262610471103e+01  
  2.192013000126e-03  ,1.321287874607e+01  ,3.584124325071e+00  ,1.262665295783e+01  
  2.192017000343e-03  ,1.067166059795e+01  ,3.583680412978e+00  ,1.262774977344e+01  
  2.192020000020e-03  ,8.646818821281e+00  ,3.583407780183e+00  ,1.262857217804e+01  
  2.192020800063e-03  ,8.543150324243e+00  ,3.583462296307e+00  ,1.262879148081e+01  
  2.192022400076e-03  ,8.338309520393e+00  ,3.583658128060e+00  ,1.262923018629e+01  
  2.192025600100e-03  ,7.943189592623e+00  ,3.584184085408e+00  ,1.263010756683e+01  
  2.192032000149e-03  ,7.207821340618e+00  ,3.585278769349e+00  ,1.263186209658e+01  
  2.192044800246e-03  ,5.932303520754e+00  ,3.588234109643e+00  ,1.263537101679e+01  
  2.192058725381e-03  ,4.791737638710e+00  ,3.598105548251e+00  ,1.263918729958e+01  
  2.192067643726e-03  ,4.356437572220e+00  ,1.402606160788e+01  ,1.264098624587e+01  
  2.192076013708e-03  ,4.341999788998e+00  ,4.355928718204e+01  ,1.264104407714e+01  
  2.192082285607e-03  ,4.134170480318e+00  ,5.281320481418e+01  ,3.568083206662e-02  
  2.192085556040e-03  ,3.936351204046e+00  ,5.284212795216e+01  ,-2.052173721151e-01  
  2.192087126994e-03  ,3.843408613618e+00  ,5.282388651789e+01  ,-4.085517536974e-03  
  2.192090268904e-03  ,3.664659014065e+00  ,5.282707231163e+01  ,1.012054235187e-02  
  2.192096552724e-03  ,3.331297565201e+00  ,5.283685682198e+01  ,5.646660904077e-03  
  2.192109120363e-03  ,2.751851368934e+00  ,5.285570950344e+01  ,4.426085800955e-03  
  2.192134255642e-03  ,1.871268016937e+00  ,5.289322845802e+01  ,3.513648398615e-03  
  2.192173517222e-03  ,9.861316297224e-01  ,5.295175254491e+01  ,2.037873391773e-03  
  2.192218125338e-03  ,4.423609115926e-01  ,5.301802379423e+01  ,1.242946546538e-03  
  2.192263627524e-03  ,1.762428785389e-01  ,5.308543073344e+01  ,8.535554015797e-04  
  2.192332756991e-03  ,5.622550635018e-02  ,5.318750235117e+01  ,6.760740577679e-04  
  2.192413843149e-03  ,4.603897322724e-03  ,5.330675499542e+01  ,5.978146790049e-04  
  2.192510164255e-03  ,-7.866360735573e-03  ,5.344775838895e+01  ,5.760506953554e-04  
  2.192702806467e-03  ,-5.376185340739e-03  ,5.372764269534e+01  ,5.725200279154e-04  
  2.192993534083e-03  ,4.389537828549e-03  ,5.414466704787e+01  ,5.760541989974e-04  
  2.193574989313e-03  ,-2.602359571033e-05  ,5.495923094716e+01  ,5.484228780895e-04  
  2.194478595728e-03  ,1.129529819219e-03  ,5.617299103636e+01  ,5.177581174026e-04  
  2.195734584803e-03  ,1.471534589160e-03  ,5.775354260217e+01  ,4.747330948453e-04  
  2.198246562952e-03  ,1.202680850279e-03  ,6.053775817483e+01  ,3.920931046737e-04  
  2.202000000020e-03  ,8.924918823088e-04  ,6.374988686028e+01  ,2.766062776695e-04  
  2.202001000018e-03  ,5.775379047950e-01  ,6.375072329422e+01  ,-1.013362751024e-03  
  2.202001884774e-03  ,1.095123110137e+00  ,6.375146682928e+01  ,-2.187755514612e-03  
  2.202003654287e-03  ,2.160052318061e+00  ,6.375295105311e+01  ,-4.504951681656e-03  
  2.202007193313e-03  ,4.412156736241e+00  ,6.375590258979e+01  ,-8.958964704021e-03  
  2.202010000020e-03  ,6.311251944779e+00  ,6.375822789244e+01  ,-1.232641694461e-02  
  2.202010707825e-03  ,6.403550158781e+00  ,6.375871910227e+01  ,-1.224688072079e-02  
  2.202012123435e-03  ,6.586185600772e+00  ,6.375969105482e+01  ,-1.198689245548e-02  
  2.202014954656e-03  ,6.939987612200e+00  ,6.376163441478e+01  ,-1.146864686080e-02  
  2.202020617097e-03  ,7.603794098604e+00  ,6.376552544125e+01  ,-1.050144098401e-02  
  2.202031941980e-03  ,8.776352797890e+00  ,6.377331994567e+01  ,-8.793180457844e-03  
  2.202043350309e-03  ,9.773344804249e+00  ,6.378118541599e+01  ,-7.340763087227e-03  
  2.202051387995e-03  ,9.973473432554e+00  ,4.100399911659e+01  ,9.859354439582e+00  
  2.202059062093e-03  ,1.000030756008e+01  ,1.063531394450e+01  ,9.859529245462e+00  
  2.202063370019e-03  ,1.018882615967e+01  ,3.394855356946e+00  ,9.860445473830e+00  
  2.202067448467e-03  ,1.046807468774e+01  ,2.663870048921e+00  ,9.861523250064e+00  
  2.202069770068e-03  ,1.062545779331e+01  ,2.745038702862e+00  ,9.862172473092e+00  
  2.202072705224e-03  ,1.081645751088e+01  ,2.800248381261e+00  ,9.862997090808e+00  
  2.202078575536e-03  ,1.117332289999e+01  ,2.809909363588e+00  ,9.864648177159e+00  
  2.202090316161e-03  ,1.179894411151e+01  ,2.799438646498e+00  ,9.867958254811e+00  
  2.202102587267e-03  ,1.234696559416e+01  ,2.803644315672e+00  ,9.871418307839e+00  
  2.202127129480e-03  ,1.317959900075e+01  ,2.805870355383e+00  ,9.878338067009e+00  
  2.202176213905e-03  ,1.416725143478e+01  ,2.808276298872e+00  ,9.892176381238e+00  
  2.202274382755e-03  ,1.497752035130e+01  ,2.816188190381e+00  ,9.919847694556e+00  
  2.202402699634e-03  ,1.499974868223e+01  ,2.826467715771e+00  ,9.956005687731e+00  
  2.202628243610e-03  ,1.500013574637e+01  ,2.844478362507e+00  ,1.001952908013e+01  
  2.202867758915e-03  ,1.500012021507e+01  ,2.863628960633e+00  ,1.008694292119e+01  
  2.203346789524e-03  ,1.500020842915e+01  ,2.901867836552e+00  ,1.022163318527e+01  
  2.204304850742e-03  ,1.500025798952e+01  ,2.978189676965e+00  ,1.049046505503e+01  
  2.206220973178e-03  ,1.500035085910e+01  ,3.130212181083e+00  ,1.102594078134e+01  
  2.210053218052e-03  ,1.500037053277e+01  ,3.431789664439e+00  ,1.208820070280e+01  
  2.212010000020e-03  ,1.499974880701e+01  ,3.584516378601e+00  ,1.262615620753e+01  
  2.212011000018e-03  ,1.442072049630e+01  ,3.584447622639e+00  ,1.262643035495e+01  
  2.212013000126e-03  ,1.321306872910e+01  ,3.584216685934e+00  ,1.262697860067e+01  
  2.212017000343e-03  ,1.067183945877e+01  ,3.583772767227e+00  ,1.262807541195e+01  
  2.212020000020e-03  ,8.646989725287e+00  ,3.583500136239e+00  ,1.262889781378e+01  
  2.212020800063e-03  ,8.543319179211e+00  ,3.583554651504e+00  ,1.262911711582e+01  
  2.212022400076e-03  ,8.338474326606e+00  ,3.583750481759e+00  ,1.262955581981e+01  
  2.212025600100e-03  ,7.943346589083e+00  ,3.584276434289e+00  ,1.263043319740e+01  
  2.212032000149e-03  ,7.207963801985e+00  ,3.585371100768e+00  ,1.263218772124e+01  
  2.212044800246e-03  ,5.932420768948e+00  ,3.588326325148e+00  ,1.263569662964e+01  
  2.212058725381e-03  ,4.791832311836e+00  ,3.598195961308e+00  ,1.263951289975e+01  
  2.212067642236e-03  ,4.356452467946e+00  ,1.401625348968e+01  ,1.264131230663e+01  
  2.212076010728e-03  ,4.341995262471e+00  ,4.354269681999e+01  ,1.264137105214e+01  
  2.212082282627e-03  ,4.134445359707e+00  ,5.281322464807e+01  ,3.703484040046e-02  
  2.212085552314e-03  ,3.936661395992e+00  ,5.284231854516e+01  ,-2.055431893550e-01  
  2.212087122338e-03  ,3.843765143752e+00  ,5.282404515104e+01  ,-4.110287339764e-03  
  2.212090262385e-03  ,3.665102469382e+00  ,5.282722497900e+01  ,1.012936193077e-02  
  2.212096542479e-03  ,3.331889687229e+00  ,5.283700512005e+01  ,5.648072583381e-03  
  2.212109102668e-03  ,2.751056959942e+00  ,5.285579895744e+01  ,4.593544679077e-03  
  2.212134223046e-03  ,1.861289880953e+00  ,5.289330946294e+01  ,3.313392636841e-03  
  2.212175362172e-03  ,9.414044407243e-01  ,5.295459551188e+01  ,1.971927020926e-03  
  2.212221353115e-03  ,4.554446700609e-01  ,5.302290559714e+01  ,1.262009919996e-03  
  2.212269442143e-03  ,1.918323200768e-01  ,5.309412911037e+01  ,8.760796208894e-04  
  2.212324349942e-03  ,8.008059920826e-02  ,5.317521317101e+01  ,7.111755081160e-04  
  2.212413041653e-03  ,6.892251976007e-03  ,5.330569015360e+01  ,6.012041236431e-04  
  2.212507836880e-03  ,2.596653673370e-03  ,5.344447645148e+01  ,5.914137162691e-04  
  2.212697427334e-03  ,7.903805927347e-04  ,5.371999567488e+01  ,5.817297765611e-04  
  2.212919013562e-03  ,1.962332796106e-03  ,5.403853580036e+01  ,5.752849147437e-04  
  2.213362186016e-03  ,1.917578684630e-03  ,5.466430689833e+01  ,5.589672299791e-04  
  2.214248530926e-03  ,1.421658047771e-03  ,5.587027465761e+01  ,5.265132217600e-04  
  2.216021220745e-03  ,1.581476098426e-03  ,5.809723187746e+01  ,4.652775877656e-04  
  2.219566600384e-03  ,9.470514001801e-04  ,6.179761984420e+01  ,3.495596202886e-04  
  2.222000000020e-03  ,1.006254127720e-03  ,6.375032826533e+01  ,2.787189922977e-04  
  2.222001000018e-03  ,5.776500119209e-01  ,6.375116471943e+01  ,-1.012312025101e-03  
  2.222001884681e-03  ,1.095178604739e+00  ,6.375190822811e+01  ,-2.187851200584e-03  
  2.222003654008e-03  ,2.159988289157e+00  ,6.375339210920e+01  ,-4.504514745783e-03  
  2.222007192661e-03  ,4.411828770356e+00  ,6.375634301995e+01  ,-8.958045903857e-03  
  2.222010000020e-03  ,6.311349155433e+00  ,6.375866861307e+01  ,-1.232630674607e-02  
  2.222010707751e-03  ,6.403636723506e+00  ,6.375915970916e+01  ,-1.224678742480e-02  
  2.222012123175e-03  ,6.586246548789e+00  ,6.376013140944e+01  ,-1.198683339077e-02  
  2.222014954023e-03  ,6.940000406307e+00  ,6.376207425993e+01  ,-1.146865963331e-02  
  2.222020615719e-03  ,7.603722083351e+00  ,6.376596427004e+01  ,-1.050157806559e-02  
  2.222031939111e-03  ,8.776149467523e+00  ,6.377375673871e+01  ,-8.793508810449e-03  
  2.222043345950e-03  ,9.773052655243e+00  ,6.378162016256e+01  ,-7.341220231620e-03  
  2.222051382147e-03  ,9.973455760021e+00  ,4.102530940552e+01  ,9.858959568691e+00  
  2.222059054754e-03  ,1.000027219926e+01  ,1.066159811552e+01  ,9.859133068748e+00  
  2.222063364915e-03  ,1.018850609582e+01  ,3.396455072974e+00  ,9.860049500182e+00  
  2.222067447088e-03  ,1.046800405871e+01  ,2.663424690533e+00  ,9.861127538486e+00  
  2.222069767944e-03  ,1.062534219780e+01  ,2.744814081669e+00  ,9.861776567227e+00  
  2.222072700493e-03  ,1.081618232074e+01  ,2.800125080663e+00  ,9.862600463267e+00  
  2.222078565590e-03  ,1.117276746652e+01  ,2.809811909681e+00  ,9.864250086700e+00  
  2.222090295784e-03  ,1.179796866148e+01  ,2.799315797576e+00  ,9.867557235721e+00  
  2.222102544538e-03  ,1.234523643771e+01  ,2.803528783102e+00  ,9.871011000587e+00  
  2.222127042047e-03  ,1.317713269177e+01  ,2.805754413558e+00  ,9.877918183932e+00  
  2.222176037065e-03  ,1.416480972301e+01  ,2.808149795567e+00  ,9.891731351044e+00  
  2.222274027101e-03  ,1.497622068371e+01  ,2.816048083120e+00  ,9.919352391181e+00  
  2.222402296297e-03  ,1.499972655434e+01  ,2.826323402830e+00  ,9.955497130132e+00  
  2.222627458803e-03  ,1.500014128715e+01  ,2.844303522291e+00  ,1.001891344258e+01  
  2.222866783373e-03  ,1.500012488439e+01  ,2.863439060300e+00  ,1.008627403599e+01  
  2.223345432512e-03  ,1.500021957144e+01  ,2.901647761535e+00  ,1.022085802239e+01  
  2.224302730791e-03  ,1.500027281053e+01  ,2.977909501878e+00  ,1.048947820559e+01  
  2.226217327349e-03  ,1.500037254490e+01  ,3.129812788262e+00  ,1.102453401834e+01  
  2.230046520464e-03  ,1.500039376430e+01  ,3.431155730428e+00  ,1.208596780712e+01  
  2.232010000020e-03  ,1.499972836930e+01  ,3.584407282148e+00  ,1.262577189703e+01  
  2.232011000018e-03  ,1.442051405607e+01  ,3.584338588405e+00  ,1.262604604568e+01  
  2.232013000126e-03  ,1.321286836747e+01  ,3.584107674930e+00  ,1.262659429276e+01  
  2.232017000343e-03  ,1.067165082694e+01  ,3.583663763105e+00  ,1.262769110908e+01  
  2.232020000020e-03  ,8.646809484947e+00  ,3.583391129969e+00  ,1.262851351418e+01  
  2.232020800063e-03  ,8.543141099843e+00  ,3.583445645982e+00  ,1.262873281709e+01  
  2.232022400076e-03  ,8.338300517168e+00  ,3.583641477520e+00  ,1.262917152283e+01  
  2.232025600100e-03  ,7.943181016030e+00  ,3.584167434669e+00  ,1.263004890391e+01  
  2.232032000149e-03  ,7.207813558042e+00  ,3.585262118361e+00  ,1.263180343472e+01  
  2.232044800246e-03  ,5.932297115470e+00  ,3.588217459806e+00  ,1.263531235706e+01  
  2.232058725381e-03  ,4.791732466204e+00  ,3.598088966311e+00  ,1.263912864216e+01  
  2.232067643726e-03  ,4.356436849893e+00  ,1.402626994872e+01  ,1.264092757342e+01  
  2.232076013708e-03  ,4.341999641215e+00  ,4.355953316407e+01  ,1.264098539144e+01  
  2.232082285607e-03  ,4.134174665112e+00  ,5.281370527516e+01  ,3.570419712453e-02  
  2.232085556040e-03  ,3.936355262467e+00  ,5.284263116620e+01  ,-2.052216416805e-01  
  2.232087126808e-03  ,3.843423397438e+00  ,5.282438909597e+01  ,-4.086531964789e-03  
  2.232090268346e-03  ,3.664693802572e+00  ,5.282757411246e+01  ,1.012109920052e-02  
  2.232096551420e-03  ,3.331366967563e+00  ,5.283735742208e+01  ,5.646793000364e-03  
  2.232109117569e-03  ,2.750372179975e+00  ,5.285615901508e+01  ,4.592550443972e-03  
  2.232134249868e-03  ,1.860462853778e+00  ,5.289368511004e+01  ,3.312153320835e-03  
  2.232175365152e-03  ,9.413782169798e-01  ,5.295493206955e+01  ,1.971853968275e-03  
  2.232221362056e-03  ,4.553852643495e-01  ,5.302324707894e+01  ,1.261888483273e-03  
  2.232269445123e-03  ,1.918282767686e-01  ,5.309445766092e+01  ,8.760390995319e-04  
  2.232324370803e-03  ,8.005318177859e-02  ,5.317556342010e+01  ,7.111003541994e-04  
  2.232413074436e-03  ,6.877884512991e-03  ,5.330605024427e+01  ,6.011476757260e-04  
  2.232507881584e-03  ,2.593902949149e-03  ,5.344484569529e+01  ,5.913739219584e-04  
  2.232697495880e-03  ,7.927882355128e-04  ,5.372038274071e+01  ,5.816969147827e-04  
  2.232919105949e-03  ,1.961632594584e-03  ,5.403893712320e+01  ,5.752470155578e-04  
  2.233362326087e-03  ,1.916833971682e-03  ,5.466473446370e+01  ,5.589282467955e-04  
  2.234248766364e-03  ,1.421999315203e-03  ,5.587074556503e+01  ,5.264738645040e-04  
  2.236021646919e-03  ,1.580944017098e-03  ,5.809775251522e+01  ,4.652332511409e-04  
  2.239567408027e-03  ,9.472514175429e-04  ,6.179809201157e+01  ,3.495098047206e-04  
  2.242000000020e-03  ,1.005839200094e-03  ,6.374990159284e+01  ,2.786961206191e-04  
  2.242001000018e-03  ,5.776496020033e-01  ,6.375073797931e+01  ,-1.012334780026e-03  
  2.242001884681e-03  ,1.095178199195e+00  ,6.375148142825e+01  ,-2.187874571281e-03  
  2.242003654008e-03  ,2.159987892195e+00  ,6.375296518968e+01  ,-4.504537959523e-03  
  2.242007192661e-03  ,4.411828389899e+00  ,6.375591586117e+01  ,-8.958069075458e-03  
  2.242010000020e-03  ,6.311348787460e+00  ,6.375824126448e+01  ,-1.232632990612e-02  
  2.242010707751e-03  ,6.403636358579e+00  ,6.375873231264e+01  ,-1.224681078836e-02  
  2.242012123175e-03  ,6.586246189887e+00  ,6.375970391705e+01  ,-1.198685678462e-02  
  2.242014954023e-03  ,6.940000059075e+00  ,6.376164657576e+01  ,-1.146868298994e-02  
  2.242020615719e-03  ,7.603721758018e+00  ,6.376553620241e+01  ,-1.050160137961e-02  
  2.242031939111e-03  ,8.776149180877e+00  ,6.377332790439e+01  ,-8.793532055683e-03  
  2.242043345950e-03  ,9.773052401497e+00  ,6.378119055625e+01  ,-7.341243413427e-03  
  2.242051382147e-03  ,9.973453835445e+00  ,4.102473537640e+01  ,9.858580224297e+00  
  2.242059054754e-03  ,1.000027056699e+01  ,1.066103394187e+01  ,9.858753757363e+00  
  2.242063364915e-03  ,1.018851230110e+01  ,3.396316827106e+00  ,9.859670185629e+00  
  2.242067447088e-03  ,1.046801029964e+01  ,2.663321430247e+00  ,9.860748245423e+00  
  2.242069767944e-03  ,1.062534819939e+01  ,2.744707680503e+00  ,9.861397276369e+00  
  2.242072700493e-03  ,1.081618804930e+01  ,2.800017124163e+00  ,9.862221175575e+00  
  2.242078565590e-03  ,1.117277271045e+01  ,2.809703991494e+00  ,9.863870805422e+00  
  2.242090295784e-03  ,1.179797305169e+01  ,2.799208149338e+00  ,9.867177967094e+00  
  2.242102544538e-03  ,1.234524007728e+01  ,2.803421068636e+00  ,9.870631745153e+00  
  2.242127042047e-03  ,1.317713519122e+01  ,2.805646723316e+00  ,9.877538954882e+00  
  2.242176037065e-03  ,1.416481086859e+01  ,2.808042142123e+00  ,9.891352174749e+00  
  2.242274027101e-03  ,1.497622071674e+01  ,2.815940463890e+00  ,9.918973320362e+00  
  2.242402296297e-03  ,1.499972655501e+01  ,2.826215823148e+00  ,9.955118197330e+00  
  2.242627458803e-03  ,1.500014128724e+01  ,2.844196011199e+00  ,1.001853475193e+01  
  2.242866783373e-03  ,1.500012488451e+01  ,2.863331622314e+00  ,1.008589560256e+01  
  2.243345432512e-03  ,1.500021957142e+01  ,2.901540469457e+00  ,1.022048010285e+01  
  2.244302730791e-03  ,1.500027281044e+01  ,2.977802501016e+00  ,1.048910131177e+01  
  2.246217327349e-03  ,1.500037254467e+01  ,3.129706367459e+00  ,1.102415916760e+01  
  2.250046520464e-03  ,1.500039376404e+01  ,3.431050460322e+00  ,1.208559700940e+01  
  2.252010000020e-03  ,1.499972836993e+01  ,3.584302597227e+00  ,1.262540316052e+01  
  2.252011000018e-03  ,1.442051406024e+01  ,3.584233904384e+00  ,1.262567731023e+01  
  2.252013000126e-03  ,1.321286837152e+01  ,3.584002991518e+00  ,1.262622555940e+01  
  2.252017000343e-03  ,1.067165083072e+01  ,3.583559078900e+00  ,1.262732237991e+01  
  2.252020000020e-03  ,8.646809488514e+00  ,3.583286443509e+00  ,1.262814478814e+01  
  2.252020800063e-03  ,8.543141103345e+00  ,3.583340958108e+00  ,1.262836409189e+01  
  2.252022400076e-03  ,8.338300520542e+00  ,3.583536786990e+00  ,1.262880279931e+01  
  2.252025600100e-03  ,7.943181019162e+00  ,3.584062739959e+00  ,1.262968018373e+01  
  2.252032000149e-03  ,7.207813560680e+00  ,3.585157412796e+00  ,1.263143472125e+01  
  2.252044800246e-03  ,5.932297116834e+00  ,3.588112707498e+00  ,1.263494365699e+01  
  2.252058725381e-03  ,4.791732462793e+00  ,3.597983938010e+00  ,1.263875995671e+01  
  2.252067643726e-03  ,4.356434565224e+00  ,1.402602756678e+01  ,1.264055891634e+01  
  2.252076013708e-03  ,4.341997378552e+00  ,4.355927312378e+01  ,1.264061674850e+01  
  2.252082285607e-03  ,4.134170168023e+00  ,5.281334882719e+01  ,3.569223630608e-02  
  2.252085556040e-03  ,3.936350937651e+00  ,5.284227316119e+01  ,-2.052201870777e-01  
  2.252087126808e-03  ,3.843419174880e+00  ,5.282403111819e+01  ,-4.086468175474e-03  
  2.252090268346e-03  ,3.664689772111e+00  ,5.282721593636e+01  ,1.012105448662e-02  
  2.252096551420e-03  ,3.331363295858e+00  ,5.283699882553e+01  ,5.646763200521e-03  
  2.252109117569e-03  ,2.750369134412e+00  ,5.285579957861e+01  ,4.592522240734e-03  
  2.252134249868e-03  ,1.860460767869e+00  ,5.289332399349e+01  ,3.312126523134e-03  
  2.252175365152e-03  ,9.413771225847e-01  ,5.295456820647e+01  ,1.971828670346e-03  
  2.252221362056e-03  ,4.553846946024e-01  ,5.302288014689e+01  ,1.261864012150e-03  
  2.252269445123e-03  ,1.918279915983e-01  ,5.309408752558e+01  ,8.760151093947e-04  
  2.252324370803e-03  ,8.005301738319e-02  ,5.317518963169e+01  ,7.110766155243e-04  
  2.252413062515e-03  ,6.884318590745e-03  ,5.330565307512e+01  ,6.011341211106e-04  
  2.252507881584e-03  ,2.594575017328e-03  ,5.344445974878e+01  ,5.913516529554e-04  
  2.252697519721e-03  ,7.913674531120e-04  ,5.372001878024e+01  ,5.816709699541e-04  
  2.252919129791e-03  ,1.961892200463e-03  ,5.403855826562e+01  ,5.752238287342e-04  
  2.253362349929e-03  ,1.917089140955e-03  ,5.466432613431e+01  ,5.589056470043e-04  
  2.254248790206e-03  ,1.421674401020e-03  ,5.587027960471e+01  ,5.264515532710e-04  
  2.256021670761e-03  ,1.581085598183e-03  ,5.809717675669e+01  ,4.652137370011e-04  
  2.259567431869e-03  ,9.469918618971e-04  ,6.179731991834e+01  ,3.494933927079e-04  
  2.262000000020e-03  ,1.005965773215e-03  ,6.374899682280e+01  ,2.786830058427e-04  
  2.262001000018e-03  ,5.776497259263e-01  ,6.374983316687e+01  ,-1.012347446352e-03  
  2.262001884681e-03  ,1.095178320794e+00  ,6.375057657834e+01  ,-2.187887226041e-03  
  2.262003654008e-03  ,2.159988009233e+00  ,6.375206026485e+01  ,-4.504550631147e-03  
  2.262007192661e-03  ,4.411828498165e+00  ,6.375501078651e+01  ,-8.958081777401e-03  
  2.262010000020e-03  ,6.311348889092e+00  ,6.375733607096e+01  ,-1.232634262939e-02  
  2.262010707751e-03  ,6.403636458591e+00  ,6.375782708913e+01  ,-1.224682389589e-02  
  2.262012123175e-03  ,6.586246286693e+00  ,6.375879863347e+01  ,-1.198686997576e-02  
  2.262014954023e-03  ,6.940000149670e+00  ,6.376074117205e+01  ,-1.146869615058e-02  
  2.262020615719e-03  ,7.603721836962e+00  ,6.376463055851e+01  ,-1.050161454589e-02  
  2.262031939111e-03  ,8.776149239244e+00  ,6.377242178038e+01  ,-8.793545235786e-03  
  2.262043345950e-03  ,9.773052442374e+00  ,6.378028394898e+01  ,-7.341256602612e-03  
  2.262051382147e-03  ,9.973452555318e+00  ,4.102371696093e+01  ,9.858276530513e+00  
  2.262059054754e-03  ,1.000027003486e+01  ,1.066006091799e+01  ,9.858450130874e+00  
  2.262063364915e-03  ,1.018852675206e+01  ,3.396164846857e+00  ,9.859366549201e+00  
  2.262067447088e-03  ,1.046802473341e+01  ,2.663243234460e+00  ,9.860444644879e+00  
  2.262069767944e-03  ,1.062536210607e+01  ,2.744625135877e+00  ,9.861093677410e+00  
  2.262072700865e-03  ,1.081622498435e+01  ,2.799932818550e+00  ,9.861917683211e+00  
  2.262078566707e-03  ,1.117284988682e+01  ,2.809617101380e+00  ,9.863567527597e+00  
  2.262090298392e-03  ,1.179811057235e+01  ,2.799122137749e+00  ,9.866875119575e+00  
  2.262102548636e-03  ,1.234541573049e+01  ,2.803335071207e+00  ,9.870329328341e+00  
  2.262127049125e-03  ,1.317734114282e+01  ,2.805560873100e+00  ,9.877237399407e+00  
  2.262176050104e-03  ,1.416499282709e+01  ,2.807956986759e+00  ,9.891052341618e+00  
  2.262274052061e-03  ,1.497630811574e+01  ,2.815856282976e+00  ,9.918676930482e+00  
  2.262402345098e-03  ,1.499972996804e+01  ,2.826133610546e+00  ,9.954828632564e+00  
  2.262627531446e-03  ,1.500014041159e+01  ,2.844115764982e+00  ,1.001825208510e+01  
  2.262866903700e-03  ,1.500012416670e+01  ,2.863255236517e+00  ,1.008562654436e+01  
  2.263345648207e-03  ,1.500021786338e+01  ,2.901471795476e+00  ,1.022023820690e+01  
  2.264303137220e-03  ,1.500027054202e+01  ,2.977749187816e+00  ,1.048891352076e+01  
  2.266218115248e-03  ,1.500036922744e+01  ,3.129683527588e+00  ,1.102407871221e+01  
  2.270048071302e-03  ,1.500039021064e+01  ,3.431087583599e+00  ,1.208572776442e+01  
  2.272010000020e-03  ,1.499973150838e+01  ,3.584218802483e+00  ,1.262510801187e+01  
  2.272011000018e-03  ,1.442054659000e+01  ,3.584150100687e+00  ,1.262538216241e+01  
  2.272013000126e-03  ,1.321289994345e+01  ,3.583919184742e+00  ,1.262593041330e+01  
  2.272017000343e-03  ,1.067168055431e+01  ,3.583475270245e+00  ,1.262702723712e+01  
  2.272020000020e-03  ,8.646837889768e+00  ,3.583202633058e+00  ,1.262784964787e+01  
  2.272020800063e-03  ,8.543169164063e+00  ,3.583257146166e+00  ,1.262806895229e+01  
  2.272022400076e-03  ,8.338327908385e+00  ,3.583452972276e+00  ,1.262850766105e+01  
  2.272025600100e-03  ,7.943207109088e+00  ,3.583978920489e+00  ,1.262938504816e+01  
  2.272032000149e-03  ,7.207837234947e+00  ,3.585073580140e+00  ,1.263113959104e+01  
  2.272044800246e-03  ,5.932316600405e+00  ,3.588028811310e+00  ,1.263464853752e+01  
  2.272058725381e-03  ,4.791748190705e+00  ,3.597899480876e+00  ,1.263846484896e+01  
  2.272067643726e-03  ,4.356433827931e+00  ,1.402508259502e+01  ,1.264026389112e+01  
  2.272076013708e-03  ,4.341994921979e+00  ,4.355819098257e+01  ,1.264032178659e+01  
  2.272082285607e-03  ,4.134172627064e+00  ,5.281259924354e+01  ,3.571406600054e-02  
  2.272085556040e-03  ,3.936353353758e+00  ,5.284152658182e+01  ,-2.052289222428e-01  
  2.272087126808e-03  ,3.843421518349e+00  ,5.282328362722e+01  ,-4.087021196568e-03  
  2.272090268346e-03  ,3.664692003924e+00  ,5.282646823452e+01  ,1.012122627576e-02  
  2.272096551420e-03  ,3.331365321298e+00  ,5.283625086708e+01  ,5.646763654026e-03  
  2.272109117569e-03  ,2.750370798175e+00  ,5.285505107159e+01  ,4.592511214098e-03  
  2.272134249868e-03  ,1.860461876658e+00  ,5.289257438688e+01  ,3.312115498849e-03  
  2.272175365152e-03  ,9.413776576379e-01  ,5.295381680353e+01  ,1.971816878275e-03  
  2.272221362056e-03  ,4.553849258462e-01  ,5.302212673859e+01  ,1.261851818184e-03  
  2.272269445123e-03  ,1.918280581530e-01  ,5.309333202643e+01  ,8.760027234077e-04  
  2.272324370803e-03  ,8.005301419578e-02  ,5.317443175102e+01  ,7.110641813441e-04  
  2.272413062515e-03  ,6.884269907036e-03  ,5.330489136438e+01  ,6.011217091988e-04  
  2.272507881584e-03  ,2.594523933769e-03  ,5.344369396462e+01  ,5.913393302458e-04  
  2.272697519721e-03  ,7.913158098610e-04  ,5.371924491531e+01  ,5.816588336799e-04  
  2.272919129791e-03  ,1.961841955031e-03  ,5.403777506934e+01  ,5.752119082212e-04  
  2.273362349929e-03  ,1.917040204446e-03  ,5.466352463861e+01  ,5.588941524142e-04  
  2.274248790206e-03  ,1.421627849970e-03  ,5.586944297174e+01  ,5.264408732666e-04  
  2.276021670761e-03  ,1.581044605333e-03  ,5.809627576041e+01  ,4.652045911956e-04  
  2.279567431869e-03  ,9.469615220571e-04  ,6.179631412047e+01  ,3.494869642824e-04  
  2.282000000020e-03  ,1.005943037564e-03  ,6.374793764693e+01  ,2.786781516236e-04  
  2.282001000018e-03  ,5.776497031938e-01  ,6.374877397218e+01  ,-1.012351822698e-03  
  2.282001884681e-03  ,1.095178298064e+00  ,6.374951736705e+01  ,-2.187891573935e-03  
  2.282003654008e-03  ,2.159987986509e+00  ,6.375100102035e+01  ,-4.504554993855e-03  
  2.282007192661e-03  ,4.411828475452e+00  ,6.375395147562e+01  ,-8.958086161316e-03  
  2.282010000020e-03  ,6.311348866387e+00  ,6.375627670741e+01  ,-1.232634702723e-02  
  2.282010707751e-03  ,6.403636435888e+00  ,6.375676771230e+01  ,-1.224682872350e-02  
  2.282012123175e-03  ,6.586246263992e+00  ,6.375773923000e+01  ,-1.198687489334e-02  
  2.282014954023e-03  ,6.940000126975e+00  ,6.375968171530e+01  ,-1.146870102348e-02  
  2.282020615719e-03  ,7.603721814277e+00  ,6.376357099526e+01  ,-1.050161940931e-02  
  2.282031939111e-03  ,8.776149216581e+00  ,6.377136200441e+01  ,-8.793550083187e-03  
  2.282043345950e-03  ,9.773052419736e+00  ,6.377922395907e+01  ,-7.341261435677e-03  
  2.282051382147e-03  ,9.973451900911e+00  ,4.102259771673e+01  ,9.858073677446e+00  
  2.282059054754e-03  ,1.000027029121e+01  ,1.065900199025e+01  ,9.858247355289e+00  
  2.282063364915e-03  ,1.018854384900e+01  ,3.396030928523e+00  ,9.859163760842e+00  
  2.282067447088e-03  ,1.046804178274e+01  ,2.663194512030e+00  ,9.860241895156e+00  
  2.282069768317e-03  ,1.062540320530e+01  ,2.744571932591e+00  ,9.860891030681e+00  
  2.282072701238e-03  ,1.081626425117e+01  ,2.799873848463e+00  ,9.861715037898e+00  
  2.282078567080e-03  ,1.117288582351e+01  ,2.809558628733e+00  ,9.863364885762e+00  
  2.282090298764e-03  ,1.179814065199e+01  ,2.799065154217e+00  ,9.866672484545e+00  
  2.282102550499e-03  ,1.234550183720e+01  ,2.803277626306e+00  ,9.870127120503e+00  
  2.282127053968e-03  ,1.317748559807e+01  ,2.805503526030e+00  ,9.877036045923e+00  
  2.282176060907e-03  ,1.416514658885e+01  ,2.807900285735e+00  ,9.890852696531e+00  
  2.282274074785e-03  ,1.497639468190e+01  ,2.815800537960e+00  ,9.918480700779e+00  
  2.282402367823e-03  ,1.499973115511e+01  ,2.826077917363e+00  ,9.954632474344e+00  
  2.282627578012e-03  ,1.500014011747e+01  ,2.844062019728e+00  ,1.001806276515e+01  
  2.282866950266e-03  ,1.500012391557e+01  ,2.863201524864e+00  ,1.008543735302e+01  
  2.283345694773e-03  ,1.500021726399e+01  ,2.901418156905e+00  ,1.022004927253e+01  
  2.284303183786e-03  ,1.500026974437e+01  ,2.977695694962e+00  ,1.048872509927e+01  
  2.286218161814e-03  ,1.500036806016e+01  ,3.129630324975e+00  ,1.102389131232e+01  
  2.290048117868e-03  ,1.500038896036e+01  ,3.431034956404e+00  ,1.208554239115e+01  
  2.292010000020e-03  ,1.499973260235e+01  ,3.584162842032e+00  ,1.262491090166e+01  
  2.292011000018e-03  ,1.442055721794e+01  ,3.584094137572e+00  ,1.262518505274e+01  
  2.292013000126e-03  ,1.321291025845e+01  ,3.583863220794e+00  ,1.262573330482e+01  
  2.292017000343e-03  ,1.067169026543e+01  ,3.583419305481e+00  ,1.262683013083e+01  
  2.292020000020e-03  ,8.646847168851e+00  ,3.583146667072e+00  ,1.262765254326e+01  
  2.292020800063e-03  ,8.543178331883e+00  ,3.583201179311e+00  ,1.262787184812e+01  
  2.292022400076e-03  ,8.338336856356e+00  ,3.583397003793e+00  ,1.262831055778e+01  
  2.292025600100e-03  ,7.943215632989e+00  ,3.583922949310e+00  ,1.262918794667e+01  
  2.292032000149e-03  ,7.207844969566e+00  ,3.585017601691e+00  ,1.263094249314e+01  
  2.292044800246e-03  ,5.932322965662e+00  ,3.587972799342e+00  ,1.263445144678e+01  
  2.292058725381e-03  ,4.791753327762e+00  ,3.597843210308e+00  ,1.263826776605e+01  
  2.292067643726e-03  ,4.356432963191e+00  ,1.402470770450e+01  ,1.264006684276e+01  
  2.292076013708e-03  ,4.341993501546e+00  ,4.355776645594e+01  ,1.264012476071e+01  
  2.292082285607e-03  ,4.134163276806e+00  ,5.281173316669e+01  ,3.567183745859e-02  
  2.292085556040e-03  ,3.936344312654e+00  ,5.284065536534e+01  ,-2.052213348923e-01  
  2.292087126808e-03  ,3.843412701467e+00  ,5.282241309970e+01  ,-4.086562119696e-03  
  2.292090268346e-03  ,3.664683594378e+00  ,5.282559770037e+01  ,1.012109422260e-02  
  2.292096551420e-03  ,3.331357671998e+00  ,5.283538018747e+01  ,5.646743605787e-03  
  2.292109117569e-03  ,2.750364477215e+00  ,5.285418012216e+01  ,4.592499078035e-03  
  2.292134249868e-03  ,1.860457592401e+00  ,5.289170289939e+01  ,3.312105994649e-03  
  2.292175365152e-03  ,9.413754781894e-01  ,5.295294443839e+01  ,1.971810447471e-03  
  2.292221362056e-03  ,4.553838604946e-01  ,5.302125339579e+01  ,1.261847034461e-03  
  2.292269445123e-03  ,1.918275970395e-01  ,5.309245766668e+01  ,8.759988458405e-04  
  2.292324370803e-03  ,8.005280942520e-02  ,5.317355623591e+01  ,7.110607084174e-04  
  2.292413062515e-03  ,6.884233069126e-03  ,5.330401399775e+01  ,6.011185314194e-04  
  2.292507881584e-03  ,2.594497160330e-03  ,5.344281463779e+01  ,5.913362217639e-04  
  2.292697519721e-03  ,7.912936324938e-04  ,5.371836172763e+01  ,5.816558400242e-04  
  2.292919129791e-03  ,1.961817635028e-03  ,5.403688747049e+01  ,5.752090364177e-04  
  2.293362349929e-03  ,1.917017066325e-03  ,5.466262854230e+01  ,5.588915297957e-04  
  2.294248790206e-03  ,1.421607997529e-03  ,5.586853117739e+01  ,5.264387345323e-04  
  2.296021670761e-03  ,1.581028642512e-03  ,5.809533772305e+01  ,4.652033689250e-04  
  2.299567431869e-03  ,9.469552543380e-04  ,6.179534377240e+01  ,3.494874054529e-04  
  2.302000000020e-03  ,1.005942088327e-03  ,6.374696027611e+01  ,2.786796180416e-04  
  2.302001000018e-03  ,5.776497022521e-01  ,6.374779660093e+01  ,-1.012349939929e-03  
  2.302001884681e-03  ,1.095178297129e+00  ,6.374853999546e+01  ,-2.187889672463e-03  
  2.302003654008e-03  ,2.159987985586e+00  ,6.375002364810e+01  ,-4.504553104403e-03  
  2.302007192661e-03  ,4.411828474554e+00  ,6.375297410204e+01  ,-8.958084291338e-03  
  2.302010000020e-03  ,6.311348865508e+00  ,6.375529933280e+01  ,-1.232634517024e-02  
  2.302010707751e-03  ,6.403636435014e+00  ,6.375579033744e+01  ,-1.224682725354e-02  
  2.302012123175e-03  ,6.586246263127e+00  ,6.375676185459e+01  ,-1.198687350498e-02  
  2.302014954023e-03  ,6.940000126126e+00  ,6.375870433875e+01  ,-1.146869959491e-02  
  2.302020615719e-03  ,7.603721813459e+00  ,6.376259361652e+01  ,-1.050161797386e-02  
  2.302031939111e-03  ,8.776149215822e+00  ,6.377038462146e+01  ,-8.793548634697e-03  
  2.302043345950e-03  ,9.773052419032e+00  ,6.377824657216e+01  ,-7.341259976539e-03  
  2.302051382147e-03  ,9.973451763632e+00  ,4.102160209856e+01  ,9.857970445908e+00  
  2.302059054754e-03  ,1.000027101464e+01  ,1.065806604932e+01  ,9.858144194650e+00  
  2.302063364915e-03  ,1.018855977546e+01  ,3.395931318960e+00  ,9.859060587816e+00  
  2.302067447088e-03  ,1.046805764999e+01  ,2.663173123556e+00  ,9.860138756037e+00  
  2.302069768317e-03  ,1.062541850367e+01  ,2.744546936291e+00  ,9.860787891893e+00  
  2.302072701610e-03  ,1.081630251372e+01  ,2.799846781021e+00  ,9.861612003964e+00  
  2.302078568198e-03  ,1.117296420937e+01  ,2.809528663394e+00  ,9.863262063025e+00  
  2.302090301372e-03  ,1.179827917959e+01  ,2.799036111232e+00  ,9.866570085434e+00  
  2.302102554597e-03  ,1.234567831418e+01  ,2.803248563643e+00  ,9.870025145127e+00  
  2.302127061046e-03  ,1.317769208870e+01  ,2.805474581760e+00  ,9.876934917946e+00  
  2.302176073946e-03  ,1.416532874601e+01  ,2.807872034291e+00  ,9.890753263025e+00  
  2.302274099745e-03  ,1.497648202186e+01  ,2.815773235440e+00  ,9.918384654795e+00  
  2.302402392782e-03  ,1.499973235272e+01  ,2.826050655749e+00  ,9.954536463361e+00  
  2.302627626814e-03  ,1.500013982040e+01  ,2.844036688722e+00  ,1.001797352845e+01  
  2.302866999067e-03  ,1.500012366214e+01  ,2.863176207739e+00  ,1.008534817693e+01  
  2.303345743574e-03  ,1.500021665930e+01  ,2.901392874290e+00  ,1.021996021756e+01  
  2.304303232588e-03  ,1.500026893973e+01  ,2.977670481086e+00  ,1.048863628605e+01  
  2.306218210615e-03  ,1.500029897989e+01  ,3.129605663951e+00  ,1.102380429759e+01  
  2.310048166670e-03  ,1.500038769932e+01  ,3.431010509137e+00  ,1.208545631683e+01  
  2.312010000020e-03  ,1.499973370567e+01  ,3.584134753360e+00  ,1.262481192602e+01  
  2.312011000018e-03  ,1.442056793867e+01  ,3.584066038463e+00  ,1.262508607738e+01  
  2.312013000126e-03  ,1.321292066348e+01  ,3.583835117707e+00  ,1.262563433008e+01  
  2.312017000343e-03  ,1.067170006129e+01  ,3.583391200775e+00  ,1.262673115716e+01  
  2.312020000020e-03  ,8.646856528923e+00  ,3.583118562165e+00  ,1.262755357044e+01  
  2.312020800063e-03  ,8.543187579724e+00  ,3.583173073824e+00  ,1.262777287553e+01  
  2.312022400076e-03  ,8.338345882440e+00  ,3.583368897316e+00  ,1.262821158563e+01  
  2.312025600100e-03  ,7.943224231325e+00  ,3.583894841264e+00  ,1.262908897542e+01  
  2.312032000149e-03  ,7.207852771783e+00  ,3.584989489239e+00  ,1.263084352369e+01  
  2.312044800246e-03  ,5.932329386768e+00  ,3.587944665745e+00  ,1.263435248094e+01  
  2.312058725381e-03  ,4.791758511113e+00  ,3.597814890580e+00  ,1.263816880414e+01  
  2.312067643726e-03  ,4.356432709646e+00  ,1.402439515477e+01  ,1.263996790794e+01  
  2.312076013708e-03  ,4.341992681429e+00  ,4.355740861398e+01  ,1.264002584371e+01  
  2.312082285607e-03  ,4.134150681603e+00  ,5.281069888680e+01  ,3.560985317097e-02  
  2.312085556040e-03  ,3.936332118196e+00  ,5.283961352666e+01  ,-2.052091451076e-01  
  2.312087126994e-03  ,3.843389985309e+00  ,5.282137262022e+01  ,-4.085068175691e-03  
  2.312090268904e-03  ,3.664641240223e+00  ,5.282455799795e+01  ,1.012039042873e-02  
  2.312096552724e-03  ,3.331281387935e+00  ,5.283434154466e+01  ,5.646590016799e-03  
  2.312109120363e-03  ,2.751837975149e+00  ,5.285319230599e+01  ,4.426024544270e-03  
  2.312134255642e-03  ,1.871258853296e+00  ,5.289070742584e+01  ,3.513587796343e-03  
  2.312173523182e-03  ,9.860206004102e-01  ,5.294923440100e+01  ,2.037667023325e-03  
  2.312218131298e-03  ,4.423006417253e-01  ,5.301549884534e+01  ,1.242814327247e-03  
  2.312263639444e-03  ,1.761852110405e-01  ,5.308290768065e+01  ,8.534268798613e-04  
  2.312332768911e-03  ,5.620738236908e-02  ,5.318496878510e+01  ,6.760033977338e-04  
  2.312413866991e-03  ,4.597387449243e-03  ,5.330422664527e+01  ,5.977607776582e-04  
  2.312510188097e-03  ,-7.865077232095e-03  ,5.344521544017e+01  ,5.760084840839e-04  
  2.312702830309e-03  ,-5.373568854302e-03  ,5.372507078274e+01  ,5.724804214194e-04  
  2.312993605608e-03  ,4.388805782891e-03  ,5.414211987096e+01  ,5.760089382064e-04  
  2.313575156206e-03  ,-2.599346203732e-05  ,5.495672895377e+01  ,5.483772360166e-04  
  2.314479239458e-03  ,1.129446785392e-03  ,5.617097744328e+01  ,5.176983492997e-04  
  2.315735419268e-03  ,1.471289851865e-03  ,5.775153573839e+01  ,4.746712144616e-04  
  2.318247778887e-03  ,1.202458704601e-03  ,6.053568886682e+01  ,3.920279014368e-04  
  2.322000000020e-03  ,8.923941837437e-04  ,6.374627803973e+01  ,2.765899034387e-04  
  2.322001000018e-03  ,5.775378074142e-01  ,6.374711440601e+01  ,-1.013377589600e-03  
  2.322001884774e-03  ,1.095123012978e+00  ,6.374785788153e+01  ,-2.187772094996e-03  
  2.322003654287e-03  ,2.160052221329e+00  ,6.374934198589e+01  ,-4.504967874207e-03  
  2.322007193313e-03  ,4.412156640333e+00  ,6.375229328376e+01  ,-8.958980893461e-03  
  2.322010000020e-03  ,6.311251849495e+00  ,6.375461839707e+01  ,-1.232643318514e-02  
  2.322010707825e-03  ,6.403550063648e+00  ,6.375510955914e+01  ,-1.224689842976e-02  
  2.322012123435e-03  ,6.586185505936e+00  ,6.375608141589e+01  ,-1.198691046605e-02  
  2.322014954656e-03  ,6.939987517936e+00  ,6.375802458423e+01  ,-1.146866472094e-02  
  2.322020617097e-03  ,7.603794005418e+00  ,6.376191522769e+01  ,-1.050145881048e-02  
  2.322031941980e-03  ,8.776352706624e+00  ,6.376970896698e+01  ,-8.793198227042e-03  
  2.322043350309e-03  ,9.773344714635e+00  ,6.377757366775e+01  ,-7.340780803826e-03  
  2.322051387995e-03  ,9.973471105789e+00  ,4.100017832224e+01  ,9.858645699215e+00  
  2.322059062093e-03  ,1.000030833842e+01  ,1.063169827902e+01  ,9.858820769234e+00  
  2.322063370019e-03  ,1.018888437004e+01  ,3.394393655307e+00  ,9.859736953022e+00  
  2.322067447722e-03  ,1.046808241156e+01  ,2.663740044890e+00  ,9.860814671893e+00  
  2.322069769695e-03  ,1.062548942069e+01  ,2.744856457572e+00  ,9.861463999657e+00  
  2.322072705224e-03  ,1.081651121678e+01  ,2.800045596798e+00  ,9.862288726648e+00  
  2.322078576281e-03  ,1.117341542873e+01  ,2.809704927792e+00  ,9.863940034619e+00  
  2.322090318396e-03  ,1.179909448714e+01  ,2.799239626251e+00  ,9.867250556220e+00  
  2.322102592483e-03  ,1.234721294916e+01  ,2.803443612618e+00  ,9.870711474186e+00  
  2.322127140656e-03  ,1.317993918723e+01  ,2.805669610679e+00  ,9.877632963183e+00  
  2.322176237002e-03  ,1.416758182072e+01  ,2.808077180127e+00  ,9.891474736442e+00  
  2.322274429694e-03  ,1.497769326334e+01  ,2.815990888581e+00  ,9.919152964937e+00  
  2.322402746573e-03  ,1.499975103741e+01  ,2.826270542277e+00  ,9.955311211200e+00  
  2.322628362074e-03  ,1.500013517454e+01  ,2.844287052192e+00  ,1.001885518670e+01  
  2.322867925063e-03  ,1.500011971973e+01  ,2.863441580313e+00  ,1.008628290238e+01  
  2.323347051039e-03  ,1.500020723789e+01  ,2.901688318744e+00  ,1.022100086014e+01  
  2.324305302992e-03  ,1.500025640087e+01  ,2.978025820963e+00  ,1.048988789534e+01  
  2.326221806898e-03  ,1.500034853190e+01  ,3.130079397795e+00  ,1.102547306896e+01  
  2.330054814711e-03  ,1.500036803796e+01  ,3.431718032816e+00  ,1.208794838722e+01  
  2.332010000020e-03  ,1.499975101855e+01  ,3.584320867135e+00  ,1.262546755235e+01  
  2.332011000018e-03  ,1.442074390194e+01  ,3.584252105886e+00  ,1.262574170171e+01  
  2.332013000126e-03  ,1.321309144557e+01  ,3.584021167747e+00  ,1.262628995146e+01  
  2.332017000343e-03  ,1.067186084530e+01  ,3.583577246689e+00  ,1.262738677047e+01  
  2.332020000020e-03  ,8.647010160316e+00  ,3.583304611460e+00  ,1.262820917816e+01  
  2.332020800063e-03  ,8.543339369191e+00  ,3.583359123834e+00  ,1.262842848176e+01  
  2.332022400076e-03  ,8.338494032388e+00  ,3.583554948668e+00  ,1.262886718889e+01  
  2.332025600100e-03  ,7.943365360898e+00  ,3.584080892378e+00  ,1.262974457272e+01  
  2.332032000149e-03  ,7.207980835458e+00  ,3.585175535352e+00  ,1.263149910908e+01  
  2.332044800246e-03  ,5.932434786203e+00  ,3.588130653658e+00  ,1.263500804252e+01  
  2.332058725381e-03  ,4.791843621295e+00  ,3.597999530007e+00  ,1.263882433995e+01  
  2.332067642236e-03  ,4.356448986697e+00  ,1.401526064510e+01  ,1.264062384231e+01  
  2.332076010728e-03  ,4.341990571275e+00  ,4.354158238327e+01  ,1.264068264385e+01  
  2.332082282627e-03  ,4.134408102620e+00  ,5.281027539490e+01  ,3.686356389047e-02  
  2.332085552687e-03  ,3.936603407279e+00  ,5.283935038494e+01  ,-2.055266001576e-01  
  2.332088116059e-03  ,3.786396424185e+00  ,5.282224995979e+01  ,-1.699712049813e-03  
  2.332090891400e-03  ,3.630419755625e+00  ,5.282536834081e+01  ,7.835820923114e-03  
  2.332096442083e-03  ,3.337178516252e+00  ,5.283383386442e+01  ,5.600013976992e-03  
  2.332107543448e-03  ,2.819173505986e+00  ,5.285048162467e+01  ,4.578957875701e-03  
  2.332129746178e-03  ,2.007118206953e+00  ,5.288363920555e+01  ,3.657362837638e-03  
  2.332174151638e-03  ,9.672964006472e-01  ,5.294983388585e+01  ,2.010243541618e-03  
  2.332217448452e-03  ,4.396769685471e-01  ,5.301415657743e+01  ,1.239120052198e-03  
  2.332265018919e-03  ,1.637622451780e-01  ,5.308462538185e+01  ,8.353280648712e-04  
  2.332331203917e-03  ,5.549031043483e-02  ,5.318234827898e+01  ,6.750735259421e-04  
  2.332415103415e-03  ,1.370720732181e-02  ,5.330573717571e+01  ,6.110464398743e-04  
  2.332508408526e-03  ,-3.610706132570e-04  ,5.344232668280e+01  ,5.870653539607e-04  
  2.332695018748e-03  ,-3.212670420931e-03  ,5.371351436081e+01  ,5.759742607154e-04  
  2.333064853648e-03  ,6.046733034704e-05  ,5.424310274991e+01  ,5.670971766542e-04  
  2.333717166880e-03  ,2.740224466427e-03  ,5.515155247866e+01  ,5.473881334972e-04  
  2.335021793345e-03  ,6.323657660486e-04  ,5.686906408446e+01  ,4.981367544195e-04  
  2.337631046275e-03  ,2.081784117719e-03  ,5.989948918508e+01  ,4.126655715786e-04  
  2.342000000020e-03  ,1.217179017809e-04  ,6.374781897692e+01  ,2.753771555303e-04  
  2.342001000018e-03  ,5.767786200802e-01  ,6.374865585913e+01  ,-1.014995373357e-03  
  2.342001885333e-03  ,1.094704674302e+00  ,6.374940012702e+01  ,-2.189185634207e-03  
  2.342003655964e-03  ,2.160353310666e+00  ,6.375088602421e+01  ,-4.507996164181e-03  
  2.342007197225e-03  ,4.414045808506e+00  ,6.375384084605e+01  ,-8.964618778871e-03  
  2.342010000020e-03  ,6.311375422160e+00  ,6.375616394615e+01  ,-1.232607382272e-02  
  2.342010708272e-03  ,6.403730003026e+00  ,6.375665575172e+01  ,-1.224646857244e-02  
  2.342012124814e-03  ,6.584558547983e+00  ,6.375762877788e+01  ,-1.198615664014e-02  
  2.342014957897e-03  ,6.937125500761e+00  ,6.375957499506e+01  ,-1.147266992618e-02  
  2.342020624064e-03  ,7.600766418787e+00  ,6.376347092455e+01  ,-1.050570983846e-02  
  2.342031956397e-03  ,8.773870738097e+00  ,6.377127515041e+01  ,-8.796675723056e-03  
  2.342044024847e-03  ,9.824123763313e+00  ,6.377960099362e+01  ,-7.266641079114e-03  
  2.342052567683e-03  ,9.976794888451e+00  ,3.628062274321e+01  ,9.861173849530e+00  
  2.342060706697e-03  ,1.001057998586e+01  ,4.464893056623e+00  ,9.862236132963e+00  
  2.342064615272e-03  ,1.027352609281e+01  ,2.830040238845e+00  ,9.862699266950e+00  
  2.342066724904e-03  ,1.042109007683e+01  ,2.762284250156e+00  ,9.863282256493e+00  
  2.342069391094e-03  ,1.060262541814e+01  ,2.788936746213e+00  ,9.864025111397e+00  
  2.342074659399e-03  ,1.094079050464e+01  ,2.818125517856e+00  ,9.865475445192e+00  
  2.342083789341e-03  ,1.146725662192e+01  ,2.807586858665e+00  ,9.868085183321e+00  
  2.342102049224e-03  ,1.233186627620e+01  ,2.804451155253e+00  ,9.873233468125e+00  
  2.342138568990e-03  ,1.348926546920e+01  ,2.806890337222e+00  ,9.883529981546e+00  
  2.342211608521e-03  ,1.464871721090e+01  ,2.811888174743e+00  ,9.904120257800e+00  
  2.342321042649e-03  ,1.514725152376e+01  ,2.820416667378e+00  ,9.934962858149e+00  
  2.342481712930e-03  ,1.516627014126e+01  ,2.833260898152e+00  ,9.980228608784e+00  
  2.342703823678e-03  ,1.495767633718e+01  ,2.851107034439e+00  ,1.004277011096e+01  
  2.343118338220e-03  ,1.502197917521e+01  ,2.884185181950e+00  ,1.015938276576e+01  
  2.343520645730e-03  ,1.500841129512e+01  ,2.916285563207e+00  ,1.027243023173e+01  
  2.344325260751e-03  ,1.499405227877e+01  ,2.980370878933e+00  ,1.049813827341e+01  
  2.345934490792e-03  ,1.500514853285e+01  ,3.108085587724e+00  ,1.094801095108e+01  
  2.349152950875e-03  ,1.500051564107e+01  ,3.361786061234e+00  ,1.184162402365e+01  
  2.352010000020e-03  ,1.499960424275e+01  ,3.585060304277e+00  ,1.262807185159e+01  
  2.352011000018e-03  ,1.441978212363e+01  ,3.584991804775e+00  ,1.262834599338e+01  
  2.352013000126e-03  ,1.321215798659e+01  ,3.584760960809e+00  ,1.262889422924e+01  
  2.352017000343e-03  ,1.067098203418e+01  ,3.584317080507e+00  ,1.262999101791e+01  
  2.352020000020e-03  ,8.646170444867e+00  ,3.584044460942e+00  ,1.263081340341e+01  
  2.352020800063e-03  ,8.542509721696e+00  ,3.584098993908e+00  ,1.263103270107e+01  
  2.352022400076e-03  ,8.337684278453e+00  ,3.584294856587e+00  ,1.263147139638e+01  
  2.352025600100e-03  ,7.942593980090e+00  ,3.584820871575e+00  ,1.263234875658e+01  
  2.352032000149e-03  ,7.207280873195e+00  ,3.585915724201e+00  ,1.263410324553e+01  
  2.352044800246e-03  ,5.931858714235e+00  ,3.588871945271e+00  ,1.263761208415e+01  
  2.352058725381e-03  ,4.791378518317e+00  ,3.598752833065e+00  ,1.264142827727e+01  
  2.352067642236e-03  ,4.356432849154e+00  ,1.403917726214e+01  ,1.264322580733e+01  
  2.352076010728e-03  ,4.342025634167e+00  ,4.356926158745e+01  ,1.264328291573e+01  
  2.352082279647e-03  ,4.134199913678e+00  ,5.281245416982e+01  ,3.537251816463e-02  
  2.352085548961e-03  ,3.936443759911e+00  ,5.284133344047e+01  ,-2.050972536448e-01  
  2.352087119730e-03  ,3.843510015501e+00  ,5.282310421028e+01  ,-4.079805316522e-03  
  2.352090261267e-03  ,3.664776390933e+00  ,5.282629167471e+01  ,1.011882641254e-02  
  2.352096544342e-03  ,3.331442047798e+00  ,5.283607780266e+01  ,5.646984995599e-03  
  2.352109110491e-03  ,2.750434230048e+00  ,5.285488554437e+01  ,4.592848615182e-03  
  2.352134242790e-03  ,1.860504979758e+00  ,5.289242397392e+01  ,3.312411909929e-03  
  2.352175364034e-03  ,9.412954086234e-01  ,5.295369997705e+01  ,1.971929541303e-03  
  2.352221360939e-03  ,4.553455915240e-01  ,5.302203751926e+01  ,1.262026495906e-03  
  2.352269449966e-03  ,1.917865831515e-01  ,5.309328045987e+01  ,8.761734672825e-04  
  2.352324369686e-03  ,8.004491513440e-02  ,5.317440427067e+01  ,7.112831438610e-04  
  2.352413073318e-03  ,6.879879046950e-03  ,5.330493443947e+01  ,6.013445700021e-04  
  2.352507880466e-03  ,2.594718795558e-03  ,5.344377614956e+01  ,5.915682249582e-04  
  2.352697494762e-03  ,7.931108299467e-04  ,5.371940549371e+01  ,5.818887256786e-04  
  2.352919128673e-03  ,1.962326124657e-03  ,5.403810145517e+01  ,5.754364819555e-04  
  2.353362396495e-03  ,1.917466360291e-03  ,5.466417825547e+01  ,5.591119082470e-04  
  2.354248932140e-03  ,1.422499563738e-03  ,5.587073315473e+01  ,5.266465122096e-04  
  2.356022003429e-03  ,1.581502898763e-03  ,5.809876444267e+01  ,4.653858174242e-04  
  2.359568146007e-03  ,9.476309699077e-04  ,6.180088252389e+01  ,3.496272718846e-04  
  2.362000000020e-03  ,1.006331188434e-03  ,6.375299005772e+01  ,2.788246178936e-04  
  2.362001000018e-03  ,5.776500931996e-01  ,6.375382682300e+01  ,-1.012208327306e-03  
  2.362001884774e-03  ,1.095233812966e+00  ,6.375457068518e+01  ,-2.187872105213e-03  
  2.362003654287e-03  ,2.160160098168e+00  ,6.375605527205e+01  ,-4.504772615411e-03  
  2.362007193313e-03  ,4.412258896841e+00  ,6.375900759098e+01  ,-8.958741505844e-03  
  2.362010000020e-03  ,6.311349856841e+00  ,6.376133351516e+01  ,-1.232620310532e-02  
  2.362010707825e-03  ,6.403647033689e+00  ,6.376182488277e+01  ,-1.224666887932e-02  
  2.362012123435e-03  ,6.586280423426e+00  ,6.376279715187e+01  ,-1.198667969753e-02  
  2.362014954656e-03  ,6.940078459141e+00  ,6.376474114034e+01  ,-1.146844198956e-02  
  2.362020617097e-03  ,7.603877486318e+00  ,6.376863342697e+01  ,-1.050124766215e-02  
  2.362031941980e-03  ,8.776423009486e+00  ,6.377643045015e+01  ,-8.793006475208e-03  
  2.362043350309e-03  ,9.773403812567e+00  ,6.378429845602e+01  ,-7.340604865816e-03  
  2.362051387995e-03  ,9.973482292020e+00  ,4.100470855708e+01  ,9.860776555304e+00  
  2.362059062093e-03  ,1.000031490758e+01  ,1.063595609099e+01  ,9.860951242470e+00  
  2.362063370019e-03  ,1.018882849009e+01  ,3.395256392442e+00  ,9.861867535868e+00  
  2.362067448467e-03  ,1.046807682469e+01  ,2.664269703161e+00  ,9.862945283836e+00  
  2.362069770068e-03  ,1.062545991846e+01  ,2.745445025772e+00  ,9.863594497903e+00  
  2.362072705224e-03  ,1.081645953455e+01  ,2.800654168259e+00  ,9.864419103300e+00  
  2.362078575536e-03  ,1.117332472973e+01  ,2.810313344556e+00  ,9.866070165826e+00  
  2.362090316161e-03  ,1.179894564102e+01  ,2.799842659405e+00  ,9.869380196041e+00  
  2.362102588758e-03  ,1.234702800068e+01  ,2.804048253774e+00  ,9.872840619648e+00  
  2.362127133950e-03  ,1.317972705913e+01  ,2.806274310751e+00  ,9.879761119951e+00  
  2.362176224336e-03  ,1.416739740829e+01  ,2.808680713937e+00  ,9.893600916194e+00  
  2.362274405107e-03  ,1.497760630269e+01  ,2.816593425806e+00  ,9.921275192268e+00  
  2.362402721986e-03  ,1.499974985198e+01  ,2.826872834064e+00  ,9.957432665532e+00  
  2.362628289804e-03  ,1.500013545381e+01  ,2.844885133769e+00  ,1.002096185721e+01  
  2.362867805108e-03  ,1.500011996651e+01  ,2.864035452447e+00  ,1.008837472431e+01  
  2.363346835717e-03  ,1.500020783778e+01  ,2.902273776008e+00  ,1.022306304250e+01  
  2.364304896936e-03  ,1.500025720317e+01  ,2.978594513829e+00  ,1.049189102839e+01  
  2.366221019372e-03  ,1.500034970898e+01  ,3.130614821744e+00  ,1.102735901858e+01  
  2.370053264245e-03  ,1.500036930104e+01  ,3.432187948052e+00  ,1.208960359334e+01  
  2.372010000020e-03  ,1.499974988266e+01  ,3.584908859263e+00  ,1.262753866201e+01  
  2.372011000018e-03  ,1.442073092427e+01  ,3.584840096831e+00  ,1.262781280550e+01  
  2.372013000126e-03  ,1.321307884999e+01  ,3.584609156706e+00  ,1.262836104342e+01  
  2.372017000343e-03  ,1.067184898721e+01  ,3.584165240589e+00  ,1.262945783896e+01  
  2.372020000020e-03  ,8.646998830285e+00  ,3.583892618034e+00  ,1.263028022902e+01  
  2.372020800063e-03  ,8.543328175130e+00  ,3.583947138490e+00  ,1.263049952791e+01  
  2.372022400076e-03  ,8.338483106988e+00  ,3.584142978501e+00  ,1.263093822563e+01  
  2.372025600100e-03  ,7.943354953684e+00  ,3.584668946244e+00  ,1.263181559066e+01  
  2.372032000149e-03  ,7.207971392930e+00  ,3.585763651975e+00  ,1.263357008937e+01  
  2.372044800246e-03  ,5.932427019415e+00  ,3.588719043196e+00  ,1.263707894751e+01  
  2.372058725381e-03  ,4.791837375534e+00  ,3.598589604678e+00  ,1.264089516286e+01  
  2.372067643726e-03  ,4.356455074487e+00  ,1.402242384486e+01  ,1.264269435797e+01  
  2.372076013708e-03  ,4.342006178749e+00  ,4.355495126507e+01  ,1.264275246921e+01  
  2.372082286352e-03  ,4.134252677494e+00  ,5.281588475099e+01  ,3.613695703258e-02  
  2.372085556785e-03  ,3.936431088343e+00  ,5.284486616820e+01  ,-2.053241140079e-01  
  2.372087127367e-03  ,3.843508121713e+00  ,5.282661462381e+01  ,-4.093582530080e-03  
  2.372090268532e-03  ,3.664795314943e+00  ,5.282979908381e+01  ,1.012366532564e-02  
  2.372096550861e-03  ,3.331497092939e+00  ,5.283958344936e+01  ,5.647227019015e-03  
  2.372109115520e-03  ,2.750542977527e+00  ,5.285838672939e+01  ,4.592895203624e-03  
  2.372134244839e-03  ,1.860669440084e+00  ,5.289591617492e+01  ,3.312560962816e-03  
  2.372175366083e-03  ,9.413848827827e-01  ,5.295718475553e+01  ,1.971970253815e-03  
  2.372221362987e-03  ,4.553886741629e-01  ,5.302551397897e+01  ,1.261999700923e-03  
  2.372269452015e-03  ,1.918045050657e-01  ,5.309674821194e+01  ,8.761101903731e-04  
  2.372324371735e-03  ,8.005216976941e-02  ,5.317786206701e+01  ,7.112044775954e-04  
  2.372413075367e-03  ,6.880149330708e-03  ,5.330837613403e+01  ,6.012560003401e-04  
  2.372507882515e-03  ,2.594580453740e-03  ,5.344720060627e+01  ,5.914793208516e-04  
  2.372697496811e-03  ,7.928014497100e-04  ,5.372279539181e+01  ,5.818001308291e-04  
  2.372919130722e-03  ,1.962129509567e-03  ,5.404145082137e+01  ,5.753486671275e-04  
  2.373362398544e-03  ,1.917267843363e-03  ,5.466744613717e+01  ,5.590253195500e-04  
  2.374248934189e-03  ,1.422258937778e-03  ,5.587383650795e+01  ,5.265621383654e-04  
  2.376022005478e-03  ,1.581289205686e-03  ,5.810153363384e+01  ,4.653056420342e-04  
  2.379568148056e-03  ,9.473855586592e-04  ,6.180297161852e+01  ,3.495539324734e-04  
  2.382000000020e-03  ,1.006112196454e-03  ,6.375460839511e+01  ,2.787545310496e-04  
  2.382001000018e-03  ,5.776498740305e-01  ,6.375544496825e+01  ,-1.012278827807e-03  
  2.382001884774e-03  ,1.095233593644e+00  ,6.375618866039e+01  ,-2.187942545168e-03  
  2.382003654287e-03  ,2.160159878547e+00  ,6.375767290720e+01  ,-4.504843055442e-03  
  2.382007193313e-03  ,4.412258676645e+00  ,6.376062454596e+01  ,-8.958811916416e-03  
  2.382010000020e-03  ,6.311349636210e+00  ,6.376294993069e+01  ,-1.232627349291e-02  
  2.382010707825e-03  ,6.403646812948e+00  ,6.376344116202e+01  ,-1.224673873449e-02  
  2.382012123435e-03  ,6.586280202467e+00  ,6.376441315862e+01  ,-1.198674943394e-02  
  2.382014954656e-03  ,6.940078237761e+00  ,6.376635660213e+01  ,-1.146851178227e-02  
  2.382020617097e-03  ,7.603877264147e+00  ,6.377024779889e+01  ,-1.050131744430e-02  
  2.382031941980e-03  ,8.776422785922e+00  ,6.377804264241e+01  ,-8.793076261160e-03  
  2.382043350309e-03  ,9.773403587822e+00  ,6.378590845278e+01  ,-7.340674640929e-03  
  2.382051387995e-03  ,9.973477208742e+00  ,4.100593370729e+01  ,9.859991948079e+00  
  2.382059062093e-03  ,1.000030816716e+01  ,1.063703660459e+01  ,9.860166524602e+00  
  2.382063370019e-03  ,1.018880041566e+01  ,3.395148631200e+00  ,9.861082845501e+00  
  2.382067448467e-03  ,1.046804902003e+01  ,2.664036843299e+00  ,9.862160557079e+00  
  2.382069770068e-03  ,1.062543306620e+01  ,2.745213573507e+00  ,9.862809776484e+00  
  2.382072704851e-03  ,1.081641024769e+01  ,2.800427507675e+00  ,9.863634284829e+00  
  2.382078574419e-03  ,1.117323628135e+01  ,2.810091315780e+00  ,9.865285150925e+00  
  2.382090313554e-03  ,1.180038680490e+01  ,2.805103538795e+00  ,9.868591444368e+00  
  2.382110206604e-03  ,1.264665923464e+01  ,2.804555930998e+00  ,9.874198058922e+00  
  2.382149992704e-03  ,1.373764920750e+01  ,2.807135916623e+00  ,9.885415417733e+00  
  2.382229564905e-03  ,1.477408117035e+01  ,2.812884680305e+00  ,9.907846763996e+00  
  2.382343397855e-03  ,1.515500809185e+01  ,2.821823703586e+00  ,9.939927771017e+00  
  2.382496462583e-03  ,1.513806625695e+01  ,2.834073703009e+00  ,9.983049133092e+00  
  2.382750759840e-03  ,1.495629700683e+01  ,2.854479872972e+00  ,1.005464835173e+01  
  2.383179817915e-03  ,1.502324036115e+01  ,2.888713665034e+00  ,1.017533550213e+01  
  2.383701287031e-03  ,1.500857081962e+01  ,2.930306977730e+00  ,1.032181880462e+01  
  2.384744225263e-03  ,1.499345111428e+01  ,3.013303043055e+00  ,1.061413555063e+01  
  2.386830101728e-03  ,1.500587343308e+01  ,3.178540883091e+00  ,1.119618014728e+01  
  2.391001854658e-03  ,1.500045849635e+01  ,3.506115490855e+00  ,1.235000198459e+01  
  2.392010000020e-03  ,1.499971529377e+01  ,3.584694641944e+00  ,1.262678421028e+01  
  2.392011000018e-03  ,1.442250211466e+01  ,3.584625316168e+00  ,1.262705835460e+01  
  2.392013000126e-03  ,1.321479788776e+01  ,3.584394168482e+00  ,1.262760660423e+01  
  2.392017000343e-03  ,1.067346738681e+01  ,3.583950179614e+00  ,1.262870340227e+01  
  2.392020000020e-03  ,8.648545233147e+00  ,3.583677552738e+00  ,1.262952579877e+01  
  2.392020800063e-03  ,8.544856037305e+00  ,3.583732050831e+00  ,1.262974509944e+01  
  2.392022400076e-03  ,8.339974334072e+00  ,3.583927850335e+00  ,1.263018380055e+01  
  2.392025600100e-03  ,7.944775514453e+00  ,3.584453732685e+00  ,1.263106117240e+01  
  2.392032000149e-03  ,7.209260432863e+00  ,3.585548171562e+00  ,1.263281568496e+01  
  2.392044800246e-03  ,5.933487913725e+00  ,3.588502046080e+00  ,1.263632457079e+01  
  2.392058725381e-03  ,4.792693959671e+00  ,3.598353566570e+00  ,1.264014081808e+01  
  2.392067643726e-03  ,4.356509885420e+00  ,1.398103915547e+01  ,1.264194333708e+01  
  2.392076013708e-03  ,4.341966339710e+00  ,4.350682261112e+01  ,1.264200440340e+01  
  2.392082291568e-03  ,4.134676150934e+00  ,5.281427806299e+01  ,3.893267024842e-02  
  2.392085562373e-03  ,3.936822322846e+00  ,5.284362147327e+01  ,-2.060713857277e-01  
  2.392087131837e-03  ,3.843953977585e+00  ,5.282529701615e+01  ,-4.144339639376e-03  
  2.392090270767e-03  ,3.665344708771e+00  ,5.282847084541e+01  ,1.014127904232e-02  
  2.392096548626e-03  ,3.332223447951e+00  ,5.283824942090e+01  ,5.649229463426e-03  
  2.392109104345e-03  ,2.753118139959e+00  ,5.285708659875e+01  ,4.426843397169e-03  
  2.392134215781e-03  ,1.872831192219e+00  ,5.289457395754e+01  ,3.517118674268e-03  
  2.392173513124e-03  ,9.863524762689e-01  ,5.295315805383e+01  ,2.038255813307e-03  
  2.392218121240e-03  ,4.424150664084e-01  ,5.301943666978e+01  ,1.243080383534e-03  
  2.392263623426e-03  ,1.762409547247e-01  ,5.308685109457e+01  ,8.536079014964e-04  
  2.392332740972e-03  ,5.623862013119e-02  ,5.318891647766e+01  ,6.761486569379e-04  
  2.392413815210e-03  ,4.613998750348e-03  ,5.330816495862e+01  ,5.978850609506e-04  
  2.392510124395e-03  ,-7.862652818756e-03  ,5.344916681472e+01  ,5.761118706368e-04  
  2.392702742765e-03  ,-5.377130019137e-03  ,5.372904839379e+01  ,5.725746338917e-04  
  2.392993422696e-03  ,4.389668579069e-03  ,5.414605285473e+01  ,5.761111170834e-04  
  2.393574782560e-03  ,-2.564029334361e-05  ,5.496058175986e+01  ,5.484816240327e-04  
  2.394478007505e-03  ,1.129731886543e-03  ,5.617399519624e+01  ,5.178271095997e-04  
  2.395733805845e-03  ,1.471786771189e-03  ,5.775455688096e+01  ,4.748041427804e-04  
  2.398245402524e-03  ,1.202934231026e-03  ,6.053887653508e+01  ,3.921677663844e-04  
  2.402000000020e-03  ,8.926151300945e-04  ,6.375258580826e+01  ,2.766340148409e-04  
  2.402001000018e-03  ,5.775380276008e-01  ,6.375342233816e+01  ,-1.013336052489e-03  
  2.402001884774e-03  ,1.095123232826e+00  ,6.375416595784e+01  ,-2.187727195214e-03  
  2.402003654287e-03  ,2.160052440530e+00  ,6.375565035126e+01  ,-4.504923727826e-03  
  2.402007193313e-03  ,4.412156858284e+00  ,6.375860222704e+01  ,-8.958936765857e-03  
  2.402010000020e-03  ,6.311252066801e+00  ,6.376092779859e+01  ,-1.232638896818e-02  
  2.402010707825e-03  ,6.403550280728e+00  ,6.376141907629e+01  ,-1.224685162024e-02  
  2.402012123435e-03  ,6.586185722578e+00  ,6.376239116480e+01  ,-1.198686312628e-02  
  2.402014954656e-03  ,6.939987733731e+00  ,6.376433479670e+01  ,-1.146861764617e-02  
  2.402020617097e-03  ,7.603794219614e+00  ,6.376822636683e+01  ,-1.050141179928e-02  
  2.402031941980e-03  ,8.776352917969e+00  ,6.377602195780e+01  ,-8.793151319845e-03  
  2.402043350309e-03  ,9.773344923519e+00  ,6.378388852162e+01  ,-7.340733995245e-03  
  2.402051387995e-03  ,9.973476421714e+00  ,4.100695622595e+01  ,9.860109250480e+00  
  2.402059062093e-03  ,1.000030828165e+01  ,1.063812842647e+01  ,9.860283857213e+00  
  2.402063370764e-03  ,1.018883444240e+01  ,3.395139051380e+00  ,9.861200181408e+00  
  2.402067449212e-03  ,1.046808159865e+01  ,2.664094133794e+00  ,9.862277936297e+00  
  2.402069770813e-03  ,1.062546434405e+01  ,2.745255368954e+00  ,9.862927153216e+00  
  2.402072705969e-03  ,1.081646373210e+01  ,2.800462787721e+00  ,9.863751763758e+00  
  2.402078576281e-03  ,1.117332856971e+01  ,2.810123400100e+00  ,9.865402836888e+00  
  2.402090316906e-03  ,1.179894885982e+01  ,2.799653335814e+00  ,9.868712889386e+00  
  2.402102588013e-03  ,1.234696952647e+01  ,2.803858683732e+00  ,9.872172916104e+00  
  2.402127130225e-03  ,1.317960169732e+01  ,2.806084567399e+00  ,9.879092622681e+00  
  2.402176214650e-03  ,1.416725266850e+01  ,2.808490548332e+00  ,9.892930831757e+00  
  2.402274383500e-03  ,1.497752038402e+01  ,2.816402322465e+00  ,9.920601934825e+00  
  2.402402700379e-03  ,1.499974868224e+01  ,2.826681766629e+00  ,9.956759653284e+00  
  2.402628244355e-03  ,1.500013574584e+01  ,2.844692279196e+00  ,1.002028256306e+01  
  2.402867759660e-03  ,1.500012021455e+01  ,2.863842730493e+00  ,1.008769589193e+01  
  2.403346790269e-03  ,1.500020842850e+01  ,2.902081315858e+00  ,1.022238513269e+01  
  2.404304851487e-03  ,1.500025798881e+01  ,2.978402576379e+00  ,1.049121495996e+01  
  2.406220973924e-03  ,1.500035085826e+01  ,3.130423925438e+00  ,1.102668661792e+01  
  2.410053218797e-03  ,1.500037053190e+01  ,3.431999117448e+00  ,1.208893846872e+01  
  2.412010000020e-03  ,1.499974880701e+01  ,3.584724613253e+00  ,1.262688968200e+01  
  2.412011000018e-03  ,1.442072050071e+01  ,3.584655855493e+00  ,1.262716382734e+01  
  2.412013000126e-03  ,1.321306873336e+01  ,3.584424917576e+00  ,1.262771206890e+01  
  2.412017000343e-03  ,1.067183946279e+01  ,3.583981000447e+00  ,1.262880887185e+01  
  2.412020000020e-03  ,8.646989729492e+00  ,3.583708373942e+00  ,1.262963126743e+01  
  2.412020800063e-03  ,8.543319183411e+00  ,3.583762892020e+00  ,1.262985056780e+01  
  2.412022400076e-03  ,8.338474330793e+00  ,3.583958727559e+00  ,1.263028926847e+01  
  2.412025600100e-03  ,7.943346593233e+00  ,3.584484688402e+00  ,1.263116663939e+01  
  2.412032000149e-03  ,7.207963806158e+00  ,3.585579376470e+00  ,1.263292114990e+01  
  2.412044800246e-03  ,5.932420773987e+00  ,3.588534693808e+00  ,1.263643003163e+01  
  2.412058725381e-03  ,4.791832324878e+00  ,3.598404878684e+00  ,1.264024627268e+01  
  2.412067643726e-03  ,4.356450703628e+00  ,1.402223808799e+01  ,1.264204549860e+01  
  2.412076013708e-03  ,4.342002403380e+00  ,4.355477387060e+01  ,1.264210361854e+01  
  2.412082286352e-03  ,4.134245103560e+00  ,5.281554033476e+01  ,3.611763224424e-02  
  2.412085556785e-03  ,3.936423804946e+00  ,5.284451910636e+01  ,-2.053209503379e-01  
  2.412087127553e-03  ,3.843490183051e+00  ,5.282626784944e+01  ,-4.092692847779e-03  
  2.412090269091e-03  ,3.664757509681e+00  ,5.282945262044e+01  ,1.012306846572e-02  
  2.412096552165e-03  ,3.331424930950e+00  ,5.283923727345e+01  ,5.647034312995e-03  
  2.412109118314e-03  ,2.750420091544e+00  ,5.285804121703e+01  ,4.592674281520e-03  
  2.412134250613e-03  ,1.860495343714e+00  ,5.289557199031e+01  ,3.312261486540e-03  
  2.412175365897e-03  ,9.413947638225e-01  ,5.295682659482e+01  ,1.971939009150e-03  
  2.412221362801e-03  ,4.553933677737e-01  ,5.302515014180e+01  ,1.261961026802e-03  
  2.412269445868e-03  ,1.918318010968e-01  ,5.309636963054e+01  ,8.761047900414e-04  
  2.412324371548e-03  ,8.005476383650e-02  ,5.317748554175e+01  ,7.111629926452e-04  
  2.412413075181e-03  ,6.878194625720e-03  ,5.330798871144e+01  ,6.012081101447e-04  
  2.412507882329e-03  ,2.594137901507e-03  ,5.344680156492e+01  ,5.914338666362e-04  
  2.412697496625e-03  ,7.929904239535e-04  ,5.372237320460e+01  ,5.817560658280e-04  
  2.412919106694e-03  ,1.961853356438e-03  ,5.404096766171e+01  ,5.753053360636e-04  
  2.413362326832e-03  ,1.917050457092e-03  ,5.466684398594e+01  ,5.589848619492e-04  
  2.414248767110e-03  ,1.422200089778e-03  ,5.587300833907e+01  ,5.265272196720e-04  
  2.416021647664e-03  ,1.581132909608e-03  ,5.810030248352e+01  ,4.652805230529e-04  
  2.419567408772e-03  ,9.473987669728e-04  ,6.180113646128e+01  ,3.495463715470e-04  
  2.422000000020e-03  ,1.005965522181e-03  ,6.375322167828e+01  ,2.787266839532e-04  
  2.422001000018e-03  ,5.776497280216e-01  ,6.375405816747e+01  ,-1.012305775426e-03  
  2.422001884774e-03  ,1.095233448237e+00  ,6.375480178536e+01  ,-2.187968827727e-03  
  2.422003654287e-03  ,2.160159734326e+00  ,6.375628588382e+01  ,-4.504869503314e-03  
  2.422007193313e-03  ,4.412258534704e+00  ,6.375923722589e+01  ,-8.958838413954e-03  
  2.422010000020e-03  ,6.311349495993e+00  ,6.376156237533e+01  ,-1.232630000398e-02  
  2.422010707825e-03  ,6.403646673150e+00  ,6.376205354725e+01  ,-1.224676583998e-02  
  2.422012123435e-03  ,6.586280063497e+00  ,6.376302542492e+01  ,-1.198677666262e-02  
  2.422014954656e-03  ,6.940078100395e+00  ,6.376496863057e+01  ,-1.146853894590e-02  
  2.422020617097e-03  ,7.603877129794e+00  ,6.376885935172e+01  ,-1.050134458369e-02  
  2.422031941980e-03  ,8.776422656896e+00  ,6.377665324451e+01  ,-8.793103365869e-03  
  2.422043350309e-03  ,9.773403463338e+00  ,6.378451809779e+01  ,-7.340701711338e-03  
  2.422051387995e-03  ,9.973474718935e+00  ,4.100433949214e+01  ,9.859432621783e+00  
  2.422059062093e-03  ,1.000030680084e+01  ,1.063550745089e+01  ,9.859607301797e+00  
  2.422063370019e-03  ,1.018882225237e+01  ,3.394889367785e+00  ,9.860523607589e+00  
  2.422067448467e-03  ,1.046807085074e+01  ,2.663890570789e+00  ,9.861601376251e+00  
  2.422069770440e-03  ,1.062547875996e+01  ,2.745060091233e+00  ,9.862250700747e+00  
  2.422072705224e-03  ,1.081645389886e+01  ,2.800267054824e+00  ,9.863075213501e+00  
  2.422078574791e-03  ,1.117327623005e+01  ,2.809931456710e+00  ,9.864726089100e+00  
  2.422090313926e-03  ,1.179883214940e+01  ,2.799461132104e+00  ,9.868035744010e+00  
  2.422102583542e-03  ,1.234681118903e+01  ,2.803666344026e+00  ,9.871495374161e+00  
  2.422127122774e-03  ,1.317940780331e+01  ,2.805892157046e+00  ,9.878414287670e+00  
  2.422176201239e-03  ,1.416707655519e+01  ,2.808297532099e+00  ,9.892250910909e+00  
  2.422274358168e-03  ,1.497743358698e+01  ,2.816208425764e+00  ,9.919918843655e+00  
  2.422402675047e-03  ,1.499974750057e+01  ,2.826487910294e+00  ,9.956076810890e+00  
  2.422628195181e-03  ,1.500013604088e+01  ,2.844496633710e+00  ,1.001959344496e+01  
  2.422867710486e-03  ,1.500012046513e+01  ,2.863647221384e+00  ,1.008700724227e+01  
  2.423346741095e-03  ,1.500020902525e+01  ,2.901886072355e+00  ,1.022169741894e+01  
  2.424304802313e-03  ,1.500025878244e+01  ,2.978207863134e+00  ,1.049052911423e+01  
  2.426220924750e-03  ,1.500035201924e+01  ,3.130230268394e+00  ,1.102600449302e+01  
  2.430053169623e-03  ,1.500037177530e+01  ,3.431807555981e+00  ,1.208826372508e+01  
  2.432010000020e-03  ,1.499974772034e+01  ,3.584537941519e+00  ,1.262623215774e+01  
  2.432011000018e-03  ,1.442070996545e+01  ,3.584469188486e+00  ,1.262650630495e+01  
  2.432013000126e-03  ,1.321305850830e+01  ,3.584238252804e+00  ,1.262705455019e+01  
  2.432017000343e-03  ,1.067182983630e+01  ,3.583794334649e+00  ,1.262815136065e+01  
  2.432020000020e-03  ,8.646980531167e+00  ,3.583521704141e+00  ,1.262897376183e+01  
  2.432020800063e-03  ,8.543310095329e+00  ,3.583576219810e+00  ,1.262919306370e+01  
  2.432022400076e-03  ,8.338465460545e+00  ,3.583772050817e+00  ,1.262963176735e+01  
  2.432025600100e-03  ,7.943338143183e+00  ,3.584298004667e+00  ,1.263050914424e+01  
  2.432032000149e-03  ,7.207956138078e+00  ,3.585392674836e+00  ,1.263226366671e+01  
  2.432044800246e-03  ,5.932414461624e+00  ,3.588347917298e+00  ,1.263577257234e+01  
  2.432058725381e-03  ,4.791827220072e+00  ,3.598217720337e+00  ,1.263958883943e+01  
  2.432067643726e-03  ,4.356446276006e+00  ,1.402204929170e+01  ,1.264138809686e+01  
  2.432076013708e-03  ,4.341998577762e+00  ,4.355459345228e+01  ,1.264144622902e+01  
  2.432082286352e-03  ,4.134251875024e+00  ,5.281603857176e+01  ,3.617264169593e-02  
  2.432085556785e-03  ,3.936430423849e+00  ,5.284502388010e+01  ,-2.053339987646e-01  
  2.432087127367e-03  ,3.843507449843e+00  ,5.282677094526e+01  ,-4.094294298336e-03  
  2.432090268532e-03  ,3.664794660086e+00  ,5.282995448800e+01  ,1.012374835507e-02  
  2.432096550861e-03  ,3.331496471002e+00  ,5.283973719907e+01  ,5.647131482681e-03  
  2.432109115520e-03  ,2.750542409839e+00  ,5.285853712776e+01  ,4.592789605517e-03  
  2.432134244839e-03  ,1.860668953733e+00  ,5.289605986601e+01  ,3.312456275095e-03  
  2.432175366083e-03  ,9.413844794392e-01  ,5.295731747485e+01  ,1.971865932373e-03  
  2.432221362987e-03  ,4.553883139474e-01  ,5.302563443393e+01  ,1.261895683048e-03  
  2.432269452015e-03  ,1.918041683885e-01  ,5.309685585673e+01  ,8.760064628679e-04  
  2.432324371735e-03  ,8.005184329317e-02  ,5.317795509720e+01  ,7.111010514087e-04  
  2.432413075367e-03  ,6.879829875206e-03  ,5.330844559382e+01  ,6.011530510776e-04  
  2.432507882515e-03  ,2.594261991454e-03  ,5.344724492106e+01  ,5.913768613851e-04  
  2.432697496811e-03  ,7.924843931723e-04  ,5.372278956493e+01  ,5.816986537293e-04  
  2.432919130722e-03  ,1.961813830455e-03  ,5.404138663864e+01  ,5.752483062192e-04  
  2.433362398544e-03  ,1.916955200556e-03  ,5.466726608380e+01  ,5.589271749428e-04  
  2.434248934189e-03  ,1.421952686285e-03  ,5.587342819247e+01  ,5.264681822905e-04  
  2.436022005478e-03  ,1.580996702817e-03  ,5.810068372620e+01  ,4.652194805038e-04  
  2.439568148056e-03  ,9.471243747396e-04  ,6.180130532661e+01  ,3.494812365836e-04  
  2.442000000020e-03  ,1.005874938102e-03  ,6.375243836039e+01  ,2.786890387601e-04  
  2.442001000018e-03  ,5.776496367873e-01  ,6.375327473667e+01  ,-1.012343114963e-03  
  2.442001884774e-03  ,1.095233356417e+00  ,6.375401825476e+01  ,-2.188006697382e-03  
  2.442003654287e-03  ,2.160159641351e+00  ,6.375550215350e+01  ,-4.504907254497e-03  
  2.442007193313e-03  ,4.412258439510e+00  ,6.375845309615e+01  ,-8.958876160496e-03  
  2.442010000020e-03  ,6.311349399121e+00  ,6.376077792883e+01  ,-1.232633776371e-02  
  2.442010707825e-03  ,6.403646575866e+00  ,6.376126902076e+01  ,-1.224680397459e-02  
  2.442012123435e-03  ,6.586279965398e+00  ,6.376224073836e+01  ,-1.198681487134e-02  
  2.442014954656e-03  ,6.940078000715e+00  ,6.376418362386e+01  ,-1.146857711932e-02  
  2.442020617097e-03  ,7.603877027150e+00  ,6.376807370484e+01  ,-1.050138274282e-02  
  2.442031941980e-03  ,8.776422549025e+00  ,6.377586631771e+01  ,-8.793141510916e-03  
  2.442043350309e-03  ,9.773403351031e+00  ,6.378372988225e+01  ,-7.340739836451e-03  
  2.442051387995e-03  ,9.973471509783e+00  ,4.100329338816e+01  ,9.858792042369e+00  
  2.442059062093e-03  ,1.000030414894e+01  ,1.063448263622e+01  ,9.858966783209e+00  
  2.442063370019e-03  ,1.018883403829e+01  ,3.394650077596e+00  ,9.859883082699e+00  
  2.442067448467e-03  ,1.046808269256e+01  ,2.663716816831e+00  ,9.860960890526e+00  
  2.442069770440e-03  ,1.062549015124e+01  ,2.744880792203e+00  ,9.861610218723e+00  
  2.442072705596e-03  ,1.081648843168e+01  ,2.800086547031e+00  ,9.862434841007e+00  
  2.442078575909e-03  ,1.117335120684e+01  ,2.809748906338e+00  ,9.864085936769e+00  
  2.442090316534e-03  ,1.179896780216e+01  ,2.799279380139e+00  ,9.867396033226e+00  
  2.442102587640e-03  ,1.234698522634e+01  ,2.803484664990e+00  ,9.870856105839e+00  
  2.442127129853e-03  ,1.317961247164e+01  ,2.805710674661e+00  ,9.877775904191e+00  
  2.442176214277e-03  ,1.416725759834e+01  ,2.808116746990e+00  ,9.891614296770e+00  
  2.442274383127e-03  ,1.497752051860e+01  ,2.816028658367e+00  ,9.919285766731e+00  
  2.442402700007e-03  ,1.499974868481e+01  ,2.826308240753e+00  ,9.955443964575e+00  
  2.442628243983e-03  ,1.500013574610e+01  ,2.844318991003e+00  ,1.001896771655e+01  
  2.442867759287e-03  ,1.500012021491e+01  ,2.863469696762e+00  ,1.008638193919e+01  
  2.443346789896e-03  ,1.500020842833e+01  ,2.901708789139e+00  ,1.022107296568e+01  
  2.444304851114e-03  ,1.500025798833e+01  ,2.978031061588e+00  ,1.048990635715e+01  
  2.446220973551e-03  ,1.500035085721e+01  ,3.130054426255e+00  ,1.102538511448e+01  
  2.450053218424e-03  ,1.500037053072e+01  ,3.431633616721e+00  ,1.208765104877e+01  
  2.452010000020e-03  ,1.499974880939e+01  ,3.584361166388e+00  ,1.262560949642e+01  
  2.452011000018e-03  ,1.442072051671e+01  ,3.584292411758e+00  ,1.262588364540e+01  
  2.452013000126e-03  ,1.321306874889e+01  ,3.584061475954e+00  ,1.262643189423e+01  
  2.452017000343e-03  ,1.067183947733e+01  ,3.583617556070e+00  ,1.262752871171e+01  
  2.452020000020e-03  ,8.646989743220e+00  ,3.583344921740e+00  ,1.262835111820e+01  
  2.452020800063e-03  ,8.543319196895e+00  ,3.583399434909e+00  ,1.262857042148e+01  
  2.452022400076e-03  ,8.338474343799e+00  ,3.583595261223e+00  ,1.262900912796e+01  
  2.452025600100e-03  ,7.943346605342e+00  ,3.584121207558e+00  ,1.262988651051e+01  
  2.452032000149e-03  ,7.207963816435e+00  ,3.585215857941e+00  ,1.263164104428e+01  
  2.452044800246e-03  ,5.932420779645e+00  ,3.588171013014e+00  ,1.263514997256e+01  
  2.452058725381e-03  ,4.791832313784e+00  ,3.598040239930e+00  ,1.263896626433e+01  
  2.452067642236e-03  ,4.356449081168e+00  ,1.401589379761e+01  ,1.264076571410e+01  
  2.452076010728e-03  ,4.341991906962e+00  ,4.354231085656e+01  ,1.264082449072e+01  
  2.452082283372e-03  ,4.134438188786e+00  ,5.281529077299e+01  ,3.709747666523e-02  
  2.452085553432e-03  ,3.936632886597e+00  ,5.284439363281e+01  ,-2.055682063615e-01  
  2.452087123455e-03  ,3.843737259110e+00  ,5.282611754494e+01  ,-4.111438347204e-03  
  2.452090263503e-03  ,3.665075879118e+00  ,5.282929673335e+01  ,1.012975800658e-02  
  2.452096543597e-03  ,3.331865508555e+00  ,5.283907595940e+01  ,5.647983507935e-03  
  2.452109103786e-03  ,2.751036972964e+00  ,5.285786786521e+01  ,4.593442241696e-03  
  2.452134224163e-03  ,1.861276307934e+00  ,5.289537450055e+01  ,3.313301454372e-03  
  2.452175363289e-03  ,9.413974942284e-01  ,5.295665420913e+01  ,1.971845665806e-03  
  2.452221354233e-03  ,4.554412205124e-01  ,5.302495720367e+01  ,1.261933788483e-03  
  2.452269449221e-03  ,1.918053511277e-01  ,5.309618211602e+01  ,8.759691296166e-04  
  2.452324357020e-03  ,8.006937829107e-02  ,5.317725767996e+01  ,7.110881129836e-04  
  2.452413048731e-03  ,6.891344015703e-03  ,5.330772093430e+01  ,6.011319973837e-04  
  2.452507855879e-03  ,2.596035104040e-03  ,5.344650996126e+01  ,5.913418154785e-04  
  2.452697470175e-03  ,7.901939389924e-04  ,5.372203410431e+01  ,5.816581230256e-04  
  2.452919080244e-03  ,1.962188335372e-03  ,5.404057331937e+01  ,5.752130254856e-04  
  2.453362300383e-03  ,1.917378234266e-03  ,5.466634005515e+01  ,5.588946654921e-04  
  2.454248740660e-03  ,1.421449311585e-03  ,5.587228891538e+01  ,5.264394692524e-04  
  2.456021621214e-03  ,1.581256415244e-03  ,5.809916772793e+01  ,4.652015283613e-04  
  2.459567382323e-03  ,9.467870223181e-04  ,6.179923998556e+01  ,3.494792492420e-04  
  2.462000000020e-03  ,1.006076471045e-03  ,6.375087850326e+01  ,2.786667979933e-04  
  2.462001000018e-03  ,5.776498340303e-01  ,6.375171480942e+01  ,-1.012364417364e-03  
  2.462001884681e-03  ,1.095178426845e+00  ,6.375245818727e+01  ,-2.187904170751e-03  
  2.462003654008e-03  ,2.159988111254e+00  ,6.375394180656e+01  ,-4.504567573460e-03  
  2.462007192661e-03  ,4.411828592437e+00  ,6.375689219374e+01  ,-8.958098695814e-03  
  2.462010000020e-03  ,6.311348977803e+00  ,6.375921737148e+01  ,-1.232635953119e-02  
  2.462010707751e-03  ,6.403636545874e+00  ,6.375970836267e+01  ,-1.224684007635e-02  
  2.462012123175e-03  ,6.586246371153e+00  ,6.376067985318e+01  ,-1.198688600670e-02  
  2.462014954023e-03  ,6.940000228662e+00  ,6.376262228413e+01  ,-1.146871226453e-02  
  2.462020615719e-03  ,7.603721905691e+00  ,6.376651145524e+01  ,-1.050163068326e-02  
  2.462031939111e-03  ,8.776149289840e+00  ,6.377430224613e+01  ,-8.793561420495e-03  
  2.462043345950e-03  ,9.773052477546e+00  ,6.378216398018e+01  ,-7.341272824160e-03  
  2.462051382147e-03  ,9.973451756330e+00  ,4.102554478867e+01  ,9.858283374797e+00  
  2.462059054754e-03  ,1.000026753417e+01  ,1.066176479402e+01  ,9.858456840187e+00  
  2.462063364915e-03  ,1.018849581590e+01  ,3.396301506470e+00  ,9.859373283667e+00  
  2.462067447088e-03  ,1.046799394621e+01  ,2.663230569250e+00  ,9.860451318301e+00  
  2.462069767944e-03  ,1.062533241357e+01  ,2.744618487681e+00  ,9.861100351375e+00  
  2.462072700493e-03  ,1.081617298337e+01  ,2.799931792765e+00  ,9.861924253370e+00  
  2.462078565590e-03  ,1.117275893723e+01  ,2.809620008984e+00  ,9.863573888028e+00  
  2.462090295784e-03  ,1.179796152282e+01  ,2.799123541021e+00  ,9.866881059579e+00  
  2.462102544538e-03  ,1.234523052101e+01  ,2.803336717190e+00  ,9.870334847972e+00  
  2.462127042047e-03  ,1.317712863033e+01  ,2.805562462945e+00  ,9.877242078354e+00  
  2.462176037065e-03  ,1.416480786216e+01  ,2.807957832154e+00  ,9.891055339516e+00  
  2.462274027101e-03  ,1.497622063121e+01  ,2.815856214149e+00  ,9.918676567700e+00  
  2.462402296297e-03  ,1.499972655401e+01  ,2.826131606117e+00  ,9.954821552713e+00  
  2.462627458803e-03  ,1.500014128771e+01  ,2.844111846088e+00  ,1.001823829688e+01  
  2.462866783373e-03  ,1.500012488493e+01  ,2.863247515311e+00  ,1.008559934886e+01  
  2.463345432512e-03  ,1.500021957218e+01  ,2.901456476683e+00  ,1.022018425147e+01  
  2.464302730791e-03  ,1.500027281139e+01  ,2.977718736216e+00  ,1.048880626335e+01  
  2.466217327349e-03  ,1.500037254597e+01  ,3.129623056754e+00  ,1.102386571859e+01  
  2.470046520464e-03  ,1.500039376542e+01  ,3.430968050432e+00  ,1.208530673328e+01  
  2.472010000020e-03  ,1.499972836902e+01  ,3.584220645446e+00  ,1.262511449800e+01  
  2.472011000018e-03  ,1.442051404979e+01  ,3.584151953312e+00  ,1.262538864852e+01  
  2.472013000126e-03  ,1.321286836136e+01  ,3.583921040924e+00  ,1.262593689934e+01  
  2.472017000343e-03  ,1.067165082111e+01  ,3.583477127685e+00  ,1.262703372312e+01  
  2.472020000020e-03  ,8.646809479560e+00  ,3.583204490530e+00  ,1.262785613382e+01  
  2.472020800063e-03  ,8.543141094480e+00  ,3.583259004022e+00  ,1.262807543822e+01  
  2.472022400076e-03  ,8.338300511854e+00  ,3.583454830823e+00  ,1.262851414695e+01  
  2.472025600100e-03  ,7.943181010823e+00  ,3.583980780522e+00  ,1.262939153400e+01  
  2.472032000149e-03  ,7.207813552953e+00  ,3.585075444862e+00  ,1.263114607676e+01  
  2.472044800246e-03  ,5.932297109843e+00  ,3.588030702983e+00  ,1.263465502300e+01  
  2.472058725381e-03  ,4.791732453615e+00  ,3.597901717578e+00  ,1.263847133415e+01  
  2.472067643726e-03  ,4.356432776224e+00  ,1.402583812978e+01  ,1.264027031629e+01  
  2.472076013708e-03  ,4.341995607519e+00  ,4.355906991555e+01  ,1.264032816368e+01  
  2.472082285607e-03  ,4.134184732358e+00  ,5.281413157725e+01  ,3.577626600773e-02  
  2.472085556040e-03  ,3.936365077334e+00  ,5.284306623296e+01  ,-2.052393975147e-01  
  2.472087126808e-03  ,3.843432948803e+00  ,5.282482222708e+01  ,-4.087679074615e-03  
  2.472090268346e-03  ,3.664702903455e+00  ,5.282800665412e+01  ,1.012137597749e-02  
  2.472096551420e-03  ,3.331375229545e+00  ,5.283778910636e+01  ,5.646764298584e-03  
  2.472109117569e-03  ,2.750378973843e+00  ,5.285658892070e+01  ,4.592501844151e-03  
  2.472134249868e-03  ,1.860467395438e+00  ,5.289411145295e+01  ,3.312102673226e-03  
  2.472175365152e-03  ,9.413804304487e-01  ,5.295535258518e+01  ,1.971800088941e-03  
  2.472221362056e-03  ,4.553862450012e-01  ,5.302366107827e+01  ,1.261832932013e-03  
  2.472269445123e-03  ,1.918285889200e-01  ,5.309486485312e+01  ,8.759827089902e-04  
  2.472324370803e-03  ,8.005321051403e-02  ,5.317596284246e+01  ,7.110436992093e-04  
  2.472413074436e-03  ,6.877727855028e-03  ,5.330643713225e+01  ,6.010909936987e-04  
  2.472507881584e-03  ,2.593735691908e-03  ,5.344521920539e+01  ,5.913174772555e-04  
  2.472697495880e-03  ,7.926169566259e-04  ,5.372072955494e+01  ,5.816409735555e-04  
  2.472919105949e-03  ,1.961464934301e-03  ,5.403925283943e+01  ,5.751916571544e-04  
  2.473362326087e-03  ,1.916667545285e-03  ,5.466498832852e+01  ,5.588740370371e-04  
  2.474248766364e-03  ,1.421834492400e-03  ,5.587087717103e+01  ,5.264218194471e-04  
  2.476021646919e-03  ,1.580785938796e-03  ,5.809764596467e+01  ,4.651852308629e-04  
  2.479567408027e-03  ,9.471066352255e-04  ,6.179753874516e+01  ,3.494687038999e-04  
  2.482000000020e-03  ,1.005706857933e-03  ,6.374906744941e+01  ,2.786586707120e-04  
  2.482001000018e-03  ,5.776494694078e-01  ,6.374990372523e+01  ,-1.012371716280e-03  
  2.482001884681e-03  ,1.095178066597e+00  ,6.375064707633e+01  ,-2.187911438656e-03  
  2.482003654008e-03  ,2.159987759594e+00  ,6.375213064212e+01  ,-4.504574848572e-03  
  2.482007192661e-03  ,4.411828257294e+00  ,6.375508092231e+01  ,-8.958105982225e-03  
  2.482010000020e-03  ,6.311348654851e+00  ,6.375740601520e+01  ,-1.232636682280e-02  
  2.482010707751e-03  ,6.403636225966e+00  ,6.375789698499e+01  ,-1.224684809733e-02  
  2.482012123175e-03  ,6.586246057267e+00  ,6.375886843258e+01  ,-1.198689417247e-02  
  2.482014954023e-03  ,6.939999926442e+00  ,6.376081077766e+01  ,-1.146872033716e-02  
  2.482020615719e-03  ,7.603721625361e+00  ,6.376469977717e+01  ,-1.050163870790e-02  
  2.482031939111e-03  ,8.776149048184e+00  ,6.377249022528e+01  ,-8.793569361787e-03  
  2.482043345950e-03  ,9.773052268784e+00  ,6.378035161464e+01  ,-7.341280693328e-03  
  2.482051382147e-03  ,9.973450681411e+00  ,4.102364369336e+01  ,9.857945685367e+00  
  2.482059054754e-03  ,1.000026801576e+01  ,1.065996705225e+01  ,9.858119282845e+00  
  2.482063364915e-03  ,1.018852491654e+01  ,3.396075816115e+00  ,9.859035704358e+00  
  2.482067447088e-03  ,1.046802296422e+01  ,2.663149760363e+00  ,9.860113804523e+00  
  2.482069767944e-03  ,1.062536038451e+01  ,2.744530323908e+00  ,9.860762839113e+00  
  2.482072700865e-03  ,1.081622334171e+01  ,2.799838375014e+00  ,9.861586847782e+00  
  2.482078566707e-03  ,1.117284838933e+01  ,2.809523139194e+00  ,9.863236697692e+00  
  2.482090298392e-03  ,1.179810931937e+01  ,2.799028126690e+00  ,9.866544300698e+00  
  2.482102548636e-03  ,1.234541469224e+01  ,2.803241107241e+00  ,9.869998520974e+00  
  2.482127049125e-03  ,1.317734043047e+01  ,2.805466954754e+00  ,9.876906615057e+00  
  2.482176050104e-03  ,1.416499250084e+01  ,2.807863073881e+00  ,9.890721603287e+00  
  2.482274052061e-03  ,1.497630810676e+01  ,2.815762411302e+00  ,9.918346284165e+00  
  2.482402345098e-03  ,1.499972996810e+01  ,2.826039773968e+00  ,9.954498106655e+00  
  2.482627531446e-03  ,1.500014041180e+01  ,2.844021987635e+00  ,1.001792177043e+01  
  2.482866903700e-03  ,1.500012416691e+01  ,2.863161523248e+00  ,1.008529645409e+01  
  2.483345648207e-03  ,1.500021786363e+01  ,2.901378209504e+00  ,1.021990856498e+01  
  2.484303137220e-03  ,1.500027054228e+01  ,2.977655855907e+00  ,1.048858477369e+01  
  2.486218115248e-03  ,1.500036922775e+01  ,3.129590701739e+00  ,1.102375174758e+01  
  2.490048071302e-03  ,1.500039021095e+01  ,3.430995761648e+00  ,1.208540433576e+01  
  2.492010000020e-03  ,1.499973150845e+01  ,3.584127490559e+00  ,1.262478637969e+01  
  2.492011000018e-03  ,1.442054658908e+01  ,3.584058789549e+00  ,1.262506053114e+01  
  2.492013000126e-03  ,1.321289994255e+01  ,3.583827874136e+00  ,1.262560878386e+01  
  2.492017000343e-03  ,1.067168055345e+01  ,3.583383958947e+00  ,1.262670561133e+01  
  2.492020000020e-03  ,8.646837888903e+00  ,3.583111319794e+00  ,1.262752802482e+01  
  2.492020800063e-03  ,8.543169163189e+00  ,3.583165831669e+00  ,1.262774732997e+01  
  2.492022400076e-03  ,8.338327907493e+00  ,3.583361655461e+00  ,1.262818604019e+01  
  2.492025600100e-03  ,7.943207108167e+00  ,3.583887600028e+00  ,1.262906343022e+01  
  2.492032000149e-03  ,7.207837233933e+00  ,3.584982250212e+00  ,1.263081797894e+01  
  2.492044800246e-03  ,5.932316598867e+00  ,3.587937440615e+00  ,1.263432693712e+01  
  2.492058725381e-03  ,4.791748185528e+00  ,3.597807869506e+00  ,1.263814326131e+01  
  2.492067643726e-03  ,4.356431834936e+00  ,1.402487127975e+01  ,1.263994232831e+01  
  2.492076013708e-03  ,4.341992948399e+00  ,4.355796428014e+01  ,1.264000023752e+01  
  2.492082285607e-03  ,4.134174813000e+00  ,5.281264697303e+01  ,3.573517911518e-02  
  2.492085556040e-03  ,3.936355500973e+00  ,5.284157685134e+01  ,-2.052345269911e-01  
  2.492087126808e-03  ,3.843423604177e+00  ,5.282333325027e+01  ,-4.087391444400e-03  
  2.492090268346e-03  ,3.664693989470e+00  ,5.282651760490e+01  ,1.012130769124e-02  
  2.492096551420e-03  ,3.331367120372e+00  ,5.283629983432e+01  ,5.646745911547e-03  
  2.492109117569e-03  ,2.750372270460e+00  ,5.285509921122e+01  ,4.592487181513e-03  
  2.492134249868e-03  ,1.860462847377e+00  ,5.289262086941e+01  ,3.312091154177e-03  
  2.492175365152e-03  ,9.413781097304e-01  ,5.295386057603e+01  ,1.971791847035e-03  
  2.492221362056e-03  ,4.553851032155e-01  ,5.302216748127e+01  ,1.261826445489e-03  
  2.492269445123e-03  ,1.918280865753e-01  ,5.309336960476e+01  ,8.759771971757e-04  
  2.492324370803e-03  ,8.005297950491e-02  ,5.317446571837e+01  ,7.110386336808e-04  
  2.492413062515e-03  ,6.884193987612e-03  ,5.330491950921e+01  ,6.010962166886e-04  
  2.492507881584e-03  ,2.594445743351e-03  ,5.344371589614e+01  ,5.913139547653e-04  
  2.492697519721e-03  ,7.912369131398e-04  ,5.371925445627e+01  ,5.816336991474e-04  
  2.492919129791e-03  ,1.961764092009e-03  ,5.403777019229e+01  ,5.751870498789e-04  
  2.493362349929e-03  ,1.916963077536e-03  ,5.466349113006e+01  ,5.588698406281e-04  
  2.494248790206e-03  ,1.421552036556e-03  ,5.586935304683e+01  ,5.264175939015e-04  
  2.496021670761e-03  ,1.580972336108e-03  ,5.809607664156e+01  ,4.651832338275e-04  
  2.499567431869e-03  ,9.468967363464e-04  ,6.179591292778e+01  ,3.494689257246e-04  
  2.502000000020e-03  ,1.005884270816e-03  ,6.374741155589e+01  ,2.786618880305e-04  
  2.502001000018e-03  ,5.776496444296e-01  ,6.374824783231e+01  ,-1.012367793133e-03  
  2.502001884681e-03  ,1.095178239303e+00  ,6.374899118401e+01  ,-2.187907510421e-03  
  2.502003654008e-03  ,2.159987927753e+00  ,6.375047475101e+01  ,-4.504570941970e-03  
  2.502007192661e-03  ,4.411828416708e+00  ,6.375342503364e+01  ,-8.958102120358e-03  
  2.502010000020e-03  ,6.311348807651e+00  ,6.375575012848e+01  ,-1.232636299275e-02  
  2.502010707751e-03  ,6.403636377154e+00  ,6.375624109880e+01  ,-1.224684492462e-02  
  2.502012123175e-03  ,6.586246205260e+00  ,6.375721254732e+01  ,-1.198689114246e-02  
  2.502014954023e-03  ,6.940000068245e+00  ,6.375915489424e+01  ,-1.146871724822e-02  
  2.502020615719e-03  ,7.603721755554e+00  ,6.376304389752e+01  ,-1.050163562457e-02  
  2.502031939111e-03  ,8.776149157874e+00  ,6.377083435350e+01  ,-8.793566286553e-03  
  2.502043345950e-03  ,9.773052361048e+00  ,6.377869575124e+01  ,-7.341277625699e-03  
  2.502051382147e-03  ,9.973450488892e+00  ,4.102195519249e+01  ,9.857777339831e+00  
  2.502059054754e-03  ,1.000026928448e+01  ,1.065838007549e+01  ,9.857951057556e+00  
  2.502063364915e-03  ,1.018855199112e+01  ,3.395908572789e+00  ,9.858867458111e+00  
  2.502067447088e-03  ,1.046804993694e+01  ,2.663115400947e+00  ,9.859945615726e+00  
  2.502069768317e-03  ,1.062541105593e+01  ,2.744489730815e+00  ,9.860594752911e+00  
  2.502072701238e-03  ,1.081627174432e+01  ,2.799789646476e+00  ,9.861418762552e+00  
  2.502078567080e-03  ,1.117289267987e+01  ,2.809474252630e+00  ,9.863068615461e+00  
  2.502090298764e-03  ,1.179814639168e+01  ,2.798981118350e+00  ,9.866376224131e+00  
  2.502102550499e-03  ,1.234550659507e+01  ,2.803193490989e+00  ,9.869830870397e+00  
  2.502127053968e-03  ,1.317748886493e+01  ,2.805419398488e+00  ,9.876739816431e+00  
  2.502176060907e-03  ,1.416514808574e+01  ,2.807816199054e+00  ,9.890556508258e+00  
  2.502274074785e-03  ,1.497639472458e+01  ,2.815716472840e+00  ,9.918184594917e+00  
  2.502402367823e-03  ,1.499973115585e+01  ,2.825993882870e+00  ,9.954336476313e+00  
  2.502627578012e-03  ,1.500014011748e+01  ,2.843978039098e+00  ,1.001776695632e+01  
  2.502866950266e-03  ,1.500012391561e+01  ,2.863117601215e+00  ,1.008514174514e+01  
  2.503345694773e-03  ,1.500021726386e+01  ,2.901334347252e+00  ,1.021975406616e+01  
  2.504303183786e-03  ,1.500026974414e+01  ,2.977612112833e+00  ,1.048843069428e+01  
  2.506218161814e-03  ,1.500036805976e+01  ,3.129547196040e+00  ,1.102359850357e+01  
  2.510048117868e-03  ,1.500038895991e+01  ,3.430952726497e+00  ,1.208525274898e+01  
  2.512010000020e-03  ,1.499973260305e+01  ,3.584081068861e+00  ,1.262462286826e+01  
  2.512011000018e-03  ,1.442055722320e+01  ,3.584012365104e+00  ,1.262489702017e+01  
  2.512013000126e-03  ,1.321291026355e+01  ,3.583781448801e+00  ,1.262544527388e+01  
  2.512017000343e-03  ,1.067169027021e+01  ,3.583337532868e+00  ,1.262654210316e+01  
  2.512020000020e-03  ,8.646847173383e+00  ,3.583064892699e+00  ,1.262736451804e+01  
  2.512020800063e-03  ,8.543178336342e+00  ,3.583119403833e+00  ,1.262758382356e+01  
  2.512022400076e-03  ,8.338336860673e+00  ,3.583315226239e+00  ,1.262802253452e+01  
  2.512025600100e-03  ,7.943215637039e+00  ,3.583841168492e+00  ,1.262889992603e+01  
  2.512032000149e-03  ,7.207844973081e+00  ,3.584935812393e+00  ,1.263065447773e+01  
  2.512044800246e-03  ,5.932322967925e+00  ,3.587890973531e+00  ,1.263416344185e+01  
  2.512058725381e-03  ,4.791753326064e+00  ,3.597761168904e+00  ,1.263797977254e+01  
  2.512067643726e-03  ,4.356431178587e+00  ,1.402451832316e+01  ,1.263977887137e+01  
  2.512076013708e-03  ,4.341991733985e+00  ,4.355756327031e+01  ,1.263983679974e+01  
  2.512082285607e-03  ,4.134157104201e+00  ,5.281129857169e+01  ,3.564875858810e-02  
  2.512085556040e-03  ,3.936338356906e+00  ,5.284021785674e+01  ,-2.052172059004e-01  
  2.512087126994e-03  ,3.843396062959e+00  ,5.282197609506e+01  ,-4.085584195668e-03  
  2.512090268904e-03  ,3.664647033547e+00  ,5.282516124838e+01  ,1.012051052834e-02  
  2.512096552724e-03  ,3.331286650980e+00  ,5.283494448926e+01  ,5.646581217013e-03  
  2.512109120363e-03  ,2.751842311647e+00  ,5.285379461245e+01  ,4.426001131242e-03  
  2.512134255642e-03  ,1.871261781644e+00  ,5.289130845182e+01  ,3.513575515958e-03  
  2.512173523182e-03  ,9.860221132034e-01  ,5.294983342902e+01  ,2.037646183916e-03  
  2.512218131298e-03  ,4.423012850640e-01  ,5.301609560254e+01  ,1.242792237960e-03  
  2.512263639444e-03  ,1.761854288373e-01  ,5.308350212083e+01  ,8.534042165289e-04  
  2.512332768911e-03  ,5.620740830976e-02  ,5.318555970504e+01  ,6.759805170592e-04  
  2.512413866991e-03  ,4.597330860494e-03  ,5.330481343471e+01  ,5.977378499239e-04  
  2.512510188097e-03  ,-7.865153748980e-03  ,5.344579732278e+01  ,5.759856129759e-04  
  2.512702830309e-03  ,-5.373641382701e-03  ,5.372564284891e+01  ,5.724577254319e-04  
  2.512993605608e-03  ,4.388748880904e-03  ,5.414267711435e+01  ,5.759865134327e-04  
  2.513575156206e-03  ,-2.605736033740e-05  ,5.495725654132e+01  ,5.483552862106e-04  
  2.514479239458e-03  ,1.129384917172e-03  ,5.617145894912e+01  ,5.176771214892e-04  
  2.515735419268e-03  ,1.471228949492e-03  ,5.775195338571e+01  ,4.746509033867e-04  
  2.518247778887e-03  ,1.202398765359e-03  ,6.053598006805e+01  ,3.920091628774e-04  
  2.522000000020e-03  ,8.923370462849e-04  ,6.374638635423e+01  ,2.765732015723e-04  
  2.522001000018e-03  ,5.775377502773e-01  ,6.374722267301e+01  ,-1.013394430497e-03  
  2.522001884774e-03  ,1.095122955843e+00  ,6.374796610651e+01  ,-2.187788898589e-03  
  2.522003654287e-03  ,2.160052164198e+00  ,6.374945012681e+01  ,-4.504984685327e-03  
  2.522007193313e-03  ,4.412156583208e+00  ,6.375240125659e+01  ,-8.958997703506e-03  
  2.522010000020e-03  ,6.311251792375e+00  ,6.375472623657e+01  ,-1.232644999320e-02  
  2.522010707825e-03  ,6.403550006529e+00  ,6.375521736496e+01  ,-1.224691522164e-02  
  2.522012123435e-03  ,6.586185448817e+00  ,6.375618915436e+01  ,-1.198692725294e-02  
  2.522014954656e-03  ,6.939987460818e+00  ,6.375813218798e+01  ,-1.146868150949e-02  
  2.522020617097e-03  ,7.603793948302e+00  ,6.376202256205e+01  ,-1.050147559404e-02  
  2.522031941980e-03  ,8.776352649514e+00  ,6.376981576264e+01  ,-8.793215007238e-03  
  2.522043350309e-03  ,9.773344657532e+00  ,6.377767992087e+01  ,-7.340797577772e-03  
  2.522051387995e-03  ,9.973469811495e+00  ,4.100018433368e+01  ,9.858421525505e+00  
  2.522059062093e-03  ,1.000030689193e+01  ,1.063168640666e+01  ,9.858596589333e+00  
  2.522063370019e-03  ,1.018888218353e+01  ,3.394337430428e+00  ,9.859512776142e+00  
  2.522067447722e-03  ,1.046808027446e+01  ,2.663676264144e+00  ,9.860590496190e+00  
  2.522069769695e-03  ,1.062548734926e+01  ,2.744791953291e+00  ,9.861239825369e+00  
  2.522072705224e-03  ,1.081650924015e+01  ,2.799981566569e+00  ,9.862064554317e+00  
  2.522078576281e-03  ,1.117341362446e+01  ,2.809641281548e+00  ,9.863715866025e+00  
  2.522090318396e-03  ,1.179909297744e+01  ,2.799175910057e+00  ,9.867026395104e+00  
  2.522102592483e-03  ,1.234721169847e+01  ,2.803379941963e+00  ,9.870487320885e+00  
  2.522127140656e-03  ,1.317993832951e+01  ,2.805605974070e+00  ,9.877408825508e+00  
  2.522176237002e-03  ,1.416758142847e+01  ,2.808013543810e+00  ,9.891250630010e+00  
  2.522274429694e-03  ,1.497769325301e+01  ,2.815927281666e+00  ,9.918928920974e+00  
  2.522402746573e-03  ,1.499975103740e+01  ,2.826206959217e+00  ,9.955087248840e+00  
  2.522628362074e-03  ,1.500013517470e+01  ,2.844223509268e+00  ,1.001863136775e+01  
  2.522867925063e-03  ,1.500011971989e+01  ,2.863378080880e+00  ,1.008605923560e+01  
  2.523347051039e-03  ,1.500020723809e+01  ,2.901624905634e+00  ,1.022077749739e+01  
  2.524305302992e-03  ,1.500025640109e+01  ,2.977962580142e+00  ,1.048966513943e+01  
  2.526221806898e-03  ,1.500034853216e+01  ,3.130016500148e+00  ,1.102525152178e+01  
  2.530054814711e-03  ,1.500029919068e+01  ,3.431658546724e+00  ,1.208773863692e+01  
  2.532010000020e-03  ,1.499981116641e+01  ,3.584261589413e+00  ,1.262525896309e+01  
  2.532011000018e-03  ,1.442064147294e+01  ,3.584192902002e+00  ,1.262553311303e+01  
  2.532013000126e-03  ,1.321299203274e+01  ,3.583961992167e+00  ,1.262608136398e+01  
  2.532017000343e-03  ,1.067176725247e+01  ,3.583518080329e+00  ,1.262717818534e+01  
  2.532020000020e-03  ,8.646920731035e+00  ,3.583245441359e+00  ,1.262800059481e+01  
  2.532020800063e-03  ,8.543251012118e+00  ,3.583299954567e+00  ,1.262821989889e+01  
  2.532022400076e-03  ,8.338407793915e+00  ,3.583495780316e+00  ,1.262865860696e+01  
  2.532025600100e-03  ,7.943283209040e+00  ,3.584021725994e+00  ,1.262953599269e+01  
  2.532032000149e-03  ,7.207906289387e+00  ,3.585116377052e+00  ,1.263129053283e+01  
  2.532044800246e-03  ,5.932373433400e+00  ,3.588071551108e+00  ,1.263479947384e+01  
  2.532058725381e-03  ,4.791794080943e+00  ,3.597941341868e+00  ,1.263861577941e+01  
  2.532067643726e-03  ,4.356437947303e+00  ,1.402299115806e+01  ,1.264041498363e+01  
  2.532076013708e-03  ,4.341993965155e+00  ,4.355574783356e+01  ,1.264047301463e+01  
  2.532082285607e-03  ,4.134147231663e+00  ,5.280875488115e+01  ,3.557863967797e-02  
  2.532085556040e-03  ,3.936328749765e+00  ,5.283766659626e+01  ,-2.052078588646e-01  
  2.532087126994e-03  ,3.843386700749e+00  ,5.281942602630e+01  ,-4.084935488118e-03  
  2.532090268904e-03  ,3.664638113648e+00  ,5.282261182139e+01  ,1.012046840631e-02  
  2.532096552724e-03  ,3.331278558263e+00  ,5.283239619330e+01  ,5.646650568223e-03  
  2.532109120363e-03  ,2.751835665368e+00  ,5.285124860556e+01  ,4.426080500510e-03  
  2.532134255642e-03  ,1.871257333583e+00  ,5.288876702635e+01  ,3.513650025193e-03  
  2.532173523182e-03  ,9.860198749749e-01  ,5.294729916100e+01  ,2.037727752154e-03  
  2.532218131298e-03  ,4.423004041664e-01  ,5.301356946853e+01  ,1.242875631508e-03  
  2.532263633484e-03  ,1.762134124627e-01  ,5.308097546913e+01  ,8.535297458630e-04  
  2.532332762951e-03  ,5.621629323472e-02  ,5.318304570168e+01  ,6.760779951636e-04  
  2.532413849110e-03  ,4.603395157858e-03  ,5.330229678045e+01  ,5.978314068595e-04  
  2.532510170216e-03  ,-7.864758905611e-03  ,5.344329839575e+01  ,5.760706059861e-04  
  2.532702812428e-03  ,-5.375004533018e-03  ,5.372317940737e+01  ,5.725395590533e-04  
  2.532993540043e-03  ,4.389069407659e-03  ,5.414019944486e+01  ,5.760716807688e-04  
  2.533574995274e-03  ,-2.574947106330e-05  ,5.495475706803e+01  ,5.484421424119e-04  
  2.534478697056e-03  ,1.129596243155e-03  ,5.616863826990e+01  ,5.177747567458e-04  
  2.535734686131e-03  ,1.471529378332e-03  ,5.774918753400e+01  ,4.747512565628e-04  
  2.538246664280e-03  ,1.202718390784e-03  ,6.053343929376e+01  ,3.921144868737e-04  
  2.542000000020e-03  ,8.925583889884e-04  ,6.374564509750e+01  ,2.766349927718e-04  
  2.542001000018e-03  ,5.775379714398e-01  ,6.374648159355e+01  ,-1.013332008911e-03  
  2.542001884681e-03  ,1.095068053662e+00  ,6.374722510555e+01  ,-2.187601898607e-03  
  2.542003654008e-03  ,2.159880668317e+00  ,6.374870928404e+01  ,-4.504560667184e-03  
  2.542007192661e-03  ,4.411726783499e+00  ,6.375166073358e+01  ,-8.958135904275e-03  
  2.542010000020e-03  ,6.311251429791e+00  ,6.375398675305e+01  ,-1.232638739930e-02  
  2.542010707751e-03  ,6.403540037695e+00  ,6.375447795601e+01  ,-1.224686649420e-02  
  2.542012123175e-03  ,6.586151920480e+00  ,6.375544986904e+01  ,-1.198691346519e-02  
  2.542014954023e-03  ,6.939909763891e+00  ,6.375739314955e+01  ,-1.146873176499e-02  
  2.542020615719e-03  ,7.603638919322e+00  ,6.376128401644e+01  ,-1.050163865480e-02  
  2.542031939111e-03  ,8.776079513656e+00  ,6.376907819966e+01  ,-8.793550028051e-03  
  2.542043345950e-03  ,9.772993933844e+00  ,6.377694335165e+01  ,-7.341245685658e-03  
  2.542051382147e-03  ,9.973456970098e+00  ,4.102381900278e+01  ,9.859223582093e+00  
  2.542059054754e-03  ,1.000027675604e+01  ,1.066035985956e+01  ,9.859397303192e+00  
  2.542063364915e-03  ,1.018853268679e+01  ,3.396422724195e+00  ,9.860313635563e+00  
  2.542067447088e-03  ,1.046803040925e+01  ,2.663510645067e+00  ,9.861391717638e+00  
  2.542069767944e-03  ,1.062536762510e+01  ,2.744896391317e+00  ,9.862040744467e+00  
  2.542072700865e-03  ,1.081623025322e+01  ,2.800203138417e+00  ,9.862864742123e+00  
  2.542078566707e-03  ,1.117285469254e+01  ,2.809886086843e+00  ,9.864514570710e+00  
  2.542090298392e-03  ,1.179811459317e+01  ,2.799391248767e+00  ,9.867822131112e+00  
  2.542102550126e-03  ,1.234548023554e+01  ,2.803604117302e+00  ,9.871276727077e+00  
  2.542127053596e-03  ,1.317747076604e+01  ,2.805829988450e+00  ,9.878185572502e+00  
  2.542176060535e-03  ,1.416513979297e+01  ,2.808226585297e+00  ,9.892002063157e+00  
  2.542274074413e-03  ,1.497639448827e+01  ,2.816126754911e+00  ,9.919629747604e+00  
  2.542402367450e-03  ,1.499973115181e+01  ,2.826404015538e+00  ,9.955781102732e+00  
  2.542627577640e-03  ,1.500014011751e+01  ,2.844387908801e+00  ,1.001921065937e+01  
  2.542866949893e-03  ,1.500012391548e+01  ,2.863527192860e+00  ,1.008658446741e+01  
  2.543345694400e-03  ,1.500021726467e+01  ,2.901743382538e+00  ,1.022119482886e+01  
  2.544303183414e-03  ,1.500026974548e+01  ,2.978020037681e+00  ,1.048986754583e+01  
  2.546218161441e-03  ,1.500036806209e+01  ,3.129952909060e+00  ,1.102502756463e+01  
  2.550048117496e-03  ,1.500031551585e+01  ,3.431356778351e+00  ,1.208667573208e+01  
  2.552010000020e-03  ,1.499979679480e+01  ,3.584482780481e+00  ,1.262603804973e+01  
  2.552011000018e-03  ,1.442044776848e+01  ,3.584414150212e+00  ,1.262631219761e+01  
  2.552013000126e-03  ,1.321280403189e+01  ,3.584183260889e+00  ,1.262686044328e+01  
  2.552017000343e-03  ,1.067159025785e+01  ,3.583739358143e+00  ,1.262795725649e+01  
  2.552020000020e-03  ,8.646751610356e+00  ,3.583466724067e+00  ,1.262877965932e+01  
  2.552020800063e-03  ,8.543083919164e+00  ,3.583521242361e+00  ,1.262899896162e+01  
  2.552022400076e-03  ,8.338244707601e+00  ,3.583717077535e+00  ,1.262943766615e+01  
  2.552025600100e-03  ,7.943127851219e+00  ,3.584243040459e+00  ,1.263031504482e+01  
  2.552032000149e-03  ,7.207765315562e+00  ,3.585337741220e+00  ,1.263206957078e+01  
  2.552044800246e-03  ,5.932257411888e+00  ,3.588293169581e+00  ,1.263557848344e+01  
  2.552058725381e-03  ,4.791700411794e+00  ,3.598165568396e+00  ,1.263939475792e+01  
  2.552067643726e-03  ,4.356436274838e+00  ,1.402797525966e+01  ,1.264119354487e+01  
  2.552076013708e-03  ,4.342002589306e+00  ,4.356150191127e+01  ,1.264125122020e+01  
  2.552082284862e-03  ,4.134096060246e+00  ,5.280820488257e+01  ,3.520670324085e-02  
  2.552085555294e-03  ,3.936278710026e+00  ,5.283706939466e+01  ,-2.051128475448e-01  
  2.552087126436e-03  ,3.843327157354e+00  ,5.281883838542e+01  ,-4.078159316030e-03  
  2.552090268718e-03  ,3.664560642040e+00  ,5.282202618054e+01  ,1.011819069546e-02  
  2.552096553283e-03  ,3.331170345822e+00  ,5.283181250716e+01  ,5.646428133433e-03  
  2.552109122412e-03  ,2.751683598084e+00  ,5.285066924895e+01  ,4.426059112994e-03  
  2.552134260671e-03  ,1.871066338880e+00  ,5.288819639387e+01  ,3.513309922742e-03  
  2.552173522251e-03  ,9.860211783057e-01  ,5.294672626973e+01  ,2.037797746869e-03  
  2.552218130367e-03  ,4.423093156097e-01  ,5.301300413030e+01  ,1.242957189046e-03  
  2.552263632553e-03  ,1.762213711565e-01  ,5.308041783169e+01  ,8.536097110516e-04  
  2.552332762020e-03  ,5.621891679537e-02  ,5.318249975459e+01  ,6.761499636850e-04  
  2.552413848178e-03  ,4.603724039156e-03  ,5.330176453026e+01  ,5.978997670639e-04  
  2.552510169284e-03  ,-7.864984268255e-03  ,5.344278239452e+01  ,5.761378487842e-04  
  2.552702811496e-03  ,-5.375118995745e-03  ,5.372269583393e+01  ,5.726063505922e-04  
  2.552993539112e-03  ,4.389389354023e-03  ,5.413976463009e+01  ,5.761382027617e-04  
  2.553574994342e-03  ,-2.562530768872e-05  ,5.495441909244e+01  ,5.485066139403e-04  
  2.554478696125e-03  ,1.129772379382e-03  ,5.616844887710e+01  ,5.178366771462e-04  
  2.555734685199e-03  ,1.471721199616e-03  ,5.774920042299e+01  ,4.748098222675e-04  
  2.558246663349e-03  ,1.202898010750e-03  ,6.053384028413e+01  ,3.921671256814e-04  
  2.562000000020e-03  ,8.927196146925e-04  ,6.374657892385e+01  ,2.766798361548e-04  
  2.562001000018e-03  ,5.775381326491e-01  ,6.374741555325e+01  ,-1.013287318200e-03  
  2.562001884774e-03  ,1.095123338084e+00  ,6.374815926145e+01  ,-2.187680418209e-03  
  2.562003654287e-03  ,2.160052546189e+00  ,6.374964383149e+01  ,-4.504876530864e-03  
  2.562007193313e-03  ,4.412156964718e+00  ,6.375259606066e+01  ,-8.958889605333e-03  
  2.562010000020e-03  ,6.311252173522e+00  ,6.375492191256e+01  ,-1.232634189251e-02  
  2.562010707825e-03  ,6.403550387592e+00  ,6.375541326118e+01  ,-1.224680686854e-02  
  2.562012123435e-03  ,6.586185829718e+00  ,6.375638549112e+01  ,-1.198681886159e-02  
  2.562014954656e-03  ,6.939987841406e+00  ,6.375832940580e+01  ,-1.146857314230e-02  
  2.562020617097e-03  ,7.603794328297e+00  ,6.376222154177e+01  ,-1.050136726546e-02  
  2.562031941980e-03  ,8.776353028448e+00  ,6.377001826540e+01  ,-8.793106714322e-03  
  2.562043350309e-03  ,9.773345035547e+00  ,6.377788597154e+01  ,-7.340689337343e-03  
  2.562051387995e-03  ,9.973478392947e+00  ,4.100106178231e+01  ,9.859981056239e+00  
  2.562059062093e-03  ,1.000031567343e+01  ,1.063262561103e+01  ,9.860156095201e+00  
  2.562063370019e-03  ,1.018888180380e+01  ,3.394796557979e+00  ,9.861072273976e+00  
  2.562067447722e-03  ,1.046807962462e+01  ,2.664112627698e+00  ,9.862149954852e+00  
  2.562069769695e-03  ,1.062548679426e+01  ,2.745236353458e+00  ,9.862799274483e+00  
  2.562072704851e-03  ,1.081648504824e+01  ,2.800424650869e+00  ,9.863623885842e+00  
  2.562078575164e-03  ,1.117334809155e+01  ,2.810084682277e+00  ,9.865274962091e+00  
  2.562090315789e-03  ,1.180055383033e+01  ,2.805099892460e+00  ,9.868581676111e+00  
  2.562110214799e-03  ,1.264700512141e+01  ,2.804553364017e+00  ,9.874189971330e+00  
  2.562150012821e-03  ,1.373808581302e+01  ,2.807134275458e+00  ,9.885410691983e+00  
  2.562229608863e-03  ,1.477440489016e+01  ,2.812885098457e+00  ,9.907848759721e+00  
  2.562343441814e-03  ,1.515503159902e+01  ,2.821824260653e+00  ,9.939929766207e+00  
  2.562496506542e-03  ,1.513801631751e+01  ,2.834074290589e+00  ,9.983051127449e+00  
  2.562750851482e-03  ,1.495630120799e+01  ,2.854484247085e+00  ,1.005466376550e+01  
  2.563180004924e-03  ,1.502324163212e+01  ,2.888725646294e+00  ,1.017537770614e+01  
  2.563701760143e-03  ,1.500856927513e+01  ,2.930341742080e+00  ,1.032194125446e+01  
  2.564745270580e-03  ,1.499345138141e+01  ,3.013383168349e+00  ,1.061441777941e+01  
  2.566832291454e-03  ,1.500587360226e+01  ,3.178710927278e+00  ,1.119677910234e+01  
  2.571006333202e-03  ,1.500045828195e+01  ,3.506462198627e+00  ,1.235122320869e+01  
  2.572010000020e-03  ,1.499971583535e+01  ,3.584691783391e+00  ,1.262677414272e+01  
  2.572011000018e-03  ,1.442250827235e+01  ,3.584622455852e+00  ,1.262704828707e+01  
  2.572013000126e-03  ,1.321480386415e+01  ,3.584391307525e+00  ,1.262759653676e+01  
  2.572017000343e-03  ,1.067347301336e+01  ,3.583947318408e+00  ,1.262869333491e+01  
  2.572020000020e-03  ,8.648550609122e+00  ,3.583674691467e+00  ,1.262951573150e+01  
  2.572020800063e-03  ,8.544861348824e+00  ,3.583729189455e+00  ,1.262973503219e+01  
  2.572022400076e-03  ,8.339979518230e+00  ,3.583924988765e+00  ,1.263017373335e+01  
  2.572025600100e-03  ,7.944780452943e+00  ,3.584450870734e+00  ,1.263105110529e+01  
  2.572032000149e-03  ,7.209264914125e+00  ,3.585545308465e+00  ,1.263280561803e+01  
  2.572044800246e-03  ,5.933491601838e+00  ,3.588499176771e+00  ,1.263631450422e+01  
  2.572058725381e-03  ,4.792696937427e+00  ,3.598350625635e+00  ,1.264013075192e+01  
  2.572067643726e-03  ,4.356510029988e+00  ,1.398089040322e+01  ,1.264193328116e+01  
  2.572076013708e-03  ,4.341966155140e+00  ,4.350665001820e+01  ,1.264199433244e+01  
  2.572082290823e-03  ,4.134612329755e+00  ,5.280774971486e+01  ,3.852100010917e-02  
  2.572085561627e-03  ,3.936760138896e+00  ,5.283704313199e+01  ,-2.059891106033e-01  
  2.572087131279e-03  ,3.843882548361e+00  ,5.281872694474e+01  ,-4.138350351565e-03  
  2.572090270581e-03  ,3.665255889707e+00  ,5.282190255171e+01  ,1.013939084235e-02  
  2.572096549185e-03  ,3.332104897442e+00  ,5.283168291268e+01  ,5.649038256949e-03  
  2.572109106393e-03  ,2.751361392721e+00  ,5.285047536399e+01  ,4.594066495333e-03  
  2.572134220811e-03  ,1.861677931320e+00  ,5.288798298532e+01  ,3.314079338554e-03  
  2.572175371857e-03  ,9.414047590284e-01  ,5.294929663456e+01  ,1.972049753995e-03  
  2.572221362801e-03  ,4.554449717518e-01  ,5.301761768819e+01  ,1.262132314590e-03  
  2.572269451829e-03  ,1.918326129126e-01  ,5.308885268274e+01  ,8.762018760400e-04  
  2.572324353667e-03  ,8.008945364054e-02  ,5.316994107844e+01  ,7.113102347584e-04  
  2.572413045378e-03  ,6.895086352146e-03  ,5.330043933877e+01  ,6.013297599917e-04  
  2.572507840605e-03  ,2.597358482097e-03  ,5.343924842674e+01  ,5.915358755558e-04  
  2.572697431060e-03  ,7.901977207988e-04  ,5.371481337737e+01  ,5.818499612803e-04  
  2.572919017287e-03  ,1.962743790016e-03  ,5.403340719269e+01  ,5.754051746425e-04  
  2.573362189742e-03  ,1.917990478943e-03  ,5.465928643217e+01  ,5.590859292998e-04  
  2.574248534651e-03  ,1.623789637406e-03  ,5.586541163611e+01  ,5.267428413836e-04  
  2.576021224471e-03  ,1.407921008443e-03  ,5.809283524404e+01  ,4.653227816851e-04  
  2.579566604109e-03  ,1.108785521491e-03  ,6.179418207992e+01  ,3.497157623051e-04  
  2.582000000020e-03  ,8.617734671900e-04  ,6.374755715676e+01  ,2.787934947457e-04  
  2.582001000018e-03  ,5.775076952114e-01  ,6.374839390431e+01  ,-1.012411260237e-03  
  2.582001884774e-03  ,1.095093308075e+00  ,6.374913773572e+01  ,-2.188079964026e-03  
  2.582003654287e-03  ,2.160023309845e+00  ,6.375062225933e+01  ,-4.504973282829e-03  
  2.582007193313e-03  ,4.412129255797e+00  ,6.375357445218e+01  ,-8.958931546568e-03  
  2.582010000020e-03  ,6.311225619518e+00  ,6.375590027650e+01  ,-1.232638536216e-02  
  2.582010707825e-03  ,6.403524115526e+00  ,6.375639161899e+01  ,-1.224685138445e-02  
  2.582012123435e-03  ,6.586160115552e+00  ,6.375736383745e+01  ,-1.198685885881e-02  
  2.582014954656e-03  ,6.939963207929e+00  ,6.375930772460e+01  ,-1.146861355893e-02  
  2.582020617097e-03  ,7.603771722465e+00  ,6.376319980904e+01  ,-1.050140535544e-02  
  2.582031941980e-03  ,8.776334004282e+00  ,6.377099642927e+01  ,-8.793139679554e-03  
  2.582043350309e-03  ,9.773329056775e+00  ,6.377886403106e+01  ,-7.340717247532e-03  
  2.582051387995e-03  ,9.973477632893e+00  ,4.100283597010e+01  ,9.860037557515e+00  
  2.582059062093e-03  ,1.000031377710e+01  ,1.063431859331e+01  ,9.860212494801e+00  
  2.582063370019e-03  ,1.018885192923e+01  ,3.394945008757e+00  ,9.861128677791e+00  
  2.582067448467e-03  ,1.046810019843e+01  ,2.664073283753e+00  ,9.862206487797e+00  
  2.582069770440e-03  ,1.062550709357e+01  ,2.745240355256e+00  ,9.862855808288e+00  
  2.582072705596e-03  ,1.081650460288e+01  ,2.800442462375e+00  ,9.863680419704e+00  
  2.582078575909e-03  ,1.117336597738e+01  ,2.810102440561e+00  ,9.865331494771e+00  
  2.582090316534e-03  ,1.179898016191e+01  ,2.799633476745e+00  ,9.868641549680e+00  
  2.582102589130e-03  ,1.234705660706e+01  ,2.803838509449e+00  ,9.872101999027e+00  
  2.582127134323e-03  ,1.317974668677e+01  ,2.806064513899e+00  ,9.879022550815e+00  
  2.582176224708e-03  ,1.416740638785e+01  ,2.808471101068e+00  ,9.892862450006e+00  
  2.582274405479e-03  ,1.497760654546e+01  ,2.816383832922e+00  ,9.920536931903e+00  
  2.582402722358e-03  ,1.499974985568e+01  ,2.826663315736e+00  ,9.956694674062e+00  
  2.582628290176e-03  ,1.500013545337e+01  ,2.844675751782e+00  ,1.002022433819e+01  
  2.582867853164e-03  ,1.500011996942e+01  ,2.863830020644e+00  ,1.008765112300e+01  
  2.583346979141e-03  ,1.500020783921e+01  ,2.902076230921e+00  ,1.022236722090e+01  
  2.584305231094e-03  ,1.500025720382e+01  ,2.978412679104e+00  ,1.049125054398e+01  
  2.586221735000e-03  ,1.500034970874e+01  ,3.130464156474e+00  ,1.102682832357e+01  
  2.590054742813e-03  ,1.500036929914e+01  ,3.432098627042e+00  ,1.208928897381e+01  
  2.592010000020e-03  ,1.499974991390e+01  ,3.584704951772e+00  ,1.262682042943e+01  
  2.592011000018e-03  ,1.442073318565e+01  ,3.584636190381e+00  ,1.262709457496e+01  
  2.592013000126e-03  ,1.321308104481e+01  ,3.584405251176e+00  ,1.262764281697e+01  
  2.592017000343e-03  ,1.067185105352e+01  ,3.583961333424e+00  ,1.262873962066e+01  
  2.592020000020e-03  ,8.647000804315e+00  ,3.583688706479e+00  ,1.262956201683e+01  
  2.592020800063e-03  ,8.543330125448e+00  ,3.583743224156e+00  ,1.262978131736e+01  
  2.592022400076e-03  ,8.338485010454e+00  ,3.583939058948e+00  ,1.263022001834e+01  
  2.592025600100e-03  ,7.943356766792e+00  ,3.584465018454e+00  ,1.263109738989e+01  
  2.592032000149e-03  ,7.207973037775e+00  ,3.585559702731e+00  ,1.263285190166e+01  
  2.592044800246e-03  ,5.932428371572e+00  ,3.588515001106e+00  ,1.263636078591e+01  
  2.592058725381e-03  ,4.791838458512e+00  ,3.598385001596e+00  ,1.264017702972e+01  
  2.592067642236e-03  ,4.356457009434e+00  ,1.401639695232e+01  ,1.264197640812e+01  
  2.592076010728e-03  ,4.341999086671e+00  ,4.354282408078e+01  ,1.264203513931e+01  
  2.592082282627e-03  ,4.134416099233e+00  ,5.281135384041e+01  ,3.686348120078e-02  
  2.592085552687e-03  ,3.936611032709e+00  ,5.284042898765e+01  ,-2.055213481277e-01  
  2.592088116059e-03  ,3.786403779252e+00  ,5.282332973431e+01  ,-1.699380676176e-03  
  2.592090891400e-03  ,3.630426820680e+00  ,5.282644883638e+01  ,7.835860381236e-03  
  2.592096442083e-03  ,3.337185034547e+00  ,5.283491573949e+01  ,5.600108575303e-03  
  2.592107543448e-03  ,2.819179058604e+00  ,5.285156627902e+01  ,4.579061886452e-03  
  2.592129746178e-03  ,2.007122245744e+00  ,5.288472941922e+01  ,3.657453827474e-03  
  2.592174151638e-03  ,9.672985008271e-01  ,5.295093520429e+01  ,2.010336783062e-03  
  2.592217448452e-03  ,4.396780848757e-01  ,5.301526870979e+01  ,1.239211674029e-03  
  2.592265018919e-03  ,1.637628467905e-01  ,5.308574937937e+01  ,8.354186905852e-04  
  2.592331203917e-03  ,5.549070964913e-02  ,5.318348875634e+01  ,6.751635175841e-04  
  2.592415103415e-03  ,1.370752791179e-02  ,5.330689849634e+01  ,6.111358876412e-04  
  2.592508408526e-03  ,-3.607770750789e-04  ,5.344351112083e+01  ,5.871542873584e-04  
  2.592695018748e-03  ,-3.212383867242e-03  ,5.371474483496e+01  ,5.760622419187e-04  
  2.593064901331e-03  ,6.081455800360e-05  ,5.424449128506e+01  ,5.671816533060e-04  
  2.593717214564e-03  ,2.740466940793e-03  ,5.515309553782e+01  ,5.474694114151e-04  
  2.595021841029e-03  ,6.326668096013e-04  ,5.687090581474e+01  ,4.982122449672e-04  
  2.597631093958e-03  ,2.081996752034e-03  ,5.990188452268e+01  ,4.127304970251e-04  
  2.602000000020e-03  ,1.219419899124e-04  ,6.375096795727e+01  ,2.754287008631e-04  
  2.602001000018e-03  ,5.767788439901e-01  ,6.375180500263e+01  ,-1.014944830656e-03  
  2.602001885426e-03  ,1.094760022740e+00  ,6.375254949316e+01  ,-2.189258332690e-03  
  2.602003656243e-03  ,2.160525260051e+00  ,6.375403583474e+01  ,-4.508306192241e-03  
  2.602007197877e-03  ,4.414476093834e+00  ,6.375699154187e+01  ,-8.965366549465e-03  
  2.602010000020e-03  ,6.310593880721e+00  ,6.375931465874e+01  ,-1.232717997801e-02  
  2.602010708347e-03  ,6.402966383043e+00  ,6.375980662829e+01  ,-1.224753099122e-02  
  2.602012125075e-03  ,6.583834273244e+00  ,6.376078001164e+01  ,-1.198716036358e-02  
  2.602014958530e-03  ,6.936476773277e+00  ,6.376272694372e+01  ,-1.147356359458e-02  
  2.602020625442e-03  ,7.600254705186e+00  ,6.376662430412e+01  ,-1.050640377587e-02  
  2.602031959265e-03  ,8.773582798426e+00  ,6.377443139535e+01  ,-8.797043789021e-03  
  2.602044029206e-03  ,9.824004817849e+00  ,6.378276022672e+01  ,-7.266762984381e-03  
  2.602052573532e-03  ,9.976798382431e+00  ,3.628364693939e+01  ,9.862306722691e+00  
  2.602060714036e-03  ,1.001059352288e+01  ,4.462413706044e+00  ,9.863372697631e+00  
  2.602064623356e-03  ,1.027363655208e+01  ,2.829950590504e+00  ,9.863832505561e+00  
  2.602066732615e-03  ,1.042117550079e+01  ,2.762589121736e+00  ,9.864415419957e+00  
  2.602069398805e-03  ,1.060270807268e+01  ,2.789296430604e+00  ,9.865158254632e+00  
  2.602074669346e-03  ,1.094087153672e+01  ,2.806610288850e+00  ,9.866636675080e+00  
  2.602083665177e-03  ,1.146016376008e+01  ,2.806122849610e+00  ,9.869167683408e+00  
  2.602101656839e-03  ,1.231518881789e+01  ,2.805054631068e+00  ,9.874236096985e+00  
  2.602137640163e-03  ,1.349280098824e+01  ,2.806869334499e+00  ,9.884377742053e+00  
  2.602209606811e-03  ,1.455715479995e+01  ,2.812111794214e+00  ,9.904665508216e+00  
  2.602334156677e-03  ,1.498742776529e+01  ,2.821821423091e+00  ,9.939767437146e+00  
  2.602467003509e-03  ,1.500010282437e+01  ,2.832500414446e+00  ,9.977194162837e+00  
  2.602712097808e-03  ,1.500289586234e+01  ,2.852063118873e+00  ,1.004620716062e+01  
  2.603110352203e-03  ,1.500102257421e+01  ,2.883871171733e+00  ,1.015824423097e+01  
  2.603906860992e-03  ,1.500138998947e+01  ,2.947378381095e+00  ,1.038193884518e+01  
  2.605499878570e-03  ,1.499982907936e+01  ,3.073964021150e+00  ,1.082781453394e+01  
  2.608685913726e-03  ,1.500000531695e+01  ,3.325425321745e+00  ,1.171354809231e+01  
  2.612010000020e-03  ,1.499989440234e+01  ,3.585371878312e+00  ,1.262916952840e+01  
  2.612011000018e-03  ,1.442325261768e+01  ,3.585302271525e+00  ,1.262944366558e+01  
  2.612013000126e-03  ,1.321552629212e+01  ,3.585071018318e+00  ,1.262999190393e+01  
  2.612017000343e-03  ,1.067415314814e+01  ,3.584626999703e+00  ,1.263108867305e+01  
  2.612020000020e-03  ,8.649200487539e+00  ,3.584354389778e+00  ,1.263191104925e+01  
  2.612020800063e-03  ,8.545503435649e+00  ,3.584408888301e+00  ,1.263213034451e+01  
  2.612022400076e-03  ,8.340606209417e+00  ,3.584604689774e+00  ,1.263256903478e+01  
  2.612025600100e-03  ,7.945377447064e+00  ,3.585130566700e+00  ,1.263344638495e+01  
  2.612032000149e-03  ,7.209806637801e+00  ,3.586224972079e+00  ,1.263520085422e+01  
  2.612044800246e-03  ,5.933937452432e+00  ,3.589178547070e+00  ,1.263870965343e+01  
  2.612058726871e-03  ,4.792945981894e+00  ,3.599026906926e+00  ,1.264252621519e+01  
  2.612067645216e-03  ,4.356542314736e+00  ,1.397063964245e+01  ,1.264432949391e+01  
  2.612076016689e-03  ,4.341969716061e+00  ,4.349991912313e+01  ,1.264439109442e+01  
  2.612082296038e-03  ,4.134655388047e+00  ,5.281119724246e+01  ,3.896404096110e-02  
  2.612085567588e-03  ,3.936758989046e+00  ,5.284055099640e+01  ,-2.061161180910e-01  
  2.612087137239e-03  ,3.843881244553e+00  ,5.282222326404e+01  ,-4.145297072049e-03  
  2.612090276541e-03  ,3.665254699185e+00  ,5.282539918799e+01  ,1.014198438630e-02  
  2.612096555145e-03  ,3.332103907792e+00  ,5.283518236090e+01  ,5.649289825616e-03  
  2.612109112354e-03  ,2.751360695142e+00  ,5.285397997625e+01  ,4.594194083428e-03  
  2.612134226771e-03  ,1.861677645012e+00  ,5.289149789543e+01  ,3.314216851535e-03  
  2.612175371857e-03  ,9.415092791993e-01  ,5.295281953090e+01  ,1.972340195578e-03  
  2.612221368762e-03  ,4.554489915422e-01  ,5.302116826558e+01  ,1.262275672180e-03  
  2.612269451829e-03  ,1.918554877399e-01  ,5.309241407241e+01  ,8.763725308916e-04  
  2.612324365588e-03  ,8.008203562786e-02  ,5.317354244880e+01  ,7.114358194439e-04  
  2.612413057299e-03  ,6.891084286301e-03  ,5.330407670270e+01  ,6.014595570803e-04  
  2.612507852526e-03  ,2.597109927612e-03  ,5.344292412344e+01  ,5.916703205459e-04  
  2.612697442980e-03  ,7.915126523663e-04  ,5.371856531087e+01  ,5.819850612516e-04  
  2.612919029208e-03  ,1.963010067254e-03  ,5.403724750074e+01  ,5.755368848313e-04  
  2.613362201663e-03  ,1.918251595462e-03  ,5.466330110783e+01  ,5.592139421401e-04  
  2.614248546572e-03  ,1.422475250203e-03  ,5.586982710897e+01  ,5.267502349485e-04  
  2.616021236392e-03  ,1.582141479644e-03  ,5.809787105437e+01  ,4.654959779182e-04  
  2.619566616030e-03  ,9.477623126903e-04  ,6.180029464078e+01  ,3.497464385757e-04  
  2.622000000020e-03  ,1.006813648541e-03  ,6.375427031037e+01  ,2.788893617483e-04  
  2.622001000018e-03  ,5.776505721257e-01  ,6.375510726871e+01  ,-1.012144047506e-03  
  2.622001884774e-03  ,1.095234288609e+00  ,6.375585130153e+01  ,-2.187806702298e-03  
  2.622003654287e-03  ,2.160160567372e+00  ,6.375733622994e+01  ,-4.504707480438e-03  
  2.622007193313e-03  ,4.412259353660e+00  ,6.376028923188e+01  ,-8.958676412815e-03  
  2.622010000020e-03  ,6.311350303996e+00  ,6.376261569772e+01  ,-1.232613800728e-02  
  2.622010707825e-03  ,6.403647478558e+00  ,6.376310720213e+01  ,-1.224660316764e-02  
  2.622012123435e-03  ,6.586280863773e+00  ,6.376407974495e+01  ,-1.198661387349e-02  
  2.622014954656e-03  ,6.940078890729e+00  ,6.376602428086e+01  ,-1.146837623984e-02  
  2.622020617097e-03  ,7.603877901469e+00  ,6.376991766219e+01  ,-1.050118196749e-02  
  2.622031941980e-03  ,8.776423395591e+00  ,6.377771687405e+01  ,-8.792940859400e-03  
  2.622043350309e-03  ,9.773404173959e+00  ,6.378558708372e+01  ,-7.340539330586e-03  
  2.622051387995e-03  ,9.973487778483e+00  ,4.100642863854e+01  ,9.861865809400e+00  
  2.622059062093e-03  ,1.000031949639e+01  ,1.063764361182e+01  ,9.862040397158e+00  
  2.622063370019e-03  ,1.018880944817e+01  ,3.395658904853e+00  ,9.862956700614e+00  
  2.622067448467e-03  ,1.046805768328e+01  ,2.664565630389e+00  ,9.864034384017e+00  
  2.622069770068e-03  ,1.062544150769e+01  ,2.745750189501e+00  ,9.864683591772e+00  
  2.622072704851e-03  ,1.081641830167e+01  ,2.800962364215e+00  ,9.865508083894e+00  
  2.622078574419e-03  ,1.117324361977e+01  ,2.810623535051e+00  ,9.867158918669e+00  
  2.622090313554e-03  ,1.180039293594e+01  ,2.805635554910e+00  ,9.870465149596e+00  
  2.622110206604e-03  ,1.264666374274e+01  ,2.805088004777e+00  ,9.876071658277e+00  
  2.622149992704e-03  ,1.373765162392e+01  ,2.807667839232e+00  ,9.887288805427e+00  
  2.622229564905e-03  ,1.477408160110e+01  ,2.813416426780e+00  ,9.909719728488e+00  
  2.622343397855e-03  ,1.515500779352e+01  ,2.822355264625e+00  ,9.941800130297e+00  
  2.622496462583e-03  ,1.513806599152e+01  ,2.834605033687e+00  ,9.984920678904e+00  
  2.622750759840e-03  ,1.495629708964e+01  ,2.855010826582e+00  ,1.005651854686e+01  
  2.623179817915e-03  ,1.502324031565e+01  ,2.889243969837e+00  ,1.017720342055e+01  
  2.623701287031e-03  ,1.500857080226e+01  ,2.930836498501e+00  ,1.032368395968e+01  
  2.624744225263e-03  ,1.499345112589e+01  ,3.013830998729e+00  ,1.061599519131e+01  
  2.626830101728e-03  ,1.500587342089e+01  ,3.179065720994e+00  ,1.119802880797e+01  
  2.631001854658e-03  ,1.500045849455e+01  ,3.506634149259e+00  ,1.235182887900e+01  
  2.632010000020e-03  ,1.499971529334e+01  ,3.585211818039e+00  ,1.262860588333e+01  
  2.632011000018e-03  ,1.442250211569e+01  ,3.585142487737e+00  ,1.262888002248e+01  
  2.632013000126e-03  ,1.321479788876e+01  ,3.584911337028e+00  ,1.262942826176e+01  
  2.632017000343e-03  ,1.067346738792e+01  ,3.584467352076e+00  ,1.263052503912e+01  
  2.632020000020e-03  ,8.648545234167e+00  ,3.584194736328e+00  ,1.263134742011e+01  
  2.632020800063e-03  ,8.544856038425e+00  ,3.584249241403e+00  ,1.263156671663e+01  
  2.632022400076e-03  ,8.339974335385e+00  ,3.584445054026e+00  ,1.263200540948e+01  
  2.632025600100e-03  ,7.944775516103e+00  ,3.584970957005e+00  ,1.263288276478e+01  
  2.632032000149e-03  ,7.209260435372e+00  ,3.586065449461e+00  ,1.263463724423e+01  
  2.632044800246e-03  ,5.933487919771e+00  ,3.589019554631e+00  ,1.263814606383e+01  
  2.632058725381e-03  ,4.792693986788e+00  ,3.598872434805e+00  ,1.264196223894e+01  
  2.632067643726e-03  ,4.356521170740e+00  ,1.398223592742e+01  ,1.264376461679e+01  
  2.632076013708e-03  ,4.341977524164e+00  ,4.350810714831e+01  ,1.264382560614e+01  
  2.632082291568e-03  ,4.134664623379e+00  ,5.281405791426e+01  ,3.881754986339e-02  
  2.632085562373e-03  ,3.936810988369e+00  ,5.284338748905e+01  ,-2.060406196368e-01  
  2.632087131837e-03  ,3.843942969498e+00  ,5.282506659788e+01  ,-4.142303476785e-03  
  2.632090270767e-03  ,3.665334230827e+00  ,5.282824184593e+01  ,1.014083493229e-02  
  2.632096548626e-03  ,3.332213955661e+00  ,5.283802269775e+01  ,5.649331098597e-03  
  2.632109104345e-03  ,2.753110375855e+00  ,5.285686454873e+01  ,4.427006876444e-03  
  2.632134215781e-03  ,1.872826055396e+00  ,5.289436126896e+01  ,3.517227005766e-03  
  2.632173513124e-03  ,9.863499848734e-01  ,5.295295999362e+01  ,2.038396881220e-03  
  2.632218121240e-03  ,4.424141980857e-01  ,5.301925520475e+01  ,1.243223622898e-03  
  2.632263623426e-03  ,1.762408804324e-01  ,5.308668654236e+01  ,8.537519440547e-04  
  2.632332740972e-03  ,5.623890337491e-02  ,5.318877758654e+01  ,6.762927167595e-04  
  2.632413815210e-03  ,4.614435327755e-03  ,5.330805612201e+01  ,5.980287503982e-04  
  2.632510124395e-03  ,-7.862179900518e-03  ,5.344909361569e+01  ,5.762549148861e-04  
  2.632702742765e-03  ,-5.376666335805e-03  ,5.372904625711e+01  ,5.727162809714e-04  
  2.632993422696e-03  ,4.390100320922e-03  ,5.414615741401e+01  ,5.762506784204e-04  
  2.633574782560e-03  ,-2.520112865831e-05  ,5.496089768949e+01  ,5.486172062105e-04  
  2.634478007505e-03  ,1.130158214578e-03  ,5.617463391043e+01  ,5.179567297850e-04  
  2.635733805845e-03  ,1.472198167597e-03  ,5.775563237534e+01  ,4.749260738438e-04  
  2.638245402524e-03  ,1.203315865155e-03  ,6.054078029952e+01  ,3.922761647474e-04  
  2.642000000020e-03  ,8.929463851625e-04  ,6.375560205957e+01  ,2.767246000156e-04  
  2.642001000018e-03  ,5.775383590902e-01  ,6.375643886425e+01  ,-1.013246258159e-03  
  2.642001884868e-03  ,1.095178687405e+00  ,6.375718280524e+01  ,-2.187760702583e-03  
  2.642003654567e-03  ,2.160224489471e+00  ,6.375866784039e+01  ,-4.505194543210e-03  
  2.642007193965e-03  ,4.412587215118e+00  ,6.376162099615e+01  ,-8.959645369807e-03  
  2.642010000020e-03  ,6.311252980357e+00  ,6.376394679664e+01  ,-1.232629834549e-02  
  2.642010707900e-03  ,6.403560800484e+00  ,6.376443832019e+01  ,-1.224674597533e-02  
  2.642012123696e-03  ,6.584299790926e+00  ,6.376541079109e+01  ,-1.198655668577e-02  
  2.642014955289e-03  ,6.936696794813e+00  ,6.376735587336e+01  ,-1.147331830429e-02  
  2.642020618476e-03  ,7.600858095301e+00  ,6.377124948412e+01  ,-1.050552924820e-02  
  2.642031944848e-03  ,8.774025038385e+00  ,6.377904916470e+01  ,-8.796477119799e-03  
  2.642043354667e-03  ,9.771511368014e+00  ,6.378691983661e+01  ,-7.343315685535e-03  
  2.642051392354e-03  ,9.973411143566e+00  ,4.110221339777e+01  ,9.861775823768e+00  
  2.642059064962e-03  ,1.000020373014e+01  ,1.073684708280e+01  ,9.861946432455e+00  
  2.642063384808e-03  ,1.018786687130e+01  ,3.401471947227e+00  ,9.862862723205e+00  
  2.642067481883e-03  ,1.046835708247e+01  ,2.663196947517e+00  ,9.863942949713e+00  
  2.642069802738e-03  ,1.062568999428e+01  ,2.745348290271e+00  ,9.864591973040e+00  
  2.642072730817e-03  ,1.081623361227e+01  ,2.800923107685e+00  ,9.865414599978e+00  
  2.642078586973e-03  ,1.117229356648e+01  ,2.810647909779e+00  ,9.867061651264e+00  
  2.642090299286e-03  ,1.179827440381e+01  ,2.805618787157e+00  ,9.870360317078e+00  
  2.642110082067e-03  ,1.263363113827e+01  ,2.804250358839e+00  ,9.875938039778e+00  
  2.642149647630e-03  ,1.372599604625e+01  ,2.808386366268e+00  ,9.887093069834e+00  
  2.642228778757e-03  ,1.476740643052e+01  ,2.813352019413e+00  ,9.909399688809e+00  
  2.642346223749e-03  ,1.516337084925e+01  ,2.822546887588e+00  ,9.942497970389e+00  
  2.642518814958e-03  ,1.497820635248e+01  ,2.836437263677e+00  ,9.991117790902e+00  
  2.642675289072e-03  ,1.497093909021e+01  ,2.848945366953e+00  ,1.003517669604e+01  
  2.642988237299e-03  ,1.501190905323e+01  ,2.873927440786e+00  ,1.012323584850e+01  
  2.643614133753e-03  ,1.499232699587e+01  ,2.923869908469e+00  ,1.029911978710e+01  
  2.644711431421e-03  ,1.499816723066e+01  ,3.011195515766e+00  ,1.060671953828e+01  
  2.646906026758e-03  ,1.500018752108e+01  ,3.185037732596e+00  ,1.121905497121e+01  
  2.651295217432e-03  ,1.499992904361e+01  ,3.529493682255e+00  ,1.243234728730e+01  
  2.652010000020e-03  ,1.500001335575e+01  ,3.585182756370e+00  ,1.262850374953e+01  
  2.652011000018e-03  ,1.442322996729e+01  ,3.585113231465e+00  ,1.262877788899e+01  
  2.652013000126e-03  ,1.321550430895e+01  ,3.584882008978e+00  ,1.262932612882e+01  
  2.652017000343e-03  ,1.067413245198e+01  ,3.584437998305e+00  ,1.263042290738e+01  
  2.652020000020e-03  ,8.649180711957e+00  ,3.584165381483e+00  ,1.263124528926e+01  
  2.652020800063e-03  ,8.545483897132e+00  ,3.584219878290e+00  ,1.263146458603e+01  
  2.652022400076e-03  ,8.340587139318e+00  ,3.584415675865e+00  ,1.263190327932e+01  
  2.652025600100e-03  ,7.945359280510e+00  ,3.584941546105e+00  ,1.263278063554e+01  
  2.652032000149e-03  ,7.209790152801e+00  ,3.586035935112e+00  ,1.263453511691e+01  
  2.652044800246e-03  ,5.933923883615e+00  ,3.588989443927e+00  ,1.263804394032e+01  
  2.652058726871e-03  ,4.792935018204e+00  ,3.598837542814e+00  ,1.264186052844e+01  
  2.652067645216e-03  ,4.356537428992e+00  ,1.397072508213e+01  ,1.264366381844e+01  
  2.652076016689e-03  ,4.341966079334e+00  ,4.350005834917e+01  ,1.264372542925e+01  
  2.652082296783e-03  ,4.134690596507e+00  ,5.281629253865e+01  ,3.924845636084e-02  
  2.652085568333e-03  ,3.936793502533e+00  ,5.284568022869e+01  ,-2.061712286183e-01  
  2.652087137798e-03  ,3.843925694982e+00  ,5.282734664890e+01  ,-4.149656281866e-03  
  2.652090276727e-03  ,3.665317783600e+00  ,5.283052068391e+01  ,1.014334422789e-02  
  2.652096554587e-03  ,3.332199043935e+00  ,5.284030136347e+01  ,5.649390700663e-03  
  2.652109110305e-03  ,2.753098043308e+00  ,5.285914238139e+01  ,4.426830203185e-03  
  2.652134221742e-03  ,1.872817641922e+00  ,5.289663736092e+01  ,3.517293675859e-03  
  2.652173519084e-03  ,9.863455188458e-01  ,5.295523340771e+01  ,2.038351430752e-03  
  2.652218121240e-03  ,4.424695324300e-01  ,5.302151671411e+01  ,1.243265069950e-03  
  2.652263623426e-03  ,1.762713765097e-01  ,5.308894494893e+01  ,8.537573082216e-04  
  2.652332740972e-03  ,5.624836733735e-02  ,5.319103126552e+01  ,6.762674948857e-04  
  2.652413815210e-03  ,4.614851969426e-03  ,5.331030423460e+01  ,5.979904241109e-04  
  2.652510124395e-03  ,-7.863948876815e-03  ,5.345133508834e+01  ,5.762134935410e-04  
  2.652702742765e-03  ,-5.377997298310e-03  ,5.373127436393e+01  ,5.726756731725e-04  
  2.652993422696e-03  ,4.390484814255e-03  ,5.414836513738e+01  ,5.762128247125e-04  
  2.653574782560e-03  ,-2.558314798800e-05  ,5.496306389878e+01  ,5.485787289630e-04  
  2.654477912137e-03  ,1.129998838208e-03  ,5.617660897488e+01  ,5.179226946639e-04  
  2.655733710477e-03  ,1.472123053480e-03  ,5.775752107817e+01  ,4.748928949936e-04  
  2.658245307157e-03  ,1.203216987437e-03  ,6.054248561446e+01  ,3.922440991204e-04  
  2.662000000020e-03  ,8.928480741089e-04  ,6.375707998742e+01  ,2.766912062369e-04  
  2.662001000018e-03  ,5.775382603980e-01  ,6.375791670332e+01  ,-1.013280520129e-03  
  2.662001884868e-03  ,1.095178588606e+00  ,6.375866056566e+01  ,-2.187794729791e-03  
  2.662003654567e-03  ,2.160224390464e+00  ,6.376014544354e+01  ,-4.505228614781e-03  
  2.662007193965e-03  ,4.412587115711e+00  ,6.376309828473e+01  ,-8.959679422071e-03  
  2.662010000020e-03  ,6.312036244356e+00  ,6.376542373408e+01  ,-1.232517609843e-02  
  2.662010707900e-03  ,6.404335742933e+00  ,6.376591519702e+01  ,-1.224564930454e-02  
  2.662012123696e-03  ,6.585058439669e+00  ,6.376688754412e+01  ,-1.198548448953e-02  
  2.662014955289e-03  ,6.937423674793e+00  ,6.376883237854e+01  ,-1.147229238901e-02  
  2.662020618476e-03  ,7.601525100811e+00  ,6.377272549308e+01  ,-1.050459067330e-02  
  2.662031944848e-03  ,8.774586282302e+00  ,6.378052417931e+01  ,-8.795692593727e-03  
  2.662043354667e-03  ,9.771982688029e+00  ,6.378839384808e+01  ,-7.342662167605e-03  
  2.662051392354e-03  ,9.973427670250e+00  ,4.107995601908e+01  ,9.861490232574e+00  
  2.662059066452e-03  ,1.000023401047e+01  ,1.070930781383e+01  ,9.861661923852e+00  
  2.662063384063e-03  ,1.018819944364e+01  ,3.399615786279e+00  ,9.862578245836e+00  
  2.662067475922e-03  ,1.046833962644e+01  ,2.663540592627e+00  ,9.863657863578e+00  
  2.662069797151e-03  ,1.062569501798e+01  ,2.745389900063e+00  ,9.864306981513e+00  
  2.662072727836e-03  ,1.081640287111e+01  ,2.800848791233e+00  ,9.865130335525e+00  
  2.662078589208e-03  ,1.117275216269e+01  ,2.810550073389e+00  ,9.866778861148e+00  
  2.662090311952e-03  ,1.179917289014e+01  ,2.805534398407e+00  ,9.870080477651e+00  
  2.662110133476e-03  ,1.263571710611e+01  ,2.804174880450e+00  ,9.875669139955e+00  
  2.662149776526e-03  ,1.372876242307e+01  ,2.808312031853e+00  ,9.886846045754e+00  
  2.662229062624e-03  ,1.476952016095e+01  ,2.813293218710e+00  ,9.909196402309e+00  
  2.662346507616e-03  ,1.516350517042e+01  ,2.822489157872e+00  ,9.942294752389e+00  
  2.662519384928e-03  ,1.497805545762e+01  ,2.836402519751e+00  ,9.990995249304e+00  
  2.662675930567e-03  ,1.497089490618e+01  ,2.848916328255e+00  ,1.003507434405e+01  
  2.662989021845e-03  ,1.501193259960e+01  ,2.873909821229e+00  ,1.012317382212e+01  
  2.663615204401e-03  ,1.499231008419e+01  ,2.923875142523e+00  ,1.029913819727e+01  
  2.664713646479e-03  ,1.499816404108e+01  ,3.011291663488e+00  ,1.060705819860e+01  
  2.666910530634e-03  ,1.500018775980e+01  ,3.185314025434e+00  ,1.122002817003e+01  
  2.671304298945e-03  ,1.499992880921e+01  ,3.530123568042e+00  ,1.243456596238e+01  
  2.672010000020e-03  ,1.500001323527e+01  ,3.585104539896e+00  ,1.262822824427e+01  
  2.672011000018e-03  ,1.442323028809e+01  ,3.585035015614e+00  ,1.262850238451e+01  
  2.672013000126e-03  ,1.321550462029e+01  ,3.584803793562e+00  ,1.262905062594e+01  
  2.672017000343e-03  ,1.067413274503e+01  ,3.584359782299e+00  ,1.263014740761e+01  
  2.672020000020e-03  ,8.649180992212e+00  ,3.584087163779e+00  ,1.263096979183e+01  
  2.672020800063e-03  ,8.545484174010e+00  ,3.584141659530e+00  ,1.263118908923e+01  
  2.672022400076e-03  ,8.340587409523e+00  ,3.584337455118e+00  ,1.263162778377e+01  
  2.672025600100e-03  ,7.945359537850e+00  ,3.584863322223e+00  ,1.263250514249e+01  
  2.672032000149e-03  ,7.209790386163e+00  ,3.585957703086e+00  ,1.263425962887e+01  
  2.672044800246e-03  ,5.933924075073e+00  ,3.588911176774e+00  ,1.263776846229e+01  
  2.672058726871e-03  ,4.792935169429e+00  ,3.598759066813e+00  ,1.264158506133e+01  
  2.672067645216e-03  ,4.356535733127e+00  ,1.397053667915e+01  ,1.264338837362e+01  
  2.672076016689e-03  ,4.341964381246e+00  ,4.349985543375e+01  ,1.264345000110e+01  
  2.672082296783e-03  ,4.134712063480e+00  ,5.281747545088e+01  ,3.936760842082e-02  
  2.672085568333e-03  ,3.936814329531e+00  ,5.284687780744e+01  ,-2.061980635588e-01  
  2.672087137798e-03  ,3.843945986819e+00  ,5.282854152561e+01  ,-4.151337547094e-03  
  2.672090276727e-03  ,3.665337131164e+00  ,5.283171508958e+01  ,1.014380029306e-02  
  2.672096554587e-03  ,3.332216631197e+00  ,5.284149530854e+01  ,5.649402087083e-03  
  2.672109110305e-03  ,2.753112555689e+00  ,5.286033531729e+01  ,4.426789703345e-03  
  2.672134221742e-03  ,1.872827479955e+00  ,5.289782826343e+01  ,3.517293377006e-03  
  2.672173519084e-03  ,9.863506498128e-01  ,5.295642113674e+01  ,2.038321014470e-03  
  2.672218121240e-03  ,4.424717754362e-01  ,5.302270083693e+01  ,1.243230413729e-03  
  2.672263629386e-03  ,1.762439937806e-01  ,5.309013421211e+01  ,8.536793362493e-04  
  2.672332746932e-03  ,5.623975165641e-02  ,5.319221490117e+01  ,6.762169672637e-04  
  2.672413833091e-03  ,4.608912772600e-03  ,5.331149876646e+01  ,5.979434644864e-04  
  2.672510130355e-03  ,-7.862956665611e-03  ,5.345250427172e+01  ,5.761772136954e-04  
  2.672702724883e-03  ,-5.376244103699e-03  ,5.373239335909e+01  ,5.726416499021e-04  
  2.672993452499e-03  ,4.390190765447e-03  ,5.414952878960e+01  ,5.761744301744e-04  
  2.673574907729e-03  ,-2.570289953805e-05  ,5.496431032005e+01  ,5.485379138194e-04  
  2.674478323409e-03  ,1.129938489643e-03  ,5.617814696148e+01  ,5.178729925753e-04  
  2.675734312484e-03  ,1.471963853589e-03  ,5.775914573374e+01  ,4.748384774790e-04  
  2.678246290633e-03  ,1.203026064748e-03  ,6.054416730261e+01  ,3.921813059494e-04  
  2.682000000020e-03  ,8.927484126217e-04  ,6.375746659844e+01  ,2.766637940170e-04  
  2.682001000018e-03  ,5.775381608305e-01  ,6.375830323444e+01  ,-1.013308281290e-03  
  2.682001884868e-03  ,1.095178489081e+00  ,6.375904702619e+01  ,-2.187823812621e-03  
  2.682003654567e-03  ,2.160224291017e+00  ,6.376053176259e+01  ,-4.505257381517e-03  
  2.682007193965e-03  ,4.412587016414e+00  ,6.376348432085e+01  ,-8.959708125738e-03  
  2.682010000020e-03  ,6.312036145473e+00  ,6.376580954589e+01  ,-1.232520480369e-02  
  2.682010707900e-03  ,6.404335644080e+00  ,6.376630095215e+01  ,-1.224567789993e-02  
  2.682012123696e-03  ,6.585058340874e+00  ,6.376727318590e+01  ,-1.198551306930e-02  
  2.682014955289e-03  ,6.937423576112e+00  ,6.376921779360e+01  ,-1.147232096740e-02  
  2.682020618476e-03  ,7.601525002346e+00  ,6.377311045477e+01  ,-1.050461924709e-02  
  2.682031944848e-03  ,8.774586184218e+00  ,6.378090823434e+01  ,-8.795721162399e-03  
  2.682043354667e-03  ,9.771982590272e+00  ,6.378877698993e+01  ,-7.342690727147e-03  
  2.682051392354e-03  ,9.973425519206e+00  ,4.108017423552e+01  ,9.861134187695e+00  
  2.682059066452e-03  ,1.000023142417e+01  ,1.070948350240e+01  ,9.861305853859e+00  
  2.682063384063e-03  ,1.018819243200e+01  ,3.399541817284e+00  ,9.862222183331e+00  
  2.682067475922e-03  ,1.046833271229e+01  ,2.663437624944e+00  ,9.863301796087e+00  
  2.682069797151e-03  ,1.062568833328e+01  ,2.745286471645e+00  ,9.863950916331e+00  
  2.682072727836e-03  ,1.081639649136e+01  ,2.800746954746e+00  ,9.864774273501e+00  
  2.682078589208e-03  ,1.117274633323e+01  ,2.810449064720e+00  ,9.866422805016e+00  
  2.682090311952e-03  ,1.179916801365e+01  ,2.805433337784e+00  ,9.869724433330e+00  
  2.682110133476e-03  ,1.263571350331e+01  ,2.804073711826e+00  ,9.875313115674e+00  
  2.682149776526e-03  ,1.372876048721e+01  ,2.808211016918e+00  ,9.886490061551e+00  
  2.682229062624e-03  ,1.476951981015e+01  ,2.813192177622e+00  ,9.908840498232e+00  
  2.682346507616e-03  ,1.516350541973e+01  ,2.822388150423e+00  ,9.941938966965e+00  
  2.682519384928e-03  ,1.497805542429e+01  ,2.836301561267e+00  ,9.990639638456e+00  
  2.682675930567e-03  ,1.497089486194e+01  ,2.848815414322e+00  ,1.003471889121e+01  
  2.682989021845e-03  ,1.501193261791e+01  ,2.873808997215e+00  ,1.012281868510e+01  
  2.683615204401e-03  ,1.499231007258e+01  ,2.923774497479e+00  ,1.029878369103e+01  
  2.684713646479e-03  ,1.499816403840e+01  ,3.011191331868e+00  ,1.060670479617e+01  
  2.686910530634e-03  ,1.500018776020e+01  ,3.185214317674e+00  ,1.121967696491e+01  
  2.691304298945e-03  ,1.499992880921e+01  ,3.530025096358e+00  ,1.243421911104e+01  
  2.692010000020e-03  ,1.500001323545e+01  ,3.585006265306e+00  ,1.262788208716e+01  
  2.692011000018e-03  ,1.442323028803e+01  ,3.584936741884e+00  ,1.262815622838e+01  
  2.692013000126e-03  ,1.321550462022e+01  ,3.584705520405e+00  ,1.262870447178e+01  
  2.692017000343e-03  ,1.067413274495e+01  ,3.584261508397e+00  ,1.262980125737e+01  
  2.692020000020e-03  ,8.649180992090e+00  ,3.583988887764e+00  ,1.263062364454e+01  
  2.692020800063e-03  ,8.545484173868e+00  ,3.584043382188e+00  ,1.263084294273e+01  
  2.692022400076e-03  ,8.340587409343e+00  ,3.584239175283e+00  ,1.263128163884e+01  
  2.692025600100e-03  ,7.945359537602e+00  ,3.584765038470e+00  ,1.263215900071e+01  
  2.692032000149e-03  ,7.209790385746e+00  ,3.585859409155e+00  ,1.263391349337e+01  
  2.692044800246e-03  ,5.933924073974e+00  ,3.588812839032e+00  ,1.263742233939e+01  
  2.692058726871e-03  ,4.792935164319e+00  ,3.598660470863e+00  ,1.264123895214e+01  
  2.692067645216e-03  ,4.356533588781e+00  ,1.397030927258e+01  ,1.264304229135e+01  
  2.692076016689e-03  ,4.341962255681e+00  ,4.349961132095e+01  ,1.264310393445e+01  
  2.692082296783e-03  ,4.134718702301e+00  ,5.281777838384e+01  ,3.941242351512e-02  
  2.692085568333e-03  ,3.936820793867e+00  ,5.284718620370e+01  ,-2.062089044248e-01  
  2.692087137798e-03  ,3.843952279585e+00  ,5.282884875720e+01  ,-4.152033628083e-03  
  2.692090276727e-03  ,3.665343128309e+00  ,5.283202199368e+01  ,1.014397216589e-02  
  2.692096554587e-03  ,3.332222077657e+00  ,5.284180175360e+01  ,5.649388771544e-03  
  2.692109110305e-03  ,2.753117039211e+00  ,5.286064080566e+01  ,4.426755069339e-03  
  2.692134221742e-03  ,1.872830499623e+00  ,5.289813183267e+01  ,3.517276382270e-03  
  2.692173519084e-03  ,9.863521954181e-01  ,5.295672170799e+01  ,2.038292135994e-03  
  2.692218121240e-03  ,4.424724166750e-01  ,5.302299800609e+01  ,1.243200240569e-03  
  2.692263629386e-03  ,1.762441923651e-01  ,5.309042791202e+01  ,8.536485911533e-04  
  2.692332746932e-03  ,5.623975077652e-02  ,5.319250333591e+01  ,6.761860317141e-04  
  2.692413833091e-03  ,4.608826145317e-03  ,5.331178103048e+01  ,5.979125220955e-04  
  2.692510130355e-03  ,-7.863063899676e-03  ,5.345277921620e+01  ,5.761463798736e-04  
  2.692702724883e-03  ,-5.376346932181e-03  ,5.373265369363e+01  ,5.726110970804e-04  
  2.692993452499e-03  ,4.390104597100e-03  ,5.414976714506e+01  ,5.761443059150e-04  
  2.693574907729e-03  ,-2.579553275703e-05  ,5.496450500152e+01  ,5.485085705415e-04  
  2.694478323409e-03  ,1.129849245309e-03  ,5.617827459732e+01  ,5.178448299535e-04  
  2.695734312484e-03  ,1.471877416388e-03  ,5.775918195041e+01  ,4.748118302534e-04  
  2.698246290633e-03  ,1.202944303066e-03  ,6.054402772954e+01  ,3.921573065416e-04  
  2.702000000020e-03  ,8.926751320392e-04  ,6.375708499821e+01  ,2.766432643949e-04  
  2.702001000018e-03  ,5.775380875531e-01  ,6.375792157338e+01  ,-1.013328761158e-03  
  2.702001884868e-03  ,1.095178415807e+00  ,6.375866531130e+01  ,-2.187844249464e-03  
  2.702003654567e-03  ,2.160224217751e+00  ,6.376014994006e+01  ,-4.505277830459e-03  
  2.702007193965e-03  ,4.412586943163e+00  ,6.376310228304e+01  ,-8.959728583332e-03  
  2.702010000020e-03  ,6.312036072233e+00  ,6.376542733741e+01  ,-1.232522526556e-02  
  2.702010707900e-03  ,6.404335570841e+00  ,6.376591870055e+01  ,-1.224569854696e-02  
  2.702012123696e-03  ,6.585058267638e+00  ,6.376689084802e+01  ,-1.198553373504e-02  
  2.702014955289e-03  ,6.937423502880e+00  ,6.376883528318e+01  ,-1.147234163224e-02  
  2.702020618476e-03  ,7.601524929123e+00  ,6.377272759929e+01  ,-1.050463990142e-02  
  2.702031944848e-03  ,8.774586111016e+00  ,6.378052468899e+01  ,-8.795741806333e-03  
  2.702043354667e-03  ,9.771982517094e+00  ,6.378839274993e+01  ,-7.342711357289e-03  
  2.702051392354e-03  ,9.973423794223e+00  ,4.107965234850e+01  ,9.860793167251e+00  
  2.702059066452e-03  ,1.000022996132e+01  ,1.070897042138e+01  ,9.860964863322e+00  
  2.702063384063e-03  ,1.018819811342e+01  ,3.399417197890e+00  ,9.861881190222e+00  
  2.702067475922e-03  ,1.046833842353e+01  ,2.663344847540e+00  ,9.862960822348e+00  
  2.702069797151e-03  ,1.062569382562e+01  ,2.745190839078e+00  ,9.863609944573e+00  
  2.702072727836e-03  ,1.081640173403e+01  ,2.800649905898e+00  ,9.864433304585e+00  
  2.702078589208e-03  ,1.117275113259e+01  ,2.810352047383e+00  ,9.866081841864e+00  
  2.702090311952e-03  ,1.179917203119e+01  ,2.805336482200e+00  ,9.869383481609e+00  
  2.702110133476e-03  ,1.263571647129e+01  ,2.803976883287e+00  ,9.874972183149e+00  
  2.702149776526e-03  ,1.372876208352e+01  ,2.808114227590e+00  ,9.886149167403e+00  
  2.702229062624e-03  ,1.476952009995e+01  ,2.813095417711e+00  ,9.908499680818e+00  
  2.702346507616e-03  ,1.516350521481e+01  ,2.822291425045e+00  ,9.941598263173e+00  
  2.702519384928e-03  ,1.497805545208e+01  ,2.836204882149e+00  ,9.990299101841e+00  
  2.702675930567e-03  ,1.497089489872e+01  ,2.848718778062e+00  ,1.003437850591e+01  
  2.702989021845e-03  ,1.501193260320e+01  ,2.873712447115e+00  ,1.012247860222e+01  
  2.703615204401e-03  ,1.499231008249e+01  ,2.923678118736e+00  ,1.029844421221e+01  
  2.704713646479e-03  ,1.499816404096e+01  ,3.011095253271e+00  ,1.060636637435e+01  
  2.706910530634e-03  ,1.500018776022e+01  ,3.185118836494e+00  ,1.121934064728e+01  
  2.711304298945e-03  ,1.499992880955e+01  ,3.529930798857e+00  ,1.243388696262e+01  
  2.712010000020e-03  ,1.500001323565e+01  ,3.584912156545e+00  ,1.262755060354e+01  
  2.712011000018e-03  ,1.442323028841e+01  ,3.584842633946e+00  ,1.262782474570e+01  
  2.712013000126e-03  ,1.321550462060e+01  ,3.584611413016e+00  ,1.262837299098e+01  
  2.712017000343e-03  ,1.067413274528e+01  ,3.584167400296e+00  ,1.262946978034e+01  
  2.712020000020e-03  ,8.649180992362e+00  ,3.583894777638e+00  ,1.263029217033e+01  
  2.712020800063e-03  ,8.545484174116e+00  ,3.583949270792e+00  ,1.263051146927e+01  
  2.712022400076e-03  ,8.340587409545e+00  ,3.584145061500e+00  ,1.263095016689e+01  
  2.712025600100e-03  ,7.945359537723e+00  ,3.584670920935e+00  ,1.263182753177e+01  
  2.712032000149e-03  ,7.209790385671e+00  ,3.585765281873e+00  ,1.263358203045e+01  
  2.712044800246e-03  ,5.933924073188e+00  ,3.588718669795e+00  ,1.263709088852e+01  
  2.712058726871e-03  ,4.792935159641e+00  ,3.598566054361e+00  ,1.264090751441e+01  
  2.712067645216e-03  ,4.356531535328e+00  ,1.397009149421e+01  ,1.264271087922e+01  
  2.712076016689e-03  ,4.341960220174e+00  ,4.349937754140e+01  ,1.264277253489e+01  
  2.712082296783e-03  ,4.134714685772e+00  ,5.281745954565e+01  ,3.940182445687e-02  
  2.712085568333e-03  ,3.936816931517e+00  ,5.284686598539e+01  ,-2.062076343911e-01  
  2.712087137798e-03  ,3.843948508425e+00  ,5.282852855974e+01  ,-4.151978782478e-03  
  2.712090276727e-03  ,3.665339528547e+00  ,5.283170161767e+01  ,1.014393265832e-02  
  2.712096554587e-03  ,3.332218798017e+00  ,5.284148099978e+01  ,5.649362030269e-03  
  2.712109110305e-03  ,2.753114317283e+00  ,5.286031929591e+01  ,4.426730236622e-03  
  2.712134221742e-03  ,1.872828625479e+00  ,5.289780881223e+01  ,3.517251730644e-03  
  2.712173519084e-03  ,9.863511750490e-01  ,5.295639632573e+01  ,2.038269317631e-03  
  2.712218121240e-03  ,4.424719201668e-01  ,5.302266994683e+01  ,1.243178239552e-03  
  2.712263629386e-03  ,1.762439523381e-01  ,5.309009712534e+01  ,8.536270202328e-04  
  2.712332746932e-03  ,5.623962646789e-02  ,5.319216841449e+01  ,6.761647149796e-04  
  2.712413833091e-03  ,4.608751738155e-03  ,5.331144127010e+01  ,5.978913788073e-04  
  2.712510130355e-03  ,-7.863126081053e-03  ,5.345243372568e+01  ,5.761253732241e-04  
  2.712702724883e-03  ,-5.376411075082e-03  ,5.373229679708e+01  ,5.725903232809e-04  
  2.712993452499e-03  ,4.390031709514e-03  ,5.414939316867e+01  ,5.761238674068e-04  
  2.713574907729e-03  ,-2.586282413870e-05  ,5.496409737103e+01  ,5.484888220145e-04  
  2.714478323409e-03  ,1.129782985819e-03  ,5.617781604960e+01  ,5.178261010029e-04  
  2.715734312484e-03  ,1.471813916557e-03  ,5.775865547192e+01  ,4.747944259518e-04  
  2.718246290633e-03  ,1.202887568395e-03  ,6.054337577842e+01  ,3.921422601169e-04  
  2.722000000020e-03  ,8.926290608202e-04  ,6.375627283990e+01  ,2.766313399764e-04  
  2.722001000018e-03  ,5.775380414871e-01  ,6.375710937692e+01  ,-1.013340403197e-03  
  2.722001884868e-03  ,1.095178369746e+00  ,6.375785308110e+01  ,-2.187855869856e-03  
  2.722003654567e-03  ,2.160224171698e+00  ,6.375933764240e+01  ,-4.505289461306e-03  
  2.722007193965e-03  ,4.412586897126e+00  ,6.376228985047e+01  ,-8.959740230517e-03  
  2.722010000020e-03  ,6.312036026208e+00  ,6.376461479789e+01  ,-1.232523692301e-02  
  2.722010707900e-03  ,6.404335524819e+00  ,6.376510613402e+01  ,-1.224571054725e-02  
  2.722012123696e-03  ,6.585058221619e+00  ,6.376607822740e+01  ,-1.198554577149e-02  
  2.722014955289e-03  ,6.937423456870e+00  ,6.376802255439e+01  ,-1.147235366824e-02  
  2.722020618476e-03  ,7.601524883128e+00  ,6.377191465422e+01  ,-1.050465192521e-02  
  2.722031944848e-03  ,8.774586065051e+00  ,6.377971131160e+01  ,-8.795753817667e-03  
  2.722043354667e-03  ,9.771982471160e+00  ,6.378757893740e+01  ,-7.342723353552e-03  
  2.722051392354e-03  ,9.973422638378e+00  ,4.107874202692e+01  ,9.860520019244e+00  
  2.722059066452e-03  ,1.000022947289e+01  ,1.070810052665e+01  ,9.860691775617e+00  
  2.722063383318e-03  ,1.018815959921e+01  ,3.399407158750e+00  ,9.861608028178e+00  
  2.722067475177e-03  ,1.046830134003e+01  ,2.663241125455e+00  ,9.862687611092e+00  
  2.722069796405e-03  ,1.062565819846e+01  ,2.745102976724e+00  ,9.863336737042e+00  
  2.722072726719e-03  ,1.081634409946e+01  ,2.800569923065e+00  ,9.864159996343e+00  
  2.722078587346e-03  ,1.117265503936e+01  ,2.810275821437e+00  ,9.865808329160e+00  
  2.722090308599e-03  ,1.179743651818e+01  ,2.799742163130e+00  ,9.869112904281e+00  
  2.722102532021e-03  ,1.234375223494e+01  ,2.803967855785e+00  ,9.872559472933e+00  
  2.722126978866e-03  ,1.318466538446e+01  ,2.805802275142e+00  ,9.879452223786e+00  
  2.722175872557e-03  ,1.416678291246e+01  ,2.808941560559e+00  ,9.893236635607e+00  
  2.722273659937e-03  ,1.497488280095e+01  ,2.816468694457e+00  ,9.920800132676e+00  
  2.722397613756e-03  ,1.499927748493e+01  ,2.826380445262e+00  ,9.955728553306e+00  
  2.722627234690e-03  ,1.500026580038e+01  ,2.844734274953e+00  ,1.002040013733e+01  
  2.722861480944e-03  ,1.499999657705e+01  ,2.863458358192e+00  ,1.008633073452e+01  
  2.723329973452e-03  ,1.500044006654e+01  ,2.900853500278e+00  ,1.021806075221e+01  
  2.724266958467e-03  ,1.500056396849e+01  ,2.975501248033e+00  ,1.048099597894e+01  
  2.726140928499e-03  ,1.500063586592e+01  ,3.124202949822e+00  ,1.100477461015e+01  
  2.729888868563e-03  ,1.499951278446e+01  ,3.419245313416e+00  ,1.204401377080e+01  
  2.732010000020e-03  ,1.499999589006e+01  ,3.584837779605e+00  ,1.262728851079e+01  
  2.732011000018e-03  ,1.442222508539e+01  ,3.584768567399e+00  ,1.262756265458e+01  
  2.732013000126e-03  ,1.321452901569e+01  ,3.584537461187e+00  ,1.262811089636e+01  
  2.732017000343e-03  ,1.067321425546e+01  ,3.584093486573e+00  ,1.262920769277e+01  
  2.732020000020e-03  ,8.648303362748e+00  ,3.583820863089e+00  ,1.263003008498e+01  
  2.732020800063e-03  ,8.544617066848e+00  ,3.583875366085e+00  ,1.263024938449e+01  
  2.732022400076e-03  ,8.339741093697e+00  ,3.584071174647e+00  ,1.263068808332e+01  
  2.732025600100e-03  ,7.944553326965e+00  ,3.584597074738e+00  ,1.263156545059e+01  
  2.732032000149e-03  ,7.209058816539e+00  ,3.585691566683e+00  ,1.263331995397e+01  
  2.732044800246e-03  ,5.933321982072e+00  ,3.588645727191e+00  ,1.263682882142e+01  
  2.732058725381e-03  ,4.792559988267e+00  ,3.598500509540e+00  ,1.264064504841e+01  
  2.732067643726e-03  ,4.356503699914e+00  ,1.398776544466e+01  ,1.264244701800e+01  
  2.732076013708e-03  ,4.341974950320e+00  ,4.351462327644e+01  ,1.264250761550e+01  
  2.732082291568e-03  ,4.134599443932e+00  ,5.281688487388e+01  ,3.852030971937e-02  
  2.732085562745e-03  ,3.936725937283e+00  ,5.284617642658e+01  ,-2.059703327023e-01  
  2.732087132396e-03  ,3.843849181868e+00  ,5.282786186743e+01  ,-4.136788955121e-03  
  2.732090271698e-03  ,3.665224080356e+00  ,5.283103741656e+01  ,1.013877667255e-02  
  2.732096550303e-03  ,3.332075976212e+00  ,5.284081717295e+01  ,5.648869049950e-03  
  2.732109107511e-03  ,2.752933570618e+00  ,5.285965714283e+01  ,4.426724537469e-03  
  2.732134221928e-03  ,1.863999601292e+00  ,5.289717041946e+01  ,3.316469850278e-03  
  2.732175861733e-03  ,9.348815186685e-01  ,5.295922334173e+01  ,1.962622791714e-03  
  2.732222120898e-03  ,3.971950921611e-01  ,5.302794266114e+01  ,1.177150249586e-03  
  2.732268433707e-03  ,1.916311978521e-01  ,5.309653637823e+01  ,8.758599022705e-04  
  2.732330625193e-03  ,5.758764989949e-02  ,5.318837398067e+01  ,6.781946904355e-04  
  2.732396738665e-03  ,2.030412989685e-02  ,5.328566799139e+01  ,6.213949353483e-04  
  2.732528965609e-03  ,1.731043335077e-03  ,5.347925281031e+01  ,5.893927871480e-04  
  2.732669108050e-03  ,-1.047341699620e-03  ,5.368297120187e+01  ,5.801370038417e-04  
  2.732949392931e-03  ,3.090926159058e-04  ,5.408590629608e+01  ,5.717566734996e-04  
  2.733395950930e-03  ,1.567209827041e-03  ,5.471541283202e+01  ,5.572560412416e-04  
  2.734289066927e-03  ,1.675624762216e-03  ,5.592813038125e+01  ,5.254866049989e-04  
  2.736075298922e-03  ,1.354411667569e-03  ,5.816562662108e+01  ,4.631399060337e-04  
  2.739647762911e-03  ,1.145380358667e-03  ,6.187514786703e+01  ,3.473602230563e-04  
  2.742000000020e-03  ,8.844225599909e-04  ,6.375533809578e+01  ,2.762365654097e-04  
  2.742001000018e-03  ,5.775300100532e-01  ,6.375617490192e+01  ,-1.012301816677e-03  
  2.742001884868e-03  ,1.095170454512e+00  ,6.375691910236e+01  ,-2.188063289455e-03  
  2.742003654567e-03  ,2.160216478517e+00  ,6.375840437024e+01  ,-4.505202031941e-03  
  2.742007193965e-03  ,4.412579632086e+00  ,6.376135804668e+01  ,-8.959600864010e-03  
  2.742010000020e-03  ,6.312029084708e+00  ,6.376368415951e+01  ,-1.232510381060e-02  
  2.742010707900e-03  ,6.404328662366e+00  ,6.376417579059e+01  ,-1.224557604308e-02  
  2.742012123696e-03  ,6.585051513975e+00  ,6.376514847557e+01  ,-1.198540887468e-02  
  2.742014955289e-03  ,6.937417050969e+00  ,6.376709398024e+01  ,-1.147221651769e-02  
  2.742020618476e-03  ,7.601519045979e+00  ,6.377098843944e+01  ,-1.050451475778e-02  
  2.742031944848e-03  ,8.774581232529e+00  ,6.377878981456e+01  ,-8.795615210357e-03  
  2.742043354667e-03  ,9.771978492819e+00  ,6.378666219176e+01  ,-7.342582896622e-03  
  2.742051392354e-03  ,9.973433793644e+00  ,4.107892708295e+01  ,9.862484481469e+00  
  2.742059066452e-03  ,1.000024187504e+01  ,1.070843599189e+01  ,9.862656282040e+00  
  2.742063383318e-03  ,1.018817463807e+01  ,3.399918297601e+00  ,9.863572505821e+00  
  2.742067475177e-03  ,1.046831595730e+01  ,2.663798060336e+00  ,9.864652070033e+00  
  2.742069796405e-03  ,1.062567238675e+01  ,2.745667069017e+00  ,9.865301183697e+00  
  2.742072726719e-03  ,1.081635763909e+01  ,2.801130862509e+00  ,9.866124425928e+00  
  2.742078587346e-03  ,1.117266739433e+01  ,2.810833651765e+00  ,9.867772726014e+00  
  2.742090308599e-03  ,1.179744685862e+01  ,2.800300445719e+00  ,9.871077235715e+00  
  2.742102533512e-03  ,1.234382201464e+01  ,2.804525862895e+00  ,9.874524156301e+00  
  2.742126983337e-03  ,1.317479480999e+01  ,2.806751776074e+00  ,9.881417651336e+00  
  2.742175882987e-03  ,1.416233427516e+01  ,2.809135024830e+00  ,9.895203446630e+00  
  2.742273682289e-03  ,1.497483085179e+01  ,2.817018823923e+00  ,9.922769765829e+00  
  2.742401927642e-03  ,1.499970502272e+01  ,2.827291419563e+00  ,9.958906543247e+00  
  2.742626684837e-03  ,1.500014661692e+01  ,2.845238375711e+00  ,1.002220656241e+01  
  2.742865818672e-03  ,1.500012942486e+01  ,2.864358110417e+00  ,1.008951125472e+01  
  2.743344086341e-03  ,1.500023043323e+01  ,2.902535131854e+00  ,1.022398366171e+01  
  2.744300621681e-03  ,1.500028727140e+01  ,2.978733767590e+00  ,1.049238157580e+01  
  2.746213692359e-03  ,1.500039371221e+01  ,3.130511853717e+00  ,1.102699639311e+01  
  2.750039833717e-03  ,1.499973798714e+01  ,3.431608695915e+00  ,1.208756221024e+01  
  2.752010000020e-03  ,1.500000751775e+01  ,3.585379527114e+00  ,1.262919676249e+01  
  2.752011000018e-03  ,1.442274162143e+01  ,3.585310145736e+00  ,1.262947090079e+01  
  2.752013000126e-03  ,1.321503034235e+01  ,3.585078975590e+00  ,1.263001913212e+01  
  2.752017000343e-03  ,1.067368623293e+01  ,3.584634983803e+00  ,1.263111590656e+01  
  2.752020000020e-03  ,8.648754343929e+00  ,3.584362372847e+00  ,1.263193828252e+01  
  2.752020800063e-03  ,8.545062641094e+00  ,3.584416877319e+00  ,1.263215757771e+01  
  2.752022400076e-03  ,8.340175984216e+00  ,3.584612689276e+00  ,1.263259626787e+01  
  2.752025600100e-03  ,7.944967609345e+00  ,3.585138588612e+00  ,1.263347361780e+01  
  2.752032000149e-03  ,7.209434744287e+00  ,3.586233065351e+00  ,1.263522808653e+01  
  2.752044800246e-03  ,5.933631379478e+00  ,3.589187053330e+00  ,1.263873688468e+01  
  2.752058726871e-03  ,4.792698856581e+00  ,3.599040752323e+00  ,1.264255344477e+01  
  2.752067645216e-03  ,4.356525306448e+00  ,1.398245280221e+01  ,1.264435578000e+01  
  2.752076016689e-03  ,4.341980059484e+00  ,4.351367118962e+01  ,1.264441655526e+01  
  2.752082294548e-03  ,4.134614700500e+00  ,5.281644654804e+01  ,3.858600319436e-02  
  2.752085565725e-03  ,3.936740724224e+00  ,5.284574723628e+01  ,-2.059826557776e-01  
  2.752088128352e-03  ,3.786570780250e+00  ,5.282860349688e+01  ,-1.725254678880e-03  
  2.752090904066e-03  ,3.630566571320e+00  ,5.283172100219e+01  ,7.841141183126e-03  
  2.752096455494e-03  ,3.337275876113e+00  ,5.284019154213e+01  ,5.600740080961e-03  
  2.752107558349e-03  ,2.818075881862e+00  ,5.285680633318e+01  ,4.700400087933e-03  
  2.752129764060e-03  ,2.006244415405e+00  ,5.289000708399e+01  ,3.534441972224e-03  
  2.752174175480e-03  ,9.667640142189e-01  ,5.295622573532e+01  ,2.009137375498e-03  
  2.752216739157e-03  ,4.466072011027e-01  ,5.301948690051e+01  ,1.249508089942e-03  
  2.752264512280e-03  ,2.100037064378e-01  ,5.309028248189e+01  ,9.029404474380e-04  
  2.752334500054e-03  ,6.560115001072e-02  ,5.319365992124e+01  ,6.898780543403e-04  
  2.752397990921e-03  ,2.410715146716e-02  ,5.328710803753e+01  ,6.270490112873e-04  
  2.752524972657e-03  ,-3.276968980566e-03  ,5.347307827020e+01  ,5.823964545548e-04  
  2.752684117058e-03  ,-5.036614164417e-03  ,5.370441453284e+01  ,5.739184746875e-04  
  2.753002405861e-03  ,-3.842662744318e-04  ,5.416127866141e+01  ,5.689426072534e-04  
  2.753550577858e-03  ,2.947790418077e-03  ,5.492986835147e+01  ,5.538799277775e-04  
  2.754646921853e-03  ,5.521210118903e-04  ,5.639704077184e+01  ,5.112929244886e-04  
  2.756839609841e-03  ,2.246285035473e-03  ,5.904679936597e+01  ,4.390387266854e-04  
  2.761224985817e-03  ,8.527491436817e-05  ,6.318838900522e+01  ,2.978503351931e-04  
  2.762000000020e-03  ,1.476297917989e-03  ,6.375878125799e+01  ,2.807153659275e-04  
  2.762001000018e-03  ,5.781130751732e-01  ,6.375961851002e+01  ,-1.010801560068e-03  
  2.762001884495e-03  ,1.095525280463e+00  ,6.376036260882e+01  ,-2.186921461918e-03  
  2.762003653449e-03  ,2.160089718792e+00  ,6.376184748403e+01  ,-4.502934536376e-03  
  2.762007191357e-03  ,4.411390409620e+00  ,6.376480042603e+01  ,-8.955589888242e-03  
  2.762010000020e-03  ,6.312536272852e+00  ,6.376712910259e+01  ,-1.232432518129e-02  
  2.762010707602e-03  ,6.404792020559e+00  ,6.376762062894e+01  ,-1.224485760251e-02  
  2.762012122839e-03  ,6.585435308791e+00  ,6.376859313148e+01  ,-1.198480595751e-02  
  2.762014953315e-03  ,6.937649208772e+00  ,6.377053826695e+01  ,-1.147183460701e-02  
  2.762020614266e-03  ,7.601480783027e+00  ,6.377443198728e+01  ,-1.050452764870e-02  
  2.762031936168e-03  ,8.774120791193e+00  ,6.378223187414e+01  ,-8.796242977157e-03  
  2.762043341517e-03  ,9.771227610423e+00  ,6.379010276245e+01  ,-7.343633518533e-03  
  2.762051374733e-03  ,9.973397310086e+00  ,4.113966050837e+01  ,9.863538249440e+00  
  2.762059044361e-03  ,1.000015352301e+01  ,1.078424689595e+01  ,9.863706285159e+00  
  2.762063367188e-03  ,1.018724025653e+01  ,3.405109821791e+00  ,9.864623000298e+00  
  2.762067470968e-03  ,1.046818156860e+01  ,2.663052319849e+00  ,9.865703612556e+00  
  2.762069789961e-03  ,1.062540108121e+01  ,2.745639113047e+00  ,9.866352131087e+00  
  2.762072713569e-03  ,1.081567521721e+01  ,2.801410447593e+00  ,9.867173502027e+00  
  2.762078560784e-03  ,1.117126181668e+01  ,2.811177063415e+00  ,9.868818005006e+00  
  2.762090255215e-03  ,1.179495604827e+01  ,2.800567196204e+00  ,9.872114915001e+00  
  2.762102420523e-03  ,1.233929700647e+01  ,2.804815702558e+00  ,9.875544994730e+00  
  2.762126751139e-03  ,1.316825922987e+01  ,2.807041208874e+00  ,9.882404809243e+00  
  2.762175412371e-03  ,1.415580500600e+01  ,2.809395443322e+00  ,9.896123255453e+00  
  2.762272734835e-03  ,1.497131300524e+01  ,2.817243110966e+00  ,9.923554932512e+00  
  2.762400884822e-03  ,1.499964544512e+01  ,2.827506810448e+00  ,9.959664555727e+00  
  2.762624592975e-03  ,1.500016124009e+01  ,2.845369420401e+00  ,1.002266873770e+01  
  2.762863249972e-03  ,1.500014199268e+01  ,2.864451138547e+00  ,1.008983895597e+01  
  2.763340563968e-03  ,1.500026054512e+01  ,2.902551953878e+00  ,1.022404296029e+01  
  2.764295191958e-03  ,1.500032738655e+01  ,2.978598802798e+00  ,1.049190624735e+01  
  2.766204447940e-03  ,1.500045244558e+01  ,3.130075779739e+00  ,1.102546048441e+01  
  2.770022959903e-03  ,1.499968322116e+01  ,3.430580221369e+00  ,1.208393947625e+01  
  2.772010000020e-03  ,1.500000458825e+01  ,3.585670115125e+00  ,1.263022030795e+01  
  2.772011000018e-03  ,1.442262584088e+01  ,3.585600768180e+00  ,1.263049444334e+01  
  2.772013000126e-03  ,1.321491797094e+01  ,3.585369610004e+00  ,1.263104266883e+01  
  2.772017000343e-03  ,1.067358044019e+01  ,3.584925625221e+00  ,1.263213943168e+01  
  2.772020000020e-03  ,8.648653257642e+00  ,3.584653020288e+00  ,1.263296179892e+01  
  2.772020800063e-03  ,8.544962766848e+00  ,3.584707529998e+00  ,1.263318109178e+01  
  2.772022400076e-03  ,8.340078504874e+00  ,3.584903351651e+00  ,1.263361977729e+01  
  2.772025600100e-03  ,7.944874749570e+00  ,3.585429267587e+00  ,1.263449711793e+01  
  2.772032000149e-03  ,7.209350482359e+00  ,3.586523790420e+00  ,1.263625156804e+01  
  2.772044800246e-03  ,5.933562033094e+00  ,3.589478000810e+00  ,1.263976032896e+01  
  2.772058725381e-03  ,4.792753847534e+00  ,3.599330797505e+00  ,1.264357644025e+01  
  2.772067642236e-03  ,4.356541656712e+00  ,1.397493839505e+01  ,1.264537904803e+01  
  2.772076012218e-03  ,4.341981541430e+00  ,4.349973433099e+01  ,1.264544058559e+01  
  2.772082290823e-03  ,4.134852903061e+00  ,5.281913199224e+01  ,3.980902128638e-02  
  2.772085561627e-03  ,3.936993677671e+00  ,5.284858782420e+01  ,-2.062798550867e-01  
  2.772088123137e-03  ,3.786877771560e+00  ,5.283141448894e+01  ,-1.744230215990e-03  
  2.772090897733e-03  ,3.630922482587e+00  ,5.283452844195e+01  ,7.844872859949e-03  
  2.772096446926e-03  ,3.337716576694e+00  ,5.284299676214e+01  ,5.601765250546e-03  
  2.772107545311e-03  ,2.818641838502e+00  ,5.285960656345e+01  ,4.701249594684e-03  
  2.772129742080e-03  ,1.999780794102e+00  ,5.289277536809e+01  ,3.515737188132e-03  
  2.772174135620e-03  ,9.582667461111e-01  ,5.295895438218e+01  ,1.996769941060e-03  
  2.772219548399e-03  ,4.682122102594e-01  ,5.302644368457e+01  ,1.280922563201e-03  
  2.772268251354e-03  ,2.165906793149e-01  ,5.309861368108e+01  ,9.124444983864e-04  
  2.772322336609e-03  ,9.162391583147e-02  ,5.317852884767e+01  ,7.282915455475e-04  
  2.772413877422e-03  ,1.798354060069e-02  ,5.331326411453e+01  ,6.175756005194e-04  
  2.772525445396e-03  ,-5.699249626489e-03  ,5.347660711530e+01  ,5.788897760341e-04  
  2.772711483413e-03  ,-6.533399309357e-03  ,5.374686572241e+01  ,5.707613664639e-04  
  2.773028341705e-03  ,-5.201560586930e-04  ,5.420107477412e+01  ,5.678309586629e-04  
  2.773595396453e-03  ,3.049015026157e-03  ,5.499467076691e+01  ,5.524467121652e-04  
  2.774729505951e-03  ,4.529657741029e-04  ,5.650688518189e+01  ,5.082879735703e-04  
  2.776997724945e-03  ,2.316279341415e-03  ,5.922644666822e+01  ,4.339379404849e-04  
  2.781534162933e-03  ,-2.655600606454e-05  ,6.342572202228e+01  ,2.885013288091e-04  
  2.782000000020e-03  ,1.394234935394e-03  ,6.376281292476e+01  ,2.807525196051e-04  
  2.782001000018e-03  ,5.780322434503e-01  ,6.376365037272e+01  ,-1.010823944395e-03  
  2.782001884588e-03  ,1.095500648509e+00  ,6.376439472289e+01  ,-2.187117626907e-03  
  2.782003653729e-03  ,2.160183792735e+00  ,6.376588008804e+01  ,-4.503352574173e-03  
  2.782007192009e-03  ,4.411746844499e+00  ,6.376883400878e+01  ,-8.956437648468e-03  
  2.782010000020e-03  ,6.311682186283e+00  ,6.377116277653e+01  ,-1.232552084132e-02  
  2.782010707676e-03  ,6.403956617380e+00  ,6.377165448659e+01  ,-1.224601646705e-02  
  2.782012122914e-03  ,6.586535897231e+00  ,6.377262739096e+01  ,-1.198610315160e-02  
  2.782014953389e-03  ,6.940232052371e+00  ,6.377457264537e+01  ,-1.146801547123e-02  
  2.782020614341e-03  ,7.603851003252e+00  ,6.377846746393e+01  ,-1.050108444392e-02  
  2.782031936243e-03  ,8.776115418418e+00  ,6.378626954110e+01  ,-8.793252829880e-03  
  2.782043341592e-03  ,9.772902867494e+00  ,6.379414264138e+01  ,-7.341132641834e-03  
  2.782051376298e-03  ,9.973473560781e+00  ,4.105407610663e+01  ,9.864902447007e+00  
  2.782059047416e-03  ,1.000026529357e+01  ,1.069501838688e+01  ,9.865074006770e+00  
  2.782063359812e-03  ,1.018812120195e+01  ,3.400176820499e+00  ,9.865990828698e+00  
  2.782067447200e-03  ,1.046796870085e+01  ,2.664641903837e+00  ,9.867069239969e+00  
  2.782069766938e-03  ,1.062523715554e+01  ,2.746371755474e+00  ,9.867717935545e+00  
  2.782072696507e-03  ,1.081589382843e+01  ,2.801813025211e+00  ,9.868540952408e+00  
  2.782078555643e-03  ,1.117215629705e+01  ,2.811519374888e+00  ,9.870188797113e+00  
  2.782090273916e-03  ,1.179687329856e+01  ,2.800989897846e+00  ,9.873492386084e+00  
  2.782102500319e-03  ,1.234340657143e+01  ,2.805212576646e+00  ,9.876939642764e+00  
  2.782126953125e-03  ,1.317459478003e+01  ,2.807437808420e+00  ,9.883833810211e+00  
  2.782175858736e-03  ,1.416233028801e+01  ,2.809821593702e+00  ,9.897620950250e+00  
  2.782273669958e-03  ,1.497491316257e+01  ,2.817705893086e+00  ,9.925189957821e+00  
  2.782401915312e-03  ,1.499970616523e+01  ,2.827978259536e+00  ,9.961325854252e+00  
  2.782626672506e-03  ,1.500014631764e+01  ,2.845924791389e+00  ,1.002462433018e+01  
  2.782865806341e-03  ,1.500012918190e+01  ,2.865044053664e+00  ,1.009192738160e+01  
  2.783344074011e-03  ,1.500022986027e+01  ,2.903220144383e+00  ,1.022639651017e+01  
  2.784300609350e-03  ,1.500028651218e+01  ,2.979416922418e+00  ,1.049478788076e+01  
  2.786213680029e-03  ,1.500039260348e+01  ,3.131191308220e+00  ,1.102938966422e+01  
  2.790039821386e-03  ,1.499973901941e+01  ,3.432280808534e+00  ,1.208992962492e+01  
  2.792010000020e-03  ,1.500000757283e+01  ,3.586048850905e+00  ,1.263155435263e+01  
  2.792011000018e-03  ,1.442274372234e+01  ,3.585979463025e+00  ,1.263182848424e+01  
  2.792013000126e-03  ,1.321503238139e+01  ,3.585748288732e+00  ,1.263237670217e+01  
  2.792017000343e-03  ,1.067368815276e+01  ,3.585304301930e+00  ,1.263347344985e+01  
  2.792020000020e-03  ,8.648756178647e+00  ,3.585031705378e+00  ,1.263429580574e+01  
  2.792020800063e-03  ,8.545064453960e+00  ,3.585086218861e+00  ,1.263451509557e+01  
  2.792022400076e-03  ,8.340177753899e+00  ,3.585282047752e+00  ,1.263495377502e+01  
  2.792025600100e-03  ,7.944969295683e+00  ,3.585807973691e+00  ,1.263583110354e+01  
  2.792032000149e-03  ,7.209436275806e+00  ,3.586902519477e+00  ,1.263758552942e+01  
  2.792044800246e-03  ,5.933632645089e+00  ,3.589856804245e+00  ,1.264109424185e+01  
  2.792058726871e-03  ,4.792699907223e+00  ,3.599712241177e+00  ,1.264491070852e+01  
  2.792067645216e-03  ,4.356539981296e+00  ,1.398395311648e+01  ,1.264671286691e+01  
  2.792076016689e-03  ,4.341994491166e+00  ,4.351527712292e+01  ,1.264677357109e+01  
  2.792082295293e-03  ,4.134665052835e+00  ,5.282256446606e+01  ,3.885645208586e-02  
  2.792085566470e-03  ,3.936789646553e+00  ,5.285189829363e+01  ,-2.060276180484e-01  
  2.792087136121e-03  ,3.843911339392e+00  ,5.283357951744e+01  ,-4.140226415450e-03  
  2.792090275424e-03  ,3.665283412332e+00  ,5.283675690962e+01  ,1.014003594315e-02  
  2.792096554028e-03  ,3.332130022493e+00  ,5.284654139605e+01  ,5.649248014808e-03  
  2.792109111236e-03  ,2.752978373041e+00  ,5.286539068425e+01  ,4.426997080417e-03  
  2.792134225653e-03  ,1.864030214568e+00  ,5.290292256140e+01  ,3.316767230065e-03  
  2.792175859498e-03  ,9.350011731989e-01  ,5.296499741885e+01  ,1.963049838521e-03  
  2.792222118663e-03  ,3.972578846409e-01  ,5.303375093630e+01  ,1.177493706696e-03  
  2.792268431472e-03  ,1.916618070746e-01  ,5.310237882984e+01  ,8.761557430835e-04  
  2.792330634879e-03  ,5.757856171031e-02  ,5.319427981481e+01  ,6.784312672066e-04  
  2.792396748351e-03  ,2.030169979945e-02  ,5.329162233363e+01  ,6.216401885462e-04  
  2.792528975295e-03  ,1.731925133250e-03  ,5.348530381018e+01  ,5.896408138633e-04  
  2.792669093894e-03  ,-1.045575155668e-03  ,5.368908957246e+01  ,5.803850528158e-04  
  2.792949331092e-03  ,3.102412829726e-04  ,5.409215930900e+01  ,5.720013180191e-04  
  2.793395936774e-03  ,1.568103577468e-03  ,5.472205234426e+01  ,5.574918970204e-04  
  2.794289148139e-03  ,1.676406087562e-03  ,5.593551599048e+01  ,5.257062468537e-04  
  2.796075570868e-03  ,1.355165173793e-03  ,5.817439394799e+01  ,4.633294813362e-04  
  2.799648416327e-03  ,1.145916629387e-03  ,6.188622066206e+01  ,3.474970261746e-04  
  2.802000000020e-03  ,8.849527015309e-04  ,6.376694941271e+01  ,2.763703004179e-04  
  2.802001000018e-03  ,5.775305401704e-01  ,6.376778665813e+01  ,-1.012172117813e-03  
  2.802001885054e-03  ,1.095281231444e+00  ,6.376853140356e+01  ,-2.188180715536e-03  
  2.802003655126e-03  ,2.160560446713e+00  ,6.377001775951e+01  ,-4.505793845746e-03  
  2.802007195269e-03  ,4.413440228679e+00  ,6.377297360508e+01  ,-8.961068116667e-03  
  2.802010000020e-03  ,6.311247415089e+00  ,6.377529996556e+01  ,-1.232612528726e-02  
  2.802010708049e-03  ,6.403574526574e+00  ,6.377579200785e+01  ,-1.224654258254e-02  
  2.802012124032e-03  ,6.586257026561e+00  ,6.377676557607e+01  ,-1.198647860771e-02  
  2.802014955997e-03  ,6.940147255849e+00  ,6.377871216342e+01  ,-1.146810821452e-02  
  2.802020619929e-03  ,7.604108178636e+00  ,6.378260964861e+01  ,-1.050067796680e-02  
  2.802031947791e-03  ,8.776902677732e+00  ,6.379041707005e+01  ,-8.792074579247e-03  
  2.802043360591e-03  ,9.774169841278e+00  ,6.379829656578e+01  ,-7.339255921845e-03  
  2.802051401257e-03  ,9.973542013732e+00  ,4.096928909639e+01  ,9.865868897037e+00  
  2.802059078335e-03  ,1.000040104807e+01  ,1.059006568358e+01  ,9.866045489290e+00  
  2.802063381791e-03  ,1.018938974887e+01  ,3.393635914661e+00  ,9.866961605759e+00  
  2.802067452788e-03  ,1.046813916347e+01  ,2.666329273305e+00  ,9.868038586624e+00  
  2.802069775507e-03  ,1.062559052760e+01  ,2.747100470987e+00  ,9.868688061728e+00  
  2.802072714761e-03  ,1.081684285009e+01  ,2.802121681807e+00  ,9.869513761938e+00  
  2.802078593269e-03  ,1.117415243904e+01  ,2.811733696237e+00  ,9.871167049397e+00  
  2.802090350285e-03  ,1.180044036606e+01  ,2.801308863206e+00  ,9.874481532428e+00  
  2.802102663114e-03  ,1.234992136306e+01  ,2.805500310036e+00  ,9.877953121207e+00  
  2.802127288773e-03  ,1.318400997086e+01  ,2.807726531253e+00  ,9.884895951106e+00  
  2.802176540091e-03  ,1.417170838303e+01  ,2.810151642668e+00  ,9.898780398570e+00  
  2.802275042727e-03  ,1.497992598132e+01  ,2.818088327869e+00  ,9.926543939483e+00  
  2.802403431132e-03  ,1.499978704726e+01  ,2.828373694871e+00  ,9.962719644303e+00  
  2.802629690364e-03  ,1.500012608175e+01  ,2.846440529376e+00  ,1.002644010928e+01  
  2.802869587138e-03  ,1.500011211552e+01  ,2.865620155428e+00  ,1.009395657656e+01  
  2.803349380687e-03  ,1.500018912720e+01  ,2.903917185093e+00  ,1.022885166524e+01  
  2.804308967784e-03  ,1.500023232704e+01  ,2.980354843727e+00  ,1.049809147601e+01  
  2.806228141978e-03  ,1.500031331848e+01  ,3.132607052922e+00  ,1.103437628288e+01  
  2.810066490367e-03  ,1.500033031961e+01  ,3.434636292749e+00  ,1.209822744426e+01  
  2.812010000020e-03  ,1.499978416469e+01  ,3.586314255065e+00  ,1.263248901118e+01  
  2.812011000018e-03  ,1.442107653356e+01  ,3.586245377955e+00  ,1.263276314037e+01  
  2.812013000126e-03  ,1.321341428285e+01  ,3.586014391846e+00  ,1.263331135153e+01  
  2.812017000343e-03  ,1.067216478312e+01  ,3.585570473476e+00  ,1.263440808976e+01  
  2.812020000020e-03  ,8.647300577946e+00  ,3.585297880845e+00  ,1.263523043766e+01  
  2.812020800063e-03  ,8.543626305286e+00  ,3.585352416561e+00  ,1.263544972532e+01  
  2.812022400076e-03  ,8.338774089195e+00  ,3.585548285448e+00  ,1.263588840055e+01  
  2.812025600100e-03  ,7.943632147934e+00  ,3.586074294258e+00  ,1.263676572061e+01  
  2.812032000149e-03  ,7.208222926330e+00  ,3.587169097932e+00  ,1.263852012938e+01  
  2.812044800246e-03  ,5.932634045367e+00  ,3.590124838960e+00  ,1.264202880760e+01  
  2.812058725381e-03  ,4.792004594064e+00  ,3.599995491621e+00  ,1.264584482718e+01  
  2.812067642236e-03  ,4.356503655769e+00  ,1.401219444808e+01  ,1.264764440519e+01  
  2.812076012218e-03  ,4.342026280898e+00  ,4.354296966695e+01  ,1.264770331699e+01  
  2.812082286352e-03  ,4.134584514034e+00  ,5.282725201162e+01  ,3.785223654517e-02  
  2.812085556785e-03  ,3.936752982488e+00  ,5.285645157749e+01  ,-2.057248829590e-01  
  2.812087126622e-03  ,3.843865154655e+00  ,5.283816218495e+01  ,-4.121130408001e-03  
  2.812090266297e-03  ,3.665218627449e+00  ,5.284134301731e+01  ,1.013345150624e-02  
  2.812096545646e-03  ,3.332033246284e+00  ,5.285112854524e+01  ,5.648765089008e-03  
  2.812109104345e-03  ,2.751239039881e+00  ,5.286993249654e+01  ,4.594092747028e-03  
  2.812134221742e-03  ,1.861504435754e+00  ,5.290746319078e+01  ,3.314002454498e-03  
  2.812175360868e-03  ,9.415198924391e-01  ,5.296878954392e+01  ,1.972392152581e-03  
  2.812221351812e-03  ,4.555010184447e-01  ,5.303714459030e+01  ,1.262387937688e-03  
  2.812269446799e-03  ,1.918311867495e-01  ,5.310842382268e+01  ,8.763726427111e-04  
  2.812324360559e-03  ,8.007225370987e-02  ,5.318957005642e+01  ,7.114566074407e-04  
  2.812413064191e-03  ,6.884286359651e-03  ,5.332015041290e+01  ,6.014834038805e-04  
  2.812507871339e-03  ,2.596003247692e-03  ,5.345904539105e+01  ,5.917011626867e-04  
  2.812697485635e-03  ,7.930846664153e-04  ,5.373478012135e+01  ,5.820171439696e-04  
  2.812919119546e-03  ,1.963155902615e-03  ,5.405359732122e+01  ,5.755631204530e-04  
  2.813362387368e-03  ,1.918270484975e-03  ,5.467991030267e+01  ,5.592325204308e-04  
  2.814248923013e-03  ,1.422957416725e-03  ,5.588691233876e+01  ,5.267551001238e-04  
  2.816021994302e-03  ,1.582107772977e-03  ,5.811573682502e+01  ,4.654728499512e-04  
  2.819568136880e-03  ,9.478422649523e-04  ,6.181903922020e+01  ,3.496748104657e-04  
  2.822000000020e-03  ,1.006614447309e-03  ,6.377165914543e+01  ,2.788488324616e-04  
  2.822001000018e-03  ,5.776503752731e-01  ,6.377249606734e+01  ,-1.012192282472e-03  
  2.822001884961e-03  ,1.095344339805e+00  ,6.377324022388e+01  ,-2.188102774261e-03  
  2.822003654846e-03  ,2.160503811648e+00  ,6.377472539763e+01  ,-4.505477718131e-03  
  2.822007194617e-03  ,4.413119224366e+00  ,6.377767888317e+01  ,-8.960321947825e-03  
  2.822010000020e-03  ,6.311351291426e+00  ,6.378000416001e+01  ,-1.232618493321e-02  
  2.822010707974e-03  ,6.403667679572e+00  ,6.378049573993e+01  ,-1.224661588463e-02  
  2.822012123957e-03  ,6.584427701367e+00  ,6.378146835125e+01  ,-1.198639310337e-02  
  2.822014955923e-03  ,6.936864546467e+00  ,6.378341370944e+01  ,-1.147309684984e-02  
  2.822020619854e-03  ,7.601095809407e+00  ,6.378730787598e+01  ,-1.050520668189e-02  
  2.822031947717e-03  ,8.774367826456e+00  ,6.379510866717e+01  ,-8.796001693106e-03  
  2.822043359026e-03  ,9.771920645807e+00  ,6.380298044911e+01  ,-7.342742936113e-03  
  2.822051398203e-03  ,9.973433368007e+00  ,4.109165595313e+01  ,9.863476690546e+00  
  2.822059072301e-03  ,1.000023081724e+01  ,1.072041934435e+01  ,9.863647601329e+00  
  2.822063390657e-03  ,1.018807043970e+01  ,3.400856667407e+00  ,9.864564079951e+00  
  2.822067484751e-03  ,1.046836072128e+01  ,2.663921680695e+00  ,9.865643949635e+00  
  2.822069805607e-03  ,1.062569200877e+01  ,2.745908652653e+00  ,9.866292956081e+00  
  2.822072735548e-03  ,1.081635314523e+01  ,2.801416099211e+00  ,9.867116086290e+00  
  2.822078595429e-03  ,1.117261984653e+01  ,2.811121224686e+00  ,9.868764158408e+00  
  2.822090315193e-03  ,1.179733401201e+01  ,2.800577569467e+00  ,9.872068214674e+00  
  2.822102534145e-03  ,1.234348314913e+01  ,2.804806601451e+00  ,9.875513420418e+00  
  2.822126972049e-03  ,1.317422011324e+01  ,2.807032651278e+00  ,9.882403485825e+00  
  2.822175847858e-03  ,1.416171910655e+01  ,2.809412802592e+00  ,9.896182423064e+00  
  2.822273599475e-03  ,1.497448237557e+01  ,2.817293000040e+00  ,9.923735031823e+00  
  2.822401844829e-03  ,1.499970017933e+01  ,2.827565380570e+00  ,9.959871457762e+00  
  2.822626482814e-03  ,1.500014778990e+01  ,2.845502595488e+00  ,1.002313729863e+01  
  2.822865616649e-03  ,1.500013045001e+01  ,2.864622168313e+00  ,1.009044135930e+01  
  2.823343884319e-03  ,1.500023288986e+01  ,2.902798830969e+00  ,1.022491250424e+01  
  2.824300419658e-03  ,1.500029054596e+01  ,2.978996751107e+00  ,1.049330789937e+01  
  2.826213490337e-03  ,1.500039850742e+01  ,3.130773412018e+00  ,1.102791769925e+01  
  2.830039631694e-03  ,1.499973351043e+01  ,3.431867432598e+00  ,1.208847356277e+01  
  2.832010000020e-03  ,1.500000727393e+01  ,3.585652542411e+00  ,1.263015841643e+01  
  2.832011000018e-03  ,1.442273247257e+01  ,3.585583161586e+00  ,1.263043255199e+01  
  2.832013000126e-03  ,1.321502146289e+01  ,3.585351990933e+00  ,1.263098077786e+01  
  2.832017000343e-03  ,1.067367787341e+01  ,3.584908001598e+00  ,1.263207754139e+01  
  2.832020000020e-03  ,8.648746356141e+00  ,3.584635396494e+00  ,1.263289990916e+01  
  2.832020800063e-03  ,8.545054749135e+00  ,3.584689904756e+00  ,1.263311920216e+01  
  2.832022400076e-03  ,8.340168281607e+00  ,3.584885723822e+00  ,1.263355788795e+01  
  2.832025600100e-03  ,7.944960271957e+00  ,3.585411634443e+00  ,1.263443522915e+01  
  2.832032000149e-03  ,7.209428086754e+00  ,3.586506140727e+00  ,1.263618968040e+01  
  2.832044800246e-03  ,5.933625902346e+00  ,3.589460257788e+00  ,1.263969844359e+01  
  2.832058726871e-03  ,4.792694446042e+00  ,3.599314769890e+00  ,1.264351496556e+01  
  2.832067645216e-03  ,4.356530956131e+00  ,1.398329575881e+01  ,1.264531721334e+01  
  2.832076016689e-03  ,4.341986145656e+00  ,4.351459517613e+01  ,1.264537798541e+01  
  2.832082296038e-03  ,4.134743618848e+00  ,5.282973438980e+01  ,3.938688529874e-02  
  2.832085567215e-03  ,3.936866243237e+00  ,5.285913252440e+01  ,-2.061396572598e-01  
  2.832087136680e-03  ,3.843996786441e+00  ,5.284080213389e+01  ,-4.148159888343e-03  
  2.832090275610e-03  ,3.665385584010e+00  ,5.284397657346e+01  ,1.014236688082e-02  
  2.832096553469e-03  ,3.332260687198e+00  ,5.285375746390e+01  ,5.649366073422e-03  
  2.832109109187e-03  ,2.753148978146e+00  ,5.287259910406e+01  ,4.426901729977e-03  
  2.832134220624e-03  ,1.872852299521e+00  ,5.291009534849e+01  ,3.517231433346e-03  
  2.832173512006e-03  ,9.864699508609e-01  ,5.296868444221e+01  ,2.038474669475e-03  
  2.832218114162e-03  ,4.425357410602e-01  ,5.303496990611e+01  ,1.243303685681e-03  
  2.832263622308e-03  ,1.762749064258e-01  ,5.310240910294e+01  ,8.537042169233e-04  
  2.832332739854e-03  ,5.624950636622e-02  ,5.320449852137e+01  ,6.762107017151e-04  
  2.832413837934e-03  ,4.604166855371e-03  ,5.332380995956e+01  ,5.979152401167e-04  
  2.832510135198e-03  ,-7.866214549422e-03  ,5.346482710299e+01  ,5.761507032793e-04  
  2.832702729726e-03  ,-5.376907856879e-03  ,5.374473870487e+01  ,5.726180122610e-04  
  2.832993457342e-03  ,4.390622413413e-03  ,5.416190620190e+01  ,5.761510255868e-04  
  2.833574912572e-03  ,-2.578237685233e-05  ,5.497674497169e+01  ,5.485110749914e-04  
  2.834478518987e-03  ,1.129953034686e-03  ,5.619090201881e+01  ,5.178354022444e-04  
  2.835734508062e-03  ,1.471975932722e-03  ,5.777194443602e+01  ,4.747956489134e-04  
  2.838246486211e-03  ,1.202983195829e-03  ,6.055693075928e+01  ,3.921283194505e-04  
  2.842000000020e-03  ,8.925977846587e-04  ,6.376975317080e+01  ,2.766022886737e-04  
  2.842001000018e-03  ,5.775380105635e-01  ,6.377058968832e+01  ,-1.013375279463e-03  
  2.842001885054e-03  ,1.095288585750e+00  ,6.377133353118e+01  ,-2.188137186051e-03  
  2.842003655126e-03  ,2.160567579190e+00  ,6.377281836808e+01  ,-4.506045368171e-03  
  2.842007195269e-03  ,4.413446933448e+00  ,6.377577112024e+01  ,-8.961371550694e-03  
  2.842010000020e-03  ,6.311253796762e+00  ,6.377809502898e+01  ,-1.232642598407e-02  
  2.842010708049e-03  ,6.403580829262e+00  ,6.377858645038e+01  ,-1.224684082839e-02  
  2.842012124032e-03  ,6.586263172951e+00  ,6.377955877616e+01  ,-1.198678083204e-02  
  2.842014955997e-03  ,6.940153099547e+00  ,6.378150288365e+01  ,-1.146840883633e-02  
  2.842020619929e-03  ,7.604113454384e+00  ,6.378539540569e+01  ,-1.050097865540e-02  
  2.842031947791e-03  ,8.776906950298e+00  ,6.379319290249e+01  ,-8.792376590332e-03  
  2.842043360591e-03  ,9.774173260826e+00  ,6.380106240135e+01  ,-7.339559747950e-03  
  2.842051401257e-03  ,9.973518458661e+00  ,4.096999951508e+01  ,9.861823819665e+00  
  2.842059078335e-03  ,1.000037404533e+01  ,1.059040223530e+01  ,9.862000247441e+00  
  2.842063381791e-03  ,1.018934017354e+01  ,3.392665245365e+00  ,9.862916433226e+00  
  2.842067452788e-03  ,1.046809052558e+01  ,2.665173615915e+00  ,9.863993414851e+00  
  2.842069775507e-03  ,1.062554343364e+01  ,2.745933727026e+00  ,9.864642915691e+00  
  2.842072714388e-03  ,1.081677425405e+01  ,2.800964176123e+00  ,9.865468547180e+00  
  2.842078592151e-03  ,1.117404639619e+01  ,2.810585742551e+00  ,9.867121692755e+00  
  2.842090347677e-03  ,1.180187270792e+01  ,2.805618379661e+00  ,9.870432547611e+00  
  2.842110300332e-03  ,1.264251447438e+01  ,2.804288670499e+00  ,9.876058163015e+00  
  2.842150205642e-03  ,1.373795234948e+01  ,2.808429327080e+00  ,9.887308963367e+00  
  2.842230016261e-03  ,1.477658991231e+01  ,2.813462953139e+00  ,9.909807061906e+00  
  2.842347473174e-03  ,1.516399605854e+01  ,2.822663280775e+00  ,9.942908569804e+00  
  2.842521232635e-03  ,1.497757987348e+01  ,2.836647372797e+00  ,9.991857208900e+00  
  2.842678016692e-03  ,1.497074366950e+01  ,2.849180052657e+00  ,1.003600303729e+01  
  2.842991584807e-03  ,1.501201279628e+01  ,2.874211285224e+00  ,1.012423580463e+01  
  2.843618721038e-03  ,1.499225255956e+01  ,2.924252146285e+00  ,1.030046604484e+01  
  2.844720787078e-03  ,1.499815314838e+01  ,3.011955430833e+00  ,1.060939619818e+01  
  2.846924919158e-03  ,1.500018859508e+01  ,3.186545994576e+00  ,1.122436759081e+01  
  2.851333183318e-03  ,1.499992799076e+01  ,3.532470730291e+00  ,1.244283347790e+01  
  2.852010000020e-03  ,1.500001282411e+01  ,3.585198969320e+00  ,1.262856085809e+01  
  2.852011000018e-03  ,1.442323121997e+01  ,3.585129444039e+00  ,1.262883499737e+01  
  2.852013000126e-03  ,1.321550552474e+01  ,3.584898221374e+00  ,1.262938323700e+01  
  2.852017000343e-03  ,1.067413359660e+01  ,3.584454210835e+00  ,1.263048001481e+01  
  2.852020000020e-03  ,8.649181805666e+00  ,3.584181594298e+00  ,1.263130239620e+01  
  2.852020800063e-03  ,8.545484977731e+00  ,3.584236091324e+00  ,1.263152169285e+01  
  2.852022400076e-03  ,8.340588194014e+00  ,3.584431889296e+00  ,1.263196038588e+01  
  2.852025600100e-03  ,7.945360285238e+00  ,3.584957760125e+00  ,1.263283774158e+01  
  2.852032000149e-03  ,7.209791064540e+00  ,3.586052150640e+00  ,1.263459222191e+01  
  2.852044800246e-03  ,5.933924634113e+00  ,3.589005665678e+00  ,1.263810104324e+01  
  2.852058726871e-03  ,4.792935624859e+00  ,3.598853794133e+00  ,1.264191762910e+01  
  2.852067645216e-03  ,4.356537824896e+00  ,1.397073368606e+01  ,1.264372092034e+01  
  2.852076016689e-03  ,4.341966405318e+00  ,4.350006497807e+01  ,1.264378257580e+01  
  2.852082297528e-03  ,4.134841493746e+00  ,5.282775715800e+01  ,4.010751144299e-02  
  2.852085569078e-03  ,3.936940061528e+00  ,5.285725020638e+01  ,-2.063514184594e-01  
  2.852087138170e-03  ,3.844090185509e+00  ,5.283889863961e+01  ,-4.162447923444e-03  
  2.852090276355e-03  ,3.665516045047e+00  ,5.284206912971e+01  ,1.014745769616e-02  
  2.852096552724e-03  ,3.332454899849e+00  ,5.285184652205e+01  ,5.649841819503e-03  
  2.852109105462e-03  ,2.751840390334e+00  ,5.287063156102e+01  ,4.594588629676e-03  
  2.852134210939e-03  ,1.862275018509e+00  ,5.290812426302e+01  ,3.314808157957e-03  
  2.852175367946e-03  ,9.416212843597e-01  ,5.296944416570e+01  ,1.972225195649e-03  
  2.852221352929e-03  ,4.555961788873e-01  ,5.303775333061e+01  ,1.262212678672e-03  
  2.852269453878e-03  ,1.918495774843e-01  ,5.310900270164e+01  ,8.760861573627e-04  
  2.852324355716e-03  ,8.009639413991e-02  ,5.319008720679e+01  ,7.111797880235e-04  
  2.852413047427e-03  ,6.895458803766e-03  ,5.332057893116e+01  ,6.011895628834e-04  
  2.852507842654e-03  ,2.597341801576e-03  ,5.345938069250e+01  ,5.913948716255e-04  
  2.852697433108e-03  ,7.900116475404e-04  ,5.373492993967e+01  ,5.817082788925e-04  
  2.852919043178e-03  ,1.962700083170e-03  ,5.405353770744e+01  ,5.752622756637e-04  
  2.853362263316e-03  ,1.917870300358e-03  ,5.467943674553e+01  ,5.589401238491e-04  
  2.854248703593e-03  ,1.421663108128e-03  ,5.588563102747e+01  ,5.264772311416e-04  
  2.856021584148e-03  ,1.581594550495e-03  ,5.811292438303e+01  ,4.652256227400e-04  
  2.859567345256e-03  ,9.468188549707e-04  ,6.181352640217e+01  ,3.494778648405e-04  
  2.862000000020e-03  ,1.006174006112e-03  ,6.376532935618e+01  ,2.786490432303e-04  
  2.862001000018e-03  ,5.776499306563e-01  ,6.376616567953e+01  ,-1.012388357100e-03  
  2.862001884868e-03  ,1.095288768481e+00  ,6.376690922845e+01  ,-2.188174652179e-03  
  2.862003654567e-03  ,2.160331638178e+00  ,6.376839318806e+01  ,-4.505312563134e-03  
  2.862007193965e-03  ,4.412688725787e+00  ,6.377134424879e+01  ,-8.959719122182e-03  
  2.862010000020e-03  ,6.311350229605e+00  ,6.377366838935e+01  ,-1.232638138051e-02  
  2.862010707900e-03  ,6.403657009129e+00  ,6.377415949417e+01  ,-1.224682884938e-02  
  2.862012123696e-03  ,6.584393962094e+00  ,6.377513112908e+01  ,-1.198664027198e-02  
  2.862014955289e-03  ,6.936786993309e+00  ,6.377707453427e+01  ,-1.147340783399e-02  
  2.862020618476e-03  ,7.600940806569e+00  ,6.378096479458e+01  ,-1.050563045094e-02  
  2.862031944848e-03  ,8.774094524291e+00  ,6.378875777324e+01  ,-8.796597609348e-03  
  2.862043354667e-03  ,9.771569609045e+00  ,6.379662169302e+01  ,-7.343451964747e-03  
  2.862051392354e-03  ,9.973398488441e+00  ,4.110787135706e+01  ,9.859856130755e+00  
  2.862059064962e-03  ,1.000018278952e+01  ,1.074184248935e+01  ,9.860026164314e+00  
  2.862063385553e-03  ,1.018780560945e+01  ,3.401265006357e+00  ,9.860942699754e+00  
  2.862067483373e-03  ,1.046834568799e+01  ,2.662599340309e+00  ,9.862023027873e+00  
  2.862069803856e-03  ,1.062565455722e+01  ,2.744780296521e+00  ,9.862671961093e+00  
  2.862072731934e-03  ,1.081619989679e+01  ,2.800376674840e+00  ,9.863494604911e+00  
  2.862078588091e-03  ,1.117226272741e+01  ,2.810105036890e+00  ,9.865141687193e+00  
  2.862090300403e-03  ,1.179824856858e+01  ,2.805073914975e+00  ,9.868440416034e+00  
  2.862110077224e-03  ,1.263339316632e+01  ,2.803704513723e+00  ,9.874016566021e+00  
  2.862149630867e-03  ,1.372561472875e+01  ,2.807840469897e+00  ,9.885168451049e+00  
  2.862228738151e-03  ,1.476708869344e+01  ,2.812803987110e+00  ,9.907468781978e+00  
  2.862346183143e-03  ,1.516334435682e+01  ,2.821998896132e+00  ,9.940567707184e+00  
  2.862518750511e-03  ,1.497822097539e+01  ,2.835887616183e+00  ,9.989181758408e+00  
  2.862675224624e-03  ,1.497094499973e+01  ,2.848395963997e+00  ,1.003324152341e+01  
  2.862988172851e-03  ,1.501190664892e+01  ,2.873378530927e+00  ,1.012130239444e+01  
  2.863614069305e-03  ,1.499232856521e+01  ,2.923321970728e+00  ,1.029718976570e+01  
  2.864711366974e-03  ,1.499816761483e+01  ,3.010649283149e+00  ,1.060479551994e+01  
  2.866905962310e-03  ,1.500018749521e+01  ,3.184494893092e+00  ,1.121714290327e+01  
  2.871295152984e-03  ,1.499992907004e+01  ,3.528957565340e+00  ,1.243045889809e+01  
  2.872010000020e-03  ,1.500001336001e+01  ,3.584652742494e+00  ,1.262663685724e+01  
  2.872011000018e-03  ,1.442322999751e+01  ,3.584583222216e+00  ,1.262691100200e+01  
  2.872013000126e-03  ,1.321550433828e+01  ,3.584352002817e+00  ,1.262745925244e+01  
  2.872017000343e-03  ,1.067413247947e+01  ,3.583907988128e+00  ,1.262855605220e+01  
  2.872020000020e-03  ,8.649180737989e+00  ,3.583635359906e+00  ,1.262937844997e+01  
  2.872020800063e-03  ,8.545483922736e+00  ,3.583689849558e+00  ,1.262959775099e+01  
  2.872022400076e-03  ,8.340587164082e+00  ,3.583885633691e+00  ,1.263003645276e+01  
  2.872025600100e-03  ,7.945359303692e+00  ,3.584411482794e+00  ,1.263091382593e+01  
  2.872032000149e-03  ,7.209790172801e+00  ,3.585505816905e+00  ,1.263266834123e+01  
  2.872044800246e-03  ,5.933923895997e+00  ,3.588459089414e+00  ,1.263617723251e+01  
  2.872058726871e-03  ,4.792935005429e+00  ,3.598305795432e+00  ,1.263999389462e+01  
  2.872067645216e-03  ,4.356525865007e+00  ,1.396949792069e+01  ,1.264179733168e+01  
  2.872076016689e-03  ,4.341954615119e+00  ,4.349874097994e+01  ,1.264185905110e+01  
  2.872082297528e-03  ,4.134787417251e+00  ,5.282413166333e+01  ,3.988733524362e-02  
  2.872085569078e-03  ,3.936887832496e+00  ,5.285359708535e+01  ,-2.063093919285e-01  
  2.872087138170e-03  ,3.844039243294e+00  ,5.283524901795e+01  ,-4.159984538841e-03  
  2.872090276355e-03  ,3.665467444890e+00  ,5.283841887115e+01  ,1.014662001531e-02  
  2.872096552724e-03  ,3.332410669906e+00  ,5.284819425000e+01  ,5.649644525694e-03  
  2.872109105462e-03  ,2.751803795587e+00  ,5.286697537815e+01  ,4.594438179212e-03  
  2.872134210939e-03  ,1.862250132478e+00  ,5.290446026569e+01  ,3.314672733943e-03  
  2.872175367946e-03  ,9.416085231600e-01  ,5.296576737216e+01  ,1.972107620538e-03  
  2.872221358890e-03  ,4.555431181050e-01  ,5.303407110482e+01  ,1.262036456589e-03  
  2.872269453878e-03  ,1.918480438883e-01  ,5.310529673915e+01  ,8.759855647641e-04  
  2.872324361676e-03  ,8.008697838111e-02  ,5.318637306946e+01  ,7.110678556379e-04  
  2.872413053388e-03  ,6.892510329421e-03  ,5.331683743890e+01  ,6.010876552698e-04  
  2.872507848615e-03  ,2.596551352219e-03  ,5.345561008535e+01  ,5.912967461733e-04  
  2.872697439069e-03  ,7.901242827638e-04  ,5.373110148262e+01  ,5.816127411241e-04  
  2.872919049138e-03  ,1.962216722486e-03  ,5.404964227362e+01  ,5.751673242716e-04  
  2.873362269277e-03  ,1.917396507046e-03  ,5.467540945452e+01  ,5.588480718169e-04  
  2.874248709554e-03  ,1.421412618172e-03  ,5.588134849106e+01  ,5.263910064122e-04  
  2.876021590108e-03  ,1.581210678618e-03  ,5.810816591530e+01  ,4.651495234434e-04  
  2.879567351216e-03  ,9.466467827198e-04  ,6.180795821924e+01  ,3.494202223914e-04  
  2.882000000020e-03  ,1.005913506157e-03  ,6.375931308208e+01  ,2.786017374969e-04  
  2.882001000018e-03  ,5.776496711325e-01  ,6.376014924255e+01  ,-1.012432868361e-03  
  2.882001884868e-03  ,1.095288509813e+00  ,6.376089264760e+01  ,-2.188218976337e-03  
  2.882003654567e-03  ,2.160331381193e+00  ,6.376237631954e+01  ,-4.505356974234e-03  
  2.882007193965e-03  ,4.412688472041e+00  ,6.376532680499e+01  ,-8.959763649705e-03  
  2.882010000020e-03  ,6.311349978307e+00  ,6.376765048954e+01  ,-1.232642598294e-02  
  2.882010707900e-03  ,6.403656758428e+00  ,6.376814147924e+01  ,-1.224687592272e-02  
  2.882012123696e-03  ,6.584393712552e+00  ,6.376911288344e+01  ,-1.198668760618e-02  
  2.882014955289e-03  ,6.936786746027e+00  ,6.377105582720e+01  ,-1.147345516344e-02  
  2.882020618476e-03  ,7.600940563555e+00  ,6.377494516504e+01  ,-1.050567769768e-02  
  2.882031944848e-03  ,8.774094288841e+00  ,6.378273630034e+01  ,-8.796644766034e-03  
  2.882043354667e-03  ,9.771569380063e+00  ,6.379059836538e+01  ,-7.343499018530e-03  
  2.882051392354e-03  ,9.973393222943e+00  ,4.110139233450e+01  ,9.858426562448e+00  
  2.882059064962e-03  ,1.000018259895e+01  ,1.073569044431e+01  ,9.858597038208e+00  
  2.882063384808e-03  ,1.018785080197e+01  ,3.400553887080e+00  ,9.859513441259e+00  
  2.882067481138e-03  ,1.046829141187e+01  ,2.662293403764e+00  ,9.860593529636e+00  
  2.882069801621e-03  ,1.062560138268e+01  ,2.744393317637e+00  ,9.861242470856e+00  
  2.882072729699e-03  ,1.081614881441e+01  ,2.799966060935e+00  ,9.862065126671e+00  
  2.882078585855e-03  ,1.117221602537e+01  ,2.809696035771e+00  ,9.863712233837e+00  
  2.882090298168e-03  ,1.179663110209e+01  ,2.799136215279e+00  ,9.867014357012e+00  
  2.882102499239e-03  ,1.234216305018e+01  ,2.803370009647e+00  ,9.870454696374e+00  
  2.882126901380e-03  ,1.317228647229e+01  ,2.805595926047e+00  ,9.877335029438e+00  
  2.882175705664e-03  ,1.415977539349e+01  ,2.807968209425e+00  ,9.891094505403e+00  
  2.882273314230e-03  ,1.497343114463e+01  ,2.815837895717e+00  ,9.918608207974e+00  
  2.882401535742e-03  ,1.499968309836e+01  ,2.826108541820e+00  ,9.954739782727e+00  
  2.882625863783e-03  ,1.500015199873e+01  ,2.844021808745e+00  ,1.001792162743e+01  
  2.882864806883e-03  ,1.500013405322e+01  ,2.863127196038e+00  ,1.008517556112e+01  
  2.883342693083e-03  ,1.500024151947e+01  ,2.901275454683e+00  ,1.021954666301e+01  
  2.884298465483e-03  ,1.500030204005e+01  ,2.977416807778e+00  ,1.048774281412e+01  
  2.886210010282e-03  ,1.500041533430e+01  ,3.129081287023e+00  ,1.102195747891e+01  
  2.890033099882e-03  ,1.499971783017e+01  ,3.429954731769e+00  ,1.208173634332e+01  
  2.892010000020e-03  ,1.500000644143e+01  ,3.584258917893e+00  ,1.262524958668e+01  
  2.892011000018e-03  ,1.442269902753e+01  ,3.584189559863e+00  ,1.262552373619e+01  
  2.892013000126e-03  ,1.321498900266e+01  ,3.583958401268e+00  ,1.262607198994e+01  
  2.892017000343e-03  ,1.067364731317e+01  ,3.583514402754e+00  ,1.262716880920e+01  
  2.892020000020e-03  ,8.648717154792e+00  ,3.583241767609e+00  ,1.262799121878e+01  
  2.892020800063e-03  ,8.545025897594e+00  ,3.583296257434e+00  ,1.262821052294e+01  
  2.892022400076e-03  ,8.340140121272e+00  ,3.583492041821e+00  ,1.262864923101e+01  
  2.892025600100e-03  ,7.944933445007e+00  ,3.584017898306e+00  ,1.262952661680e+01  
  2.892032000149e-03  ,7.209403740810e+00  ,3.585112264841e+00  ,1.263128115727e+01  
  2.892044800246e-03  ,5.933605854604e+00  ,3.588065787249e+00  ,1.263479009891e+01  
  2.892058726871e-03  ,4.792678199424e+00  ,3.597916983487e+00  ,1.263860681538e+01  
  2.892067645216e-03  ,4.356499421813e+00  ,1.398084281054e+01  ,1.264040937865e+01  
  2.892076016689e-03  ,4.341956673448e+00  ,4.351203250202e+01  ,1.264047026065e+01  
  2.892082295293e-03  ,4.134621783082e+00  ,5.281957131059e+01  ,3.882552104145e-02  
  2.892085566843e-03  ,3.936726323170e+00  ,5.284890160480e+01  ,-2.060528087853e-01  
  2.892087136494e-03  ,3.843849416333e+00  ,5.283057833824e+01  ,-4.141664005580e-03  
  2.892090275796e-03  ,3.665224292273e+00  ,5.283375178967e+01  ,1.014013391942e-02  
  2.892096554400e-03  ,3.332076144875e+00  ,5.284352876696e+01  ,5.648745808336e-03  
  2.892109111609e-03  ,2.751337560628e+00  ,5.286231422802e+01  ,4.593745323829e-03  
  2.892134226026e-03  ,1.861661612298e+00  ,5.289980784646e+01  ,3.313772252050e-03  
  2.892175371112e-03  ,9.415005985790e-01  ,5.296108966547e+01  ,1.971906832142e-03  
  2.892221362056e-03  ,4.554908980172e-01  ,5.302938505142e+01  ,1.261917114685e-03  
  2.892269457044e-03  ,1.918260441414e-01  ,5.310060199089e+01  ,8.759104169685e-04  
  2.892324364843e-03  ,8.007778701683e-02  ,5.318166843483e+01  ,7.110116188441e-04  
  2.892413056554e-03  ,6.891707710745e-03  ,5.331211692129e+01  ,6.010440238732e-04  
  2.892507863702e-03  ,2.595926891946e-03  ,5.345089011443e+01  ,5.912533560855e-04  
  2.892697477998e-03  ,7.898878880591e-04  ,5.372638244655e+01  ,5.815698549299e-04  
  2.892919088067e-03  ,1.962011982914e-03  ,5.404488424350e+01  ,5.751254558656e-04  
  2.893362308206e-03  ,1.917198740936e-03  ,5.467057539401e+01  ,5.588081153749e-04  
  2.894248748483e-03  ,1.421219274048e-03  ,5.587637021696e+01  ,5.263547201380e-04  
  2.896021629037e-03  ,1.581053487262e-03  ,5.810293068703e+01  ,4.651202101009e-04  
  2.899567390146e-03  ,9.465391813508e-04  ,6.180233451085e+01  ,3.494033392725e-04  
  2.902000000020e-03  ,1.005853752370e-03  ,6.375349118811e+01  ,2.785934122605e-04  
  2.902001000018e-03  ,5.776496113604e-01  ,6.375432729739e+01  ,-1.012438632163e-03  
  2.902001884774e-03  ,1.095233327075e+00  ,6.375507057919e+01  ,-2.188101495875e-03  
  2.902003654287e-03  ,2.160159604327e+00  ,6.375655400552e+01  ,-4.505002224340e-03  
  2.902007193313e-03  ,4.412258387709e+00  ,6.375950400329e+01  ,-8.958971158905e-03  
  2.902010000020e-03  ,6.311349335847e+00  ,6.376182808657e+01  ,-1.232643275944e-02  
  2.902010707825e-03  ,6.403646509855e+00  ,6.376231898920e+01  ,-1.224689870665e-02  
  2.902012123435e-03  ,6.586279893972e+00  ,6.376329032821e+01  ,-1.198690954753e-02  
  2.902014954656e-03  ,6.940077918799e+00  ,6.376523245658e+01  ,-1.146867183798e-02  
  2.902020617097e-03  ,7.603876925555e+00  ,6.376912102338e+01  ,-1.050147746528e-02  
  2.902031941980e-03  ,8.776422412675e+00  ,6.377691060831e+01  ,-8.793236270604e-03  
  2.902043350309e-03  ,9.773403185140e+00  ,6.378477112320e+01  ,-7.340834609228e-03  
  2.902051387995e-03  ,9.973464298635e+00  ,4.100377135778e+01  ,9.857578067585e+00  
  2.902059062093e-03  ,1.000029569295e+01  ,1.063483306737e+01  ,9.857752741697e+00  
  2.902063370019e-03  ,1.018881464635e+01  ,3.394378507787e+00  ,9.858669064014e+00  
  2.902067448467e-03  ,1.046806360421e+01  ,2.663367864457e+00  ,9.859746863230e+00  
  2.902069770440e-03  ,1.062547168574e+01  ,2.744529377163e+00  ,9.860396199231e+00  
  2.902072705224e-03  ,1.081644714974e+01  ,2.799737762449e+00  ,9.861220728021e+00  
  2.902078574791e-03  ,1.117327008453e+01  ,2.809404691677e+00  ,9.862871634632e+00  
  2.902090313926e-03  ,1.179882700874e+01  ,2.798934199724e+00  ,9.866181351402e+00  
  2.902102582052e-03  ,1.234674578580e+01  ,2.803139573184e+00  ,9.869640626024e+00  
  2.902127118304e-03  ,1.317927767175e+01  ,2.805365434216e+00  ,9.876558828495e+00  
  2.902176190808e-03  ,1.416692959403e+01  ,2.807770350005e+00  ,9.890394029893e+00  
  2.902274335816e-03  ,1.497734755316e+01  ,2.815680479859e+00  ,9.918059120197e+00  
  2.902402652696e-03  ,1.499974632995e+01  ,2.825960127525e+00  ,9.954217764772e+00  
  2.902628148988e-03  ,1.500013633374e+01  ,2.843967275277e+00  ,1.001772887580e+01  
  2.902867664292e-03  ,1.500012071418e+01  ,2.863118226286e+00  ,1.008514394057e+01  
  2.903346694901e-03  ,1.500020961752e+01  ,2.901357796120e+00  ,1.021983664957e+01  
  2.904304756120e-03  ,1.500025956996e+01  ,2.977681021802e+00  ,1.048867339920e+01  
  2.906220878556e-03  ,1.500035317097e+01  ,3.129706285186e+00  ,1.102415884553e+01  
  2.910053123429e-03  ,1.500037300874e+01  ,3.431289242904e+00  ,1.208643804926e+01  
  2.912010000020e-03  ,1.499974664363e+01  ,3.584026096544e+00  ,1.262442926085e+01  
  2.912011000018e-03  ,1.442069952417e+01  ,3.583957351011e+00  ,1.262470341319e+01  
  2.912013000126e-03  ,1.321304837450e+01  ,3.583726419447e+00  ,1.262525166862e+01  
  2.912017000343e-03  ,1.067182029568e+01  ,3.583282497799e+00  ,1.262634849959e+01  
  2.912020000020e-03  ,8.646971414470e+00  ,3.583009856287e+00  ,1.262717091612e+01  
  2.912020800063e-03  ,8.543301087826e+00  ,3.583064365152e+00  ,1.262739022209e+01  
  2.912022400076e-03  ,8.338456668805e+00  ,3.583260183373e+00  ,1.262782893393e+01  
  2.912025600100e-03  ,7.943329767670e+00  ,3.583786117246e+00  ,1.262870632720e+01  
  2.912032000149e-03  ,7.207948536997e+00  ,3.584880735789e+00  ,1.263046088242e+01  
  2.912044800246e-03  ,5.932408201896e+00  ,3.587835758132e+00  ,1.263396985360e+01  
  2.912058725381e-03  ,4.791822143751e+00  ,3.597704321416e+00  ,1.263778619212e+01  
  2.912067642236e-03  ,4.356441063412e+00  ,1.401560297504e+01  ,1.263958569464e+01  
  2.912076010728e-03  ,4.341985080686e+00  ,4.354204293644e+01  ,1.263964448939e+01  
  2.912082283372e-03  ,4.134448228433e+00  ,5.281611346044e+01  ,3.718529566937e-02  
  2.912085553432e-03  ,3.936642717487e+00  ,5.284522668052e+01  ,-2.055890511278e-01  
  2.912087123455e-03  ,3.843746818415e+00  ,5.282694817282e+01  ,-4.112820182359e-03  
  2.912090263503e-03  ,3.665084981991e+00  ,5.283012639083e+01  ,1.013003963462e-02  
  2.912096543597e-03  ,3.331873761364e+00  ,5.283990405138e+01  ,5.647910731494e-03  
  2.912109103786e-03  ,2.751043736803e+00  ,5.285869274978e+01  ,4.593347160199e-03  
  2.912134224163e-03  ,1.861280786546e+00  ,5.289619296322e+01  ,3.313204460029e-03  
  2.912175363289e-03  ,9.413996076342e-01  ,5.295746215678e+01  ,1.971745483754e-03  
  2.912221354233e-03  ,4.554420823334e-01  ,5.302575340134e+01  ,1.261832008942e-03  
  2.912269449221e-03  ,1.918055340608e-01  ,5.309696603448e+01  ,8.758666026676e-04  
  2.912324357020e-03  ,8.006927365672e-02  ,5.317802759040e+01  ,7.109854347043e-04  
  2.912413048731e-03  ,6.891051301089e-03  ,5.330846824197e+01  ,6.010294820787e-04  
  2.912507855879e-03  ,2.595731781625e-03  ,5.344723314100e+01  ,5.912397402853e-04  
  2.912697470175e-03  ,7.898868951195e-04  ,5.372270913349e+01  ,5.815569587877e-04  
  2.912919080244e-03  ,1.961885421553e-03  ,5.404119225349e+01  ,5.751129066016e-04  
  2.913362300383e-03  ,1.917077501218e-03  ,5.466684740602e+01  ,5.587966137251e-04  
  2.914248740660e-03  ,1.421152189030e-03  ,5.587257564660e+01  ,5.263453137852e-04  
  2.916021621214e-03  ,1.580970605709e-03  ,5.809902446865e+01  ,4.651146128214e-04  
  2.919567382323e-03  ,9.465254045299e-04  ,6.179828928614e+01  ,3.494047789413e-04  
  2.922000000020e-03  ,1.005835395966e-03  ,6.374941940783e+01  ,2.785988853735e-04  
  2.922001000018e-03  ,5.776495932192e-01  ,6.375025551360e+01  ,-1.012431423344e-03  
  2.922001884681e-03  ,1.095178186049e+00  ,6.375099871426e+01  ,-2.187971052842e-03  
  2.922003654008e-03  ,2.159987870488e+00  ,6.375248197920e+01  ,-4.504634494140e-03  
  2.922007192661e-03  ,4.411828351729e+00  ,6.375543165767e+01  ,-8.958165647449e-03  
  2.922010000020e-03  ,6.311348736837e+00  ,6.375775627318e+01  ,-1.232642649960e-02  
  2.922010707751e-03  ,6.403636304911e+00  ,6.375824712243e+01  ,-1.224690773475e-02  
  2.922012123175e-03  ,6.586246130193e+00  ,6.375921832893e+01  ,-1.198695380343e-02  
  2.922014954023e-03  ,6.939999987709e+00  ,6.376116019185e+01  ,-1.146877998997e-02  
  2.922020615719e-03  ,7.603721664756e+00  ,6.376504822711e+01  ,-1.050169837481e-02  
  2.922031939111e-03  ,8.776149048948e+00  ,6.377283674705e+01  ,-8.793629072244e-03  
  2.922043345950e-03  ,9.773052236708e+00  ,6.378069619450e+01  ,-7.341340428964e-03  
  2.922051382147e-03  ,9.973446050493e+00  ,4.102362018961e+01  ,9.857139484598e+00  
  2.922059054754e-03  ,1.000026287453e+01  ,1.065988193618e+01  ,9.857313062895e+00  
  2.922063364915e-03  ,1.018851782192e+01  ,3.395870240065e+00  ,9.858229494811e+00  
  2.922067447088e-03  ,1.046801604435e+01  ,2.662920751168e+00  ,9.859307600760e+00  
  2.922069768317e-03  ,1.062537833887e+01  ,2.744298423156e+00  ,9.859956742496e+00  
  2.922072700865e-03  ,1.081621685776e+01  ,2.799604597417e+00  ,9.860780653911e+00  
  2.922078565962e-03  ,1.117279910101e+01  ,2.809294053649e+00  ,9.862430307857e+00  
  2.922090296156e-03  ,1.179799514307e+01  ,2.798799333481e+00  ,9.865737517586e+00  
  2.922102544911e-03  ,1.234525839167e+01  ,2.803011972205e+00  ,9.869191345750e+00  
  2.922127042420e-03  ,1.317714776806e+01  ,2.805237713154e+00  ,9.876098655684e+00  
  2.922176037438e-03  ,1.416481663254e+01  ,2.807633281082e+00  ,9.889912075912e+00  
  2.922274027474e-03  ,1.497622088252e+01  ,2.815531729749e+00  ,9.917533622121e+00  
  2.922402296670e-03  ,1.499972655811e+01  ,2.825807239031e+00  ,9.953679023273e+00  
  2.922627459176e-03  ,1.500014128745e+01  ,2.843787687777e+00  ,1.001709649756e+01  
  2.922866783745e-03  ,1.500012488483e+01  ,2.862923576451e+00  ,1.008445832507e+01  
  2.923345432885e-03  ,1.500021957109e+01  ,2.901132977746e+00  ,1.021904477715e+01  
  2.924302731164e-03  ,1.500027280974e+01  ,2.977396115332e+00  ,1.048766988169e+01  
  2.926217327721e-03  ,1.500037254325e+01  ,3.129302184820e+00  ,1.102273549707e+01  
  2.930046520836e-03  ,1.500039376245e+01  ,3.430650647996e+00  ,1.208418873214e+01  
  2.932010000020e-03  ,1.499972837280e+01  ,3.583904978417e+00  ,1.262400260953e+01  
  2.932011000018e-03  ,1.442051408154e+01  ,3.583836288992e+00  ,1.262427676322e+01  
  2.932013000126e-03  ,1.321286839220e+01  ,3.583605378437e+00  ,1.262482502035e+01  
  2.932017000343e-03  ,1.067165085010e+01  ,3.583161462805e+00  ,1.262592185675e+01  
  2.932020000020e-03  ,8.646809506848e+00  ,3.582888818854e+00  ,1.262674427692e+01  
  2.932020800063e-03  ,8.543141121373e+00  ,3.582943328081e+00  ,1.262696358385e+01  
  2.932022400076e-03  ,8.338300537967e+00  ,3.583139146869e+00  ,1.262740229763e+01  
  2.932025600100e-03  ,7.943181035455e+00  ,3.583665083965e+00  ,1.262827969477e+01  
  2.932032000149e-03  ,7.207813574686e+00  ,3.584759715570e+00  ,1.263003425774e+01  
  2.932044800246e-03  ,5.932297125297e+00  ,3.587714832728e+00  ,1.263354324440e+01  
  2.932058725381e-03  ,4.791732452487e+00  ,3.597585014910e+00  ,1.263735959961e+01  
  2.932067643726e-03  ,4.356425887475e+00  ,1.402510680239e+01  ,1.263915866733e+01  
  2.932076013708e-03  ,4.341988784086e+00  ,4.355828526572e+01  ,1.263921655680e+01  
  2.932082285607e-03  ,4.134168799376e+00  ,5.281291701716e+01  ,3.572794871923e-02  
  2.932085556040e-03  ,3.936349737229e+00  ,5.284184546420e+01  ,-2.052323438673e-01  
  2.932087126808e-03  ,3.843417975530e+00  ,5.282360180050e+01  ,-4.087321453583e-03  
  2.932090268346e-03  ,3.664688613455e+00  ,5.282678566048e+01  ,1.012119443740e-02  
  2.932096551420e-03  ,3.331362215294e+00  ,5.283656685911e+01  ,5.646671243871e-03  
  2.932109117569e-03  ,2.750368186703e+00  ,5.285536417775e+01  ,4.592416584222e-03  
  2.932134249868e-03  ,1.860460021939e+00  ,5.289288171854e+01  ,3.312022249119e-03  
  2.932175365152e-03  ,9.413765840854e-01  ,5.295411469134e+01  ,1.971724961923e-03  
  2.932221362056e-03  ,4.553842650954e-01  ,5.302241406778e+01  ,1.261760710872e-03  
  2.932269445123e-03  ,1.918276213823e-01  ,5.309360832766e+01  ,8.759121610290e-04  
  2.932324370803e-03  ,8.005267258820e-02  ,5.317469546694e+01  ,7.109740028363e-04  
  2.932413062515e-03  ,6.883990860808e-03  ,5.330513478533e+01  ,6.010320204873e-04  
  2.932507881584e-03  ,2.594249010565e-03  ,5.344391572596e+01  ,5.912500651954e-04  
  2.932697519721e-03  ,7.910433937999e-04  ,5.371942347524e+01  ,5.815704097167e-04  
  2.932919129791e-03  ,1.961569706423e-03  ,5.403790334548e+01  ,5.751244360445e-04  
  2.933362349929e-03  ,1.916770379029e-03  ,5.466355301747e+01  ,5.588085727492e-04  
  2.934248790206e-03  ,1.421363464412e-03  ,5.586927433860e+01  ,5.263588684958e-04  
  2.936021670761e-03  ,1.580791065225e-03  ,5.809572513136e+01  ,4.651292339366e-04  
  2.939567431869e-03  ,9.467338086952e-04  ,6.179505390640e+01  ,3.494230764788e-04  
  2.942000000020e-03  ,1.005734885594e-03  ,6.374623672764e+01  ,2.786203737492e-04  
  2.942001000018e-03  ,5.776494950559e-01  ,6.374707288025e+01  ,-1.012408630211e-03  
  2.942001884681e-03  ,1.095178089941e+00  ,6.374781612247e+01  ,-2.187948266278e-03  
  2.942003654008e-03  ,2.159987778414e+00  ,6.374929947052e+01  ,-4.504611724893e-03  
  2.942007192661e-03  ,4.411828267413e+00  ,6.375224931529e+01  ,-8.958142927902e-03  
  2.942010000020e-03  ,6.311348658390e+00  ,6.375457406277e+01  ,-1.232640381449e-02  
  2.942010707751e-03  ,6.403636227899e+00  ,6.375506494540e+01  ,-1.224688628099e-02  
  2.942012123175e-03  ,6.586246056015e+00  ,6.375603621843e+01  ,-1.198693260709e-02  
  2.942014954023e-03  ,6.939999919021e+00  ,6.375797821437e+01  ,-1.146875865747e-02  
  2.942020615719e-03  ,7.603721606369e+00  ,6.376186651585e+01  ,-1.050167701102e-02  
  2.942031939111e-03  ,8.776149008767e+00  ,6.376965556875e+01  ,-8.793607644687e-03  
  2.942043345950e-03  ,9.773052212019e+00  ,6.377751555380e+01  ,-7.341318951800e-03  
  2.942051382147e-03  ,9.973446928026e+00  ,4.102048788815e+01  ,9.857042240762e+00  
  2.942059054754e-03  ,1.000026661111e+01  ,1.065695529489e+01  ,9.857216048067e+00  
  2.942063364915e-03  ,1.018857004210e+01  ,3.395614394826e+00  ,9.858132437948e+00  
  2.942067446343e-03  ,1.046801769405e+01  ,2.662959133575e+00  ,9.859210458735e+00  
  2.942069767572e-03  ,1.062537947070e+01  ,2.744288923352e+00  ,9.859859599491e+00  
  2.942072700493e-03  ,1.081624141919e+01  ,2.799577779839e+00  ,9.860683615090e+00  
  2.942078566335e-03  ,1.117286495336e+01  ,2.809263951038e+00  ,9.862333480433e+00  
  2.942090298019e-03  ,1.179812322285e+01  ,2.798773569262e+00  ,9.865641113682e+00  
  2.942102549754e-03  ,1.234548737769e+01  ,2.802984862696e+00  ,9.869095785493e+00  
  2.942127053223e-03  ,1.317747566907e+01  ,2.805210574589e+00  ,9.876004782666e+00  
  2.942176060162e-03  ,1.416514204312e+01  ,2.807607649397e+00  ,9.889821576770e+00  
  2.942274074040e-03  ,1.497639455398e+01  ,2.815507884482e+00  ,9.917449867910e+00  
  2.942402367078e-03  ,1.499973115390e+01  ,2.825785366078e+00  ,9.953602016864e+00  
  2.942627577267e-03  ,1.500014011853e+01  ,2.843769660205e+00  ,1.001703296631e+01  
  2.942866949521e-03  ,1.500012391652e+01  ,2.862909361609e+00  ,1.008440825377e+01  
  2.943345694028e-03  ,1.500021726545e+01  ,2.901126390487e+00  ,1.021902157105e+01  
  2.944303183041e-03  ,1.500026974610e+01  ,2.977404720626e+00  ,1.048770018763e+01  
  2.946218161069e-03  ,1.500036806243e+01  ,3.129340928344e+00  ,1.102287195767e+01  
  2.950048117123e-03  ,1.500038896273e+01  ,3.430748689557e+00  ,1.208453406033e+01  
  2.952010000020e-03  ,1.499973260132e+01  ,3.583878223215e+00  ,1.262390837573e+01  
  2.952011000018e-03  ,1.442055720188e+01  ,3.583809521211e+00  ,1.262418252966e+01  
  2.952013000126e-03  ,1.321291024287e+01  ,3.583578606090e+00  ,1.262473078743e+01  
  2.952017000343e-03  ,1.067169025069e+01  ,3.583134688622e+00  ,1.262582762482e+01  
  2.952020000020e-03  ,8.646847154642e+00  ,3.582862044085e+00  ,1.262665004579e+01  
  2.952020800063e-03  ,8.543178317782e+00  ,3.582916552479e+00  ,1.262686935293e+01  
  2.952022400076e-03  ,8.338336842472e+00  ,3.583112369737e+00  ,1.262730806714e+01  
  2.952025600100e-03  ,7.943215619544e+00  ,3.583638303893e+00  ,1.262818546514e+01  
  2.952032000149e-03  ,7.207844956809e+00  ,3.584732926765e+00  ,1.262994002982e+01  
  2.952044800246e-03  ,5.932322952969e+00  ,3.587687997357e+00  ,1.263344901992e+01  
  2.952058725381e-03  ,4.791753305246e+00  ,3.597557658295e+00  ,1.263726537891e+01  
  2.952067643726e-03  ,4.356426750506e+00  ,1.402404933509e+01  ,1.263906453261e+01  
  2.952076013708e-03  ,4.341987350006e+00  ,4.355706016846e+01  ,1.263912248718e+01  
  2.952082285607e-03  ,4.134143574488e+00  ,5.281032597469e+01  ,3.560071162970e-02  
  2.952085556040e-03  ,3.936325309986e+00  ,5.283923916907e+01  ,-2.052089655926e-01  
  2.952087126994e-03  ,3.843383332939e+00  ,5.282099798872e+01  ,-4.085124653314e-03  
  2.952090268904e-03  ,3.664634886970e+00  ,5.282418282050e+01  ,1.012032888146e-02  
  2.952096552724e-03  ,3.331275593379e+00  ,5.283396527519e+01  ,5.646516952902e-03  
  2.952109120363e-03  ,2.751833152586e+00  ,5.285281384261e+01  ,4.425951552760e-03  
  2.952134255642e-03  ,1.871255507889e+00  ,5.289032457616e+01  ,3.513518397293e-03  
  2.952173523182e-03  ,9.860187400517e-01  ,5.294884470483e+01  ,2.037599259051e-03  
  2.952218131298e-03  ,4.422996935985e-01  ,5.301510137975e+01  ,1.242748040923e-03  
  2.952263633484e-03  ,1.762129096580e-01  ,5.308249348124e+01  ,8.534027231456e-04  
  2.952332762951e-03  ,5.621588431453e-02  ,5.318454261070e+01  ,6.759515080671e-04  
  2.952413849110e-03  ,4.603026824262e-03  ,5.330376895700e+01  ,5.977054464957e-04  
  2.952510170216e-03  ,-7.865117124461e-03  ,5.344474122229e+01  ,5.759452097308e-04  
  2.952702812428e-03  ,-5.375363900112e-03  ,5.372456363160e+01  ,5.724152496194e-04  
  2.952993540043e-03  ,4.388703667220e-03  ,5.414149548194e+01  ,5.759489631792e-04  
  2.953574995274e-03  ,-2.610911822093e-05  ,5.495587769804e+01  ,5.483225641980e-04  
  2.954478697056e-03  ,1.129240228434e-03  ,5.616948908741e+01  ,5.176598389357e-04  
  2.955734686131e-03  ,1.471180210038e-03  ,5.774966966062e+01  ,4.746423235682e-04  
  2.958246664280e-03  ,1.202386321090e-03  ,6.053320933696e+01  ,3.920159956414e-04  
  2.962000000020e-03  ,8.922576507877e-04  ,6.374442722041e+01  ,2.765501636575e-04  
  2.962001000018e-03  ,5.775376707148e-01  ,6.374526346683e+01  ,-1.013416784950e-03  
  2.962001884681e-03  ,1.095067752953e+00  ,6.374600675800e+01  ,-2.187686496204e-03  
  2.962003654008e-03  ,2.159880367639e+00  ,6.374749049486e+01  ,-4.504645312438e-03  
  2.962007192661e-03  ,4.411726482881e+00  ,6.375044106114e+01  ,-8.958220578272e-03  
  2.962010000020e-03  ,6.311251129219e+00  ,6.375276637989e+01  ,-1.232647208666e-02  
  2.962010707751e-03  ,6.403539737130e+00  ,6.375325740594e+01  ,-1.224695180353e-02  
  2.962012123175e-03  ,6.586151619925e+00  ,6.375422896502e+01  ,-1.198699889764e-02  
  2.962014954023e-03  ,6.939909463356e+00  ,6.375617153764e+01  ,-1.146881713274e-02  
  2.962020615719e-03  ,7.603638618828e+00  ,6.376006098895e+01  ,-1.050172398428e-02  
  2.962031939111e-03  ,8.776079213250e+00  ,6.376785234186e+01  ,-8.793635315844e-03  
  2.962043345950e-03  ,9.772993633531e+00  ,6.377571464385e+01  ,-7.341330921495e-03  
  2.962051382147e-03  ,9.973449937009e+00  ,4.102203169705e+01  ,9.857860243414e+00  
  2.962059054754e-03  ,1.000027049799e+01  ,1.065858787432e+01  ,9.858034061693e+00  
  2.962063364915e-03  ,1.018855032361e+01  ,3.395946107244e+00  ,9.858950387202e+00  
  2.962067447088e-03  ,1.046804819761e+01  ,2.663137340724e+00  ,9.860028537408e+00  
  2.962069768317e-03  ,1.062540938354e+01  ,2.744512563652e+00  ,9.860677674325e+00  
  2.962072701238e-03  ,1.081627015073e+01  ,2.799813173542e+00  ,9.861501683349e+00  
  2.962078567080e-03  ,1.117289122224e+01  ,2.809497875771e+00  ,9.863151534860e+00  
  2.962090298764e-03  ,1.179814517104e+01  ,2.799004629364e+00  ,9.866459140757e+00  
  2.962102550499e-03  ,1.234550558335e+01  ,2.803217037308e+00  ,9.869913784140e+00  
  2.962127053968e-03  ,1.317748817027e+01  ,2.805442944572e+00  ,9.876822724406e+00  
  2.962176060907e-03  ,1.416514776740e+01  ,2.807839732176e+00  ,9.890639404696e+00  
  2.962274074785e-03  ,1.497639471549e+01  ,2.815740000756e+00  ,9.918267468290e+00  
  2.962402367823e-03  ,1.499973115568e+01  ,2.826017402254e+00  ,9.954419319506e+00  
  2.962627578012e-03  ,1.500014011747e+01  ,2.844001543369e+00  ,1.001784974656e+01  
  2.962866950266e-03  ,1.500012391559e+01  ,2.863141089558e+00  ,1.008522447914e+01  
  2.963345694773e-03  ,1.500021726388e+01  ,2.901357803689e+00  ,1.021983668778e+01  
  2.964303183786e-03  ,1.500026974418e+01  ,2.977635505592e+00  ,1.048851309161e+01  
  2.966218161814e-03  ,1.500036805983e+01  ,3.129570461960e+00  ,1.102368045415e+01  
  2.970048117868e-03  ,1.500038896000e+01  ,3.430975740799e+00  ,1.208533381331e+01  
  2.972010000020e-03  ,1.499973260289e+01  ,3.584103955333e+00  ,1.262470348234e+01  
  2.972011000018e-03  ,1.442055722207e+01  ,3.584035251379e+00  ,1.262497763401e+01  
  2.972013000126e-03  ,1.321291026246e+01  ,3.583804334943e+00  ,1.262552588726e+01  
  2.972017000343e-03  ,1.067169026918e+01  ,3.583360419184e+00  ,1.262662271563e+01  
  2.972020000020e-03  ,8.646847172413e+00  ,3.583087779507e+00  ,1.262744512982e+01  
  2.972020800063e-03  ,8.543178335389e+00  ,3.583142290951e+00  ,1.262766443516e+01  
  2.972022400076e-03  ,8.338336859753e+00  ,3.583338113938e+00  ,1.262810314576e+01  
  2.972025600100e-03  ,7.943215636180e+00  ,3.583864057104e+00  ,1.262898053654e+01  
  2.972032000149e-03  ,7.207844972346e+00  ,3.584958703378e+00  ,1.263073508677e+01  
  2.972044800246e-03  ,5.932322967496e+00  ,3.587913874735e+00  ,1.263424404796e+01  
  2.972058725381e-03  ,4.791753326705e+00  ,3.597784130444e+00  ,1.263806037545e+01  
  2.972067643726e-03  ,4.356431678066e+00  ,1.402457131858e+01  ,1.263985946734e+01  
  2.972076013708e-03  ,4.341992228619e+00  ,4.355762012348e+01  ,1.263991738275e+01  
  2.972082284862e-03  ,4.134160064762e+00  ,5.280886815452e+01  ,3.557843304292e-02  
  2.972085555294e-03  ,3.936340876704e+00  ,5.283777956161e+01  ,-2.052083081502e-01  
  2.972087126063e-03  ,3.843409353855e+00  ,5.281953855500e+01  ,-4.085623146048e-03  
  2.972090267600e-03  ,3.664680391682e+00  ,5.282272332963e+01  ,1.012090069491e-02  
  2.972096550675e-03  ,3.331354750321e+00  ,5.283250591340e+01  ,5.646753985770e-03  
  2.972109116824e-03  ,2.750362059864e+00  ,5.285130608192e+01  ,4.592519822015e-03  
  2.972134249123e-03  ,1.860455957610e+00  ,5.288882933111e+01  ,3.312127363720e-03  
  2.972175370367e-03  ,9.412702824644e-01  ,5.295008051404e+01  ,1.971680654592e-03  
  2.972221367272e-03  ,4.553330873294e-01  ,5.301839032613e+01  ,1.261796540952e-03  
  2.972269450339e-03  ,1.918063374797e-01  ,5.308959550622e+01  ,8.759913613317e-04  
  2.972324370058e-03  ,8.005262883708e-02  ,5.317068634401e+01  ,7.110841700615e-04  
  2.972413073691e-03  ,6.879710705626e-03  ,5.330116338284e+01  ,6.011352302390e-04  
  2.972507880839e-03  ,2.594091859482e-03  ,5.343994848168e+01  ,5.913593818406e-04  
  2.972697495135e-03  ,7.922962144253e-04  ,5.371546515066e+01  ,5.816819637856e-04  
  2.972919105204e-03  ,1.961599589957e-03  ,5.403399627264e+01  ,5.752334042778e-04  
  2.973362325342e-03  ,1.916805910419e-03  ,5.465974888245e+01  ,5.589159713381e-04  
  2.974248765619e-03  ,1.421826096943e-03  ,5.586567766609e+01  ,5.264639519110e-04  
  2.976021646174e-03  ,1.580921543364e-03  ,5.809254834081e+01  ,4.652284560514e-04  
  2.979567407282e-03  ,9.471667538839e-04  ,6.179272613578e+01  ,3.495138033512e-04  
  2.982000000020e-03  ,1.005889643008e-03  ,6.374450837837e+01  ,2.787057985813e-04  
  2.982001000018e-03  ,5.776496514871e-01  ,6.374534476681e+01  ,-1.012322810976e-03  
  2.982001884588e-03  ,1.095123125354e+00  ,6.374608813948e+01  ,-2.187739353734e-03  
  2.982003653729e-03  ,2.159816225145e+00  ,6.374757174927e+01  ,-4.504165470466e-03  
  2.982007192009e-03  ,4.411398421678e+00  ,6.375052212099e+01  ,-8.957258828784e-03  
  2.982010000020e-03  ,6.311348248124e+00  ,6.375284807229e+01  ,-1.232631893957e-02  
  2.982010707676e-03  ,6.403626212667e+00  ,6.375333907102e+01  ,-1.224681563066e-02  
  2.982012122914e-03  ,6.586212483960e+00  ,6.375431055067e+01  ,-1.198689696652e-02  
  2.982014953389e-03  ,6.939922183122e+00  ,6.375625295947e+01  ,-1.146878701778e-02  
  2.982020614341e-03  ,7.603566545834e+00  ,6.376014208571e+01  ,-1.050181816604e-02  
  2.982031936243e-03  ,8.775875850394e+00  ,6.376793278521e+01  ,-8.793920739765e-03  
  2.982043341592e-03  ,9.772701469472e+00  ,6.377579443293e+01  ,-7.341745127369e-03  
  2.982051376298e-03  ,9.973435571184e+00  ,4.104325114781e+01  ,9.858032057115e+00  
  2.982059047416e-03  ,1.000023895110e+01  ,1.068483542617e+01  ,9.858204598084e+00  
  2.982063359812e-03  ,1.018823704495e+01  ,3.397679161033e+00  ,9.859121105880e+00  
  2.982067445710e-03  ,1.046798426832e+01  ,2.662853876597e+00  ,9.860199522319e+00  
  2.982069766193e-03  ,1.062530027711e+01  ,2.744451599175e+00  ,9.860848461375e+00  
  2.982072696507e-03  ,1.081600114061e+01  ,2.799851811227e+00  ,9.861671743773e+00  
  2.982078557133e-03  ,1.117234138306e+01  ,2.809561283663e+00  ,9.863320122930e+00  
  2.982090278387e-03  ,1.179875594792e+01  ,2.804552716152e+00  ,9.866621439280e+00  
  2.982110105872e-03  ,1.263562783790e+01  ,2.803192929179e+00  ,9.872211976807e+00  
  2.982149760842e-03  ,1.372896712899e+01  ,2.807331593695e+00  ,9.883392632663e+00  
  2.982229070782e-03  ,1.476980469540e+01  ,2.812314774139e+00  ,9.905750486998e+00  
  2.982346515774e-03  ,1.516355409532e+01  ,2.821511172143e+00  ,9.938849985958e+00  
  2.982519416928e-03  ,1.497803780542e+01  ,2.835426936112e+00  ,9.987558888128e+00  
  2.982675962567e-03  ,1.497088499699e+01  ,2.847941174521e+00  ,1.003163950977e+01  
  2.982989053845e-03  ,1.501193663840e+01  ,2.872935530577e+00  ,1.011974203962e+01  
  2.983615236401e-03  ,1.499230745365e+01  ,2.922902584083e+00  ,1.029571251017e+01  
  2.984713678479e-03  ,1.499816340026e+01  ,3.010322132901e+00  ,1.060364317789e+01  
  2.986910562634e-03  ,1.500018780691e+01  ,3.184350523095e+00  ,1.121663438263e+01  
  2.991304330945e-03  ,1.499992876852e+01  ,3.529172010266e+00  ,1.243121424664e+01  
  2.992010000020e-03  ,1.500001323254e+01  ,3.584152395943e+00  ,1.262487446376e+01  
  2.992011000018e-03  ,1.442323023613e+01  ,3.584082880006e+00  ,1.262514861352e+01  
  2.992013000126e-03  ,1.321550456987e+01  ,3.583851663515e+00  ,1.262569687401e+01  
  2.992017000343e-03  ,1.067413269733e+01  ,3.583407645042e+00  ,1.262679369375e+01  
  2.992020000020e-03  ,8.649180946212e+00  ,3.583135006042e+00  ,1.262761610653e+01  
  2.992020800063e-03  ,8.545484128355e+00  ,3.583189488940e+00  ,1.262783541155e+01  
  2.992022400076e-03  ,8.340587364557e+00  ,3.583385260380e+00  ,1.262827412133e+01  
  2.992025600100e-03  ,7.945359494280e+00  ,3.583911089520e+00  ,1.262915151051e+01  
  2.992032000149e-03  ,7.209790344766e+00  ,3.585005371780e+00  ,1.263090605784e+01  
  2.992044800246e-03  ,5.933924033677e+00  ,3.587958421044e+00  ,1.263441501319e+01  
  2.992058726871e-03  ,4.792935095095e+00  ,3.597803810014e+00  ,1.263823174514e+01  
  2.992067645216e-03  ,4.356514954808e+00  ,1.396833455873e+01  ,1.264003531435e+01  
  2.992076016689e-03  ,4.341943787225e+00  ,4.349749160876e+01  ,1.264009704103e+01  
  2.992082295293e-03  ,4.134639751883e+00  ,5.280714262967e+01  ,3.893185874832e-02  
  2.992085566470e-03  ,3.936765829131e+00  ,5.283648989800e+01  ,-2.061107875170e-01  
  2.992087135935e-03  ,3.843898741819e+00  ,5.281816122334e+01  ,-4.146467654852e-03  
  2.992090274865e-03  ,3.665292027436e+00  ,5.282133401851e+01  ,1.014215637939e-02  
  2.992096552724e-03  ,3.332175538915e+00  ,5.283111122779e+01  ,5.649161466997e-03  
  2.992109108442e-03  ,2.753078512677e+00  ,5.284994546519e+01  ,4.426685341209e-03  
  2.992134219879e-03  ,1.872804153403e+00  ,5.288742692116e+01  ,3.517079879467e-03  
  2.992173523182e-03  ,9.862319576778e-01  ,5.294601069560e+01  ,2.038030794882e-03  
  2.992218131298e-03  ,4.423504926825e-01  ,5.301227888337e+01  ,1.242936878385e-03  
  2.992263633484e-03  ,1.762097231130e-01  ,5.307968271352e+01  ,8.535132510615e-04  
  2.992332751030e-03  ,5.622867886911e-02  ,5.318173208384e+01  ,6.760854302409e-04  
  2.992413825268e-03  ,4.613216892967e-03  ,5.330096190187e+01  ,5.978356581099e-04  
  2.992510122532e-03  ,-7.859927321280e-03  ,5.344192434814e+01  ,5.760685881141e-04  
  2.992702717060e-03  ,-5.375850085523e-03  ,5.372172817292e+01  ,5.725312499447e-04  
  2.992993396992e-03  ,4.388827160503e-03  ,5.413866919508e+01  ,5.760662914533e-04  
  2.993574756855e-03  ,-2.552035979964e-05  ,5.495307615073e+01  ,5.484414637839e-04  
  2.994477981800e-03  ,1.129603507037e-03  ,5.616631315756e+01  ,5.177914847990e-04  
  2.995733780140e-03  ,1.471587484707e-03  ,5.774665585592e+01  ,4.747748886320e-04  
  2.998245376820e-03  ,1.202798813742e-03  ,6.053062875239e+01  ,3.921504976823e-04  
  3.002000000020e-03  ,8.925557980562e-04  ,6.374405965743e+01  ,2.766321349509e-04  
  3.002001000018e-03  ,5.775379683474e-01  ,6.374489614129e+01  ,-1.013334299733e-03  
  3.002001884681e-03  ,1.095068050404e+00  ,6.374563964236e+01  ,-2.187602311359e-03  
  3.002003654008e-03  ,2.159880664743e+00  ,6.374712379942e+01  ,-4.504561535227e-03  
  3.002007192661e-03  ,4.411726779317e+00  ,6.375007520605e+01  ,-8.958136881433e-03  
  3.002010000020e-03  ,6.311251425450e+00  ,6.375240119148e+01  ,-1.232638839402e-02  
  3.002010707751e-03  ,6.403540033246e+00  ,6.375289238588e+01  ,-1.224686812079e-02  
  3.002012123175e-03  ,6.586151915815e+00  ,6.375386428167e+01  ,-1.198691523060e-02  
  3.002014954023e-03  ,6.939909758807e+00  ,6.375580752767e+01  ,-1.146873346230e-02  
  3.002020615719e-03  ,7.603638913454e+00  ,6.375969832564e+01  ,-1.050164033998e-02  
  3.002031939111e-03  ,8.776079506409e+00  ,6.376749237138e+01  ,-8.793551692979e-03  
  3.002043345950e-03  ,9.772993925432e+00  ,6.377535738534e+01  ,-7.341247334206e-03  
  3.002051382147e-03  ,9.973456430305e+00  ,4.102217834875e+01  ,9.858999018240e+00  
  3.002059054754e-03  ,1.000027759873e+01  ,1.065881328271e+01  ,9.859172854766e+00  
  3.002063364915e-03  ,1.018855842548e+01  ,3.396244818989e+00  ,9.860089167470e+00  
  3.002067447088e-03  ,1.046805606222e+01  ,2.663459919560e+00  ,9.861167305733e+00  
  3.002069768317e-03  ,1.062541702105e+01  ,2.744839402389e+00  ,9.861816435526e+00  
  3.002072701238e-03  ,1.081627743858e+01  ,2.800138320587e+00  ,9.862640434656e+00  
  3.002078567080e-03  ,1.117289787075e+01  ,2.809821256352e+00  ,9.864290267170e+00  
  3.002090298764e-03  ,1.179815073447e+01  ,2.799328247981e+00  ,9.867597835110e+00  
  3.002102550499e-03  ,1.234551019358e+01  ,2.803540468076e+00  ,9.871052438868e+00  
  3.002127053968e-03  ,1.317749133374e+01  ,2.805766212315e+00  ,9.877961299901e+00  
  3.002176060907e-03  ,1.416514921623e+01  ,2.808162987622e+00  ,9.891777821771e+00  
  3.002274074785e-03  ,1.497639475553e+01  ,2.816063111585e+00  ,9.919405568612e+00  
  3.002402367823e-03  ,1.499973115558e+01  ,2.826340392135e+00  ,9.955557005377e+00  
  3.002627578012e-03  ,1.500014011670e+01  ,2.844324329500e+00  ,1.001898670525e+01  
  3.002866950266e-03  ,1.500012391483e+01  ,2.863463655056e+00  ,1.008636066544e+01  
  3.003345694773e-03  ,1.500021726297e+01  ,2.901679931027e+00  ,1.022097133087e+01  
  3.004303183786e-03  ,1.500026974318e+01  ,2.977956758430e+00  ,1.048964465455e+01  
  3.006218161814e-03  ,1.500036805867e+01  ,3.129889972918e+00  ,1.102480588185e+01  
  3.010048117868e-03  ,1.500038895881e+01  ,3.431291796292e+00  ,1.208644707004e+01  
  3.012010000020e-03  ,1.499973260276e+01  ,3.584418255331e+00  ,1.262581055565e+01  
  3.012011000018e-03  ,1.442055722608e+01  ,3.584349548669e+00  ,1.262608470418e+01  
  3.012013000126e-03  ,1.321291026632e+01  ,3.584118630404e+00  ,1.262663295114e+01  
  3.012017000343e-03  ,1.067169027286e+01  ,3.583674717026e+00  ,1.262772976694e+01  
  3.012020000020e-03  ,8.646847176339e+00  ,3.583402084116e+00  ,1.262855217171e+01  
  3.012020800063e-03  ,8.543178339336e+00  ,3.583456599806e+00  ,1.262877147453e+01  
  3.012022400076e-03  ,8.338336863739e+00  ,3.583652430770e+00  ,1.262921018010e+01  
  3.012025600100e-03  ,7.943215640220e+00  ,3.584178386482e+00  ,1.263008756082e+01  
  3.012032000149e-03  ,7.207844976627e+00  ,3.585273065345e+00  ,1.263184209094e+01  
  3.012044800246e-03  ,5.932322973441e+00  ,3.588228377023e+00  ,1.263535101188e+01  
  3.012058725381e-03  ,4.791753345053e+00  ,3.598099461130e+00  ,1.263916729550e+01  
  3.012067643726e-03  ,4.356438538023e+00  ,1.402529864682e+01  ,1.264096630183e+01  
  3.012076013708e-03  ,4.341999021710e+00  ,4.355840041174e+01  ,1.264102416957e+01  
  3.012082284862e-03  ,4.134150823564e+00  ,5.280860305870e+01  ,3.549688206602e-02  
  3.012085555294e-03  ,3.936331821879e+00  ,5.283750462561e+01  ,-2.051870798821e-01  
  3.012087126249e-03  ,3.843389724476e+00  ,5.281926622393e+01  ,-4.083486105324e-03  
  3.012090268159e-03  ,3.664640993803e+00  ,5.282245256365e+01  ,1.012009024047e-02  
  3.012096551979e-03  ,3.331281176855e+00  ,5.283223761185e+01  ,5.646677221948e-03  
  3.012109119618e-03  ,2.751837852091e+00  ,5.285109146101e+01  ,4.426151017164e-03  
  3.012134254897e-03  ,1.871258864253e+00  ,5.288861276832e+01  ,3.513675476348e-03  
  3.012173522437e-03  ,9.860207459264e-01  ,5.294714940048e+01  ,2.037774012691e-03  
  3.012218130553e-03  ,4.423008698966e-01  ,5.301342481580e+01  ,1.242921301448e-03  
  3.012263632739e-03  ,1.762136798271e-01  ,5.308083602228e+01  ,8.535750104306e-04  
  3.012332762206e-03  ,5.621647102275e-02  ,5.318291415549e+01  ,6.761229754936e-04  
  3.012413848365e-03  ,4.603534289352e-03  ,5.330217448841e+01  ,5.978761490795e-04  
  3.012510169471e-03  ,-7.864629305081e-03  ,5.344318707823e+01  ,5.761151208969e-04  
  3.012702811683e-03  ,-5.374873566168e-03  ,5.372308997832e+01  ,5.725836532244e-04  
  3.012993539298e-03  ,4.389206896583e-03  ,5.414014289394e+01  ,5.761151614660e-04  
  3.013574994529e-03  ,-2.561683151457e-05  ,5.495476569551e+01  ,5.484843972598e-04  
  3.014478696311e-03  ,1.129727179608e-03  ,5.616874658603e+01  ,5.178151935965e-04  
  3.015734685386e-03  ,1.471656737430e-03  ,5.774943093273e+01  ,4.747893488128e-04  
  3.018246663535e-03  ,1.202837020348e-03  ,6.053393967873e+01  ,3.921484567716e-04  
  3.022000000020e-03  ,8.926621271251e-04  ,6.374649306406e+01  ,2.766635214166e-04  
  3.022001000018e-03  ,5.775380749152e-01  ,6.374732964617e+01  ,-1.013303685688e-03  
  3.022001884774e-03  ,1.095123280354e+00  ,6.374807331251e+01  ,-2.187696750964e-03  
  3.022003654287e-03  ,2.160052488467e+00  ,6.374955779885e+01  ,-4.504892871939e-03  
  3.022007193313e-03  ,4.412156907012e+00  ,6.375250986061e+01  ,-8.958905949011e-03  
  3.022010000020e-03  ,6.311252116128e+00  ,6.375483557975e+01  ,-1.232635823725e-02  
  3.022010707825e-03  ,6.403550330204e+00  ,6.375532689483e+01  ,-1.224682327373e-02  
  3.022012123435e-03  ,6.586185772341e+00  ,6.375629905768e+01  ,-1.198683527807e-02  
  3.022014954656e-03  ,6.939987784050e+00  ,6.375824283820e+01  ,-1.146858955245e-02  
  3.022020617097e-03  ,7.603794270983e+00  ,6.376213470588e+01  ,-1.050138366932e-02  
  3.022031941980e-03  ,8.776352971209e+00  ,6.376993089305e+01  ,-8.793123112117e-03  
  3.022043350309e-03  ,9.773344978374e+00  ,6.377779805896e+01  ,-7.340705726770e-03  
  3.022051387995e-03  ,9.973477078937e+00  ,4.100087060848e+01  ,9.859737718835e+00  
  3.022059062093e-03  ,1.000031437887e+01  ,1.063242849822e+01  ,9.859912765687e+00  
  3.022063370019e-03  ,1.018888278338e+01  ,3.394720906229e+00  ,9.860828944951e+00  
  3.022067447722e-03  ,1.046808064200e+01  ,2.664044974451e+00  ,9.861906633767e+00  
  3.022069769695e-03  ,1.062548776428e+01  ,2.745167268966e+00  ,9.862555954871e+00  
  3.022072705224e-03  ,1.081650963452e+01  ,2.800357017078e+00  ,9.863380672505e+00  
  3.022078576281e-03  ,1.117341396666e+01  ,2.810015236293e+00  ,9.865031962151e+00  
  3.022090318396e-03  ,1.179909326175e+01  ,2.799549795273e+00  ,9.868342447312e+00  
  3.022102593973e-03  ,1.234727306825e+01  ,2.803753800353e+00  ,9.871803747358e+00  
  3.022127145126e-03  ,1.318006565844e+01  ,2.805979872244e+00  ,9.878726000481e+00  
  3.022176247433e-03  ,1.416772702826e+01  ,2.808387895447e+00  ,9.892569301725e+00  
  3.022274452045e-03  ,1.497777913768e+01  ,2.816302470431e+00  ,9.920250584892e+00  
  3.022402768925e-03  ,1.499975220630e+01  ,2.826582042247e+00  ,9.956408431396e+00  
  3.022628408268e-03  ,1.500013488214e+01  ,2.844600264013e+00  ,1.001995841709e+01  
  3.022867971256e-03  ,1.500011947158e+01  ,2.863754576740e+00  ,1.008738538269e+01  
  3.023347097233e-03  ,1.500020664735e+01  ,2.902000889804e+00  ,1.022210184182e+01  
  3.024305349186e-03  ,1.500025561561e+01  ,2.978337542887e+00  ,1.049098588587e+01  
  3.026221853092e-03  ,1.500034738332e+01  ,3.130389428364e+00  ,1.102656510154e+01  
  3.030054860905e-03  ,1.500036680788e+01  ,3.432024707832e+00  ,1.208902860061e+01  
  3.032010000020e-03  ,1.499975209296e+01  ,3.584622248057e+00  ,1.262652912204e+01  
  3.032011000018e-03  ,1.442075430774e+01  ,3.584553481131e+00  ,1.262680326837e+01  
  3.032013000126e-03  ,1.321310154494e+01  ,3.584322540103e+00  ,1.262735151215e+01  
  3.032017000343e-03  ,1.067187035345e+01  ,3.583878620945e+00  ,1.262844831905e+01  
  3.032020000020e-03  ,8.647019245895e+00  ,3.583605992189e+00  ,1.262927071771e+01  
  3.032020800063e-03  ,8.543348345904e+00  ,3.583660508523e+00  ,1.262949001890e+01  
  3.032022400076e-03  ,8.338502793986e+00  ,3.583856340803e+00  ,1.262992872120e+01  
  3.032025600100e-03  ,7.943373707535e+00  ,3.584382296090e+00  ,1.263080609540e+01  
  3.032032000149e-03  ,7.207988409924e+00  ,3.585476968873e+00  ,1.263256061246e+01  
  3.032044800246e-03  ,5.932441022405e+00  ,3.588432213367e+00  ,1.263606950731e+01  
  3.032058725381e-03  ,4.791848669550e+00  ,3.598301775169e+00  ,1.263988576268e+01  
  3.032067642236e-03  ,4.356455913587e+00  ,1.401571790163e+01  ,1.264168520226e+01  
  3.032076010728e-03  ,4.341996879467e+00  ,4.354205112647e+01  ,1.264174397719e+01  
  3.032082282627e-03  ,4.134411500069e+00  ,5.281047849053e+01  ,3.684871215359e-02  
  3.032085552687e-03  ,3.936606606314e+00  ,5.283955199085e+01  ,-2.055210264684e-01  
  3.032088116059e-03  ,3.786399518280e+00  ,5.282245265726e+01  ,-1.699341121671e-03  
  3.032090891400e-03  ,3.630422732377e+00  ,5.282557165300e+01  ,7.835853450002e-03  
  3.032096442083e-03  ,3.337181271882e+00  ,5.283403833417e+01  ,5.600093162934e-03  
  3.032107543448e-03  ,2.819175872786e+00  ,5.285068842596e+01  ,4.579046127900e-03  
  3.032129746178e-03  ,2.007119964236e+00  ,5.288385067125e+01  ,3.657440555167e-03  
  3.032174151638e-03  ,9.672973773227e-01  ,5.295005467076e+01  ,2.010324670139e-03  
  3.032217448452e-03  ,4.396775490200e-01  ,5.301438644023e+01  ,1.239200447042e-03  
  3.032265018919e-03  ,1.637626183171e-01  ,5.308486520812e+01  ,8.354079556670e-04  
  3.032331203917e-03  ,5.549060194032e-02  ,5.318260194914e+01  ,6.751530208743e-04  
  3.032415103415e-03  ,1.370746698506e-02  ,5.330600836424e+01  ,6.111255384229e-04  
  3.032508408526e-03  ,-3.608220518019e-04  ,5.344261731282e+01  ,5.871440494254e-04  
  3.032695018748e-03  ,-3.212425098441e-03  ,5.371384374388e+01  ,5.760521844648e-04  
  3.033064901331e-03  ,6.077081495384e-05  ,5.424357602955e+01  ,5.671719344368e-04  
  3.033717214564e-03  ,2.740422219585e-03  ,5.515215618424e+01  ,5.474602749094e-04  
  3.035021841029e-03  ,6.326284689657e-04  ,5.686992165979e+01  ,4.982042366307e-04  
  3.037631093958e-03  ,2.081964899687e-03  ,5.990082441123e+01  ,4.127245380010e-04  
  3.042000000020e-03  ,1.219257604241e-04  ,6.374982117705e+01  ,2.754257291504e-04  
  3.042001000018e-03  ,5.767788274986e-01  ,6.375065820838e+01  ,-1.014947320930e-03  
  3.042001885333e-03  ,1.094704881332e+00  ,6.375140260824e+01  ,-2.189137741937e-03  
  3.042003655964e-03  ,2.160353516933e+00  ,6.375288876934e+01  ,-4.507948224245e-03  
  3.042007197225e-03  ,4.414046013305e+00  ,6.375584411898e+01  ,-8.964570796163e-03  
  3.042010000020e-03  ,6.311375626152e+00  ,6.375816763679e+01  ,-1.232602581798e-02  
  3.042010708272e-03  ,6.403730206754e+00  ,6.375865954805e+01  ,-1.224641969303e-02  
  3.042012124814e-03  ,6.584558751195e+00  ,6.375963278577e+01  ,-1.198610766824e-02  
  3.042014957897e-03  ,6.937125702968e+00  ,6.376157942606e+01  ,-1.147262095789e-02  
  3.042020624064e-03  ,7.600766619098e+00  ,6.376547620158e+01  ,-1.050566090488e-02  
  3.042031956397e-03  ,8.773870935045e+00  ,6.377328211877e+01  ,-8.796626835702e-03  
  3.042044024847e-03  ,9.824123957231e+00  ,6.378160976192e+01  ,-7.266592248533e-03  
  3.042052567683e-03  ,9.976799164780e+00  ,3.628298209608e+01  ,9.862120141981e+00  
  3.042060706697e-03  ,1.001058101879e+01  ,4.467042011825e+00  ,9.863182341045e+00  
  3.042064615272e-03  ,1.027349580912e+01  ,2.830556992206e+00  ,9.863645379820e+00  
  3.042066724904e-03  ,1.042105832574e+01  ,2.762575193610e+00  ,9.864228343372e+00  
  3.042069391839e-03  ,1.060264410167e+01  ,2.789187534289e+00  ,9.864971404533e+00  
  3.042074658654e-03  ,1.094071615627e+01  ,2.818405447576e+00  ,9.866421374471e+00  
  3.042083784125e-03  ,1.146695008782e+01  ,2.807859390086e+00  ,9.869029757875e+00  
  3.042102035068e-03  ,1.233125795084e+01  ,2.804719162636e+00  ,9.874175472721e+00  
  3.042138536952e-03  ,1.348847707863e+01  ,2.807157046692e+00  ,9.884466847022e+00  
  3.042211540721e-03  ,1.464808826948e+01  ,2.812151542699e+00  ,9.905046848094e+00  
  3.042320974849e-03  ,1.514718810111e+01  ,2.820679668544e+00  ,9.935889160378e+00  
  3.042481573604e-03  ,1.516634518298e+01  ,2.833518002769e+00  ,9.981134342337e+00  
  3.042703660510e-03  ,1.495766554882e+01  ,2.851362112186e+00  ,1.004366856233e+01  
  3.043117888950e-03  ,1.502197403612e+01  ,2.884417118941e+00  ,1.016019972120e+01  
  3.043520005725e-03  ,1.500841524106e+01  ,2.916502024568e+00  ,1.027319268927e+01  
  3.044324239276e-03  ,1.499405040275e+01  ,2.980556503943e+00  ,1.049879210577e+01  
  3.045932706378e-03  ,1.500514972542e+01  ,3.108209951519e+00  ,1.094844900480e+01  
  3.049149640582e-03  ,1.500051597310e+01  ,3.361789560925e+00  ,1.184163635149e+01  
  3.052010000020e-03  ,1.499960389353e+01  ,3.585321424158e+00  ,1.262899160522e+01  
  3.052011000018e-03  ,1.441977505010e+01  ,3.585252924576e+00  ,1.262926574441e+01  
  3.052013000126e-03  ,1.321215112133e+01  ,3.585022079889e+00  ,1.262981397503e+01  
  3.052017000343e-03  ,1.067097557090e+01  ,3.584578201844e+00  ,1.263091075327e+01  
  3.052020000020e-03  ,8.646164269232e+00  ,3.584305587898e+00  ,1.263173313094e+01  
  3.052020800063e-03  ,8.542503620160e+00  ,3.584360124471e+00  ,1.263195242650e+01  
  3.052022400076e-03  ,8.337678323331e+00  ,3.584555993919e+00  ,1.263239111764e+01  
  3.052025600100e-03  ,7.942588307370e+00  ,3.585082019640e+00  ,1.263326846949e+01  
  3.052032000149e-03  ,7.207275726186e+00  ,3.586176900331e+00  ,1.263502294172e+01  
  3.052044800246e-03  ,5.931854480195e+00  ,3.589133243721e+00  ,1.263853174690e+01  
  3.052058725381e-03  ,4.791375110917e+00  ,3.599014894636e+00  ,1.264234790356e+01  
  3.052067642236e-03  ,4.356438310778e+00  ,1.403994491370e+01  ,1.264414535018e+01  
  3.052076010728e-03  ,4.342031416676e+00  ,4.357009989610e+01  ,1.264420241454e+01  
  3.052082279647e-03  ,4.134221080320e+00  ,5.281410521282e+01  ,3.545373982558e-02  
  3.052085548961e-03  ,3.936464188005e+00  ,5.284299463730e+01  ,-2.051114202241e-01  
  3.052087119730e-03  ,3.843529944343e+00  ,5.282476430480e+01  ,-4.080619714203e-03  
  3.052090261267e-03  ,3.664795404304e+00  ,5.282795212817e+01  ,1.011911518876e-02  
  3.052096544342e-03  ,3.331459352492e+00  ,5.283773922040e+01  ,5.647069281611e-03  
  3.052109110491e-03  ,2.750448550409e+00  ,5.285654885521e+01  ,4.592917502227e-03  
  3.052134242790e-03  ,1.860514725030e+00  ,5.289409106892e+01  ,3.312474699388e-03  
  3.052175358074e-03  ,9.414048045374e-01  ,5.295536438771e+01  ,1.972137664461e-03  
  3.052221354978e-03  ,4.553984974927e-01  ,5.302370886413e+01  ,1.262152157198e-03  
  3.052269438045e-03  ,1.918342673912e-01  ,5.309495021652e+01  ,8.762915878080e-04  
  3.052324363725e-03  ,8.005610032355e-02  ,5.317609108351e+01  ,7.113476745568e-04  
  3.052413055437e-03  ,6.885310550672e-03  ,5.330661701022e+01  ,6.014008732585e-04  
  3.052507874506e-03  ,2.595442827268e-03  ,5.344549033813e+01  ,5.916169137952e-04  
  3.052697512643e-03  ,7.921804261234e-04  ,5.372118222242e+01  ,5.819335063022e-04  
  3.052919122713e-03  ,1.962734636744e-03  ,5.403987618294e+01  ,5.754834063377e-04  
  3.053362342851e-03  ,1.917922200631e-03  ,5.466595043597e+01  ,5.591592505852e-04  
  3.054248783128e-03  ,1.422476430066e-03  ,5.587250612163e+01  ,5.266938355774e-04  
  3.056021663682e-03  ,1.581855820052e-03  ,5.810056294809e+01  ,4.654349708621e-04  
  3.059567424791e-03  ,9.476622493891e-04  ,6.180282898118e+01  ,3.496781280818e-04  
  3.062000000020e-03  ,1.006574354357e-03  ,6.375580448900e+01  ,2.788478361773e-04  
  3.062001000018e-03  ,5.776503341542e-01  ,6.375664133483e+01  ,-1.012186231117e-03  
  3.062001884774e-03  ,1.095234051998e+00  ,6.375738526812e+01  ,-2.187849521995e-03  
  3.062003654287e-03  ,2.160160333430e+00  ,6.375886999733e+01  ,-4.504750132173e-03  
  3.062007193313e-03  ,4.412259124850e+00  ,6.376182260085e+01  ,-8.958719000377e-03  
  3.062010000020e-03  ,6.311350079366e+00  ,6.376414875069e+01  ,-1.232618056970e-02  
  3.062010707825e-03  ,6.403647254876e+00  ,6.376464017526e+01  ,-1.224664518584e-02  
  3.062012123435e-03  ,6.586280641970e+00  ,6.376561255848e+01  ,-1.198665576815e-02  
  3.062014954656e-03  ,6.940078672564e+00  ,6.376755677522e+01  ,-1.146841818705e-02  
  3.062020617097e-03  ,7.603877690129e+00  ,6.377144951819e+01  ,-1.050122390225e-02  
  3.062031941980e-03  ,8.776423196306e+00  ,6.377924745327e+01  ,-8.792982785412e-03  
  3.062043350309e-03  ,9.773403984924e+00  ,6.378711637672e+01  ,-7.340581240284e-03  
  3.062051387995e-03  ,9.973484874666e+00  ,4.100774582561e+01  ,9.861467024304e+00  
  3.062059062093e-03  ,1.000031510375e+01  ,1.063884011062e+01  ,9.861641504617e+00  
  3.062063370019e-03  ,1.018878339920e+01  ,3.395655485476e+00  ,9.862557831705e+00  
  3.062067448467e-03  ,1.046803182726e+01  ,2.664441723368e+00  ,9.863635473276e+00  
  3.062069769695e-03  ,1.062539188730e+01  ,2.745629411749e+00  ,9.864284581891e+00  
  3.062072704479e-03  ,1.081637090425e+01  ,2.800849360649e+00  ,9.865109077893e+00  
  3.062078574046e-03  ,1.117320025886e+01  ,2.810511259999e+00  ,9.866759919184e+00  
  3.062090313181e-03  ,1.180035666416e+01  ,2.805522407040e+00  ,9.870066163270e+00  
  3.062110206231e-03  ,1.263921366335e+01  ,2.804178236137e+00  ,9.875674993415e+00  
  3.062149992332e-03  ,1.375950176047e+01  ,2.807391911686e+00  ,9.886892156895e+00  
  3.062229564532e-03  ,1.469326185419e+01  ,2.813399182542e+00  ,9.909323248273e+00  
  3.062361958369e-03  ,1.500067431405e+01  ,2.823736674244e+00  ,9.946633724826e+00  
  3.062507107600e-03  ,1.504763279166e+01  ,2.835382162937e+00  ,9.987522769119e+00  
  3.062774470195e-03  ,1.502363346432e+01  ,2.856763451771e+00  ,1.006279586663e+01  
  3.063309195384e-03  ,1.500080172309e+01  ,2.899465040599e+00  ,1.021317068602e+01  
  3.064378645763e-03  ,1.499947259723e+01  ,2.984654858709e+00  ,1.051323643201e+01  
  3.066517546519e-03  ,1.500056970630e+01  ,3.154259210901e+00  ,1.111064302744e+01  
  3.070795348033e-03  ,1.499991937385e+01  ,3.490401775156e+00  ,1.229465190940e+01  
  3.072010000020e-03  ,1.500002670006e+01  ,3.585103959040e+00  ,1.262822619314e+01  
  3.072011000018e-03  ,1.442412915956e+01  ,3.585034137888e+00  ,1.262850033380e+01  
  3.072013000126e-03  ,1.321637702448e+01  ,3.584802805929e+00  ,1.262904857293e+01  
  3.072017000343e-03  ,1.067495407579e+01  ,3.584358755251e+00  ,1.263014535655e+01  
  3.072020000020e-03  ,8.649965785027e+00  ,3.584086140197e+00  ,1.263096774080e+01  
  3.072020800063e-03  ,8.546259557522e+00  ,3.584140625381e+00  ,1.263118703823e+01  
  3.072022400076e-03  ,8.341344200925e+00  ,3.584336402651e+00  ,1.263162573277e+01  
  3.072025600100e-03  ,7.946080466483e+00  ,3.584862230940e+00  ,1.263250309149e+01  
  3.072032000149e-03  ,7.210444568737e+00  ,3.585956487660e+00  ,1.263425757797e+01  
  3.072044800246e-03  ,5.934462475517e+00  ,3.588909241214e+00  ,1.263776641160e+01  
  3.072058726871e-03  ,4.793369878278e+00  ,3.598747787954e+00  ,1.264158301176e+01  
  3.072067645216e-03  ,4.356565953271e+00  ,1.394978802475e+01  ,1.264338798281e+01  
  3.072076016689e-03  ,4.341946444291e+00  ,4.347569542320e+01  ,1.264345108173e+01  
  3.072082299018e-03  ,4.134905077364e+00  ,5.281402196219e+01  ,4.061423829674e-02  
  3.072085570568e-03  ,3.937002569973e+00  ,5.284358617685e+01  ,-2.065338772046e-01  
  3.072087139474e-03  ,3.844161781560e+00  ,5.282521729742e+01  ,-4.174565523589e-03  
  3.072090277286e-03  ,3.665605038740e+00  ,5.282838624089e+01  ,1.015199151830e-02  
  3.072096552910e-03  ,3.332573668648e+00  ,5.283816432489e+01  ,5.650431132089e-03  
  3.072109104158e-03  ,2.752001852857e+00  ,5.285694995345e+01  ,4.594967047115e-03  
  3.072134206654e-03  ,1.862475383462e+00  ,5.289444379006e+01  ,3.315263598862e-03  
  3.072175375583e-03  ,9.415202247121e-01  ,5.295579061850e+01  ,1.972241621241e-03  
  3.072221366527e-03  ,4.555008173472e-01  ,5.302411887486e+01  ,1.262236976053e-03  
  3.072269461514e-03  ,1.918306973607e-01  ,5.309537017792e+01  ,8.762220383090e-04  
  3.072324357392e-03  ,8.009733878726e-02  ,5.317645825761e+01  ,7.113446554645e-04  
  3.072413049104e-03  ,6.897761010231e-03  ,5.330697014580e+01  ,6.013562354715e-04  
  3.072507832410e-03  ,2.598263615335e-03  ,5.344577624183e+01  ,5.915597892461e-04  
  3.072697399022e-03  ,7.900498327841e-04  ,5.372133528312e+01  ,5.818724443169e-04  
  3.072918985249e-03  ,1.963005787083e-03  ,5.403996215354e+01  ,5.754273112437e-04  
  3.073362157704e-03  ,1.918242428414e-03  ,5.466590509781e+01  ,5.591062119643e-04  
  3.074248502614e-03  ,1.421960470029e-03  ,5.587220982064e+01  ,5.266452183733e-04  
  3.076021192433e-03  ,1.582029186726e-03  ,5.809981270999e+01  ,4.653979050065e-04  
  3.079566572072e-03  ,9.473011142165e-04  ,6.180136994182e+01  ,3.496585875516e-04  
  3.082000000020e-03  ,1.006684849588e-03  ,6.375480090976e+01  ,2.788059978295e-04  
  3.082001000018e-03  ,5.776504407649e-01  ,6.375563763245e+01  ,-1.012227315879e-03  
  3.082001884774e-03  ,1.095234155226e+00  ,6.375638145679e+01  ,-2.187889828702e-03  
  3.082003654287e-03  ,2.160160430019e+00  ,6.375786596826e+01  ,-4.504790640293e-03  
  3.082007193313e-03  ,4.412259208674e+00  ,6.376081813631e+01  ,-8.958759577202e-03  
  3.082010000020e-03  ,6.311350153538e+00  ,6.376314394080e+01  ,-1.232622117095e-02  
  3.082010707825e-03  ,6.403647326689e+00  ,6.376363527816e+01  ,-1.224668625560e-02  
  3.082012123435e-03  ,6.586280709114e+00  ,6.376460748685e+01  ,-1.198669694090e-02  
  3.082014954656e-03  ,6.940078730665e+00  ,6.376655135453e+01  ,-1.146845932351e-02  
  3.082020617097e-03  ,7.603877731264e+00  ,6.377044339952e+01  ,-1.050126504150e-02  
  3.082031941980e-03  ,8.776423207482e+00  ,6.377823993914e+01  ,-8.793023942496e-03  
  3.082043350309e-03  ,9.773403970636e+00  ,6.378610745753e+01  ,-7.340622404846e-03  
  3.082051387995e-03  ,9.973481360878e+00  ,4.100644767215e+01  ,9.860753099677e+00  
  3.082059062093e-03  ,1.000031233101e+01  ,1.063757443934e+01  ,9.860927657379e+00  
  3.082063370019e-03  ,1.018879878031e+01  ,3.395379008620e+00  ,9.861843975777e+00  
  3.082067448467e-03  ,1.046804726000e+01  ,2.664249134214e+00  ,9.862921665398e+00  
  3.082069770068e-03  ,1.062543140377e+01  ,2.745430067533e+00  ,9.863570880171e+00  
  3.082072704851e-03  ,1.081640866009e+01  ,2.800644551011e+00  ,9.864395382003e+00  
  3.082078574419e-03  ,1.117323481898e+01  ,2.810307616247e+00  ,9.866046235325e+00  
  3.082090313554e-03  ,1.180038557821e+01  ,2.805319666225e+00  ,9.869352503323e+00  
  3.082110206604e-03  ,1.264665833072e+01  ,2.804772049234e+00  ,9.874959074841e+00  
  3.082149992704e-03  ,1.373764872190e+01  ,2.807351974223e+00  ,9.886176347679e+00  
  3.082229564905e-03  ,1.477408108269e+01  ,2.813100664478e+00  ,9.908607522046e+00  
  3.082343397855e-03  ,1.515500815075e+01  ,2.822039612210e+00  ,9.940688283242e+00  
  3.082496462583e-03  ,1.513806630953e+01  ,2.834289518079e+00  ,9.983809314905e+00  
  3.082750759840e-03  ,1.495629698961e+01  ,2.854695534976e+00  ,1.005540798492e+01  
  3.083179817915e-03  ,1.502324036961e+01  ,2.888929063471e+00  ,1.017609421058e+01  
  3.083701287031e-03  ,1.500857082247e+01  ,2.930522057718e+00  ,1.032257639065e+01  
  3.084744225263e-03  ,1.499345111132e+01  ,3.013517487342e+00  ,1.061489089684e+01  
  3.086830101728e-03  ,1.500587343490e+01  ,3.178754061000e+00  ,1.119693103364e+01  
  3.091001854658e-03  ,1.500045849609e+01  ,3.506326158787e+00  ,1.235074402996e+01  
  3.092010000020e-03  ,1.499971529323e+01  ,3.584904707794e+00  ,1.262752413485e+01  
  3.092011000018e-03  ,1.442250211394e+01  ,3.584835380180e+00  ,1.262779827706e+01  
  3.092013000126e-03  ,1.321479788705e+01  ,3.584604231266e+00  ,1.262834652249e+01  
  3.092017000343e-03  ,1.067346738619e+01  ,3.584160243988e+00  ,1.262944331213e+01  
  3.092020000020e-03  ,8.648545232655e+00  ,3.583887621632e+00  ,1.263026570233e+01  
  3.092020800063e-03  ,8.544856036865e+00  ,3.583942122562e+00  ,1.263048500132e+01  
  3.092022400076e-03  ,8.339974333732e+00  ,3.584137927394e+00  ,1.263092369907e+01  
  3.092025600100e-03  ,7.944775514291e+00  ,3.584663818123e+00  ,1.263180106420e+01  
  3.092032000149e-03  ,7.209260433127e+00  ,3.585758278763e+00  ,1.263355556331e+01  
  3.092044800246e-03  ,5.933487915559e+00  ,3.588712246967e+00  ,1.263706442224e+01  
  3.092058725381e-03  ,4.792693970183e+00  ,3.598564319737e+00  ,1.264088064021e+01  
  3.092067643726e-03  ,4.356514469308e+00  ,1.398152528658e+01  ,1.264268310195e+01  
  3.092076013708e-03  ,4.341970882699e+00  ,4.350734439626e+01  ,1.264274413806e+01  
  3.092082291568e-03  ,4.134676019505e+00  ,5.281445578430e+01  ,3.890939411232e-02  
  3.092085562373e-03  ,3.936822128973e+00  ,5.284379647635e+01  ,-2.060640024014e-01  
  3.092087131837e-03  ,3.843953804202e+00  ,5.282547296905e+01  ,-4.143829282796e-03  
  3.092090270767e-03  ,3.665344551344e+00  ,5.282864731533e+01  ,1.014118823203e-02  
  3.092096548626e-03  ,3.332223319106e+00  ,5.283842678831e+01  ,5.649276885701e-03  
  3.092109104345e-03  ,2.753118063888e+00  ,5.285726579401e+01  ,4.426906139304e-03  
  3.092134215781e-03  ,1.872831196435e+00  ,5.289475681171e+01  ,3.517166354141e-03  
  3.092173513124e-03  ,9.863525612276e-01  ,5.295334662640e+01  ,2.038310990093e-03  
  3.092218121240e-03  ,4.424152008369e-01  ,5.301963172808e+01  ,1.243135539778e-03  
  3.092263623426e-03  ,1.762411132640e-01  ,5.308705276160e+01  ,8.536629551472e-04  
  3.092332740972e-03  ,5.623878933985e-02  ,5.318912816967e+01  ,6.762035260916e-04  
  3.092413815210e-03  ,4.614172334501e-03  ,5.330838838869e+01  ,5.979397006709e-04  
  3.092510124395e-03  ,-7.862478499001e-03  ,5.344940415879e+01  ,5.761662340322e-04  
  3.092702742765e-03  ,-5.376956740537e-03  ,5.372931346784e+01  ,5.726284457004e-04  
  3.092993422696e-03  ,4.389839718998e-03  ,5.414635952608e+01  ,5.761641147080e-04  
  3.093574782560e-03  ,-2.547130852629e-05  ,5.496097070233e+01  ,5.485330308808e-04  
  3.094478007505e-03  ,1.129896628068e-03  ,5.617450941937e+01  ,5.178761436058e-04  
  3.095733805845e-03  ,1.471945416468e-03  ,5.775523991191e+01  ,4.748501092161e-04  
  3.098245402524e-03  ,1.203079783933e-03  ,6.053987718964e+01  ,3.922083142751e-04  
  3.102000000020e-03  ,8.927391046404e-04  ,6.375400693014e+01  ,2.766674155737e-04  
  3.102001000018e-03  ,5.775381515657e-01  ,6.375484356283e+01  ,-1.013303075459e-03  
  3.102001884868e-03  ,1.095178479887e+00  ,6.375558735167e+01  ,-2.187817402898e-03  
  3.102003654567e-03  ,2.160224281967e+00  ,6.375707208254e+01  ,-4.505251280278e-03  
  3.102007193965e-03  ,4.412587007641e+00  ,6.376002462976e+01  ,-8.959702141225e-03  
  3.102010000020e-03  ,6.312036136911e+00  ,6.376234984608e+01  ,-1.232519885841e-02  
  3.102010707900e-03  ,6.404335635570e+00  ,6.376284125019e+01  ,-1.224567332715e-02  
  3.102012123696e-03  ,6.585058332462e+00  ,6.376381347940e+01  ,-1.198550864585e-02  
  3.102014955289e-03  ,6.937423567891e+00  ,6.376575807802e+01  ,-1.147231654414e-02  
  3.102020618476e-03  ,7.601524994487e+00  ,6.376965072117e+01  ,-1.050461478860e-02  
  3.102031944848e-03  ,8.774586177012e+00  ,6.377744846541e+01  ,-8.795716667164e-03  
  3.102043354667e-03  ,9.771982583637e+00  ,6.378531718639e+01  ,-7.342686191908e-03  
  3.102051392354e-03  ,9.973424981350e+00  ,4.107664596317e+01  ,9.860759843114e+00  
  3.102059066452e-03  ,1.000023392034e+01  ,1.070616525585e+01  ,9.860931760317e+00  
  3.102063383318e-03  ,1.018819746596e+01  ,3.399313547480e+00  ,9.861847978701e+00  
  3.102067475177e-03  ,1.046833897098e+01  ,2.663326073893e+00  ,9.862927632502e+00  
  3.102069796405e-03  ,1.062569450276e+01  ,2.745181796752e+00  ,9.863576756274e+00  
  3.102072727091e-03  ,1.081640241146e+01  ,2.800641576854e+00  ,9.864400117159e+00  
  3.102078588463e-03  ,1.117275176148e+01  ,2.810342849147e+00  ,9.866048655637e+00  
  3.102090311207e-03  ,1.179917256851e+01  ,2.805327021859e+00  ,9.869350297009e+00  
  3.102110129751e-03  ,1.263560752256e+01  ,2.803967367493e+00  ,9.874938160143e+00  
  3.102149766840e-03  ,1.372857713696e+01  ,2.808104149609e+00  ,9.886113467789e+00  
  3.102229041017e-03  ,1.476936281658e+01  ,2.813084404426e+00  ,9.908460629072e+00  
  3.102346486009e-03  ,1.516349136464e+01  ,2.822280347227e+00  ,9.941559224396e+00  
  3.102519339479e-03  ,1.497806838290e+01  ,2.836191892984e+00  ,9.990253367433e+00  
  3.102675885118e-03  ,1.497089855232e+01  ,2.848705798115e+00  ,1.003433279183e+01  
  3.102988976396e-03  ,1.501193111510e+01  ,2.873699480988e+00  ,1.012243292875e+01  
  3.103615158953e-03  ,1.499231105292e+01  ,2.923665174551e+00  ,1.029839861989e+01  
  3.104713601030e-03  ,1.499816427792e+01  ,3.011082349721e+00  ,1.060632092396e+01  
  3.106910485185e-03  ,1.500018774358e+01  ,3.185106013283e+00  ,1.121929547948e+01  
  3.111304253496e-03  ,1.499992882527e+01  ,3.529918134604e+00  ,1.243384235476e+01  
  3.112010000020e-03  ,1.500001323774e+01  ,3.584903055033e+00  ,1.262751854486e+01  
  3.112011000018e-03  ,1.442323030607e+01  ,3.584833532508e+00  ,1.262779268712e+01  
  3.112013000126e-03  ,1.321550463774e+01  ,3.584602311629e+00  ,1.262834093258e+01  
  3.112017000343e-03  ,1.067413276141e+01  ,3.584158298839e+00  ,1.262943772230e+01  
  3.112020000020e-03  ,8.649181007774e+00  ,3.583885675985e+00  ,1.263026011256e+01  
  3.112020800063e-03  ,8.545484189341e+00  ,3.583940169016e+00  ,1.263047941158e+01  
  3.112022400076e-03  ,8.340587424401e+00  ,3.584135959494e+00  ,1.263091810934e+01  
  3.112025600100e-03  ,7.945359551868e+00  ,3.584661818565e+00  ,1.263179547451e+01  
  3.112032000149e-03  ,7.209790398489e+00  ,3.585756178557e+00  ,1.263354997378e+01  
  3.112044800246e-03  ,5.933924083668e+00  ,3.588709562408e+00  ,1.263705883301e+01  
  3.112058726871e-03  ,4.792935167711e+00  ,3.598556922877e+00  ,1.264087546017e+01  
  3.112067645216e-03  ,4.356531337320e+00  ,1.397007002512e+01  ,1.264267882678e+01  
  3.112076016689e-03  ,4.341960022903e+00  ,4.349935445360e+01  ,1.264274047401e+01  
  3.112082296038e-03  ,4.134716792181e+00  ,5.281495008128e+01  ,3.933116333322e-02  
  3.112085567215e-03  ,3.936840586675e+00  ,5.284434644497e+01  ,-2.061826945432e-01  
  3.112087136494e-03  ,3.843982479853e+00  ,5.282601133574e+01  ,-4.151623910665e-03  
  3.112090275051e-03  ,3.665392613154e+00  ,5.282918402102e+01  ,1.014400697623e-02  
  3.112096552165e-03  ,3.332304841783e+00  ,5.283896258038e+01  ,5.649543032523e-03  
  3.112109106393e-03  ,2.751653145712e+00  ,5.285775058696e+01  ,4.594427472674e-03  
  3.112134214850e-03  ,1.862057325239e+00  ,5.289524926616e+01  ,3.314588860203e-03  
  3.112175371857e-03  ,9.415048986469e-01  ,5.295657170044e+01  ,1.972152959264e-03  
  3.112221362801e-03  ,4.554933183227e-01  ,5.302489259126e+01  ,1.262159959002e-03  
  3.112269457789e-03  ,1.918274445963e-01  ,5.309613619657e+01  ,8.761513028450e-04  
  3.112324359627e-03  ,8.008732002034e-02  ,5.317722428578e+01  ,7.112640167344e-04  
  3.112413051339e-03  ,6.894939475782e-03  ,5.330772195836e+01  ,6.012863392364e-04  
  3.112507846566e-03  ,2.597326470706e-03  ,5.344653029179e+01  ,5.914924957917e-04  
  3.112697437020e-03  ,7.902110337218e-04  ,5.372209334220e+01  ,5.818064196961e-04  
  3.112919023247e-03  ,1.962720853991e-03  ,5.404068427745e+01  ,5.753612986069e-04  
  3.113362195702e-03  ,1.917960020601e-03  ,5.466655564367e+01  ,5.590414905080e-04  
  3.114248540612e-03  ,1.421835247645e-03  ,5.587271846045e+01  ,5.265831591358e-04  
  3.116021230431e-03  ,1.581786636158e-03  ,5.810004325898e+01  ,4.653401843896e-04  
  3.119566610070e-03  ,9.471815944903e-04  ,6.180107238499e+01  ,3.496087639406e-04  
  3.122000000020e-03  ,1.006480604111e-03  ,6.375413929406e+01  ,2.787611882062e-04  
  3.122001000018e-03  ,5.776502372385e-01  ,6.375497588610e+01  ,-1.012271645286e-03  
  3.122001884774e-03  ,1.095233952331e+00  ,6.375571959488e+01  ,-2.187934118055e-03  
  3.122003654287e-03  ,2.160160228363e+00  ,6.375720387527e+01  ,-4.504834940903e-03  
  3.122007193313e-03  ,4.412259009400e+00  ,6.376015558115e+01  ,-8.958803887364e-03  
  3.122010000020e-03  ,6.311349955766e+00  ,6.376248101910e+01  ,-1.232626548541e-02  
  3.122010707825e-03  ,6.403647129351e+00  ,6.376297226388e+01  ,-1.224673090466e-02  
  3.122012123435e-03  ,6.586280512633e+00  ,6.376394428736e+01  ,-1.198674165467e-02  
  3.122014954656e-03  ,6.940078535843e+00  ,6.376588778462e+01  ,-1.146850400025e-02  
  3.122020617097e-03  ,7.603877539559e+00  ,6.376977908888e+01  ,-1.050130969366e-02  
  3.122031941980e-03  ,8.776423021288e+00  ,6.377757414747e+01  ,-8.793068564570e-03  
  3.122043350309e-03  ,9.773403789140e+00  ,6.378544017454e+01  ,-7.340666992505e-03  
  3.122051387995e-03  ,9.973477677292e+00  ,4.100548892729e+01  ,9.860037261486e+00  
  3.122059062093e-03  ,1.000030907521e+01  ,1.063662526218e+01  ,9.860211871721e+00  
  3.122063370019e-03  ,1.018880838403e+01  ,3.395127167595e+00  ,9.861128186003e+00  
  3.122067448467e-03  ,1.046805694294e+01  ,2.664053284849e+00  ,9.862205912278e+00  
  3.122069770068e-03  ,1.062544070952e+01  ,2.745228709162e+00  ,9.862855131253e+00  
  3.122072704851e-03  ,1.081641754230e+01  ,2.800440752165e+00  ,9.863679639093e+00  
  3.122078574419e-03  ,1.117324295097e+01  ,2.810104016009e+00  ,9.865330504508e+00  
  3.122090313554e-03  ,1.180039238437e+01  ,2.805116366442e+00  ,9.868636796513e+00  
  3.122110206604e-03  ,1.264666334001e+01  ,2.804568807754e+00  ,9.874243408553e+00  
  3.122149992704e-03  ,1.373765140965e+01  ,2.807148788603e+00  ,9.885460762242e+00  
  3.122229564905e-03  ,1.477408156450e+01  ,2.812897550774e+00  ,9.907892098263e+00  
  3.122343397855e-03  ,1.515500782151e+01  ,2.821836569903e+00  ,9.939973090635e+00  
  3.122496462583e-03  ,1.513806601617e+01  ,2.834086563731e+00  ,9.983094433021e+00  
  3.122750759840e-03  ,1.495629708314e+01  ,2.854492724434e+00  ,1.005469361896e+01  
  3.123179817915e-03  ,1.502324032068e+01  ,2.888726500842e+00  ,1.017538071426e+01  
  3.123701287031e-03  ,1.500857080474e+01  ,2.930319794550e+00  ,1.032186394987e+01  
  3.124744225263e-03  ,1.499345112578e+01  ,3.013315821981e+00  ,1.061418056240e+01  
  3.126830101728e-03  ,1.500587342291e+01  ,3.178553586562e+00  ,1.119622489328e+01  
  3.131001854658e-03  ,1.500045849562e+01  ,3.506128044750e+00  ,1.235004620375e+01  
  3.132010000020e-03  ,1.499971529428e+01  ,3.584707159960e+00  ,1.262682830306e+01  
  3.132011000018e-03  ,1.442250211645e+01  ,3.584637834074e+00  ,1.262710244725e+01  
  3.132013000126e-03  ,1.321479788951e+01  ,3.584406686315e+00  ,1.262765069663e+01  
  3.132017000343e-03  ,1.067346738850e+01  ,3.583962697541e+00  ,1.262874749417e+01  
  3.132020000020e-03  ,8.648545234497e+00  ,3.583690070935e+00  ,1.262956989030e+01  
  3.132020800063e-03  ,8.544856038642e+00  ,3.583744569197e+00  ,1.262978919087e+01  
  3.132022400076e-03  ,8.339974335382e+00  ,3.583940369018e+00  ,1.263022789178e+01  
  3.132025600100e-03  ,7.944775515710e+00  ,3.584466251868e+00  ,1.263110526323e+01  
  3.132032000149e-03  ,7.209260434029e+00  ,3.585560692041e+00  ,1.263285977499e+01  
  3.132044800246e-03  ,5.933487914781e+00  ,3.588514572140e+00  ,1.263636865921e+01  
  3.132058725381e-03  ,4.792693961061e+00  ,3.598366125525e+00  ,1.264018490476e+01  
  3.132067643726e-03  ,4.356510158633e+00  ,1.398106808809e+01  ,1.264198742024e+01  
  3.132076013708e-03  ,4.341966610393e+00  ,4.350685366178e+01  ,1.264204848322e+01  
  3.132082291568e-03  ,4.134669512567e+00  ,5.281389942924e+01  ,3.889706743423e-02  
  3.132085562373e-03  ,3.936815886002e+00  ,5.284323845001e+01  ,-2.060634955888e-01  
  3.132087131837e-03  ,3.843947705267e+00  ,5.282491477596e+01  ,-4.143847803693e-03  
  3.132090270767e-03  ,3.665338727894e+00  ,5.282808872239e+01  ,1.014114311447e-02  
  3.132096548626e-03  ,3.332218010445e+00  ,5.283786739084e+01  ,5.649223342640e-03  
  3.132109104345e-03  ,2.753113651450e+00  ,5.285670478001e+01  ,4.426852467867e-03  
  3.132134215781e-03  ,1.872828146345e+00  ,5.289419256593e+01  ,3.517116156502e-03  
  3.132173513124e-03  ,9.863508831346e-01  ,5.295277732838e+01  ,2.038262192817e-03  
  3.132218121240e-03  ,4.424143646820e-01  ,5.301905670217e+01  ,1.243088076798e-03  
  3.132263623426e-03  ,1.762406892143e-01  ,5.308647190090e+01  ,8.536162134566e-04  
  3.132332740972e-03  ,5.623855130179e-02  ,5.318853846129e+01  ,6.761572369841e-04  
  3.132413815210e-03  ,4.614014549748e-03  ,5.330778832569e+01  ,5.978937422869e-04  
  3.132510124395e-03  ,-7.862616540720e-03  ,5.344879182865e+01  ,5.761205563669e-04  
  3.132702742765e-03  ,-5.377097751417e-03  ,5.372867671245e+01  ,5.725832635952e-04  
  3.132993422696e-03  ,4.389684932358e-03  ,5.414568618784e+01  ,5.761196503989e-04  
  3.133574782560e-03  ,-2.561653563875e-05  ,5.496022521600e+01  ,5.484900254851e-04  
  3.134478007505e-03  ,1.129753977107e-03  ,5.617365460866e+01  ,5.178352987244e-04  
  3.135733805845e-03  ,1.471808544136e-03  ,5.775423888727e+01  ,4.748120683252e-04  
  3.138245402524e-03  ,1.202956685990e-03  ,6.053860486331e+01  ,3.921752554526e-04  
  3.142000000020e-03  ,8.926379244104e-04  ,6.375238494382e+01  ,2.766409497762e-04  
  3.142001000018e-03  ,5.775380506519e-01  ,6.375322149269e+01  ,-1.013328993803e-03  
  3.142001884774e-03  ,1.095123255883e+00  ,6.375396512917e+01  ,-2.187720152458e-03  
  3.142003654287e-03  ,2.160052463597e+00  ,6.375544955619e+01  ,-4.504916682843e-03  
  3.142007193313e-03  ,4.412156881371e+00  ,6.375840149917e+01  ,-8.958929724377e-03  
  3.142010000020e-03  ,6.311252089602e+00  ,6.376072712402e+01  ,-1.232638192902e-02  
  3.142010707825e-03  ,6.403550303529e+00  ,6.376121841518e+01  ,-1.224684464997e-02  
  3.142012123435e-03  ,6.586185745379e+00  ,6.376219053061e+01  ,-1.198685617115e-02  
  3.142014954656e-03  ,6.939987756533e+00  ,6.376413421635e+01  ,-1.146861068378e-02  
  3.142020617097e-03  ,7.603794242417e+00  ,6.376802589416e+01  ,-1.050140483796e-02  
  3.142031941980e-03  ,8.776352940775e+00  ,6.377582170048e+01  ,-8.793144357717e-03  
  3.142043350309e-03  ,9.773344946327e+00  ,6.378368848123e+01  ,-7.340727033898e-03  
  3.142051387995e-03  ,9.973476918645e+00  ,4.100679344720e+01  ,9.860182518703e+00  
  3.142059062093e-03  ,1.000030897846e+01  ,1.063798244707e+01  ,9.860357139340e+00  
  3.142063370764e-03  ,1.018883788445e+01  ,3.395145540290e+00  ,9.861273460287e+00  
  3.142067449212e-03  ,1.046808501159e+01  ,2.664116264716e+00  ,9.862351220203e+00  
  3.142069770813e-03  ,1.062546763903e+01  ,2.745277210616e+00  ,9.863000436609e+00  
  3.142072705969e-03  ,1.081646687667e+01  ,2.800483824388e+00  ,9.863825046472e+00  
  3.142078576281e-03  ,1.117333144407e+01  ,2.810144142330e+00  ,9.865476118407e+00  
  3.142090316906e-03  ,1.179895126540e+01  ,2.799674207925e+00  ,9.868786168464e+00  
  3.142102589503e-03  ,1.234703266042e+01  ,2.803879564858e+00  ,9.872246612771e+00  
  3.142127134695e-03  ,1.317973025659e+01  ,2.806105626487e+00  ,9.879167154477e+00  
  3.142176225081e-03  ,1.416739887165e+01  ,2.808512117459e+00  ,9.893007033507e+00  
  3.142274405852e-03  ,1.497760634267e+01  ,2.816424868286e+00  ,9.920681475104e+00  
  3.142402722731e-03  ,1.499974985285e+01  ,2.826704337762e+00  ,9.956839164617e+00  
  3.142628290549e-03  ,1.500013545400e+01  ,2.844716745805e+00  ,1.002036873624e+01  
  3.142867805853e-03  ,1.500011996673e+01  ,2.863867178722e+00  ,1.008778200653e+01  
  3.143346836462e-03  ,1.500020783784e+01  ,2.902105730988e+00  ,1.022247113025e+01  
  3.144304897681e-03  ,1.500025720314e+01  ,2.978426925286e+00  ,1.049130072393e+01  
  3.146221020117e-03  ,1.500034970878e+01  ,3.130448142432e+00  ,1.102677191660e+01  
  3.150053264990e-03  ,1.500036930080e+01  ,3.432023072424e+00  ,1.208902284437e+01  
  3.152010000020e-03  ,1.499974988350e+01  ,3.584744839032e+00  ,1.262696092602e+01  
  3.152011000018e-03  ,1.442073093068e+01  ,3.584676078013e+00  ,1.262723507115e+01  
  3.152013000126e-03  ,1.321307885623e+01  ,3.584445138841e+00  ,1.262778331235e+01  
  3.152017000343e-03  ,1.067184899308e+01  ,3.584001221481e+00  ,1.262888011445e+01  
  3.152020000020e-03  ,8.646998835552e+00  ,3.583728595395e+00  ,1.262970250943e+01  
  3.152020800063e-03  ,8.543328180298e+00  ,3.583783113635e+00  ,1.262992180964e+01  
  3.152022400076e-03  ,8.338483111963e+00  ,3.583978949484e+00  ,1.263036050998e+01  
  3.152025600100e-03  ,7.943354958296e+00  ,3.584504910680e+00  ,1.263123788025e+01  
  3.152032000149e-03  ,7.207971396794e+00  ,3.585599599404e+00  ,1.263299238947e+01  
  3.152044800246e-03  ,5.932427021332e+00  ,3.588554917397e+00  ,1.263650126861e+01  
  3.152058725381e-03  ,4.791837370013e+00  ,3.598425046569e+00  ,1.264031750685e+01  
  3.152067642236e-03  ,4.356457804248e+00  ,1.401654132495e+01  ,1.264211687140e+01  
  3.152076010728e-03  ,4.341999993744e+00  ,4.354298372668e+01  ,1.264217560842e+01  
  3.152082283372e-03  ,4.134436789427e+00  ,5.281528476561e+01  ,3.704900255851e-02  
  3.152085553432e-03  ,3.936631411162e+00  ,5.284438204318e+01  ,-2.055544037082e-01  
  3.152087123455e-03  ,3.843735848026e+00  ,5.282610773130e+01  ,-4.110483519770e-03  
  3.152090263503e-03  ,3.665074548072e+00  ,5.282928788801e+01  ,1.012959756383e-02  
  3.152096543597e-03  ,3.331864325040e+00  ,5.283906879793e+01  ,5.648073725429e-03  
  3.152109103786e-03  ,2.751036050816e+00  ,5.285786412828e+01  ,4.593547459768e-03  
  3.152134224163e-03  ,1.861275788526e+00  ,5.289537761830e+01  ,3.313406152127e-03  
  3.152175363289e-03  ,9.413973925742e-01  ,5.295666854826e+01  ,1.971950709590e-03  
  3.152221354233e-03  ,4.554413405966e-01  ,5.302498407858e+01  ,1.262038909452e-03  
  3.152269449221e-03  ,1.918055913466e-01  ,5.309622208727e+01  ,8.760741624831e-04  
  3.152324357020e-03  ,8.006966918590e-02  ,5.317731258633e+01  ,7.111929256387e-04  
  3.152413048731e-03  ,6.891667728406e-03  ,5.330779992812e+01  ,6.012363784732e-04  
  3.152507855879e-03  ,2.596360111297e-03  ,5.344661465248e+01  ,5.914456967917e-04  
  3.152697470175e-03  ,7.905184187084e-04  ,5.372219003058e+01  ,5.817609961841e-04  
  3.152919080244e-03  ,1.962510675421e-03  ,5.404078885382e+01  ,5.753147505590e-04  
  3.153362300383e-03  ,1.917697314779e-03  ,5.466667390255e+01  ,5.589941129100e-04  
  3.154248740660e-03  ,1.421761773948e-03  ,5.587285565958e+01  ,5.265346104917e-04  
  3.156021621214e-03  ,1.581554043721e-03  ,5.810018433134e+01  ,4.652886516857e-04  
  3.159567382323e-03  ,9.470516887510e-04  ,6.180108551259e+01  ,3.495525084568e-04  
  3.162000000020e-03  ,1.006315842669e-03  ,6.375323352875e+01  ,2.787326133107e-04  
  3.162001000018e-03  ,5.776500736432e-01  ,6.375407003354e+01  ,-1.012299888509e-03  
  3.162001884774e-03  ,1.095233789521e+00  ,6.375481366524e+01  ,-2.187962930342e-03  
  3.162003654287e-03  ,2.160160067093e+00  ,6.375629779131e+01  ,-4.504863622299e-03  
  3.162007193313e-03  ,4.412258851091e+00  ,6.375924918860e+01  ,-8.958832557503e-03  
  3.162010000020e-03  ,6.311349799694e+00  ,6.376157438183e+01  ,-1.232629416497e-02  
  3.162010707825e-03  ,6.403646973824e+00  ,6.376206556481e+01  ,-1.224675999191e-02  
  3.162012123435e-03  ,6.586280358183e+00  ,6.376303746461e+01  ,-1.198677082110e-02  
  3.162014954656e-03  ,6.940078383479e+00  ,6.376498071450e+01  ,-1.146853312260e-02  
  3.162020617097e-03  ,7.603877391110e+00  ,6.376887152414e+01  ,-1.050133879401e-02  
  3.162031941980e-03  ,8.776422879761e+00  ,6.377666559387e+01  ,-8.793097634016e-03  
  3.162043350309e-03  ,9.773403653508e+00  ,6.378453062535e+01  ,-7.340696029717e-03  
  3.162051387995e-03  ,9.973475157021e+00  ,4.100437722019e+01  ,9.859511171604e+00  
  3.162059062093e-03  ,1.000030724987e+01  ,1.063554835262e+01  ,9.859685850546e+00  
  3.162063370019e-03  ,1.018882234623e+01  ,3.394911982465e+00  ,9.860602156054e+00  
  3.162067448467e-03  ,1.046807093066e+01  ,2.663912603955e+00  ,9.861679922975e+00  
  3.162069770068e-03  ,1.062545417574e+01  ,2.745082648088e+00  ,9.862329144909e+00  
  3.162072705224e-03  ,1.081645405546e+01  ,2.800292988155e+00  ,9.863153761263e+00  
  3.162078575536e-03  ,1.117331973736e+01  ,2.809953947668e+00  ,9.864804844942e+00  
  3.162090316161e-03  ,1.179894146467e+01  ,2.799483110776e+00  ,9.868114917369e+00  
  3.162102587267e-03  ,1.234696340058e+01  ,2.803688809119e+00  ,9.871574964935e+00  
  3.162127129480e-03  ,1.317959749544e+01  ,2.805914839066e+00  ,9.878494713186e+00  
  3.162176213905e-03  ,1.416725074600e+01  ,2.808320766512e+00  ,9.892333005585e+00  
  3.162274382755e-03  ,1.497752033253e+01  ,2.816232644055e+00  ,9.920004275255e+00  
  3.162402699634e-03  ,1.499974868189e+01  ,2.826512153121e+00  ,9.956162211398e+00  
  3.162628243610e-03  ,1.500013574635e+01  ,2.844522771461e+00  ,1.001968550361e+01  
  3.162867758915e-03  ,1.500012021504e+01  ,2.863673339373e+00  ,1.008709923833e+01  
  3.163346789524e-03  ,1.500020842919e+01  ,2.901912154975e+00  ,1.022178928997e+01  
  3.164304850742e-03  ,1.500025798960e+01  ,2.978233875001e+00  ,1.049062073571e+01  
  3.166220973178e-03  ,1.500035085926e+01  ,3.130256139328e+00  ,1.102609561743e+01  
  3.170053218052e-03  ,1.500037053295e+01  ,3.431833147000e+00  ,1.208835386341e+01  
  3.172010000020e-03  ,1.499974880670e+01  ,3.584559620270e+00  ,1.262630851964e+01  
  3.172011000018e-03  ,1.442072049401e+01  ,3.584490863935e+00  ,1.262658266663e+01  
  3.172013000126e-03  ,1.321306872687e+01  ,3.584259926979e+00  ,1.262713091149e+01  
  3.172017000343e-03  ,1.067183945668e+01  ,3.583816008600e+00  ,1.262822772104e+01  
  3.172020000020e-03  ,8.646989723308e+00  ,3.583543378542e+00  ,1.262905012157e+01  
  3.172020800063e-03  ,8.543319177266e+00  ,3.583597894392e+00  ,1.262926942326e+01  
  3.172022400076e-03  ,8.338474324725e+00  ,3.583793725744e+00  ,1.262970812656e+01  
  3.172025600100e-03  ,7.943346587325e+00  ,3.584319680001e+00  ,1.263058550276e+01  
  3.172032000149e-03  ,7.207963800474e+00  ,3.585414350963e+00  ,1.263234002384e+01  
  3.172044800246e-03  ,5.932420768038e+00  ,3.588369594649e+00  ,1.263584892670e+01  
  3.172058725381e-03  ,4.791832312964e+00  ,3.598239344788e+00  ,1.263966519078e+01  
  3.172067642236e-03  ,4.356453411605e+00  ,1.401635361898e+01  ,1.264146458669e+01  
  3.172076010728e-03  ,4.341996197306e+00  ,4.354280426098e+01  ,1.264152333651e+01  
  3.172082283372e-03  ,4.134446518858e+00  ,5.281595542096e+01  ,3.711913401572e-02  
  3.172085553432e-03  ,3.936640896134e+00  ,5.284506110615e+01  ,-2.055707387531e-01  
  3.172087123455e-03  ,3.843745079698e+00  ,5.282678498854e+01  ,-4.111545218196e-03  
  3.172090263503e-03  ,3.665083344262e+00  ,5.282996455531e+01  ,1.012983879266e-02  
  3.172096543597e-03  ,3.331872309830e+00  ,5.283974457912e+01  ,5.648039721638e-03  
  3.172109103786e-03  ,2.751042615544e+00  ,5.285853807938e+01  ,4.593495684950e-03  
  3.172134224163e-03  ,1.861280174462e+00  ,5.289604790411e+01  ,3.313352282346e-03  
  3.172175363289e-03  ,9.413995238584e-01  ,5.295733283210e+01  ,1.971893712162e-03  
  3.172221354233e-03  ,4.554422790920e-01  ,5.302564165469e+01  ,1.261980301605e-03  
  3.172269449221e-03  ,1.918058827956e-01  ,5.309687265256e+01  ,8.760147488846e-04  
  3.172324357020e-03  ,8.006968647877e-02  ,5.317795515257e+01  ,7.111332635126e-04  
  3.172413048731e-03  ,6.891505594497e-03  ,5.330842958477e+01  ,6.011767014267e-04  
  3.172507855879e-03  ,2.596187656221e-03  ,5.344723052488e+01  ,5.913862610801e-04  
  3.172697470175e-03  ,7.903419862881e-04  ,5.372277838363e+01  ,5.817020710413e-04  
  3.172919080244e-03  ,1.962337666413e-03  ,5.404134512841e+01  ,5.752564155347e-04  
  3.173362300383e-03  ,1.917525332754e-03  ,5.466716630737e+01  ,5.589369414814e-04  
  3.174248740660e-03  ,1.421591024710e-03  ,5.587322154430e+01  ,5.264796288903e-04  
  3.176021621214e-03  ,1.581389260793e-03  ,5.810030268617e+01  ,4.652377360728e-04  
  3.179567382323e-03  ,9.468989264936e-04  ,6.180073538651e+01  ,3.495085622500e-04  
  3.182000000020e-03  ,1.006174146001e-03  ,6.375258554991e+01  ,2.786923074159e-04  
  3.182001000018e-03  ,5.776499319487e-01  ,6.375342193680e+01  ,-1.012339750637e-03  
  3.182001884774e-03  ,1.095233647830e+00  ,6.375416546421e+01  ,-2.188002722954e-03  
  3.182003654287e-03  ,2.160159925409e+00  ,6.375564938175e+01  ,-4.504903435245e-03  
  3.182007193313e-03  ,4.412258709420e+00  ,6.375860036196e+01  ,-8.958872384460e-03  
  3.182010000020e-03  ,6.311349658034e+00  ,6.376092522441e+01  ,-1.232633399938e-02  
  3.182010707825e-03  ,6.403646832165e+00  ,6.376141632386e+01  ,-1.224680014890e-02  
  3.182012123435e-03  ,6.586280216523e+00  ,6.376238805652e+01  ,-1.198681104192e-02  
  3.182014954656e-03  ,6.940078241818e+00  ,6.376433097213e+01  ,-1.146857331012e-02  
  3.182020617097e-03  ,7.603877249449e+00  ,6.376822111330e+01  ,-1.050137896294e-02  
  3.182031941980e-03  ,8.776422738107e+00  ,6.377601384651e+01  ,-8.793137782382e-03  
  3.182043350309e-03  ,9.773403511868e+00  ,6.378387753219e+01  ,-7.340736152678e-03  
  3.182051387995e-03  ,9.973471827034e+00  ,4.100345908334e+01  ,9.858859897290e+00  
  3.182059062093e-03  ,1.000030435135e+01  ,1.063464200384e+01  ,9.859034627368e+00  
  3.182063370019e-03  ,1.018883186192e+01  ,3.394679455469e+00  ,9.859950928488e+00  
  3.182067448467e-03  ,1.046808051482e+01  ,2.663734785963e+00  ,9.861028730328e+00  
  3.182069770440e-03  ,1.062548805406e+01  ,2.744899527270e+00  ,9.861678058151e+00  
  3.182072705596e-03  ,1.081648643008e+01  ,2.800105814667e+00  ,9.862502679883e+00  
  3.182078575909e-03  ,1.117334937563e+01  ,2.809768233425e+00  ,9.864153774487e+00  
  3.182090316534e-03  ,1.179896626942e+01  ,2.799298617111e+00  ,9.867463868677e+00  
  3.182102587640e-03  ,1.234698395618e+01  ,2.803503929232e+00  ,9.870923938927e+00  
  3.182127129853e-03  ,1.317961160007e+01  ,2.805729938177e+00  ,9.877843732552e+00  
  3.182176214277e-03  ,1.416725719953e+01  ,2.808136000004e+00  ,9.891682115677e+00  
  3.182274383127e-03  ,1.497752050775e+01  ,2.816047906927e+00  ,9.919353566738e+00  
  3.182402700007e-03  ,1.499974868463e+01  ,2.826327482327e+00  ,9.955511739888e+00  
  3.182628243983e-03  ,1.500013574610e+01  ,2.844338220200e+00  ,1.001903544848e+01  
  3.182867759287e-03  ,1.500012021490e+01  ,2.863488912917e+00  ,1.008644962508e+01  
  3.183346789896e-03  ,1.500020842836e+01  ,2.901727979176e+00  ,1.022114055958e+01  
  3.184304851114e-03  ,1.500025798839e+01  ,2.978050199497e+00  ,1.048997376744e+01  
  3.186220973551e-03  ,1.500035085732e+01  ,3.130073460333e+00  ,1.102545215906e+01  
  3.190053218424e-03  ,1.500037053084e+01  ,3.431652444827e+00  ,1.208771736787e+01  
  3.192010000020e-03  ,1.499974880922e+01  ,3.584379890187e+00  ,1.262567544812e+01  
  3.192011000018e-03  ,1.442072051565e+01  ,3.584311135395e+00  ,1.262594959690e+01  
  3.192013000126e-03  ,1.321306874788e+01  ,3.584080199482e+00  ,1.262649784536e+01  
  3.192017000343e-03  ,1.067183947642e+01  ,3.583636279741e+00  ,1.262759466210e+01  
  3.192020000020e-03  ,8.646989742087e+00  ,3.583363645814e+00  ,1.262841706802e+01  
  3.192020800063e-03  ,8.543319195780e+00  ,3.583418159235e+00  ,1.262863637115e+01  
  3.192022400076e-03  ,8.338474342719e+00  ,3.583613986025e+00  ,1.262907507733e+01  
  3.192025600100e-03  ,7.943346604327e+00  ,3.584139933107e+00  ,1.262995245928e+01  
  3.192032000149e-03  ,7.207963815550e+00  ,3.585234585432e+00  ,1.263170699186e+01  
  3.192044800246e-03  ,5.932420779062e+00  ,3.588189748864e+00  ,1.263521591774e+01  
  3.192058725381e-03  ,4.791832314119e+00  ,3.598059025136e+00  ,1.263903220690e+01  
  3.192067642236e-03  ,4.356449489770e+00  ,1.401593716151e+01  ,1.264083165160e+01  
  3.192076010728e-03  ,4.341992311737e+00  ,4.354235738589e+01  ,1.264089042593e+01  
  3.192082283372e-03  ,4.134439970962e+00  ,5.281541193295e+01  ,3.710466436580e-02  
  3.192085553432e-03  ,3.936634607713e+00  ,5.284451569502e+01  ,-2.055695660858e-01  
  3.192087123455e-03  ,3.843738937850e+00  ,5.282623949506e+01  ,-4.111517871277e-03  
  3.192090263503e-03  ,3.665077480661e+00  ,5.282941870618e+01  ,1.012978526722e-02  
  3.192096543597e-03  ,3.331866966050e+00  ,5.283919800156e+01  ,5.647990158054e-03  
  3.192109103786e-03  ,2.751038178819e+00  ,5.285799004234e+01  ,4.593447377432e-03  
  3.192134224163e-03  ,1.861277127954e+00  ,5.289549694737e+01  ,3.313306092566e-03  
  3.192175363289e-03  ,9.413979151279e-01  ,5.295677709713e+01  ,1.971849715988e-03  
  3.192221354233e-03  ,4.554414303725e-01  ,5.302508058403e+01  ,1.261937520701e-03  
  3.192269449221e-03  ,1.918054464847e-01  ,5.309630601018e+01  ,8.759726840559e-04  
  3.192324357020e-03  ,8.006942510038e-02  ,5.317738215934e+01  ,7.110915839127e-04  
  3.192413048731e-03  ,6.891359002198e-03  ,5.330784635597e+01  ,6.011354012919e-04  
  3.192507855879e-03  ,2.596048175030e-03  ,5.344663638605e+01  ,5.913451947097e-04  
  3.192697470175e-03  ,7.902061247324e-04  ,5.372216252243e+01  ,5.816614573537e-04  
  3.192919080244e-03  ,1.962200911261e-03  ,5.404070404536e+01  ,5.752163103513e-04  
  3.193362300383e-03  ,1.917390551385e-03  ,5.466647532566e+01  ,5.588978508161e-04  
  3.194248740660e-03  ,1.421460927929e-03  ,5.587243298722e+01  ,5.264424646563e-04  
  3.196021621214e-03  ,1.581267106468e-03  ,5.809932822754e+01  ,4.652041679676e-04  
  3.199567382323e-03  ,9.467953818522e-04  ,6.179942850264e+01  ,3.494812625144e-04  
  3.202000000020e-03  ,1.006083400875e-03  ,6.375108243896e+01  ,2.786684565277e-04  
  3.202001000018e-03  ,5.776498412145e-01  ,6.375191875081e+01  ,-1.012362854542e-03  
  3.202001884681e-03  ,1.095178434034e+00  ,6.375266213369e+01  ,-2.187902614117e-03  
  3.202003654008e-03  ,2.159988118450e+00  ,6.375414576302e+01  ,-4.504566013818e-03  
  3.202007192661e-03  ,4.411828599648e+00  ,6.375709617028e+01  ,-8.958097132069e-03  
  3.202010000020e-03  ,6.311348984723e+00  ,6.375942136394e+01  ,-1.232635796423e-02  
  3.202010707751e-03  ,6.403636552793e+00  ,6.375991235915e+01  ,-1.224683842549e-02  
  3.202012123175e-03  ,6.586246378069e+00  ,6.376088385771e+01  ,-1.198688433834e-02  
  3.202014954023e-03  ,6.940000235575e+00  ,6.376282630477e+01  ,-1.146871060492e-02  
  3.202020615719e-03  ,7.603721912597e+00  ,6.376671550808e+01  ,-1.050162902572e-02  
  3.202031939111e-03  ,8.776149296732e+00  ,6.377450636331e+01  ,-8.793559766232e-03  
  3.202043345950e-03  ,9.773052484425e+00  ,6.378236816210e+01  ,-7.341271173040e-03  
  3.202051382147e-03  ,9.973451939130e+00  ,4.102576481297e+01  ,9.858332651857e+00  
  3.202059054754e-03  ,1.000026754411e+01  ,1.066197369622e+01  ,9.858506102255e+00  
  3.202063364915e-03  ,1.018849254232e+01  ,3.396330206976e+00  ,9.859422548116e+00  
  3.202067447088e-03  ,1.046799067995e+01  ,2.663242819627e+00  ,9.860500575105e+00  
  3.202069767944e-03  ,1.062532926569e+01  ,2.744631623269e+00  ,9.861149607940e+00  
  3.202072700493e-03  ,1.081616997890e+01  ,2.799945717839e+00  ,9.861973509560e+00  
  3.202078565590e-03  ,1.117275618903e+01  ,2.809634081649e+00  ,9.863623143360e+00  
  3.202090295784e-03  ,1.179795922228e+01  ,2.799137481799e+00  ,9.866930313265e+00  
  3.202102544538e-03  ,1.234522861398e+01  ,2.803350702279e+00  ,9.870384099945e+00  
  3.202127042047e-03  ,1.317712732089e+01  ,2.805576453230e+00  ,9.877291326901e+00  
  3.202176037065e-03  ,1.416480726208e+01  ,2.807971808591e+00  ,9.891104581212e+00  
  3.202274027101e-03  ,1.497622061404e+01  ,2.815870190011e+00  ,9.918725795697e+00  
  3.202402296297e-03  ,1.499972655374e+01  ,2.826145577046e+00  ,9.954870762787e+00  
  3.202627458803e-03  ,1.500014128774e+01  ,2.844125807904e+00  ,1.001828747551e+01  
  3.202866783373e-03  ,1.500012488495e+01  ,2.863261467735e+00  ,1.008564849409e+01  
  3.203345432512e-03  ,1.500021957227e+01  ,2.901470410159e+00  ,1.022023332995e+01  
  3.204302730791e-03  ,1.500027281152e+01  ,2.977732631874e+00  ,1.048885520864e+01  
  3.206217327349e-03  ,1.500037254617e+01  ,3.129636877082e+00  ,1.102391439855e+01  
  3.210046520464e-03  ,1.500039376564e+01  ,3.430981721325e+00  ,1.208535488689e+01  
  3.212010000020e-03  ,1.499972836878e+01  ,3.584234240344e+00  ,1.262516238393e+01  
  3.212011000018e-03  ,1.442051404795e+01  ,3.584165548093e+00  ,1.262543653432e+01  
  3.212013000126e-03  ,1.321286835960e+01  ,3.583934635627e+00  ,1.262598478486e+01  
  3.212017000343e-03  ,1.067165081948e+01  ,3.583490722491e+00  ,1.262708160810e+01  
  3.212020000020e-03  ,8.646809477744e+00  ,3.583218085629e+00  ,1.262790401839e+01  
  3.212020800063e-03  ,8.543141092690e+00  ,3.583272599304e+00  ,1.262812332268e+01  
  3.212022400076e-03  ,8.338300510112e+00  ,3.583468426451e+00  ,1.262856203120e+01  
  3.212025600100e-03  ,7.943181009174e+00  ,3.583994376692e+00  ,1.262943941781e+01  
  3.212032000149e-03  ,7.207813551483e+00  ,3.585089042442e+00  ,1.263119395970e+01  
  3.212044800246e-03  ,5.932297108738e+00  ,3.588044306635e+00  ,1.263470290420e+01  
  3.212058725381e-03  ,4.791732453309e+00  ,3.597915357087e+00  ,1.263851921345e+01  
  3.212067643726e-03  ,4.356433072874e+00  ,1.402586964268e+01  ,1.264031819194e+01  
  3.212076013708e-03  ,4.341995901397e+00  ,4.355910372779e+01  ,1.264037603797e+01  
  3.212082285607e-03  ,4.134187365343e+00  ,5.281429816664e+01  ,3.578840040121e-02  
  3.212085556040e-03  ,3.936367624555e+00  ,5.284323433207e+01  ,-2.052418918978e-01  
  3.212087126808e-03  ,3.843435432234e+00  ,5.282499009786e+01  ,-4.087830203845e-03  
  3.212090268346e-03  ,3.664705272100e+00  ,5.282817452393e+01  ,1.012142217308e-02  
  3.212096551420e-03  ,3.331377384088e+00  ,5.283795701855e+01  ,5.646770935974e-03  
  3.212109117569e-03  ,2.750380754262e+00  ,5.285675691011e+01  ,4.592505697396e-03  
  3.212134249868e-03  ,1.860468602221e+00  ,5.289427959626e+01  ,3.312105828050e-03  
  3.212175365152e-03  ,9.413810444120e-01  ,5.295552097973e+01  ,1.971802379849e-03  
  3.212221362056e-03  ,4.553865451811e-01  ,5.302382975299e+01  ,1.261834759121e-03  
  3.212269445123e-03  ,1.918287189217e-01  ,5.309503381964e+01  ,8.759842813958e-04  
  3.212324370803e-03  ,8.005326832540e-02  ,5.317613214097e+01  ,7.110451582463e-04  
  3.212413074436e-03  ,6.877738379320e-03  ,5.330660696392e+01  ,6.010923706020e-04  
  3.212507881584e-03  ,2.593743402651e-03  ,5.344538960282e+01  ,5.913188358303e-04  
  3.212697495880e-03  ,7.926234090107e-04  ,5.372090107124e+01  ,5.816423021577e-04  
  3.212919105949e-03  ,1.961472029544e-03  ,5.403942564201e+01  ,5.751929541963e-04  
  3.213362326087e-03  ,1.916674387907e-03  ,5.466516363437e+01  ,5.588752693554e-04  
  3.214248766364e-03  ,1.421840567842e-03  ,5.587105720602e+01  ,5.264229268437e-04  
  3.216021646919e-03  ,1.580791222902e-03  ,5.809783434747e+01  ,4.651861030442e-04  
  3.219567408027e-03  ,9.471097482089e-04  ,6.179773941454e+01  ,3.494691537870e-04  
  3.222000000020e-03  ,1.005708185465e-03  ,6.374927319429e+01  ,2.786588686051e-04  
  3.222001000018e-03  ,5.776494709891e-01  ,6.375010947164e+01  ,-1.012371608586e-03  
  3.222001884681e-03  ,1.095178068182e+00  ,6.375085282409e+01  ,-2.187911335776e-03  
  3.222003654008e-03  ,2.159987761186e+00  ,6.375233639257e+01  ,-4.504574742936e-03  
  3.222007192661e-03  ,4.411828258898e+00  ,6.375528667815e+01  ,-8.958105872411e-03  
  3.222010000020e-03  ,6.311348656464e+00  ,6.375761177530e+01  ,-1.232636671027e-02  
  3.222010707751e-03  ,6.403636227582e+00  ,6.375810274617e+01  ,-1.224684790247e-02  
  3.222012123175e-03  ,6.586246058888e+00  ,6.375907419592e+01  ,-1.198689396028e-02  
  3.222014954023e-03  ,6.939999928072e+00  ,6.376101654533e+01  ,-1.146872013358e-02  
  3.222020615719e-03  ,7.603721627007e+00  ,6.376490555349e+01  ,-1.050163850590e-02  
  3.222031939111e-03  ,8.776149049859e+00  ,6.377269601885e+01  ,-8.793569162604e-03  
  3.222043345950e-03  ,9.773052270483e+00  ,6.378055742551e+01  ,-7.341280496562e-03  
  3.222051382147e-03  ,9.973450750046e+00  ,4.102385645497e+01  ,9.857974567127e+00  
  3.222059054754e-03  ,1.000026790495e+01  ,1.066016759465e+01  ,9.858148149629e+00  
  3.222063364915e-03  ,1.018852157651e+01  ,3.396098825821e+00  ,9.859064573695e+00  
  3.222067447088e-03  ,1.046801963535e+01  ,2.663156270424e+00  ,9.860142666576e+00  
  3.222069767944e-03  ,1.062535717531e+01  ,2.744537627622e+00  ,9.860791701053e+00  
  3.222072700865e-03  ,1.081622027876e+01  ,2.799846479873e+00  ,9.861615709523e+00  
  3.222078566707e-03  ,1.117284558797e+01  ,2.809531418435e+00  ,9.863265558917e+00  
  3.222090298392e-03  ,1.179810697441e+01  ,2.799036272863e+00  ,9.866573160956e+00  
  3.222102548636e-03  ,1.234541274846e+01  ,2.803249299954e+00  ,9.870027380229e+00  
  3.222127049125e-03  ,1.317733909589e+01  ,2.805475155316e+00  ,9.876935472304e+00  
  3.222176050104e-03  ,1.416499188931e+01  ,2.807871261105e+00  ,9.890750456519e+00  
  3.222274052061e-03  ,1.497630808934e+01  ,2.815770600418e+00  ,9.918375129369e+00  
  3.222402345098e-03  ,1.499972996785e+01  ,2.826047960310e+00  ,9.954526941355e+00  
  3.222627531446e-03  ,1.500014041185e+01  ,2.844030168519e+00  ,1.001795058671e+01  
  3.222866903700e-03  ,1.500012416695e+01  ,2.863169698685e+00  ,1.008532525079e+01  
  3.223345648207e-03  ,1.500021786373e+01  ,2.901386373837e+00  ,1.021993732256e+01  
  3.224303137220e-03  ,1.500027054242e+01  ,2.977663998076e+00  ,1.048861345321e+01  
  3.226218115248e-03  ,1.500036922796e+01  ,3.129598799759e+00  ,1.102378027160e+01  
  3.230048071302e-03  ,1.500039021118e+01  ,3.431003772089e+00  ,1.208543255130e+01  
  3.232010000020e-03  ,1.499973150822e+01  ,3.584135456507e+00  ,1.262481443851e+01  
  3.232011000018e-03  ,1.442054658698e+01  ,3.584066755429e+00  ,1.262508858988e+01  
  3.232013000126e-03  ,1.321289994051e+01  ,3.583835839969e+00  ,1.262563684244e+01  
  3.232017000343e-03  ,1.067168055153e+01  ,3.583391924840e+00  ,1.262673366960e+01  
  3.232020000020e-03  ,8.646837887074e+00  ,3.583119285859e+00  ,1.262755608285e+01  
  3.232020800063e-03  ,8.543169161384e+00  ,3.583173797842e+00  ,1.262777538793e+01  
  3.232022400076e-03  ,8.338327905735e+00  ,3.583369621836e+00  ,1.262821409802e+01  
  3.232025600100e-03  ,7.943207106499e+00  ,3.583895566722e+00  ,1.262909148780e+01  
  3.232032000149e-03  ,7.207837232434e+00  ,3.584990217732e+00  ,1.263084603601e+01  
  3.232044800246e-03  ,5.932316597695e+00  ,3.587945411692e+00  ,1.263435499316e+01  
  3.232058725381e-03  ,4.791748184925e+00  ,3.597815861603e+00  ,1.263817131624e+01  
  3.232067643726e-03  ,4.356432008730e+00  ,1.402488976506e+01  ,1.263997038113e+01  
  3.232076013708e-03  ,4.341993120620e+00  ,4.355798411638e+01  ,1.264002828982e+01  
  3.232082285607e-03  ,4.134177545641e+00  ,5.281281444367e+01  ,3.574843397764e-02  
  3.232085556040e-03  ,3.936358146549e+00  ,5.284174596590e+01  ,-2.052373274189e-01  
  3.232087126808e-03  ,3.843426183045e+00  ,5.282350210049e+01  ,-4.087562955225e-03  
  3.232090268346e-03  ,3.664696448908e+00  ,5.282668643904e+01  ,1.012135821482e-02  
  3.232096551420e-03  ,3.331369357083e+00  ,5.283646868621e+01  ,5.646751407867e-03  
  3.232109117569e-03  ,2.750374117917e+00  ,5.285526808985e+01  ,4.592489549978e-03  
  3.232134249868e-03  ,1.860464097969e+00  ,5.289278980088e+01  ,3.312092813777e-03  
  3.232175365152e-03  ,9.413787434810e-01  ,5.295402959349e+01  ,1.971792611953e-03  
  3.232221362056e-03  ,4.553854104551e-01  ,5.302233659415e+01  ,1.261826731607e-03  
  3.232269445123e-03  ,1.918282167367e-01  ,5.309353881651e+01  ,8.759772223982e-04  
  3.232324370803e-03  ,8.005303455321e-02  ,5.317463504194e+01  ,7.110385456156e-04  
  3.232413062515e-03  ,6.884199845245e-03  ,5.330508901090e+01  ,6.010960508438e-04  
  3.232507881584e-03  ,2.594448681141e-03  ,5.344388558491e+01  ,5.913137777496e-04  
  3.232697519721e-03  ,7.912385638607e-04  ,5.371942450884e+01  ,5.816335068946e-04  
  3.232919129791e-03  ,1.961766440931e-03  ,5.403794065253e+01  ,5.751868430005e-04  
  3.233362349929e-03  ,1.916965220910e-03  ,5.466366234946e+01  ,5.588696025704e-04  
  3.234248790206e-03  ,1.421553500130e-03  ,5.586952556110e+01  ,5.264172942308e-04  
  3.236021670761e-03  ,1.580973230254e-03  ,5.809625086619e+01  ,4.651828167638e-04  
  3.239567431869e-03  ,9.468959329704e-04  ,6.179608719324e+01  ,3.494682901198e-04  
  3.242000000020e-03  ,1.005882685978e-03  ,6.374758335781e+01  ,2.786611096191e-04  
  3.242001000018e-03  ,5.776496428430e-01  ,6.374841963283e+01  ,-1.012368642682e-03  
  3.242001884681e-03  ,1.095178237715e+00  ,6.374916298328e+01  ,-2.187908362399e-03  
  3.242003654008e-03  ,2.159987926162e+00  ,6.375064654776e+01  ,-4.504571792000e-03  
  3.242007192661e-03  ,4.411828415111e+00  ,6.375359682538e+01  ,-8.958102967049e-03  
  3.242010000020e-03  ,6.311348806050e+00  ,6.375592191624e+01  ,-1.232636383713e-02  
  3.242010707751e-03  ,6.403636375551e+00  ,6.375641288555e+01  ,-1.224684570180e-02  
  3.242012123175e-03  ,6.586246203655e+00  ,6.375738433206e+01  ,-1.198689190536e-02  
  3.242014954023e-03  ,6.940000066637e+00  ,6.375932667498e+01  ,-1.146871801812e-02  
  3.242020615719e-03  ,7.603721753938e+00  ,6.376321567023e+01  ,-1.050163639552e-02  
  3.242031939111e-03  ,8.776149156244e+00  ,6.377100611013e+01  ,-8.793567059610e-03  
  3.242043345950e-03  ,9.773052359405e+00  ,6.377886749162e+01  ,-7.341278400450e-03  
  3.242051382147e-03  ,9.973450472169e+00  ,4.102212694622e+01  ,9.857788134585e+00  
  3.242059054754e-03  ,1.000026911469e+01  ,1.065854098763e+01  ,9.857961839900e+00  
  3.242063364915e-03  ,1.018854917843e+01  ,3.395923983350e+00  ,9.858878242683e+00  
  3.242067447088e-03  ,1.046804713600e+01  ,2.663117096707e+00  ,9.859956394492e+00  
  3.242069768317e-03  ,1.062540835507e+01  ,2.744492025666e+00  ,9.860605531665e+00  
  3.242072701238e-03  ,1.081626916657e+01  ,2.799792613220e+00  ,9.861429541255e+00  
  3.242078567080e-03  ,1.117289032246e+01  ,2.809477381300e+00  ,9.863079393955e+00  
  3.242090298764e-03  ,1.179814441835e+01  ,2.798984135907e+00  ,9.866387002262e+00  
  3.242102550499e-03  ,1.234550495940e+01  ,2.803196548578e+00  ,9.869841648154e+00  
  3.242127053968e-03  ,1.317748774197e+01  ,2.805422464299e+00  ,9.876750593438e+00  
  3.242176060907e-03  ,1.416514757123e+01  ,2.807819254132e+00  ,9.890567283765e+00  
  3.242274074785e-03  ,1.497639470999e+01  ,2.815719531078e+00  ,9.918195367426e+00  
  3.242402367823e-03  ,1.499973115565e+01  ,2.825996940200e+00  ,9.954347244898e+00  
  3.242627578012e-03  ,1.500014011753e+01  ,2.843981094259e+00  ,1.001777771802e+01  
  3.242866950266e-03  ,1.500012391565e+01  ,2.863120654407e+00  ,1.008515249953e+01  
  3.243345694773e-03  ,1.500021726396e+01  ,2.901337396297e+00  ,1.021976480594e+01  
  3.244303183786e-03  ,1.500026974427e+01  ,2.977615153601e+00  ,1.048844140491e+01  
  3.246218161814e-03  ,1.500036805994e+01  ,3.129550220320e+00  ,1.102360915613e+01  
  3.250048117868e-03  ,1.500038896011e+01  ,3.430955718070e+00  ,1.208526328633e+01  
  3.252010000020e-03  ,1.499973260286e+01  ,3.584084043818e+00  ,1.262463334709e+01  
  3.252011000018e-03  ,1.442055722144e+01  ,3.584015340036e+00  ,1.262490749896e+01  
  3.252013000126e-03  ,1.321291026185e+01  ,3.583784423715e+00  ,1.262545575262e+01  
  3.252017000343e-03  ,1.067169026861e+01  ,3.583340507805e+00  ,1.262655258178e+01  
  3.252020000020e-03  ,8.646847171854e+00  ,3.583067867700e+00  ,1.262737499657e+01  
  3.252020800063e-03  ,8.543178334833e+00  ,3.583122378875e+00  ,1.262759430207e+01  
  3.252022400076e-03  ,8.338336859201e+00  ,3.583318201357e+00  ,1.262803301298e+01  
  3.252025600100e-03  ,7.943215635639e+00  ,3.583844143728e+00  ,1.262891040440e+01  
  3.252032000149e-03  ,7.207844971817e+00  ,3.584938787938e+00  ,1.263066495591e+01  
  3.252044800246e-03  ,5.932322966907e+00  ,3.587893950405e+00  ,1.263417391964e+01  
  3.252058725381e-03  ,4.791753325371e+00  ,3.597764153638e+00  ,1.263799024991e+01  
  3.252067643726e-03  ,4.356431243460e+00  ,1.402452524906e+01  ,1.263978934797e+01  
  3.252076013708e-03  ,4.341991798324e+00  ,4.355757070455e+01  ,1.263984727645e+01  
  3.252082285607e-03  ,4.134159434812e+00  ,5.281143803217e+01  ,3.566047445652e-02  
  3.252085556040e-03  ,3.936340614471e+00  ,5.284035876720e+01  ,-2.052197259005e-01  
  3.252087126808e-03  ,3.843409091520e+00  ,5.282211657218e+01  ,-4.086482248768e-03  
  3.252090268346e-03  ,3.664680149062e+00  ,5.282530102952e+01  ,1.012105155947e-02  
  3.252096551420e-03  ,3.331354534080e+00  ,5.283508320288e+01  ,5.646720557350e-03  
  3.252109117569e-03  ,2.750361875909e+00  ,5.285388251244e+01  ,4.592477806057e-03  
  3.252134249868e-03  ,1.860455813579e+00  ,5.289140403939e+01  ,3.312085895686e-03  
  3.252175371112e-03  ,9.412701735992e-01  ,5.295265239887e+01  ,1.971639304797e-03  
  3.252221368017e-03  ,4.553329920501e-01  ,5.302095904489e+01  ,1.261755262388e-03  
  3.252269457044e-03  ,1.917808370701e-01  ,5.309216972136e+01  ,8.759128877226e-04  
  3.252324376764e-03  ,8.004207529225e-02  ,5.317325673194e+01  ,7.110275290790e-04  
  3.252413080396e-03  ,6.878943034335e-03  ,5.330372756738e+01  ,6.010929315046e-04  
  3.252507887544e-03  ,2.593895840024e-03  ,5.344250600499e+01  ,5.913179991797e-04  
  3.252697501840e-03  ,7.923380437533e-04  ,5.371800925253e+01  ,5.816410949175e-04  
  3.252919135751e-03  ,1.961526880005e-03  ,5.403655858728e+01  ,5.751916750909e-04  
  3.253362403573e-03  ,1.916676324783e-03  ,5.466234465647e+01  ,5.588727989448e-04  
  3.254248939218e-03  ,1.421739128617e-03  ,5.586832845398e+01  ,5.264182030618e-04  
  3.256022010507e-03  ,1.580774216931e-03  ,5.809526135720e+01  ,4.651775962106e-04  
  3.259568153085e-03  ,9.469989241699e-04  ,6.179537419238e+01  ,3.494539069839e-04  
  3.262000000020e-03  ,1.005759480520e-03  ,6.374625964034e+01  ,2.786703085598e-04  
  3.262001000018e-03  ,5.776495218386e-01  ,6.374709593421e+01  ,-1.012359097351e-03  
  3.262001884681e-03  ,1.095178118622e+00  ,6.374783930142e+01  ,-2.187899379758e-03  
  3.262003654008e-03  ,2.159987810820e+00  ,6.374932289931e+01  ,-4.504562680832e-03  
  3.262007192661e-03  ,4.411828306981e+00  ,6.375227324379e+01  ,-8.958093847554e-03  
  3.262010000020e-03  ,6.311348703376e+00  ,6.375459838771e+01  ,-1.232635472904e-02  
  3.262010707751e-03  ,6.403636274209e+00  ,6.375508937045e+01  ,-1.224683710605e-02  
  3.262012123175e-03  ,6.586246104948e+00  ,6.375606084371e+01  ,-1.198688341286e-02  
  3.262014954023e-03  ,6.939999973032e+00  ,6.375800324010e+01  ,-1.146870946575e-02  
  3.262020615719e-03  ,7.603721669909e+00  ,6.376189234239e+01  ,-1.050162782270e-02  
  3.262031939111e-03  ,8.776149089133e+00  ,6.376968299659e+01  ,-8.793558446587e-03  
  3.262043345950e-03  ,9.773052306684e+00  ,6.377754459426e+01  ,-7.341269754876e-03  
  3.262051382147e-03  ,9.973450817605e+00  ,4.102082484032e+01  ,9.857744468800e+00  
  3.262059054754e-03  ,1.000027064784e+01  ,1.065732421845e+01  ,9.857918269305e+00  
  3.262063364915e-03  ,1.018857085554e+01  ,3.395816813624e+00  ,9.858834654591e+00  
  3.262067447088e-03  ,1.046806871561e+01  ,2.663115091793e+00  ,9.859912850186e+00  
  3.262069768317e-03  ,1.062542916548e+01  ,2.744485606030e+00  ,9.860561987216e+00  
  3.262072701610e-03  ,1.081631268975e+01  ,2.799782765903e+00  ,9.861386101065e+00  
  3.262078568198e-03  ,1.117297351803e+01  ,2.809464214424e+00  ,9.863036164021e+00  
  3.262090301372e-03  ,1.179828697172e+01  ,2.798972112778e+00  ,9.866344193976e+00  
  3.262102554597e-03  ,1.234568477308e+01  ,2.803184418880e+00  ,9.869799261528e+00  
  3.262127061046e-03  ,1.317769652306e+01  ,2.805410426466e+00  ,9.876709050066e+00  
  3.262176073946e-03  ,1.416533077755e+01  ,2.807807928045e+00  ,9.890527426579e+00  
  3.262274099745e-03  ,1.497648207944e+01  ,2.815709138002e+00  ,9.918158881193e+00  
  3.262402392782e-03  ,1.499973235363e+01  ,2.825986581264e+00  ,9.954310771977e+00  
  3.262627626814e-03  ,1.500013982033e+01  ,2.843972655716e+00  ,1.001774798134e+01  
  3.262866999067e-03  ,1.500012366210e+01  ,2.863112217980e+00  ,1.008512278304e+01  
  3.263345743574e-03  ,1.500021665903e+01  ,2.901328971448e+00  ,1.021973512982e+01  
  3.264303232588e-03  ,1.500026893933e+01  ,2.977606751726e+00  ,1.048841180934e+01  
  3.266218210615e-03  ,1.500036688207e+01  ,3.129541864198e+00  ,1.102357972101e+01  
  3.270048166670e-03  ,1.500038769850e+01  ,3.430947452359e+00  ,1.208523416953e+01  
  3.272010000020e-03  ,1.499973370661e+01  ,3.584072024445e+00  ,1.262459101258e+01  
  3.272011000018e-03  ,1.442056794726e+01  ,3.584003317593e+00  ,1.262486516456e+01  
  3.272013000126e-03  ,1.321292067185e+01  ,3.583772400172e+00  ,1.262541341851e+01  
  3.272017000343e-03  ,1.067170006917e+01  ,3.583328483776e+00  ,1.262651024810e+01  
  3.272020000020e-03  ,8.646856536417e+00  ,3.583055843394e+00  ,1.262733266326e+01  
  3.272020800063e-03  ,8.543187587116e+00  ,3.583110354293e+00  ,1.262755196885e+01  
  3.272022400076e-03  ,8.338345889628e+00  ,3.583306176260e+00  ,1.262799067996e+01  
  3.272025600100e-03  ,7.943224238124e+00  ,3.583832117685e+00  ,1.262886807176e+01  
  3.272032000149e-03  ,7.207852777830e+00  ,3.584926759167e+00  ,1.263062262404e+01  
  3.272044800246e-03  ,5.932329391261e+00  ,3.587881907656e+00  ,1.263413158931e+01  
  3.272058725381e-03  ,4.791758512038e+00  ,3.597751967095e+00  ,1.263794792127e+01  
  3.272067643726e-03  ,4.356431341059e+00  ,1.402424979830e+01  ,1.263974704205e+01  
  3.272076013708e-03  ,4.341991325661e+00  ,4.355725265215e+01  ,1.263980498581e+01  
  3.272082285607e-03  ,4.134145892510e+00  ,5.281036222760e+01  ,3.559186867914e-02  
  3.272085556040e-03  ,3.936327497124e+00  ,5.283927459781e+01  ,-2.052059169337e-01  
  3.272087126994e-03  ,3.843385477153e+00  ,5.282103393748e+01  ,-4.084883928623e-03  
  3.272090268904e-03  ,3.664636939030e+00  ,5.282421922370e+01  ,1.012032236240e-02  
  3.272096552724e-03  ,3.331277472978e+00  ,5.283400253100e+01  ,5.646569336105e-03  
  3.272109120363e-03  ,2.751834733688e+00  ,5.285285282077e+01  ,4.426009706729e-03  
  3.272134255642e-03  ,1.871256635386e+00  ,5.289036699966e+01  ,3.513569652925e-03  
  3.272173523182e-03  ,9.860194114723e-01  ,5.294889250572e+01  ,2.037652802502e-03  
  3.272218131298e-03  ,4.423000848270e-01  ,5.301515528425e+01  ,1.242801070017e-03  
  3.272263633484e-03  ,1.762131636825e-01  ,5.308255360561e+01  ,8.534554259948e-04  
  3.272332762951e-03  ,5.621607629310e-02  ,5.318461217280e+01  ,6.760039335810e-04  
  3.272413849110e-03  ,4.603191932855e-03  ,5.330384957088e+01  ,5.977576129462e-04  
  3.272510170216e-03  ,-7.864958781600e-03  ,5.344483493858e+01  ,5.759971074908e-04  
  3.272702812428e-03  ,-5.375204970605e-03  ,5.372468346769e+01  ,5.724666350364e-04  
  3.272993540043e-03  ,4.388866558045e-03  ,5.414165451986e+01  ,5.759995979665e-04  
  3.273574995274e-03  ,-2.595069804309e-05  ,5.495611433532e+01  ,5.483717121119e-04  
  3.274478697056e-03  ,1.129395671048e-03  ,5.616984410766e+01  ,5.177067757983e-04  
  3.275734686131e-03  ,1.471330560136e-03  ,5.775018448505e+01  ,4.746864047447e-04  
  3.278246664280e-03  ,1.202525029438e-03  ,6.053402606694e+01  ,3.920550404323e-04  
  3.282000000020e-03  ,8.923770075499e-04  ,6.374564647252e+01  ,2.765825753921e-04  
  3.282001000018e-03  ,5.775377900629e-01  ,6.374648281792e+01  ,-1.013384716340e-03  
  3.282001884681e-03  ,1.095067872293e+00  ,6.374722619661e+01  ,-2.187654492565e-03  
  3.282003654008e-03  ,2.159880486962e+00  ,6.374871010851e+01  ,-4.504613286113e-03  
  3.282007192661e-03  ,4.411726602173e+00  ,6.375166102487e+01  ,-8.958188526422e-03  
  3.282010000020e-03  ,6.311251248486e+00  ,6.375398662133e+01  ,-1.232644001970e-02  
  3.282010707751e-03  ,6.403539856392e+00  ,6.375447771748e+01  ,-1.224691919845e-02  
  3.282012123175e-03  ,6.586151739181e+00  ,6.375544941687e+01  ,-1.198696618231e-02  
  3.282014954023e-03  ,6.939909582599e+00  ,6.375739227011e+01  ,-1.146878447336e-02  
  3.282020615719e-03  ,7.603638738046e+00  ,6.376128228254e+01  ,-1.050169134511e-02  
  3.282031939111e-03  ,8.776079332414e+00  ,6.376907475720e+01  ,-8.793602702987e-03  
  3.282043345950e-03  ,9.772993752638e+00  ,6.377693818854e+01  ,-7.341298337192e-03  
  3.282051382147e-03  ,9.973452820255e+00  ,4.102348977954e+01  ,9.858476993778e+00  
  3.282059054754e-03  ,1.000027242509e+01  ,1.065999484572e+01  ,9.858650720124e+00  
  3.282063364915e-03  ,1.018853132844e+01  ,3.396209677922e+00  ,9.859567057687e+00  
  3.282067447088e-03  ,1.046802918728e+01  ,2.663301024037e+00  ,9.860645155373e+00  
  3.282069768317e-03  ,1.062539107750e+01  ,2.744683075901e+00  ,9.861294288874e+00  
  3.282072700865e-03  ,1.081622901669e+01  ,2.799986593892e+00  ,9.862118188682e+00  
  3.282078565962e-03  ,1.117281020209e+01  ,2.809673813457e+00  ,9.863767820365e+00  
  3.282090296156e-03  ,1.179800443310e+01  ,2.799179488376e+00  ,9.867074985514e+00  
  3.282102546401e-03  ,1.234532726739e+01  ,2.803391928483e+00  ,9.870529187299e+00  
  3.282127046890e-03  ,1.317728040187e+01  ,2.805617666579e+00  ,9.877437244445e+00  
  3.282176047869e-03  ,1.416496499901e+01  ,2.808013731090e+00  ,9.891252158837e+00  
  3.282274049826e-03  ,1.497630732414e+01  ,2.815912996077e+00  ,9.918876692100e+00  
  3.282402319021e-03  ,1.499972775063e+01  ,2.826188396580e+00  ,9.955021604274e+00  
  3.282627505369e-03  ,1.500014099105e+01  ,2.844170514740e+00  ,1.001844493348e+01  
  3.282866829939e-03  ,1.500012463151e+01  ,2.863306140137e+00  ,1.008580584511e+01  
  3.283345479078e-03  ,1.500021896759e+01  ,2.901515022009e+00  ,1.022039046729e+01  
  3.284302777357e-03  ,1.500027200688e+01  ,2.977777122741e+00  ,1.048901191949e+01  
  3.286217373915e-03  ,1.500037136873e+01  ,3.129681126957e+00  ,1.102407025989e+01  
  3.290046567030e-03  ,1.500039250448e+01  ,3.431025492779e+00  ,1.208550906297e+01  
  3.292010000020e-03  ,1.499972947203e+01  ,3.584274142907e+00  ,1.262530293643e+01  
  3.292011000018e-03  ,1.442052477606e+01  ,3.584205447137e+00  ,1.262557708641e+01  
  3.292013000126e-03  ,1.321287877181e+01  ,3.583974533268e+00  ,1.262612533621e+01  
  3.292017000343e-03  ,1.067166062214e+01  ,3.583530620039e+00  ,1.262722215781e+01  
  3.292020000020e-03  ,8.646818844336e+00  ,3.583257984019e+00  ,1.262804456690e+01  
  3.292020800063e-03  ,8.543150346989e+00  ,3.583312498119e+00  ,1.262826387087e+01  
  3.292022400076e-03  ,8.338309542530e+00  ,3.583508326069e+00  ,1.262870257875e+01  
  3.292025600100e-03  ,7.943189613595e+00  ,3.584034277437e+00  ,1.262957996408e+01  
  3.292032000149e-03  ,7.207821359355e+00  ,3.585128945842e+00  ,1.263133450342e+01  
  3.292044800246e-03  ,5.932303535022e+00  ,3.588084219235e+00  ,1.263484344281e+01  
  3.292058725381e-03  ,4.791737643772e+00  ,3.597955262715e+00  ,1.263865974651e+01  
  3.292067643726e-03  ,4.356434303767e+00  ,1.402571430790e+01  ,1.264045873261e+01  
  3.292076013708e-03  ,4.341996550859e+00  ,4.355891453095e+01  ,1.264051657307e+01  
  3.292082284862e-03  ,4.134160834762e+00  ,5.280988139936e+01  ,3.556398188205e-02  
  3.292085555294e-03  ,3.936341562398e+00  ,5.283879078010e+01  ,-2.052002378636e-01  
  3.292087126063e-03  ,3.843410039673e+00  ,5.282055071492e+01  ,-4.085089555704e-03  
  3.292090267600e-03  ,3.664681051771e+00  ,5.282373587047e+01  ,1.012075650776e-02  
  3.292096550675e-03  ,3.331355360146e+00  ,5.283351906100e+01  ,5.646777515964e-03  
  3.292109116824e-03  ,2.750362583557e+00  ,5.285232047934e+01  ,4.592554109262e-03  
  3.292134249123e-03  ,1.860456350002e+00  ,5.288984623091e+01  ,3.312160611045e-03  
  3.292175370367e-03  ,9.412705395501e-01  ,5.295110150410e+01  ,1.971713589461e-03  
  3.292221367272e-03  ,4.553332730829e-01  ,5.301941588427e+01  ,1.261829279236e-03  
  3.292269450339e-03  ,1.918064844347e-01  ,5.309062583025e+01  ,8.760239398917e-04  
  3.292324376019e-03  ,8.004419685061e-02  ,5.317173088836e+01  ,7.111039078154e-04  
  3.292413079651e-03  ,6.877284108064e-03  ,5.330221663290e+01  ,6.011635291610e-04  
  3.292507898720e-03  ,2.593479572665e-03  ,5.344102840947e+01  ,5.913896812874e-04  
  3.292697536858e-03  ,7.927505609324e-04  ,5.371659780392e+01  ,5.817125338472e-04  
  3.292919170769e-03  ,1.961670556068e-03  ,5.403518373117e+01  ,5.752620968515e-04  
  3.293362438591e-03  ,1.916820516477e-03  ,5.466104287689e+01  ,5.589419592022e-04  
  3.294248974236e-03  ,1.421975473045e-03  ,5.586717230359e+01  ,5.264851385253e-04  
  3.296022045525e-03  ,1.580933878339e-03  ,5.809439355483e+01  ,4.652400626693e-04  
  3.299568188103e-03  ,9.472155146287e-04  ,6.179506545222e+01  ,3.495090586366e-04  
  3.302000000020e-03  ,1.005911305071e-03  ,6.374629191300e+01  ,2.787226716383e-04  
  3.302001000018e-03  ,5.776496738308e-01  ,6.374712835630e+01  ,-1.012306950373e-03  
  3.302001884681e-03  ,1.095178270977e+00  ,6.374787185570e+01  ,-2.187847338085e-03  
  3.302003654008e-03  ,2.159987963886e+00  ,6.374935571793e+01  ,-4.504510614366e-03  
  3.302007192661e-03  ,4.411828461418e+00  ,6.375230659109e+01  ,-8.958041775673e-03  
  3.302010000020e-03  ,6.311348858849e+00  ,6.375463215445e+01  ,-1.232630265688e-02  
  3.302010707751e-03  ,6.403636429938e+00  ,6.375512324309e+01  ,-1.224678493684e-02  
  3.302012123175e-03  ,6.586246261183e+00  ,6.375609492819e+01  ,-1.198683122766e-02  
  3.302014954023e-03  ,6.940000130250e+00  ,6.375803774826e+01  ,-1.146865728905e-02  
  3.302020615719e-03  ,7.603721828968e+00  ,6.376192769780e+01  ,-1.050157566131e-02  
  3.302031939111e-03  ,8.776149251437e+00  ,6.376972004614e+01  ,-8.793506296105e-03  
  3.302043345950e-03  ,9.773052471740e+00  ,6.377758334992e+01  ,-7.341217623993e-03  
  3.302051382147e-03  ,9.973454936277e+00  ,4.102118625601e+01  ,9.858488245761e+00  
  3.302059054754e-03  ,1.000027491618e+01  ,1.065771904566e+01  ,9.858662038610e+00  
  3.302063364915e-03  ,1.018857164154e+01  ,3.396031531395e+00  ,9.859578419172e+00  
  3.302067447088e-03  ,1.046806936845e+01  ,2.663323656319e+00  ,9.860656598084e+00  
  3.302069768317e-03  ,1.062542982939e+01  ,2.744697823912e+00  ,9.861305730547e+00  
  3.302072701610e-03  ,1.081631332242e+01  ,2.799994951681e+00  ,9.862129837999e+00  
  3.302078568198e-03  ,1.117297408615e+01  ,2.809675525148e+00  ,9.863779888501e+00  
  3.302090301372e-03  ,1.179828744608e+01  ,2.799183402209e+00  ,9.867087893657e+00  
  3.302102554597e-03  ,1.234568516546e+01  ,2.803395650812e+00  ,9.870542935327e+00  
  3.302127061046e-03  ,1.317769679138e+01  ,2.805621567155e+00  ,9.877452672111e+00  
  3.302176073946e-03  ,1.416533090012e+01  ,2.808019044147e+00  ,9.891270945143e+00  
  3.302274099745e-03  ,1.497648208223e+01  ,2.815920166709e+00  ,9.918902192856e+00  
  3.302402392782e-03  ,1.499973235325e+01  ,2.826197531350e+00  ,9.955053812955e+00  
  3.302627626814e-03  ,1.500013981991e+01  ,2.844183472339e+00  ,1.001849054733e+01  
  3.302866999067e-03  ,1.500012366167e+01  ,2.863322890690e+00  ,1.008586484458e+01  
  3.303345743574e-03  ,1.500021665860e+01  ,2.901539357990e+00  ,1.022047618345e+01  
  3.304303232588e-03  ,1.500026893889e+01  ,2.977816567118e+00  ,1.048915085128e+01  
  3.306218210615e-03  ,1.500036688162e+01  ,3.129750541940e+00  ,1.102431475593e+01  
  3.310048166670e-03  ,1.500038769806e+01  ,3.431153873281e+00  ,1.208596125539e+01  
  3.312010000020e-03  ,1.499973370623e+01  ,3.584277298854e+00  ,1.262531406005e+01  
  3.312011000018e-03  ,1.442056794699e+01  ,3.584208590234e+00  ,1.262558820998e+01  
  3.312013000126e-03  ,1.321292067157e+01  ,3.583977671618e+00  ,1.262613645982e+01  
  3.312017000343e-03  ,1.067170006891e+01  ,3.583533756778e+00  ,1.262723328121e+01  
  3.312020000020e-03  ,8.646856536536e+00  ,3.583261120816e+00  ,1.262805569021e+01  
  3.312020800063e-03  ,8.543187587278e+00  ,3.583315634488e+00  ,1.262827499416e+01  
  3.312022400076e-03  ,8.338345889874e+00  ,3.583511461665e+00  ,1.262871370198e+01  
  3.312025600100e-03  ,7.943224238517e+00  ,3.584037411284e+00  ,1.262959108721e+01  
  3.312032000149e-03  ,7.207852778588e+00  ,3.585132074051e+00  ,1.263134562635e+01  
  3.312044800246e-03  ,5.932329393466e+00  ,3.588087314187e+00  ,1.263485456534e+01  
  3.312058725381e-03  ,4.791758522667e+00  ,3.597957914684e+00  ,1.263867086865e+01  
  3.312067643726e-03  ,4.356435821347e+00  ,1.402472489472e+01  ,1.264046993360e+01  
  3.312076013708e-03  ,4.341995762457e+00  ,4.355776235060e+01  ,1.264052784710e+01  
  3.312082285607e-03  ,4.134143613898e+00  ,5.281040966691e+01  ,3.555801527397e-02  
  3.312085556040e-03  ,3.936325224022e+00  ,5.283931800882e+01  ,-2.051962825217e-01  
  3.312087126994e-03  ,3.843383277092e+00  ,5.282107851267e+01  ,-4.084235334308e-03  
  3.312090268904e-03  ,3.664634848862e+00  ,5.282426433257e+01  ,1.012019130131e-02  
  3.312096552724e-03  ,3.331275586567e+00  ,5.283404853056e+01  ,5.646612784630e-03  
  3.312109120363e-03  ,2.751833205831e+00  ,5.285290064141e+01  ,4.426072744696e-03  
  3.312134255642e-03  ,1.871255652512e+00  ,5.289041846702e+01  ,3.513614516900e-03  
  3.312173523182e-03  ,9.860189763455e-01  ,5.294894966226e+01  ,2.037707726231e-03  
  3.312218131298e-03  ,4.422999860664e-01  ,5.301521889902e+01  ,1.242856399929e-03  
  3.312263633484e-03  ,1.762132294435e-01  ,5.308262380165e+01  ,8.535108582377e-04  
  3.312332762951e-03  ,5.621621606131e-02  ,5.318469235493e+01  ,6.760592760125e-04  
  3.312413849110e-03  ,4.603363333073e-03  ,5.330394144687e+01  ,5.978127684828e-04  
  3.312510170216e-03  ,-7.864780040120e-03  ,5.344494067809e+01  ,5.760519997437e-04  
  3.312702812428e-03  ,-5.375028529814e-03  ,5.372481684391e+01  ,5.725209807526e-04  
  3.312993540043e-03  ,4.389035790141e-03  ,5.414182937363e+01  ,5.760531323632e-04  
  3.313574995274e-03  ,-2.578112945483e-05  ,5.495637128983e+01  ,5.484236798209e-04  
  3.314478697056e-03  ,1.129560632284e-03  ,5.617022630349e+01  ,5.177564006545e-04  
  3.315734686131e-03  ,1.471489577955e-03  ,5.775073572527e+01  ,4.747330054993e-04  
  3.318246664280e-03  ,1.202671725277e-03  ,6.053489660763e+01  ,3.920963088300e-04  
  3.322000000020e-03  ,8.925031507657e-04  ,6.374694257416e+01  ,2.766168204898e-04  
  3.322001000018e-03  ,5.775379159410e-01  ,6.374777902418e+01  ,-1.013350836171e-03  
  3.322001884774e-03  ,1.095123121385e+00  ,6.374852257362e+01  ,-2.187743800673e-03  
  3.322003654287e-03  ,2.160052329509e+00  ,6.375000682616e+01  ,-4.504939940771e-03  
  3.322007193313e-03  ,4.412156748075e+00  ,6.375295842031e+01  ,-8.958953011912e-03  
  3.322010000020e-03  ,6.311251957207e+00  ,6.375528376859e+01  ,-1.232640529261e-02  
  3.322010707825e-03  ,6.403550171284e+00  ,6.375577499000e+01  ,-1.224687022516e-02  
  3.322012123435e-03  ,6.586185613424e+00  ,6.375674696549e+01  ,-1.198688220346e-02  
  3.322014954656e-03  ,6.939987625137e+00  ,6.375869037130e+01  ,-1.146863648852e-02  
  3.322020617097e-03  ,7.603794112078e+00  ,6.376258148964e+01  ,-1.050143059273e-02  
  3.322031941980e-03  ,8.776352812324e+00  ,6.377037617834e+01  ,-8.793170027871e-03  
  3.322043350309e-03  ,9.773344819511e+00  ,6.377824183505e+01  ,-7.340752626827e-03  
  3.322051387995e-03  ,9.973473497976e+00  ,4.100103819681e+01  ,9.859129526358e+00  
  3.322059062093e-03  ,1.000031024371e+01  ,1.063253725846e+01  ,9.859304545242e+00  
  3.322063370019e-03  ,1.018887428564e+01  ,3.394579552451e+00  ,9.860220734837e+00  
  3.322067447722e-03  ,1.046807229042e+01  ,2.663870725478e+00  ,9.861298421745e+00  
  3.322069769695e-03  ,1.062547968165e+01  ,2.744991551556e+00  ,9.861947746735e+00  
  3.322072704851e-03  ,1.081647826123e+01  ,2.800181461910e+00  ,9.862772365517e+00  
  3.322078575164e-03  ,1.117334189742e+01  ,2.809842903046e+00  ,9.864423455967e+00  
  3.322090315789e-03  ,1.180054865226e+01  ,2.804858147366e+00  ,9.867730198367e+00  
  3.322110214799e-03  ,1.264700131313e+01  ,2.804311571758e+00  ,9.873338541692e+00  
  3.322150012821e-03  ,1.373808377142e+01  ,2.806892552387e+00  ,9.884559358558e+00  
  3.322229608863e-03  ,1.477440452591e+01  ,2.812643454226e+00  ,9.906997618672e+00  
  3.322343441814e-03  ,1.515503185052e+01  ,2.821582700538e+00  ,9.939078900188e+00  
  3.322496506542e-03  ,1.513801654127e+01  ,2.833832835165e+00  ,9.982200631098e+00  
  3.322750851482e-03  ,1.495630113763e+01  ,2.854242963107e+00  ,1.005381388306e+01  
  3.323180004924e-03  ,1.502324167013e+01  ,2.888484657200e+00  ,1.017452885855e+01  
  3.323701760143e-03  ,1.500856928939e+01  ,2.930101109478e+00  ,1.032109366333e+01  
  3.324745270580e-03  ,1.499345137119e+01  ,3.013143247375e+00  ,1.061357269558e+01  
  3.326832291454e-03  ,1.500587361215e+01  ,3.178472423896e+00  ,1.119593901091e+01  
  3.331006333202e-03  ,1.500045828307e+01  ,3.506226504943e+00  ,1.235039301396e+01  
  3.332010000020e-03  ,1.499971583531e+01  ,3.584456760324e+00  ,1.262594631021e+01  
  3.332011000018e-03  ,1.442250827108e+01  ,3.584387434843e+00  ,1.262622045690e+01  
  3.332013000126e-03  ,1.321480386291e+01  ,3.584156287890e+00  ,1.262676871130e+01  
  3.332017000343e-03  ,1.067347301210e+01  ,3.583712296993e+00  ,1.262786551885e+01  
  3.332020000020e-03  ,8.648550608083e+00  ,3.583439664995e+00  ,1.262868792249e+01  
  3.332020800063e-03  ,8.544861347747e+00  ,3.583494159810e+00  ,1.262890722506e+01  
  3.332022400076e-03  ,8.339979517078e+00  ,3.583689953158e+00  ,1.262934592997e+01  
  3.332025600100e-03  ,7.944780451664e+00  ,3.584215825753e+00  ,1.263022330943e+01  
  3.332032000149e-03  ,7.209264912505e+00  ,3.585310239135e+00  ,1.263197783723e+01  
  3.332044800246e-03  ,5.933491598695e+00  ,3.588264002627e+00  ,1.263548675351e+01  
  3.332058725381e-03  ,4.792696924785e+00  ,3.598114833631e+00  ,1.263930303401e+01  
  3.332067643726e-03  ,4.356504901336e+00  ,1.398034655221e+01  ,1.264110562746e+01  
  3.332076013708e-03  ,4.341961072324e+00  ,4.350606628201e+01  ,1.264116671438e+01  
  3.332082290823e-03  ,4.134620465924e+00  ,5.280801985006e+01  ,3.858827864757e-02  
  3.332085561627e-03  ,3.936768097659e+00  ,5.283732140352e+01  ,-2.060063517846e-01  
  3.332087131092e-03  ,3.843901116954e+00  ,5.281900308724e+01  ,-4.140223303070e-03  
  3.332090270022e-03  ,3.665294283123e+00  ,5.282217733806e+01  ,1.014014844057e-02  
  3.332096547881e-03  ,3.332177574840e+00  ,5.283195558082e+01  ,5.649131756501e-03  
  3.332109103600e-03  ,2.753080235520e+00  ,5.285079228702e+01  ,4.426862605002e-03  
  3.332134215036e-03  ,1.872805401532e+00  ,5.288827874131e+01  ,3.517051110796e-03  
  3.332173518339e-03  ,9.862327268674e-01  ,5.294687028831e+01  ,2.038103009587e-03  
  3.332218120495e-03  ,4.424083417890e-01  ,5.301313845468e+01  ,1.243092803507e-03  
  3.332263622681e-03  ,1.762414073101e-01  ,5.308055129602e+01  ,8.536307918694e-04  
  3.332332728306e-03  ,5.625231385478e-02  ,5.318259675752e+01  ,6.761914117969e-04  
  3.332413814465e-03  ,4.613114469490e-03  ,5.330186013409e+01  ,5.979062702282e-04  
  3.332510099808e-03  ,-7.861444785594e-03  ,5.344282410895e+01  ,5.761371938596e-04  
  3.332702670494e-03  ,-5.377221933124e-03  ,5.372263134889e+01  ,5.726001801255e-04  
  3.332993350426e-03  ,4.389668157134e-03  ,5.413962965315e+01  ,5.761372882830e-04  
  3.333574710289e-03  ,-2.567007806270e-05  ,5.495414962804e+01  ,5.485087735932e-04  
  3.334477744499e-03  ,1.129744069415e-03  ,5.616730853567e+01  ,5.178626484783e-04  
  3.335733542839e-03  ,1.471837065787e-03  ,5.774789963333e+01  ,4.748415601446e-04  
  3.338245139519e-03  ,1.202996333393e-03  ,6.053233755959e+01  ,3.922088692066e-04  
  3.342000000020e-03  ,8.927255970623e-04  ,6.374654583365e+01  ,2.766727808993e-04  
  3.342001000018e-03  ,5.775381379082e-01  ,6.374738244664e+01  ,-1.013294608337e-03  
  3.342001884774e-03  ,1.095123342997e+00  ,6.374812614006e+01  ,-2.187685426292e-03  
  3.342003654287e-03  ,2.160052550433e+00  ,6.374961068106e+01  ,-4.504882079480e-03  
  3.342007193313e-03  ,4.412156967675e+00  ,6.375256285207e+01  ,-8.958895250335e-03  
  3.342010000020e-03  ,6.311252175806e+00  ,6.375488865784e+01  ,-1.232634753389e-02  
  3.342010707825e-03  ,6.403550389643e+00  ,6.375537999481e+01  ,-1.224681252940e-02  
  3.342012123435e-03  ,6.586185831306e+00  ,6.375635220143e+01  ,-1.198682453356e-02  
  3.342014954656e-03  ,6.939987842096e+00  ,6.375829606949e+01  ,-1.146857880989e-02  
  3.342020617097e-03  ,7.603794327303e+00  ,6.376218811223e+01  ,-1.050137293224e-02  
  3.342031941980e-03  ,8.776353024481e+00  ,6.376998464944e+01  ,-8.793112383186e-03  
  3.342043350309e-03  ,9.773345029053e+00  ,6.377785216786e+01  ,-7.340695008037e-03  
  3.342051387995e-03  ,9.973477936444e+00  ,4.100099136909e+01  ,9.859896159410e+00  
  3.342059062093e-03  ,1.000031522678e+01  ,1.063255334942e+01  ,9.860071201376e+00  
  3.342063370019e-03  ,1.018888220884e+01  ,3.394769886953e+00  ,9.860987380287e+00  
  3.342067447722e-03  ,1.046808004256e+01  ,2.664089054403e+00  ,9.862065064059e+00  
  3.342069769695e-03  ,1.062548719343e+01  ,2.745212268599e+00  ,9.862714384202e+00  
  3.342072704851e-03  ,1.081648542932e+01  ,2.800400451446e+00  ,9.863538996285e+00  
  3.342078575164e-03  ,1.117334844119e+01  ,2.810060551800e+00  ,9.865190073960e+00  
  3.342090315789e-03  ,1.180055412320e+01  ,2.805075785091e+00  ,9.868496790821e+00  
  3.342110214799e-03  ,1.264700533703e+01  ,2.804529259054e+00  ,9.874105090843e+00  
  3.342150012821e-03  ,1.373808592874e+01  ,2.807110177227e+00  ,9.885325821088e+00  
  3.342229608863e-03  ,1.477440491093e+01  ,2.812861008496e+00  ,9.907763908004e+00  
  3.342343441814e-03  ,1.515503158489e+01  ,2.821800179127e+00  ,9.939844941909e+00  
  3.342496506542e-03  ,1.513801630492e+01  ,2.834050219497e+00  ,9.982966340003e+00  
  3.342750851482e-03  ,1.495630121204e+01  ,2.854460193065e+00  ,1.005457903926e+01  
  3.343180004924e-03  ,1.502324163004e+01  ,2.888701621679e+00  ,1.017529308307e+01  
  3.343701760143e-03  ,1.500856927440e+01  ,2.930317753003e+00  ,1.032185675664e+01  
  3.344745270580e-03  ,1.499345138206e+01  ,3.013359250213e+00  ,1.061433353155e+01  
  3.346832291454e-03  ,1.500587360177e+01  ,3.178687150466e+00  ,1.119669535218e+01  
  3.351006333202e-03  ,1.500045828196e+01  ,3.506438701918e+00  ,1.235114044515e+01  
  3.352010000020e-03  ,1.499971583542e+01  ,3.584668353536e+00  ,1.262669161467e+01  
  3.352011000018e-03  ,1.442250827221e+01  ,3.584599026203e+00  ,1.262696575925e+01  
  3.352013000126e-03  ,1.321480386400e+01  ,3.584367878013e+00  ,1.262751400942e+01  
  3.352017000343e-03  ,1.067347301318e+01  ,3.583923888718e+00  ,1.262861080850e+01  
  3.352020000020e-03  ,8.648550609209e+00  ,3.583651261273e+00  ,1.262943320580e+01  
  3.352020800063e-03  ,8.544861348905e+00  ,3.583705758945e+00  ,1.262965250667e+01  
  3.352022400076e-03  ,8.339979518299e+00  ,3.583901557660e+00  ,1.263009120820e+01  
  3.352025600100e-03  ,7.944780452990e+00  ,3.584427438695e+00  ,1.263096858089e+01  
  3.352032000149e-03  ,7.209264914123e+00  ,3.585521873998e+00  ,1.263272309514e+01  
  3.352044800246e-03  ,5.933491601655e+00  ,3.588475731856e+00  ,1.263623198433e+01  
  3.352058725381e-03  ,4.792696936272e+00  ,3.598327119122e+00  ,1.264004823530e+01  
  3.352067643726e-03  ,4.356509518716e+00  ,1.398083618104e+01  ,1.264185077092e+01  
  3.352076013708e-03  ,4.341965648425e+00  ,4.350659181897e+01  ,1.264191182553e+01  
  3.352082290823e-03  ,4.134612184115e+00  ,5.280772048292e+01  ,3.852276926533e-02  
  3.352085561627e-03  ,3.936760005184e+00  ,5.283701410105e+01  ,-2.059897541042e-01  
  3.352087131279e-03  ,3.843882416312e+00  ,5.281869782542e+01  ,-4.138396125940e-03  
  3.352090270581e-03  ,3.665255762901e+00  ,5.282187337680e+01  ,1.013939781698e-02  
  3.352096549185e-03  ,3.332104780545e+00  ,5.283165363860e+01  ,5.649032751004e-03  
  3.352109106393e-03  ,2.751361292930e+00  ,5.285044588868e+01  ,4.594060262698e-03  
  3.352134220811e-03  ,1.861677857651e+00  ,5.288795310727e+01  ,3.314073203764e-03  
  3.352175371857e-03  ,9.414047123330e-01  ,5.294926609692e+01  ,1.972043673871e-03  
  3.352221362801e-03  ,4.554449392678e-01  ,5.301758641404e+01  ,1.262126269750e-03  
  3.352269451829e-03  ,1.918325881485e-01  ,5.308882063937e+01  ,8.761958580772e-04  
  3.352324353667e-03  ,8.008943216534e-02  ,5.316990815801e+01  ,7.113042390858e-04  
  3.352413045378e-03  ,6.895067056520e-03  ,5.330040500404e+01  ,6.013237961840e-04  
  3.352507840605e-03  ,2.597339357527e-03  ,5.343921258389e+01  ,5.915299419150e-04  
  3.352697431060e-03  ,7.901787410408e-04  ,5.371477452927e+01  ,5.818440881184e-04  
  3.352919017287e-03  ,1.962724884887e-03  ,5.403336485088e+01  ,5.753993700735e-04  
  3.353362189742e-03  ,1.917971796823e-03  ,5.465923716466e+01  ,5.590802610357e-04  
  3.354248534651e-03  ,1.421851275458e-03  ,5.586541048343e+01  ,5.266233314283e-04  
  3.356021224471e-03  ,1.581841530721e-03  ,5.809278980228e+01  ,4.653831715220e-04  
  3.359566604109e-03  ,9.472840971680e-04  ,6.179405405796e+01  ,3.496572214349e-04  
  3.362000000020e-03  ,1.006623595471e-03  ,6.374737755139e+01  ,2.788135443369e-04  
  3.362001000018e-03  ,5.776503801954e-01  ,6.374821426074e+01  ,-1.012216581587e-03  
  3.362001884681e-03  ,1.095178972182e+00  ,6.374895799532e+01  ,-2.187755830112e-03  
  3.362003654008e-03  ,2.159988654967e+00  ,6.375044232819e+01  ,-4.504419386391e-03  
  3.362007192661e-03  ,4.411829133029e+00  ,6.375339414255e+01  ,-8.957950605140e-03  
  3.362010000020e-03  ,6.311349516034e+00  ,6.375572045261e+01  ,-1.232621149338e-02  
  3.362010707751e-03  ,6.403637083538e+00  ,6.375621172977e+01  ,-1.224669319744e-02  
  3.362012123175e-03  ,6.586246907693e+00  ,6.375718379203e+01  ,-1.198673939011e-02  
  3.362014954023e-03  ,6.940000763023e+00  ,6.375912736643e+01  ,-1.146856552894e-02  
  3.362020615719e-03  ,7.603722435963e+00  ,6.376301882438e+01  ,-1.050148397723e-02  
  3.362031939111e-03  ,8.776149812885e+00  ,6.377081418872e+01  ,-8.793414719778e-03  
  3.362043345950e-03  ,9.773052994439e+00  ,6.377868052953e+01  ,-7.341126157868e-03  
  3.362051382147e-03  ,9.973462411114e+00  ,4.102286475156e+01  ,9.859919017472e+00  
  3.362059054754e-03  ,1.000028175530e+01  ,1.065939442354e+01  ,9.860092722547e+00  
  3.362063364915e-03  ,1.018855648113e+01  ,3.396517131304e+00  ,9.861009107871e+00  
  3.362067447088e-03  ,1.046805403292e+01  ,2.663717005519e+00  ,9.862087221859e+00  
  3.362069768317e-03  ,1.062541510504e+01  ,2.745101424481e+00  ,9.862736345849e+00  
  3.362072701238e-03  ,1.081627560601e+01  ,2.800400716670e+00  ,9.863560337040e+00  
  3.362078567080e-03  ,1.117289618123e+01  ,2.810082665110e+00  ,9.865210154115e+00  
  3.362090298764e-03  ,1.179814931914e+01  ,2.799589556941e+00  ,9.868517691389e+00  
  3.362102551989e-03  ,1.234557019049e+01  ,2.803801795116e+00  ,9.871972683281e+00  
  3.362127058439e-03  ,1.317761785372e+01  ,2.806027630468e+00  ,9.878882320547e+00  
  3.362176071338e-03  ,1.416529474133e+01  ,2.808424868558e+00  ,9.892700394611e+00  
  3.362274097137e-03  ,1.497648105973e+01  ,2.816325877824e+00  ,9.920331244533e+00  
  3.362402390174e-03  ,1.499973233844e+01  ,2.826603094758e+00  ,9.956482344227e+00  
  3.362627624206e-03  ,1.500013982276e+01  ,2.844588775314e+00  ,1.001991816543e+01  
  3.362866996459e-03  ,1.500012366383e+01  ,2.863727918885e+00  ,1.008729149282e+01  
  3.363345740966e-03  ,1.500021666479e+01  ,2.901943836025e+00  ,1.022190089396e+01  
  3.364303229980e-03  ,1.500026894737e+01  ,2.978219947086e+00  ,1.049057169421e+01  
  3.366218208007e-03  ,1.500036689438e+01  ,3.130151734720e+00  ,1.102572789516e+01  
  3.370048164062e-03  ,1.500038771180e+01  ,3.431550727217e+00  ,1.208735911221e+01  
  3.372010000020e-03  ,1.499973369270e+01  ,3.584672151545e+00  ,1.262670486779e+01  
  3.372011000018e-03  ,1.442056781962e+01  ,3.584603439561e+00  ,1.262697901378e+01  
  3.372013000126e-03  ,1.321292054794e+01  ,3.584372518663e+00  ,1.262752725571e+01  
  3.372017000343e-03  ,1.067169995262e+01  ,3.583928606819e+00  ,1.262862406131e+01  
  3.372020000020e-03  ,8.646856425591e+00  ,3.583655979358e+00  ,1.262944645846e+01  
  3.372020800063e-03  ,8.543187477749e+00  ,3.583710498366e+00  ,1.262966575925e+01  
  3.372022400076e-03  ,8.338345783141e+00  ,3.583906335567e+00  ,1.263010446076e+01  
  3.372025600100e-03  ,7.943224137146e+00  ,3.584432300953e+00  ,1.263098183336e+01  
  3.372032000149e-03  ,7.207852687375e+00  ,3.585527004679e+00  ,1.263273634722e+01  
  3.372044800246e-03  ,5.932329321439e+00  ,3.588482421205e+00  ,1.263624523565e+01  
  3.372058725381e-03  ,4.791758481530e+00  ,3.598354063800e+00  ,1.264006148384e+01  
  3.372067643726e-03  ,4.356444434825e+00  ,1.402564168497e+01  ,1.264186044144e+01  
  3.372076013708e-03  ,4.342004299060e+00  ,4.355874617765e+01  ,1.264191829978e+01  
  3.372082285607e-03  ,4.134153301707e+00  ,5.281132998158e+01  ,3.556556405323e-02  
  3.372085556040e-03  ,3.936334487088e+00  ,5.284023955309e+01  ,-2.051935727982e-01  
  3.372087126994e-03  ,3.843392333771e+00  ,5.282200075340e+01  ,-4.083968155211e-03  
  3.372090268904e-03  ,3.664643499899e+00  ,5.282518741619e+01  ,1.012021624952e-02  
  3.372096552724e-03  ,3.331283479068e+00  ,5.283497324316e+01  ,5.646715303873e-03  
  3.372109120363e-03  ,2.751839779346e+00  ,5.285382863863e+01  ,4.426182631762e-03  
  3.372134255642e-03  ,1.871260221575e+00  ,5.289135303307e+01  ,3.513712141420e-03  
  3.372173523182e-03  ,9.860215301975e-01  ,5.294989447907e+01  ,2.037806768546e-03  
  3.372218131298e-03  ,4.423013019922e-01  ,5.301617534748e+01  ,1.242953433724e-03  
  3.372263639444e-03  ,1.761857391398e-01  ,5.308360091973e+01  ,8.535654453051e-04  
  3.372332768911e-03  ,5.620785035393e-02  ,5.318568741251e+01  ,6.761413665734e-04  
  3.372413866991e-03  ,4.597829012625e-03  ,5.330497500077e+01  ,5.978981083310e-04  
  3.372510188097e-03  ,-7.864642892838e-03  ,5.344599902539e+01  ,5.761450985346e-04  
  3.372702830309e-03  ,-5.373135416322e-03  ,5.372592456896e+01  ,5.726156349713e-04  
  3.372993605608e-03  ,4.389240784518e-03  ,5.414307896007e+01  ,5.761420894897e-04  
  3.373575156206e-03  ,-2.556733792464e-05  ,5.495789621686e+01  ,5.485063333767e-04  
  3.374479239458e-03  ,1.129862669470e-03  ,5.617246165580e+01  ,5.178214026890e-04  
  3.375735419268e-03  ,1.471690107882e-03  ,5.775344623954e+01  ,4.747864548632e-04  
  3.378247778887e-03  ,1.202824791394e-03  ,6.053839971083e+01  ,3.921293280121e-04  
  3.382000000020e-03  ,8.927043633678e-04  ,6.375004310402e+01  ,2.766731160253e-04  
  3.382001000018e-03  ,5.775381173125e-01  ,6.375087972745e+01  ,-1.013295528690e-03  
  3.382001884774e-03  ,1.095123322848e+00  ,6.375162343038e+01  ,-2.187690199322e-03  
  3.382003654287e-03  ,2.160052531142e+00  ,6.375310798951e+01  ,-4.504885916121e-03  
  3.382007193313e-03  ,4.412156950037e+00  ,6.375606019688e+01  ,-8.958898857644e-03  
  3.382010000020e-03  ,6.311252159417e+00  ,6.375838603145e+01  ,-1.232635110248e-02  
  3.382010707825e-03  ,6.403550373558e+00  ,6.375887737564e+01  ,-1.224681471289e-02  
  3.382012123435e-03  ,6.586185815827e+00  ,6.375984959695e+01  ,-1.198682641305e-02  
  3.382014954656e-03  ,6.939987827792e+00  ,6.376179349441e+01  ,-1.146858083773e-02  
  3.382020617097e-03  ,7.603794315200e+00  ,6.376568559576e+01  ,-1.050137498396e-02  
  3.382031941980e-03  ,8.776353016253e+00  ,6.377348224945e+01  ,-8.793114476730e-03  
  3.382043350309e-03  ,9.773345024103e+00  ,6.378134988421e+01  ,-7.340697134323e-03  
  3.382051387995e-03  ,9.973478672285e+00  ,4.100457440367e+01  ,9.860309873009e+00  
  3.382059062093e-03  ,1.000031288760e+01  ,1.063592452800e+01  ,9.860484660879e+00  
  3.382063370019e-03  ,1.018882528686e+01  ,3.395139423405e+00  ,9.861400884818e+00  
  3.382067448467e-03  ,1.046807365251e+01  ,2.664137080759e+00  ,9.862478635806e+00  
  3.382069770068e-03  ,1.062545683885e+01  ,2.745310783235e+00  ,9.863127852998e+00  
  3.382072705224e-03  ,1.081645659872e+01  ,2.800520871175e+00  ,9.863952462521e+00  
  3.382078575536e-03  ,1.117332205255e+01  ,2.810180848409e+00  ,9.865603532846e+00  
  3.382090316161e-03  ,1.179894340072e+01  ,2.799710029608e+00  ,9.868913578620e+00  
  3.382102587267e-03  ,1.234696500415e+01  ,2.803915652217e+00  ,9.872373598354e+00  
  3.382127129480e-03  ,1.317959859458e+01  ,2.806141581228e+00  ,9.879293290945e+00  
  3.382176213905e-03  ,1.416725124848e+01  ,2.808547486072e+00  ,9.893131472054e+00  
  3.382274382755e-03  ,1.497752034541e+01  ,2.816459268245e+00  ,9.920802519207e+00  
  3.382402699634e-03  ,1.499974868161e+01  ,2.826738692804e+00  ,9.956960164608e+00  
  3.382628243610e-03  ,1.500013574586e+01  ,2.844749167699e+00  ,1.002048294603e+01  
  3.382867758915e-03  ,1.500012021455e+01  ,2.863899580932e+00  ,1.008789613869e+01  
  3.383346789524e-03  ,1.500020842865e+01  ,2.902138089034e+00  ,1.022258510730e+01  
  3.384304850742e-03  ,1.500025798904e+01  ,2.978459195337e+00  ,1.049141439139e+01  
  3.386220973178e-03  ,1.500035085865e+01  ,3.130480237216e+00  ,1.102688496741e+01  
  3.390053218052e-03  ,1.500037053234e+01  ,3.432054819860e+00  ,1.208913467188e+01  
  3.392010000020e-03  ,1.499974880641e+01  ,3.584780065064e+00  ,1.262708500246e+01  
  3.392011000018e-03  ,1.442072049490e+01  ,3.584711306829e+00  ,1.262735914725e+01  
  3.392013000126e-03  ,1.321306872772e+01  ,3.584480368590e+00  ,1.262790738769e+01  
  3.392017000343e-03  ,1.067183945750e+01  ,3.584036451881e+00  ,1.262900418843e+01  
  3.392020000020e-03  ,8.646989724457e+00  ,3.583763826570e+00  ,1.262982658235e+01  
  3.392020800063e-03  ,8.543319178448e+00  ,3.583818345397e+00  ,1.263004588228e+01  
  3.392022400076e-03  ,8.338474325973e+00  ,3.584014182344e+00  ,1.263048458205e+01  
  3.392025600100e-03  ,7.943346588684e+00  ,3.584540145400e+00  ,1.263136195120e+01  
  3.392032000149e-03  ,7.207963802139e+00  ,3.585634839218e+00  ,1.263311645816e+01  
  3.392044800246e-03  ,5.932420771107e+00  ,3.588590181316e+00  ,1.263662533279e+01  
  3.392058725381e-03  ,4.791832324942e+00  ,3.598460512387e+00  ,1.264044156610e+01  
  3.392067643726e-03  ,4.356451913631e+00  ,1.402236655677e+01  ,1.264224077632e+01  
  3.392076013708e-03  ,4.342003601965e+00  ,4.355491170880e+01  ,1.264229887991e+01  
  3.392082286352e-03  ,4.134209276669e+00  ,5.281348662304e+01  ,3.592666948549e-02  
  3.392085556785e-03  ,3.936389068973e+00  ,5.284244183930e+01  ,-2.052787331731e-01  
  3.392087127553e-03  ,3.843456334796e+00  ,5.282419475952e+01  ,-4.090063229980e-03  
  3.392090269091e-03  ,3.664725235003e+00  ,5.282738013383e+01  ,1.012233907794e-02  
  3.392096552165e-03  ,3.331395589969e+00  ,5.283716523721e+01  ,5.646998488847e-03  
  3.392109118314e-03  ,2.750395879172e+00  ,5.285597021961e+01  ,4.592685657514e-03  
  3.392134250613e-03  ,1.860478996129e+00  ,5.289350308117e+01  ,3.312281739278e-03  
  3.392175365897e-03  ,9.413865446972e-01  ,5.295476110607e+01  ,1.971970944555e-03  
  3.392221362801e-03  ,4.553894515905e-01  ,5.302308848537e+01  ,1.261999171054e-03  
  3.392269445868e-03  ,1.918302184744e-01  ,5.309431198603e+01  ,8.761462644907e-04  
  3.392324371548e-03  ,8.005417095441e-02  ,5.317543248708e+01  ,7.112058396733e-04  
  3.392413063260e-03  ,6.884769138751e-03  ,5.330592558581e+01  ,6.012617311611e-04  
  3.392507882329e-03  ,2.594983614019e-03  ,5.344476389770e+01  ,5.914785766690e-04  
  3.392697520466e-03  ,7.917571730989e-04  ,5.372038599940e+01  ,5.817966228060e-04  
  3.392919130536e-03  ,1.962291294611e-03  ,5.403899883694e+01  ,5.753480775142e-04  
  3.393362350674e-03  ,1.917483996301e-03  ,5.466491224638e+01  ,5.590270768648e-04  
  3.394248790951e-03  ,1.623624789066e-03  ,5.587109029324e+01  ,5.266812240797e-04  
  3.396021671506e-03  ,1.407814737914e-03  ,5.809855778270e+01  ,4.652550296141e-04  
  3.399567432614e-03  ,1.108522318546e-03  ,6.179975015543e+01  ,3.496363967668e-04  
  3.402000000020e-03  ,8.616490512500e-04  ,6.375207007989e+01  ,2.787394350714e-04  
  3.402001000018e-03  ,5.775075699992e-01  ,6.375290669264e+01  ,-1.012467219239e-03  
  3.402001884868e-03  ,1.095148305513e+00  ,6.375365048290e+01  ,-2.188259773740e-03  
  3.402003654567e-03  ,2.160194900779e+00  ,6.375513492322e+01  ,-4.505390227722e-03  
  3.402007193965e-03  ,4.412559152954e+00  ,6.375808694598e+01  ,-8.959786232563e-03  
  3.402010000020e-03  ,6.312009435673e+00  ,6.376041174816e+01  ,-1.232528816209e-02  
  3.402010707900e-03  ,6.404309216096e+00  ,6.376090304806e+01  ,-1.224576146747e-02  
  3.402012123696e-03  ,6.585032464711e+00  ,6.376187507026e+01  ,-1.198559401773e-02  
  3.402014955289e-03  ,6.937398775779e+00  ,6.376381924980e+01  ,-1.147240051314e-02  
  3.402020618476e-03  ,7.601502229684e+00  ,6.376771105888e+01  ,-1.050469648481e-02  
  3.402031944848e-03  ,8.774566993241e+00  ,6.377550713557e+01  ,-8.795793101633e-03  
  3.402043354667e-03  ,9.771966444671e+00  ,6.378337417778e+01  ,-7.342757534316e-03  
  3.402051392354e-03  ,9.973420044421e+00  ,4.107515012743e+01  ,9.859830500029e+00  
  3.402059066452e-03  ,1.000023025019e+01  ,1.070473371952e+01  ,9.860002533337e+00  
  3.402063383318e-03  ,1.018821388741e+01  ,3.398971449727e+00  ,9.860918722380e+00  
  3.402067475177e-03  ,1.046835545149e+01  ,2.663073555116e+00  ,9.861998430263e+00  
  3.402069796778e-03  ,1.062573501788e+01  ,2.744921227674e+00  ,9.862647661537e+00  
  3.402072727464e-03  ,1.081644112376e+01  ,2.800375328041e+00  ,9.863471030099e+00  
  3.402078588836e-03  ,1.117278720399e+01  ,2.810077982089e+00  ,9.865119584208e+00  
  3.402090311579e-03  ,1.179920222915e+01  ,2.805063115835e+00  ,9.868421256653e+00  
  3.402110133104e-03  ,1.263573877821e+01  ,2.803703595904e+00  ,9.874010012369e+00  
  3.402149776153e-03  ,1.372877407934e+01  ,2.807841074087e+00  ,9.885187104937e+00  
  3.402229062251e-03  ,1.476952227619e+01  ,2.812822344084e+00  ,9.907537834908e+00  
  3.402346507244e-03  ,1.516350367346e+01  ,2.822018449623e+00  ,9.940636737928e+00  
  3.402519384555e-03  ,1.497805566013e+01  ,2.835932036860e+00  ,9.989338048396e+00  
  3.402675930194e-03  ,1.497089517433e+01  ,2.848446053685e+00  ,1.003341787950e+01  
  3.402989021472e-03  ,1.501193249170e+01  ,2.873439966002e+00  ,1.012151882930e+01  
  3.403615204029e-03  ,1.499231015609e+01  ,2.923406121172e+00  ,1.029748614403e+01  
  3.404713646106e-03  ,1.499816405933e+01  ,3.010824102787e+00  ,1.060541128923e+01  
  3.406910530261e-03  ,1.500018775950e+01  ,3.184849372029e+00  ,1.121839150052e+01  
  3.411304298572e-03  ,1.499992881126e+01  ,3.529664674941e+00  ,1.243294958212e+01  
  3.412010000020e-03  ,1.500001323630e+01  ,3.584646594280e+00  ,1.262661520134e+01  
  3.412011000018e-03  ,1.442323029043e+01  ,3.584577074004e+00  ,1.262688934615e+01  
  3.412013000126e-03  ,1.321550462257e+01  ,3.584345854622e+00  ,1.262743759675e+01  
  3.412017000343e-03  ,1.067413274707e+01  ,3.583901839890e+00  ,1.262853439673e+01  
  3.412020000020e-03  ,8.649180993955e+00  ,3.583629211520e+00  ,1.262935679468e+01  
  3.412020800063e-03  ,8.545484175632e+00  ,3.583683701089e+00  ,1.262957609575e+01  
  3.412022400076e-03  ,8.340587410911e+00  ,3.583879485063e+00  ,1.263001479762e+01  
  3.412025600100e-03  ,7.945359538819e+00  ,3.584405333908e+00  ,1.263089217099e+01  
  3.412032000149e-03  ,7.209790386147e+00  ,3.585499667342e+00  ,1.263264668668e+01  
  3.412044800246e-03  ,5.933924071537e+00  ,3.588452936875e+00  ,1.263615557875e+01  
  3.412058726871e-03  ,4.792935146897e+00  ,3.598299623689e+00  ,1.263997224171e+01  
  3.412067645216e-03  ,4.356525740688e+00  ,1.396947692480e+01  ,1.264177567785e+01  
  3.412076016689e-03  ,4.341954476037e+00  ,4.349871780777e+01  ,1.264183735645e+01  
  3.412082296038e-03  ,4.134693466184e+00  ,5.281335493867e+01  ,3.923840342511e-02  
  3.412085567215e-03  ,3.936818064097e+00  ,5.284273964906e+01  ,-2.061653243913e-01  
  3.412087136680e-03  ,3.843949680933e+00  ,5.282440614359e+01  ,-4.149866833948e-03  
  3.412090275610e-03  ,3.665340630425e+00  ,5.282757917716e+01  ,1.014315650144e-02  
  3.412096553469e-03  ,3.332219772515e+00  ,5.283735784709e+01  ,5.649317623820e-03  
  3.412109109187e-03  ,2.753115100900e+00  ,5.285619485601e+01  ,4.426745496500e-03  
  3.412134220624e-03  ,1.872829119405e+00  ,5.289368182092e+01  ,3.517207162609e-03  
  3.412173523927e-03  ,9.862452183433e-01  ,5.295227421273e+01  ,2.038099010777e-03  
  3.412218126083e-03  ,4.424139465207e-01  ,5.301854329942e+01  ,1.243078108890e-03  
  3.412263634229e-03  ,1.762154318207e-01  ,5.308596587538e+01  ,8.535698867246e-04  
  3.412332739854e-03  ,5.624421832507e-02  ,5.318801264761e+01  ,6.761564674263e-04  
  3.412413837934e-03  ,4.607316816077e-03  ,5.330729499167e+01  ,5.978741220974e-04  
  3.412510123277e-03  ,-7.861698434207e-03  ,5.344826052951e+01  ,5.761129952404e-04  
  3.412702693963e-03  ,-5.375692420134e-03  ,5.372807058232e+01  ,5.725783183688e-04  
  3.412993373895e-03  ,4.389112883485e-03  ,5.414507234183e+01  ,5.761119918553e-04  
  3.413574733758e-03  ,-2.530640677099e-05  ,5.495959639243e+01  ,5.484840304077e-04  
  3.414478054071e-03  ,1.129807304977e-03  ,5.617312846322e+01  ,5.178260669216e-04  
  3.415734043146e-03  ,1.471753667553e-03  ,5.775390558857e+01  ,4.747969489822e-04  
  3.418246021295e-03  ,1.202873335756e-03  ,6.053855046659e+01  ,3.921499213964e-04  
  3.422000000020e-03  ,8.926191285749e-04  ,6.375164176807e+01  ,2.766380031885e-04  
  3.422001000018e-03  ,5.775380316572e-01  ,6.375247830281e+01  ,-1.013331816597e-03  
  3.422001884774e-03  ,1.095123236908e+00  ,6.375322192689e+01  ,-2.187723752160e-03  
  3.422003654287e-03  ,2.160052444658e+00  ,6.375470632893e+01  ,-4.504920104002e-03  
  3.422007193313e-03  ,4.412156862503e+00  ,6.375765822198e+01  ,-8.958933127737e-03  
  3.422010000020e-03  ,6.311252071088e+00  ,6.375998380725e+01  ,-1.232638534461e-02  
  3.422010707825e-03  ,6.403550285033e+00  ,6.376047508843e+01  ,-1.224684836863e-02  
  3.422012123435e-03  ,6.586185726915e+00  ,6.376144718383e+01  ,-1.198685995082e-02  
  3.422014954656e-03  ,6.939987738131e+00  ,6.376339082951e+01  ,-1.146861443323e-02  
  3.422020617097e-03  ,7.603794224134e+00  ,6.376728242725e+01  ,-1.050140858066e-02  
  3.422031941980e-03  ,8.776352922703e+00  ,6.377507807362e+01  ,-8.793148088971e-03  
  3.422043350309e-03  ,9.773344928438e+00  ,6.378294469349e+01  ,-7.340730754269e-03  
  3.422051387995e-03  ,9.973476433729e+00  ,4.100600611635e+01  ,9.860035522659e+00  
  3.422059062093e-03  ,1.000030913253e+01  ,1.063723729403e+01  ,9.860210197703e+00  
  3.422063370764e-03  ,1.018884987084e+01  ,3.395050176706e+00  ,9.861126509494e+00  
  3.422067449212e-03  ,1.046809696669e+01  ,2.664080765251e+00  ,9.862204296825e+00  
  3.422069770813e-03  ,1.062547916235e+01  ,2.745238650001e+00  ,9.862853513904e+00  
  3.422072705969e-03  ,1.081647787450e+01  ,2.800442375799e+00  ,9.863678124856e+00  
  3.422078576281e-03  ,1.117334150254e+01  ,2.810102114206e+00  ,9.865329199372e+00  
  3.422090316906e-03  ,1.179895968407e+01  ,2.799632660473e+00  ,9.868639254346e+00  
  3.422102589503e-03  ,1.234703963645e+01  ,2.803837853020e+00  ,9.872099703771e+00  
  3.422127134695e-03  ,1.317973504294e+01  ,2.806063891649e+00  ,9.879020255717e+00  
  3.422176225081e-03  ,1.416740106142e+01  ,2.808470432083e+00  ,9.892860155224e+00  
  3.422274405852e-03  ,1.497760640185e+01  ,2.816383181157e+00  ,9.920534637758e+00  
  3.422402722731e-03  ,1.499974985373e+01  ,2.826662665168e+00  ,9.956692380753e+00  
  3.422628290549e-03  ,1.500013545388e+01  ,2.844675100624e+00  ,1.002022204635e+01  
  3.422867853537e-03  ,1.500011996983e+01  ,2.863829370425e+00  ,1.008764883272e+01  
  3.423346979513e-03  ,1.500020784018e+01  ,2.902075581589e+00  ,1.022236493374e+01  
  3.424305231467e-03  ,1.500025720512e+01  ,2.978412031536e+00  ,1.049124826302e+01  
  3.426221735373e-03  ,1.500034971063e+01  ,3.130463512419e+00  ,1.102682605499e+01  
  3.430054743185e-03  ,1.500036930116e+01  ,3.432097989959e+00  ,1.208928672978e+01  
  3.432010000020e-03  ,1.499974991214e+01  ,3.584704289221e+00  ,1.262681809570e+01  
  3.432011000018e-03  ,1.442073316896e+01  ,3.584635527841e+00  ,1.262709224123e+01  
  3.432013000126e-03  ,1.321308102858e+01  ,3.584404588642e+00  ,1.262764048326e+01  
  3.432017000343e-03  ,1.067185103821e+01  ,3.583960670885e+00  ,1.262873728697e+01  
  3.432020000020e-03  ,8.647000789955e+00  ,3.583688043927e+00  ,1.262955968316e+01  
  3.432020800063e-03  ,8.543330111260e+00  ,3.583742561594e+00  ,1.262977898370e+01  
  3.432022400076e-03  ,8.338484996607e+00  ,3.583938396370e+00  ,1.263021768469e+01  
  3.432025600100e-03  ,7.943356753600e+00  ,3.584464355850e+00  ,1.263109505626e+01  
  3.432032000149e-03  ,7.207973025803e+00  ,3.585559040061e+00  ,1.263284956807e+01  
  3.432044800246e-03  ,5.932428361714e+00  ,3.588514338153e+00  ,1.263635845241e+01  
  3.432058725381e-03  ,4.791838450524e+00  ,3.598384337069e+00  ,1.264017469631e+01  
  3.432067642236e-03  ,4.356456994429e+00  ,1.401639579913e+01  ,1.264197407583e+01  
  3.432076010728e-03  ,4.341999072755e+00  ,4.354282288385e+01  ,1.264203282016e+01  
  3.432082283372e-03  ,4.134428011960e+00  ,5.281467737423e+01  ,3.700805020598e-02  
  3.432085553432e-03  ,3.936622918520e+00  ,5.284376958637e+01  ,-2.055461387036e-01  
  3.432087123455e-03  ,3.843727567977e+00  ,5.282549603819e+01  ,-4.109981029976e-03  
  3.432090263503e-03  ,3.665066650761e+00  ,5.282867621168e+01  ,1.012944765605e-02  
  3.432096543597e-03  ,3.331857141700e+00  ,5.283845700868e+01  ,5.648053788384e-03  
  3.432109103786e-03  ,2.751030115190e+00  ,5.285725213814e+01  ,4.593536633360e-03  
  3.432134224163e-03  ,1.861271766253e+00  ,5.289476522816e+01  ,3.313397668816e-03  
  3.432175363289e-03  ,9.413953496936e-01  ,5.295605550489e+01  ,1.971945107666e-03  
  3.432221354233e-03  ,4.554403444523e-01  ,5.302437030797e+01  ,1.262034850769e-03  
  3.432269443260e-03  ,1.918305793435e-01  ,5.309559874304e+01  ,8.761082108835e-04  
  3.432324357020e-03  ,8.007138953932e-02  ,5.317669719896e+01  ,7.111928667254e-04  
  3.432413048731e-03  ,6.889777082207e-03  ,5.330718316272e+01  ,6.012310944166e-04  
  3.432507855879e-03  ,2.596035594020e-03  ,5.344599642702e+01  ,5.914427351444e-04  
  3.432697470175e-03  ,7.908476204009e-04  ,5.372156892765e+01  ,5.817590663471e-04  
  3.432919080244e-03  ,1.962404739570e-03  ,5.404016445961e+01  ,5.753122780940e-04  
  3.433362300383e-03  ,1.917593665253e-03  ,5.466604315683e+01  ,5.589918249420e-04  
  3.434248740660e-03  ,1.421810817000e-03  ,5.587221313412e+01  ,5.265328954815e-04  
  3.436021621214e-03  ,1.581486732690e-03  ,5.809952191866e+01  ,4.652874327649e-04  
  3.439567382323e-03  ,9.470976166261e-04  ,6.180039772998e+01  ,3.495526577561e-04  
  3.442000000020e-03  ,1.006269115794e-03  ,6.375253917287e+01  ,2.787333653475e-04  
  3.442001000018e-03  ,5.776500273520e-01  ,6.375337567673e+01  ,-1.012298838463e-03  
  3.442001884774e-03  ,1.095233743830e+00  ,6.375411930762e+01  ,-2.187961865527e-03  
  3.442003654287e-03  ,2.160160022582e+00  ,6.375560343210e+01  ,-4.504862564512e-03  
  3.442007193313e-03  ,4.412258808849e+00  ,6.375855482620e+01  ,-8.958831510216e-03  
  3.442010000020e-03  ,6.311349759169e+00  ,6.376088001691e+01  ,-1.232629312450e-02  
  3.442010707825e-03  ,6.403646933719e+00  ,6.376137119927e+01  ,-1.224675922606e-02  
  3.442012123435e-03  ,6.586280318906e+00  ,6.376234309776e+01  ,-1.198677011209e-02  
  3.442014954656e-03  ,6.940078345807e+00  ,6.376428634506e+01  ,-1.146853238264e-02  
  3.442020617097e-03  ,7.603877356450e+00  ,6.376817714952e+01  ,-1.050133804476e-02  
  3.442031941980e-03  ,8.776422850425e+00  ,6.377597120906e+01  ,-8.793096867684e-03  
  3.442043350309e-03  ,9.773403628700e+00  ,6.378383623046e+01  ,-7.340695249207e-03  
  3.442051387995e-03  ,9.973475041245e+00  ,4.100366969644e+01  ,9.859434683983e+00  
  3.442059062093e-03  ,1.000030774547e+01  ,1.063488312391e+01  ,9.859609413281e+00  
  3.442063370019e-03  ,1.018883363423e+01  ,3.394840335668e+00  ,9.860525709806e+00  
  3.442067448467e-03  ,1.046808217852e+01  ,2.663896514486e+00  ,9.861603501015e+00  
  3.442069770440e-03  ,1.062548968505e+01  ,2.745063850012e+00  ,9.862252825282e+00  
  3.442072705596e-03  ,1.081648798592e+01  ,2.800269836041e+00  ,9.863077442053e+00  
  3.442078575909e-03  ,1.117335079024e+01  ,2.809931507811e+00  ,9.864728527037e+00  
  3.442090316534e-03  ,1.179896745247e+01  ,2.799461920464e+00  ,9.868038602052e+00  
  3.442102587640e-03  ,1.234698493588e+01  ,2.803667171314e+00  ,9.871498652271e+00  
  3.442127129853e-03  ,1.317961227145e+01  ,2.805893105902e+00  ,9.878418405841e+00  
  3.442176214277e-03  ,1.416725750643e+01  ,2.808299152916e+00  ,9.892256708880e+00  
  3.442274383127e-03  ,1.497752051554e+01  ,2.816210990462e+00  ,9.919927999814e+00  
  3.442402700007e-03  ,1.499974868441e+01  ,2.826490505012e+00  ,9.956085963739e+00  
  3.442628243983e-03  ,1.500013574575e+01  ,2.844501139695e+00  ,1.001960930476e+01  
  3.442867759287e-03  ,1.500012021456e+01  ,2.863651721084e+00  ,1.008702309127e+01  
  3.443346789896e-03  ,1.500020842799e+01  ,2.901890566060e+00  ,1.022171324641e+01  
  3.444304851114e-03  ,1.500025798800e+01  ,2.978212344732e+00  ,1.049054489870e+01  
  3.446220973551e-03  ,1.500035085690e+01  ,3.130234725869e+00  ,1.102602019185e+01  
  3.450053218424e-03  ,1.500037053041e+01  ,3.431811965262e+00  ,1.208827925401e+01  
  3.452010000020e-03  ,1.499974880900e+01  ,3.584538526881e+00  ,1.262623422143e+01  
  3.452011000018e-03  ,1.442072051631e+01  ,3.584469770721e+00  ,1.262650836863e+01  
  3.452013000126e-03  ,1.321306874851e+01  ,3.584238833885e+00  ,1.262705661391e+01  
  3.452017000343e-03  ,1.067183947705e+01  ,3.583794915346e+00  ,1.262815342431e+01  
  3.452020000020e-03  ,8.646989742764e+00  ,3.583522284834e+00  ,1.262897582547e+01  
  3.452020800063e-03  ,8.543319196484e+00  ,3.583576800398e+00  ,1.262919512733e+01  
  3.452022400076e-03  ,8.338474343473e+00  ,3.583772631214e+00  ,1.262963383097e+01  
  3.452025600100e-03  ,7.943346605168e+00  ,3.584298584629e+00  ,1.263051120785e+01  
  3.452032000149e-03  ,7.207963816624e+00  ,3.585393253401e+00  ,1.263226573027e+01  
  3.452044800246e-03  ,5.932420781167e+00  ,3.588348487652e+00  ,1.263577463583e+01  
  3.452058725381e-03  ,4.791832322656e+00  ,3.598218181971e+00  ,1.263959090285e+01  
  3.452067642236e-03  ,4.356452951998e+00  ,1.401630428687e+01  ,1.264139030438e+01  
  3.452076010728e-03  ,4.341995740890e+00  ,4.354275128340e+01  ,1.264144905513e+01  
  3.452082283372e-03  ,4.134437226282e+00  ,5.281539083112e+01  ,3.707341976321e-02  
  3.452085553432e-03  ,3.936631897705e+00  ,5.284449085189e+01  ,-2.055610138924e-01  
  3.452087123455e-03  ,3.843736308503e+00  ,5.282621565946e+01  ,-4.110948007923e-03  
  3.452090263503e-03  ,3.665074979309e+00  ,5.282939529564e+01  ,1.012966455167e-02  
  3.452096543597e-03  ,3.331864702474e+00  ,5.283917528479e+01  ,5.648022398375e-03  
  3.452109103786e-03  ,2.751036332357e+00  ,5.285796874633e+01  ,4.593489225663e-03  
  3.452134224163e-03  ,1.861275921973e+00  ,5.289547849588e+01  ,3.313348217531e-03  
  3.452175363289e-03  ,9.413973722117e-01  ,5.295676330230e+01  ,1.971892690583e-03  
  3.452221354233e-03  ,4.554412384467e-01  ,5.302507199142e+01  ,1.261980905278e-03  
  3.452269449221e-03  ,1.918054449079e-01  ,5.309630285253e+01  ,8.760162366154e-04  
  3.452324357020e-03  ,8.006950409878e-02  ,5.317738519987e+01  ,7.111351321784e-04  
  3.452413048731e-03  ,6.891490616963e-03  ,5.330785939321e+01  ,6.011788274190e-04  
  3.452507855879e-03  ,2.596182616003e-03  ,5.344666008852e+01  ,5.913884173075e-04  
  3.452697470175e-03  ,7.903413088705e-04  ,5.372220749012e+01  ,5.817042634666e-04  
  3.452919080244e-03  ,1.962334582514e-03  ,5.404077375537e+01  ,5.752586400050e-04  
  3.453362300383e-03  ,1.917522892888e-03  ,5.466659415117e+01  ,5.589392369570e-04  
  3.454248740660e-03  ,1.421590784264e-03  ,5.587264851898e+01  ,5.264820673983e-04  
  3.456021621214e-03  ,1.581390711476e-03  ,5.809973064778e+01  ,4.652404498224e-04  
  3.459567382323e-03  ,9.469056097215e-04  ,6.180017565266e+01  ,3.495118043898e-04  
  3.462000000020e-03  ,1.006183079205e-03  ,6.375204176830e+01  ,2.786959191150e-04  
  3.462001000018e-03  ,5.776499408877e-01  ,6.375287816293e+01  ,-1.012335918333e-03  
  3.462001884681e-03  ,1.095178533701e+00  ,6.375362161899e+01  ,-2.187875735864e-03  
  3.462003654008e-03  ,2.159988218107e+00  ,6.375510539466e+01  ,-4.504539115200e-03  
  3.462007192661e-03  ,4.411828699283e+00  ,6.375805609459e+01  ,-8.958070213521e-03  
  3.462010000020e-03  ,6.311349084342e+00  ,6.376038152044e+01  ,-1.232633103389e-02  
  3.462010707751e-03  ,6.403636652409e+00  ,6.376087257426e+01  ,-1.224681106897e-02  
  3.462012123175e-03  ,6.586246477683e+00  ,6.376184419013e+01  ,-1.198685689488e-02  
  3.462014954023e-03  ,6.940000335181e+00  ,6.376378687179e+01  ,-1.146868320564e-02  
  3.462020615719e-03  ,7.603722012188e+00  ,6.376767654421e+01  ,-1.050160164301e-02  
  3.462031939111e-03  ,8.776149396291e+00  ,6.377546833728e+01  ,-8.793532404596e-03  
  3.462043345950e-03  ,9.773052583948e+00  ,6.378333108028e+01  ,-7.341243834681e-03  
  3.462051382147e-03  ,9.973454341819e+00  ,4.102692274520e+01  ,9.858842057468e+00  
  3.462059054754e-03  ,1.000026920059e+01  ,1.066309258857e+01  ,9.859015435359e+00  
  3.462063364915e-03  ,1.018847763959e+01  ,3.396544467125e+00  ,9.859931890480e+00  
  3.462067447833e-03  ,1.046802609547e+01  ,2.663337384007e+00  ,9.861010066110e+00  
  3.462069768689e-03  ,1.062536390067e+01  ,2.744768975452e+00  ,9.861659096698e+00  
  3.462072701238e-03  ,1.081620321528e+01  ,2.800093334873e+00  ,9.862482994252e+00  
  3.462078566335e-03  ,1.117278658127e+01  ,2.809780188904e+00  ,9.864132619431e+00  
  3.462090296529e-03  ,1.179798462341e+01  ,2.799280975069e+00  ,9.867439772287e+00  
  3.462102543793e-03  ,1.234518850507e+01  ,2.803495180173e+00  ,9.870893121129e+00  
  3.462127038322e-03  ,1.317701443155e+01  ,2.805720944974e+00  ,9.877799472408e+00  
  3.462176027380e-03  ,1.416466792131e+01  ,2.808115545780e+00  ,9.891610975665e+00  
  3.462274005495e-03  ,1.497613440131e+01  ,2.816012996529e+00  ,9.919228689478e+00  
  3.462402274690e-03  ,1.499972536335e+01  ,2.826288302076e+00  ,9.955373473443e+00  
  3.462627413355e-03  ,1.500014158216e+01  ,2.844266527392e+00  ,1.001878315206e+01  
  3.462866737924e-03  ,1.500012513658e+01  ,2.863402095545e+00  ,1.008614383397e+01  
  3.463345387064e-03  ,1.500022017320e+01  ,2.901610846873e+00  ,1.022072799718e+01  
  3.464302685342e-03  ,1.500027361135e+01  ,2.977872687307e+00  ,1.048934853329e+01  
  3.466217281900e-03  ,1.500037371676e+01  ,3.129776173070e+00  ,1.102440504898e+01  
  3.470046475015e-03  ,1.500039501950e+01  ,3.431119511105e+00  ,1.208584023224e+01  
  3.472010000020e-03  ,1.499972727126e+01  ,3.584374802730e+00  ,1.262565749142e+01  
  3.472011000018e-03  ,1.442050337954e+01  ,3.584306112427e+00  ,1.262593164041e+01  
  3.472013000126e-03  ,1.321285800531e+01  ,3.584075200307e+00  ,1.262647988808e+01  
  3.472017000343e-03  ,1.067164107140e+01  ,3.583631288628e+00  ,1.262757670575e+01  
  3.472020000020e-03  ,8.646800163383e+00  ,3.583358654810e+00  ,1.262839911182e+01  
  3.472020800063e-03  ,8.543131890034e+00  ,3.583413170497e+00  ,1.262861841499e+01  
  3.472022400076e-03  ,8.338291528177e+00  ,3.583609001420e+00  ,1.262905712125e+01  
  3.472025600100e-03  ,7.943172452983e+00  ,3.584134957736e+00  ,1.262993450337e+01  
  3.472032000149e-03  ,7.207805787728e+00  ,3.585229639536e+00  ,1.263168903626e+01  
  3.472044800246e-03  ,5.932290720154e+00  ,3.588184975054e+00  ,1.263519796275e+01  
  3.472058725381e-03  ,4.791727301066e+00  ,3.598056507565e+00  ,1.263901425238e+01  
  3.472067643726e-03  ,4.356435782755e+00  ,1.402644127384e+01  ,1.264081317321e+01  
  3.472076013708e-03  ,4.341999151095e+00  ,4.355973940089e+01  ,1.264087098386e+01  
  3.472082285607e-03  ,4.134194197849e+00  ,5.281509215915e+01  ,3.580852306098e-02  
  3.472085556040e-03  ,3.936374199007e+00  ,5.284403079598e+01  ,-2.052437283199e-01  
  3.472087126808e-03  ,3.843441851487e+00  ,5.282578652616e+01  ,-4.087911660936e-03  
  3.472090268346e-03  ,3.664711398522e+00  ,5.282897119934e+01  ,1.012146897233e-02  
  3.472096551420e-03  ,3.331382963290e+00  ,5.283875421573e+01  ,5.646806736462e-03  
  3.472109117569e-03  ,2.750385378269e+00  ,5.285755515128e+01  ,4.592540039729e-03  
  3.472134249868e-03  ,1.860471762144e+00  ,5.289507992572e+01  ,3.312137951080e-03  
  3.472175365152e-03  ,9.413826915673e-01  ,5.295632472214e+01  ,1.971832226497e-03  
  3.472221362056e-03  ,4.553873918111e-01  ,5.302463730767e+01  ,1.261863360617e-03  
  3.472269445123e-03  ,1.918291313320e-01  ,5.309584535184e+01  ,8.760121653001e-04  
  3.472324370803e-03  ,8.005349644793e-02  ,5.317694820716e+01  ,7.110726767126e-04  
  3.472413074436e-03  ,6.877845648908e-03  ,5.330743033084e+01  ,6.011195551072e-04  
  3.472507881584e-03  ,2.593843246445e-03  ,5.344622074333e+01  ,5.913458429622e-04  
  3.472697495880e-03  ,7.927195414884e-04  ,5.372174766716e+01  ,5.816689703213e-04  
  3.472919105949e-03  ,1.961569210927e-03  ,5.404029014567e+01  ,5.752192430028e-04  
  3.473362326087e-03  ,1.916769728366e-03  ,5.466606344539e+01  ,5.589007999796e-04  
  3.474248766364e-03  ,1.421931500195e-03  ,5.587202557472e+01  ,5.264470124550e-04  
  3.476021646919e-03  ,1.580875021963e-03  ,5.809893139836e+01  ,4.652074833007e-04  
  3.479567408027e-03  ,9.471770901899e-04  ,6.179905885702e+01  ,3.494857842975e-04  
  3.482000000020e-03  ,1.005764672029e-03  ,6.375071755054e+01  ,2.786728273995e-04  
  3.482001000018e-03  ,5.776495274659e-01  ,6.375155387447e+01  ,-1.012358331163e-03  
  3.482001884681e-03  ,1.095178124650e+00  ,6.375229726806e+01  ,-2.187898107432e-03  
  3.482003654008e-03  ,2.159987817636e+00  ,6.375378091881e+01  ,-4.504561492175e-03  
  3.482007192661e-03  ,4.411828315314e+00  ,6.375673136891e+01  ,-8.958092592537e-03  
  3.482010000020e-03  ,6.311348712854e+00  ,6.375905659657e+01  ,-1.232635341168e-02  
  3.482010707751e-03  ,6.403636283966e+00  ,6.375954760037e+01  ,-1.224683400608e-02  
  3.482012123175e-03  ,6.586246115262e+00  ,6.376051911609e+01  ,-1.198687993957e-02  
  3.482014954023e-03  ,6.939999984427e+00  ,6.376246159745e+01  ,-1.146870617487e-02  
  3.482020615719e-03  ,7.603721683326e+00  ,6.376635086938e+01  ,-1.050162456276e-02  
  3.482031939111e-03  ,8.776149106106e+00  ,6.377414186191e+01  ,-8.793555243397e-03  
  3.482043345950e-03  ,9.773052326660e+00  ,6.378200379907e+01  ,-7.341266600214e-03  
  3.482051382147e-03  ,9.973452218314e+00  ,4.102542859405e+01  ,9.858354805134e+00  
  3.482059054754e-03  ,1.000026815636e+01  ,1.066166244860e+01  ,9.858528281236e+00  
  3.482063364915e-03  ,1.018849844751e+01  ,3.396311018166e+00  ,9.859444721970e+00  
  3.482067447088e-03  ,1.046799655245e+01  ,2.663251802526e+00  ,9.860522760026e+00  
  3.482069767944e-03  ,1.062533493047e+01  ,2.744639578093e+00  ,9.861171792614e+00  
  3.482072700493e-03  ,1.081617538546e+01  ,2.799952272469e+00  ,9.861995693958e+00  
  3.482078565590e-03  ,1.117276113287e+01  ,2.809640246838e+00  ,9.863645327445e+00  
  3.482090295784e-03  ,1.179796336065e+01  ,2.799143876986e+00  ,9.866952496618e+00  
  3.482102544538e-03  ,1.234523204436e+01  ,2.803357010701e+00  ,9.870406282524e+00  
  3.482127042047e-03  ,1.317712967615e+01  ,2.805582739063e+00  ,9.877313507937e+00  
  3.482176037065e-03  ,1.416480834138e+01  ,2.807978115292e+00  ,9.891126759163e+00  
  3.482274027101e-03  ,1.497622064482e+01  ,2.815876484892e+00  ,9.918747967480e+00  
  3.482402296297e-03  ,1.499972655415e+01  ,2.826151869100e+00  ,9.954892926497e+00  
  3.482627458803e-03  ,1.500014128762e+01  ,2.844132096467e+00  ,1.001830962506e+01  
  3.482866783373e-03  ,1.500012488485e+01  ,2.863267751764e+00  ,1.008567062859e+01  
  3.483345432512e-03  ,1.500021957204e+01  ,2.901476685653e+00  ,1.022025543440e+01  
  3.484302730791e-03  ,1.500027281123e+01  ,2.977738890335e+00  ,1.048887725309e+01  
  3.486217327349e-03  ,1.500037254575e+01  ,3.129643101615e+00  ,1.102393632350e+01  
  3.490046520464e-03  ,1.500039376519e+01  ,3.430987878554e+00  ,1.208537657478e+01  
  3.492010000020e-03  ,1.499972836915e+01  ,3.584240363346e+00  ,1.262518395126e+01  
  3.492011000018e-03  ,1.442051405166e+01  ,3.584171671041e+00  ,1.262545810159e+01  
  3.492013000126e-03  ,1.321286836319e+01  ,3.583940758538e+00  ,1.262600635201e+01  
  3.492017000343e-03  ,1.067165082287e+01  ,3.583496845449e+00  ,1.262710317500e+01  
  3.492020000020e-03  ,8.646809480984e+00  ,3.583224208718e+00  ,1.262792558511e+01  
  3.492020800063e-03  ,8.543141095892e+00  ,3.583278722476e+00  ,1.262814488935e+01  
  3.492022400076e-03  ,8.338300513240e+00  ,3.583474549778e+00  ,1.262858359777e+01  
  3.492025600100e-03  ,7.943181012159e+00  ,3.584000500264e+00  ,1.262946098418e+01  
  3.492032000149e-03  ,7.207813554203e+00  ,3.585095166649e+00  ,1.263121552568e+01  
  3.492044800246e-03  ,5.932297111024e+00  ,3.588050433572e+00  ,1.263472446940e+01  
  3.492058725381e-03  ,4.791732455419e+00  ,3.597921500125e+00  ,1.263854077779e+01  
  3.492067643726e-03  ,4.356433206637e+00  ,1.402588372841e+01  ,1.264033975454e+01  
  3.492076013708e-03  ,4.341996033655e+00  ,4.355911883089e+01  ,1.264039759850e+01  
  3.492082285607e-03  ,4.134182250272e+00  ,5.281400325865e+01  ,3.576132671124e-02  
  3.492085556040e-03  ,3.936362665797e+00  ,5.284293608319e+01  ,-2.052359255322e-01  
  3.492087126808e-03  ,3.843430600072e+00  ,5.282469243745e+01  ,-4.087458991004e-03  
  3.492090268346e-03  ,3.664700664514e+00  ,5.282787694526e+01  ,1.012131877479e-02  
  3.492096551420e-03  ,3.331373195200e+00  ,5.283765949653e+01  ,5.646765414946e-03  
  3.492109117569e-03  ,2.750377297313e+00  ,5.285645952084e+01  ,4.592506846651e-03  
  3.492134249868e-03  ,1.860466267700e+00  ,5.289398247399e+01  ,3.312108249216e-03  
  3.492175365152e-03  ,9.413798699457e-01  ,5.295522429486e+01  ,1.971806469583e-03  
  3.492221362056e-03  ,4.553859848062e-01  ,5.302353355834e+01  ,1.261839736057e-03  
  3.492269445123e-03  ,1.918284915801e-01  ,5.309473813832e+01  ,8.759897347587e-04  
  3.492324370803e-03  ,8.005318223547e-02  ,5.317583704713e+01  ,7.110508088485e-04  
  3.492413074436e-03  ,6.877744779386e-03  ,5.330631282122e+01  ,6.010981416033e-04  
  3.492507881584e-03  ,2.593755246977e-03  ,5.344509647993e+01  ,5.913246005721e-04  
  3.492697495880e-03  ,7.926375902647e-04  ,5.372060999779e+01  ,5.816480409033e-04  
  3.492919105949e-03  ,1.961484803681e-03  ,5.403913698024e+01  ,5.751986582748e-04  
  3.493362326087e-03  ,1.916687352881e-03  ,5.466487984745e+01  ,5.588809088117e-04  
  3.494248766364e-03  ,1.421854404630e-03  ,5.587078336624e+01  ,5.264284487465e-04  
  3.496021646919e-03  ,1.580805264911e-03  ,5.809758111304e+01  ,4.651914105457e-04  
  3.499567408027e-03  ,9.471250633902e-04  ,6.179752962239e+01  ,3.494741181462e-04  
  3.502000000020e-03  ,1.005723533244e-03  ,6.374909448326e+01  ,2.786636934079e-04  
  3.502001000018e-03  ,5.776494863394e-01  ,6.374993077352e+01  ,-1.012366726192e-03  
  3.502001884681e-03  ,1.095178083534e+00  ,6.375067413740e+01  ,-2.187906456173e-03  
  3.502003654008e-03  ,2.159987776542e+00  ,6.375215772872e+01  ,-4.504569864216e-03  
  3.502007192661e-03  ,4.411828274261e+00  ,6.375510805999e+01  ,-8.958100997147e-03  
  3.502010000020e-03  ,6.311348671833e+00  ,6.375743319340e+01  ,-1.232636183755e-02  
  3.502010707751e-03  ,6.403636242953e+00  ,6.375792417343e+01  ,-1.224684309320e-02  
  3.502012123175e-03  ,6.586246074262e+00  ,6.375889564149e+01  ,-1.198688916484e-02  
  3.502014954023e-03  ,6.939999943451e+00  ,6.376083802751e+01  ,-1.146871533149e-02  
  3.502020615719e-03  ,7.603721642399e+00  ,6.376472710888e+01  ,-1.050163370415e-02  
  3.502031939111e-03  ,8.776149065271e+00  ,6.377251772068e+01  ,-8.793564359730e-03  
  3.502043345950e-03  ,9.773052285911e+00  ,6.378037927487e+01  ,-7.341275693740e-03  
  3.502051382147e-03  ,9.973451082510e+00  ,4.102370289672e+01  ,9.858020029635e+00  
  3.502059054754e-03  ,1.000026841027e+01  ,1.066002802341e+01  ,9.858193624641e+00  
  3.502063364915e-03  ,1.018852460371e+01  ,3.396098981567e+00  ,9.859110046001e+00  
  3.502067447088e-03  ,1.046802263997e+01  ,2.663170422895e+00  ,9.860188143728e+00  
  3.502069767944e-03  ,1.062536007522e+01  ,2.744551427381e+00  ,9.860837177869e+00  
  3.502072700865e-03  ,1.081622304642e+01  ,2.799859568459e+00  ,9.861661185904e+00  
  3.502078566707e-03  ,1.117284811825e+01  ,2.809544269342e+00  ,9.863311034566e+00  
  3.502090298392e-03  ,1.179810909235e+01  ,2.799049239349e+00  ,9.866618635093e+00  
  3.502102548636e-03  ,1.234541450398e+01  ,2.803262219819e+00  ,9.870072852783e+00  
  3.502127049125e-03  ,1.317734030111e+01  ,2.805488059534e+00  ,9.876980941695e+00  
  3.502176050104e-03  ,1.416499244153e+01  ,2.807884174766e+00  ,9.890795919584e+00  
  3.502274052061e-03  ,1.497630810501e+01  ,2.815783504066e+00  ,9.918420579786e+00  
  3.502402345098e-03  ,1.499972996804e+01  ,2.826060858906e+00  ,9.954572375221e+00  
  3.502627531446e-03  ,1.500014041177e+01  ,2.844043059203e+00  ,1.001799599154e+01  
  3.502866903700e-03  ,1.500012416688e+01  ,2.863182580448e+00  ,1.008537062477e+01  
  3.503345648207e-03  ,1.500021786360e+01  ,2.901399238100e+00  ,1.021998263491e+01  
  3.504303137220e-03  ,1.500027054226e+01  ,2.977676827416e+00  ,1.048865864255e+01  
  3.506218115248e-03  ,1.500036922773e+01  ,3.129611559537e+00  ,1.102382521594e+01  
  3.510048071302e-03  ,1.500039021094e+01  ,3.431016393872e+00  ,1.208547700958e+01  
  3.512010000020e-03  ,1.499973150839e+01  ,3.584148008181e+00  ,1.262485864985e+01  
  3.512011000018e-03  ,1.442054658883e+01  ,3.584079306995e+00  ,1.262513280109e+01  
  3.512013000126e-03  ,1.321289994232e+01  ,3.583848391462e+00  ,1.262568105341e+01  
  3.512017000343e-03  ,1.067168055323e+01  ,3.583404476428e+00  ,1.262677788006e+01  
  3.512020000020e-03  ,8.646837888703e+00  ,3.583131837717e+00  ,1.262760029293e+01  
  3.512020800063e-03  ,8.543169162995e+00  ,3.583186349869e+00  ,1.262781959792e+01  
  3.512022400076e-03  ,8.338327907313e+00  ,3.583382174182e+00  ,1.262825830781e+01  
  3.512025600100e-03  ,7.943207108012e+00  ,3.583908119569e+00  ,1.262913569718e+01  
  3.512032000149e-03  ,7.207837233832e+00  ,3.585002771880e+00  ,1.263089024459e+01  
  3.512044800246e-03  ,5.932316598941e+00  ,3.587957971443e+00  ,1.263439920014e+01  
  3.512058725381e-03  ,4.791748186472e+00  ,3.597828454418e+00  ,1.263821552146e+01  
  3.512067643726e-03  ,4.356432282744e+00  ,1.402491877243e+01  ,1.264001458289e+01  
  3.512076013708e-03  ,4.341993391870e+00  ,4.355801523209e+01  ,1.264007248916e+01  
  3.512082285607e-03  ,4.134174913692e+00  ,5.281267099820e+01  ,3.573349156292e-02  
  3.512085556040e-03  ,3.936355592054e+00  ,5.284160068347e+01  ,-2.052339335881e-01  
  3.512087126808e-03  ,3.843423694462e+00  ,5.282335716272e+01  ,-4.087349514458e-03  
  3.512090268346e-03  ,3.664694076336e+00  ,5.282654156641e+01  ,1.012130106450e-02  
  3.512096551420e-03  ,3.331367200751e+00  ,5.283632388289e+01  ,5.646750697682e-03  
  3.512109117569e-03  ,2.750372339686e+00  ,5.285512343654e+01  ,4.592492636618e-03  
  3.512134249868e-03  ,1.860462899602e+00  ,5.289264544851e+01  ,3.312096530356e-03  
  3.512175365152e-03  ,9.413781444421e-01  ,5.295388573361e+01  ,1.971797184282e-03  
  3.512221362056e-03  ,4.553851286984e-01  ,5.302219328545e+01  ,1.261831756472e-03  
  3.512269445123e-03  ,1.918281070438e-01  ,5.309339608409e+01  ,8.759824871385e-04  
  3.512324370803e-03  ,8.005299783238e-02  ,5.317449296794e+01  ,7.110439051276e-04  
  3.512413062515e-03  ,6.884210891576e-03  ,5.330494800031e+01  ,6.011014609316e-04  
  3.512507881584e-03  ,2.594462526331e-03  ,5.344374571149e+01  ,5.913191725500e-04  
  3.512697519721e-03  ,7.912535817670e-04  ,5.371928691057e+01  ,5.816388639439e-04  
  3.512919129791e-03  ,1.961780687984e-03  ,5.403780571416e+01  ,5.751921545752e-04  
  3.513362349929e-03  ,1.916979479494e-03  ,5.466353273337e+01  ,5.588748258521e-04  
  3.514248790206e-03  ,1.421568028939e-03  ,5.586940659249e+01  ,5.264223529139e-04  
  3.516021670761e-03  ,1.580987479429e-03  ,5.809615314052e+01  ,4.651875710984e-04  
  3.519567431869e-03  ,9.469099866269e-04  ,6.179603127144e+01  ,3.494725316288e-04  
  3.522000000020e-03  ,1.005896116740e-03  ,6.374755525915e+01  ,2.786650975641e-04  
  3.522001000018e-03  ,5.776496562747e-01  ,6.374839154540e+01  ,-1.012364658683e-03  
  3.522001884681e-03  ,1.095178251147e+00  ,6.374913490578e+01  ,-2.187904383480e-03  
  3.522003654008e-03  ,2.159987939596e+00  ,6.375061849014e+01  ,-4.504567812209e-03  
  3.522007192661e-03  ,4.411828428547e+00  ,6.375356880750e+01  ,-8.958098987657e-03  
  3.522010000020e-03  ,6.311348819487e+00  ,6.375589392989e+01  ,-1.232635985829e-02  
  3.522010707751e-03  ,6.403636388989e+00  ,6.375638490716e+01  ,-1.224684172776e-02  
  3.522012123175e-03  ,6.586246217095e+00  ,6.375735636959e+01  ,-1.198688793276e-02  
  3.522014954023e-03  ,6.940000080079e+00  ,6.375929874435e+01  ,-1.146871404495e-02  
  3.522020615719e-03  ,7.603721767385e+00  ,6.376318780329e+01  ,-1.050163242358e-02  
  3.522031939111e-03  ,8.776149169698e+00  ,6.377097837054e+01  ,-8.793563088400e-03  
  3.522043345950e-03  ,9.773052372866e+00  ,6.377883988029e+01  ,-7.341274430648e-03  
  3.522051382147e-03  ,9.973450777845e+00  ,4.102212299184e+01  ,9.857840877761e+00  
  3.522059054754e-03  ,1.000026945853e+01  ,1.065854141275e+01  ,9.858014584716e+00  
  3.522063364915e-03  ,1.018854973594e+01  ,3.395937024946e+00  ,9.858930986757e+00  
  3.522067447088e-03  ,1.046804768164e+01  ,2.663132123071e+00  ,9.860009138372e+00  
  3.522069768317e-03  ,1.062540888374e+01  ,2.744507214111e+00  ,9.860658275211e+00  
  3.522072701238e-03  ,1.081626967107e+01  ,2.799807679925e+00  ,9.861482284340e+00  
  3.522078567080e-03  ,1.117289078307e+01  ,2.809492354915e+00  ,9.863132136162e+00  
  3.522090298764e-03  ,1.179814480383e+01  ,2.798999127697e+00  ,9.866439742712e+00  
  3.522102550499e-03  ,1.234550527886e+01  ,2.803211529031e+00  ,9.869894386768e+00  
  3.522127053968e-03  ,1.317748796122e+01  ,2.805437436584e+00  ,9.876803328383e+00  
  3.522176060907e-03  ,1.416514767166e+01  ,2.807834226518e+00  ,9.890620011372e+00  
  3.522274074785e-03  ,1.497639471279e+01  ,2.815734496480e+00  ,9.918248080362e+00  
  3.522402367823e-03  ,1.499973115566e+01  ,2.826011899985e+00  ,9.954399938638e+00  
  3.522627578012e-03  ,1.500014011749e+01  ,2.843996044622e+00  ,1.001783037808e+01  
  3.522866950266e-03  ,1.500012391561e+01  ,2.863135594544e+00  ,1.008520512382e+01  
  3.523345694773e-03  ,1.500021726391e+01  ,2.901352316140e+00  ,1.021981735875e+01  
  3.524303183786e-03  ,1.500026974422e+01  ,2.977630032939e+00  ,1.048849381505e+01  
  3.526218161814e-03  ,1.500036805988e+01  ,3.129565018981e+00  ,1.102366128211e+01  
  3.530048117868e-03  ,1.500031551412e+01  ,3.430973083292e+00  ,1.208532422538e+01  
  3.532010000020e-03  ,1.499979679774e+01  ,3.584101187603e+00  ,1.262469394764e+01  
  3.532011000018e-03  ,1.442044779768e+01  ,3.584032560612e+00  ,1.262496809933e+01  
  3.532013000126e-03  ,1.321280406024e+01  ,3.583801673508e+00  ,1.262551635264e+01  
  3.532017000343e-03  ,1.067159028445e+01  ,3.583357767870e+00  ,1.262661318111e+01  
  3.532020000020e-03  ,8.646751635601e+00  ,3.583085125578e+00  ,1.262743559538e+01  
  3.532020800063e-03  ,8.543083944023e+00  ,3.583139638716e+00  ,1.262765490074e+01  
  3.532022400076e-03  ,8.338244731701e+00  ,3.583335464204e+00  ,1.262809361138e+01  
  3.532025600100e-03  ,7.943127873882e+00  ,3.583861411894e+00  ,1.262897100225e+01  
  3.532032000149e-03  ,7.207765335380e+00  ,3.584956073082e+00  ,1.263072555265e+01  
  3.532044800246e-03  ,5.932257425259e+00  ,3.587911331041e+00  ,1.263423451417e+01  
  3.532058725381e-03  ,4.791700406139e+00  ,3.597782723584e+00  ,1.263805084190e+01  
  3.532067643726e-03  ,4.356427947247e+00  ,1.402709140997e+01  ,1.263984973314e+01  
  3.532076013708e-03  ,4.341994341462e+00  ,4.356055366044e+01  ,1.263990747113e+01  
  3.532082284862e-03  ,4.134127498953e+00  ,5.280971257333e+01  ,3.541014041594e-02  
  3.532085555294e-03  ,3.936309296957e+00  ,5.283860193702e+01  ,-2.051613801443e-01  
  3.532087126249e-03  ,3.843367765840e+00  ,5.282036558681e+01  ,-4.082004810166e-03  
  3.532090268159e-03  ,3.664620041794e+00  ,5.282355136206e+01  ,1.011946690253e-02  
  3.532096551979e-03  ,3.331262098965e+00  ,5.283333480433e+01  ,5.646519621485e-03  
  3.532109119618e-03  ,2.751822042342e+00  ,5.285218552171e+01  ,4.426052480355e-03  
  3.532134254897e-03  ,1.871248021407e+00  ,5.288970058335e+01  ,3.513530673713e-03  
  3.532173522437e-03  ,9.860148961298e-01  ,5.294822745116e+01  ,2.037663283767e-03  
  3.532218130553e-03  ,4.422980869664e-01  ,5.301449178307e+01  ,1.242815387607e-03  
  3.532263632739e-03  ,1.762123978425e-01  ,5.308189169043e+01  ,8.534714850516e-04  
  3.532332762206e-03  ,5.621586607199e-02  ,5.318395266970e+01  ,6.760207638332e-04  
  3.532413848365e-03  ,4.603220708349e-03  ,5.330319290076e+01  ,5.977747443562e-04  
  3.532510169471e-03  ,-7.864872249655e-03  ,5.344418163881e+01  ,5.760142686941e-04  
  3.532702811683e-03  ,-5.375129913444e-03  ,5.372403692476e+01  ,5.724836726858e-04  
  3.532993539298e-03  ,4.388896479477e-03  ,5.414101821385e+01  ,5.760164135012e-04  
  3.533574994529e-03  ,-2.590021699450e-05  ,5.495549863823e+01  ,5.483882529674e-04  
  3.534478696311e-03  ,1.129440916799e-03  ,5.616926075970e+01  ,5.177228594924e-04  
  3.535734685386e-03  ,1.471374241673e-03  ,5.774964663833e+01  ,4.747019197451e-04  
  3.538246663535e-03  ,1.202569522403e-03  ,6.053358055331e+01  ,3.920696045071e-04  
  3.542000000020e-03  ,8.924212613253e-04  ,6.374534037693e+01  ,2.765959010798e-04  
  3.542001000018e-03  ,5.775378343178e-01  ,6.374617675917e+01  ,-1.013371186215e-03  
  3.542001884681e-03  ,1.095067916547e+00  ,6.374692017048e+01  ,-2.187640991242e-03  
  3.542003654008e-03  ,2.159880531216e+00  ,6.374840414760e+01  ,-4.504599780654e-03  
  3.542007192661e-03  ,4.411726646426e+00  ,6.375135519440e+01  ,-8.958175026060e-03  
  3.542010000020e-03  ,6.311251292738e+00  ,6.375368089435e+01  ,-1.232642652383e-02  
  3.542010707751e-03  ,6.403539900646e+00  ,6.375417201665e+01  ,-1.224690580309e-02  
  3.542012123175e-03  ,6.586151783436e+00  ,6.375514376830e+01  ,-1.198695280932e-02  
  3.542014954023e-03  ,6.939909626856e+00  ,6.375708672605e+01  ,-1.146877108991e-02  
  3.542020615719e-03  ,7.603638782306e+00  ,6.376097694750e+01  ,-1.050167796397e-02  
  3.542031939111e-03  ,8.776079376680e+00  ,6.376876984017e+01  ,-8.793589321573e-03  
  3.542043345950e-03  ,9.772993796909e+00  ,6.377663369257e+01  ,-7.341284958150e-03  
  3.542051382147e-03  ,9.973453795813e+00  ,4.102325911380e+01  ,9.858627935134e+00  
  3.542059054754e-03  ,1.000027371433e+01  ,1.065979163171e+01  ,9.858801682371e+00  
  3.542063364915e-03  ,1.018853664425e+01  ,3.396230805931e+00  ,9.859718014793e+00  
  3.542067447088e-03  ,1.046803445107e+01  ,2.663345780405e+00  ,9.860796119249e+00  
  3.542069768317e-03  ,1.062539616111e+01  ,2.744727576708e+00  ,9.861445251725e+00  
  3.542072701238e-03  ,1.081625753003e+01  ,2.800031603224e+00  ,9.862269254360e+00  
  3.542078567080e-03  ,1.117287967033e+01  ,2.809716298050e+00  ,9.863919092876e+00  
  3.542090298764e-03  ,1.179813550013e+01  ,2.799222461115e+00  ,9.867226673165e+00  
  3.542102550499e-03  ,1.234549756642e+01  ,2.803435019406e+00  ,9.870681289844e+00  
  3.542127053968e-03  ,1.317748266529e+01  ,2.805660881468e+00  ,9.877590176703e+00  
  3.542176060907e-03  ,1.416514524487e+01  ,2.808057590457e+00  ,9.891406750207e+00  
  3.542274074785e-03  ,1.497639464331e+01  ,2.815957791558e+00  ,9.919034600295e+00  
  3.542402367823e-03  ,1.499973115427e+01  ,2.826235113101e+00  ,9.955186172152e+00  
  3.542627578012e-03  ,1.500014011730e+01  ,2.844219115288e+00  ,1.001861610905e+01  
  3.542866950266e-03  ,1.500012391537e+01  ,2.863358513547e+00  ,1.008599032100e+01  
  3.543345694773e-03  ,1.500021726394e+01  ,2.901574932344e+00  ,1.022060148945e+01  
  3.544303183786e-03  ,1.500026974441e+01  ,2.977852044792e+00  ,1.048927581712e+01  
  3.546218161814e-03  ,1.500036806036e+01  ,3.129785827053e+00  ,1.102443904422e+01  
  3.550048117868e-03  ,1.500038896060e+01  ,3.431188776749e+00  ,1.208608419959e+01  
  3.552010000020e-03  ,1.499973260157e+01  ,3.584315808000e+00  ,1.262544970071e+01  
  3.552011000018e-03  ,1.442055721306e+01  ,3.584247102224e+00  ,1.262572385027e+01  
  3.552013000126e-03  ,1.321291025371e+01  ,3.584016184556e+00  ,1.262627209928e+01  
  3.552017000343e-03  ,1.067169026100e+01  ,3.583572270403e+00  ,1.262736891917e+01  
  3.552020000020e-03  ,8.646847164691e+00  ,3.583299635287e+00  ,1.262819132701e+01  
  3.552020800063e-03  ,8.543178327805e+00  ,3.583354149593e+00  ,1.262841063066e+01  
  3.552022400076e-03  ,8.338336852441e+00  ,3.583549977957e+00  ,1.262884933786e+01  
  3.552025600100e-03  ,7.943215629379e+00  ,3.584075929580e+00  ,1.262972672186e+01  
  3.552032000149e-03  ,7.207844966589e+00  ,3.585170597823e+00  ,1.263148125853e+01  
  3.552044800246e-03  ,5.932322964390e+00  ,3.588125863772e+00  ,1.263499019259e+01  
  3.552058725381e-03  ,4.791753333329e+00  ,3.597996677981e+00  ,1.263880649051e+01  
  3.552067643726e-03  ,4.356436301619e+00  ,1.402506184696e+01  ,1.264060552498e+01  
  3.552076013708e-03  ,4.341996807759e+00  ,4.355814639635e+01  ,1.264066341197e+01  
  3.552082284862e-03  ,4.134169851146e+00  ,5.280962975213e+01  ,3.560618147490e-02  
  3.552085555294e-03  ,3.936350293256e+00  ,5.283854474809e+01  ,-2.052120241668e-01  
  3.552087126063e-03  ,3.843418546561e+00  ,5.282030361110e+01  ,-4.085800093653e-03  
  3.552090267600e-03  ,3.664689165580e+00  ,5.282348877813e+01  ,1.012100471486e-02  
  3.552096550675e-03  ,3.331362742153e+00  ,5.283327220867e+01  ,5.646815221060e-03  
  3.552109116824e-03  ,2.750368686589e+00  ,5.285207406630e+01  ,4.592576962879e-03  
  3.552134249123e-03  ,1.860460492038e+00  ,5.288960069399e+01  ,3.312181487613e-03  
  3.552175370367e-03  ,9.412726548353e-01  ,5.295085740065e+01  ,1.971731519205e-03  
  3.552221367272e-03  ,4.553343158974e-01  ,5.301917338384e+01  ,1.261845613236e-03  
  3.552269450339e-03  ,1.918069456398e-01  ,5.309038500494e+01  ,8.760393958086e-04  
  3.552324376019e-03  ,8.004441139069e-02  ,5.317149197581e+01  ,7.111189682475e-04  
  3.552413079651e-03  ,6.877337159920e-03  ,5.330198080779e+01  ,6.011782974735e-04  
  3.552507898720e-03  ,2.593523160310e-03  ,5.344079588243e+01  ,5.914043751047e-04  
  3.552697536858e-03  ,7.927901531096e-04  ,5.371637186589e+01  ,5.817271020712e-04  
  3.552919170769e-03  ,1.961712699775e-03  ,5.403496548143e+01  ,5.752765323382e-04  
  3.553362438591e-03  ,1.916862493622e-03  ,5.466083996004e+01  ,5.589561236645e-04  
  3.554248974236e-03  ,1.422016180254e-03  ,5.586699985973e+01  ,5.264987924048e-04  
  3.556022045525e-03  ,1.580974415667e-03  ,5.809428112344e+01  ,4.652527748634e-04  
  3.559568188103e-03  ,9.472529962250e-04  ,6.179506813054e+01  ,3.495201611712e-04  
  3.562000000020e-03  ,1.005946647049e-03  ,6.374636893513e+01  ,2.787329495096e-04  
  3.562001000018e-03  ,5.776497094230e-01  ,6.374720540808e+01  ,-1.012296747935e-03  
  3.562001884681e-03  ,1.095178306569e+00  ,6.374794893369e+01  ,-2.187837151761e-03  
  3.562003654008e-03  ,2.159987999478e+00  ,6.374943284836e+01  ,-4.504500424059e-03  
  3.562007192661e-03  ,4.411828497009e+00  ,6.375238382640e+01  ,-8.958031583413e-03  
  3.562010000020e-03  ,6.311348894439e+00  ,6.375470947296e+01  ,-1.232629246389e-02  
  3.562010707751e-03  ,6.403636465528e+00  ,6.375520058261e+01  ,-1.224677469675e-02  
  3.562012123175e-03  ,6.586246296775e+00  ,6.375617230973e+01  ,-1.198682097877e-02  
  3.562014954023e-03  ,6.940000165843e+00  ,6.375811521386e+01  ,-1.146864704493e-02  
  3.562020615719e-03  ,7.603721864563e+00  ,6.376200533147e+01  ,-1.050156542124e-02  
  3.562031939111e-03  ,8.776149287036e+00  ,6.376979801588e+01  ,-8.793496060102e-03  
  3.562043345950e-03  ,9.773052507339e+00  ,6.377766165809e+01  ,-7.341207393423e-03  
  3.562051382147e-03  ,9.973455762589e+00  ,4.102132968799e+01  ,9.858643116106e+00  
  3.562059054754e-03  ,1.000027571000e+01  ,1.065786479033e+01  ,9.858816902319e+00  
  3.562063364915e-03  ,1.018857064891e+01  ,3.396081273851e+00  ,9.859733282842e+00  
  3.562067447088e-03  ,1.046806835370e+01  ,2.663366538895e+00  ,9.860811456003e+00  
  3.562069768317e-03  ,1.062542885786e+01  ,2.744741690770e+00  ,9.861460587536e+00  
  3.562072701610e-03  ,1.081631239497e+01  ,2.800039087140e+00  ,9.862284693673e+00  
  3.562078568198e-03  ,1.117297323588e+01  ,2.809719549892e+00  ,9.863934741570e+00  
  3.562090301372e-03  ,1.179828673412e+01  ,2.799227377156e+00  ,9.867242741561e+00  
  3.562102554597e-03  ,1.234568457517e+01  ,2.803439630517e+00  ,9.870697777843e+00  
  3.562127061046e-03  ,1.317769638593e+01  ,2.805665531770e+00  ,9.877607503851e+00  
  3.562176073946e-03  ,1.416533071430e+01  ,2.808062999395e+00  ,9.891425755337e+00  
  3.562274099745e-03  ,1.497648207685e+01  ,2.815964105572e+00  ,9.919056959970e+00  
  3.562402392782e-03  ,1.499973235309e+01  ,2.826241453937e+00  ,9.955208523709e+00  
  3.562627626814e-03  ,1.500013981984e+01  ,2.844227367042e+00  ,1.001864515919e+01  
  3.562866999067e-03  ,1.500012366160e+01  ,2.863366755477e+00  ,1.008601935140e+01  
  3.563345743574e-03  ,1.500021665855e+01  ,2.901583163193e+00  ,1.022063048041e+01  
  3.564303232588e-03  ,1.500026893885e+01  ,2.977860253400e+00  ,1.048930472938e+01  
  3.566218210615e-03  ,1.500036688160e+01  ,3.129793991349e+00  ,1.102446779972e+01  
  3.570048166670e-03  ,1.500038769805e+01  ,3.431196852790e+00  ,1.208611264408e+01  
  3.572010000020e-03  ,1.499973370608e+01  ,3.584320039645e+00  ,1.262546460790e+01  
  3.572011000018e-03  ,1.442056794653e+01  ,3.584251330656e+00  ,1.262573875740e+01  
  3.572013000126e-03  ,1.321292067114e+01  ,3.584020411792e+00  ,1.262628700639e+01  
  3.572017000343e-03  ,1.067170006856e+01  ,3.583576497276e+00  ,1.262738382607e+01  
  3.572020000020e-03  ,8.646856535943e+00  ,3.583303862234e+00  ,1.262820623378e+01  
  3.572020800063e-03  ,8.543187586702e+00  ,3.583358376483e+00  ,1.262842553739e+01  
  3.572022400076e-03  ,8.338345889330e+00  ,3.583554204745e+00  ,1.262886424453e+01  
  3.572025600100e-03  ,7.943224238031e+00  ,3.584080156070e+00  ,1.262974162839e+01  
  3.572032000149e-03  ,7.207852778231e+00  ,3.585174823269e+00  ,1.263149616479e+01  
  3.572044800246e-03  ,5.932329393502e+00  ,3.588130082487e+00  ,1.263500509831e+01  
  3.572058725381e-03  ,4.791758524538e+00  ,3.598000795649e+00  ,1.263882139565e+01  
  3.572067643726e-03  ,4.356436754166e+00  ,1.402482383163e+01  ,1.264062044900e+01  
  3.572076013708e-03  ,4.341996686258e+00  ,4.355786849467e+01  ,1.264067835642e+01  
  3.572082285607e-03  ,4.134144109326e+00  ,5.281047648626e+01  ,3.555597532449e-02  
  3.572085556040e-03  ,3.936325690591e+00  ,5.283938460836e+01  ,-2.051953678656e-01  
  3.572087126994e-03  ,3.843383734958e+00  ,5.282114524820e+01  ,-4.084167910465e-03  
  3.572090268904e-03  ,3.664635287079e+00  ,5.282433116656e+01  ,1.012018313060e-02  
  3.572096552724e-03  ,3.331275987911e+00  ,5.283411554422e+01  ,5.646623140993e-03  
  3.572109120363e-03  ,2.751833543378e+00  ,5.285296801926e+01  ,4.426085088157e-03  
  3.572134255642e-03  ,1.871255893115e+00  ,5.289048657354e+01  ,3.513624642857e-03  
  3.572173523182e-03  ,9.860191194717e-01  ,5.294901890577e+01  ,2.037718709667e-03  
  3.572218131298e-03  ,4.423000693052e-01  ,5.301528943289e+01  ,1.242867275648e-03  
  3.572263639444e-03  ,1.761850832088e-01  ,5.308270446882e+01  ,8.534803460639e-04  
  3.572332768911e-03  ,5.620745483044e-02  ,5.318477498277e+01  ,6.760569728536e-04  
  3.572413866991e-03  ,4.597545909258e-03  ,5.330404386652e+01  ,5.978142623829e-04  
  3.572510188097e-03  ,-7.864898246087e-03  ,5.344504573303e+01  ,5.760617453300e-04  
  3.572702830309e-03  ,-5.373394641829e-03  ,5.372492714878e+01  ,5.725331734804e-04  
  3.572993605608e-03  ,4.388962741525e-03  ,5.414201541254e+01  ,5.760609251332e-04  
  3.573575156206e-03  ,-2.583106979354e-05  ,5.495670217667e+01  ,5.484277832575e-04  
  3.574479239458e-03  ,1.129604054217e-03  ,5.617106955739e+01  ,5.177467324061e-04  
  3.575735419268e-03  ,1.471441786467e-03  ,5.775178901065e+01  ,4.747168124327e-04  
  3.578247778887e-03  ,1.202600510712e-03  ,6.053624907519e+01  ,3.920686081775e-04  
  3.582000000020e-03  ,8.925185492144e-04  ,6.374725342924e+01  ,2.766241852651e-04  
  3.582001000018e-03  ,5.775379317723e-01  ,6.374808989870e+01  ,-1.013343536750e-03  
  3.582001884774e-03  ,1.095123137329e+00  ,6.374883346550e+01  ,-2.187738111602e-03  
  3.582003654287e-03  ,2.160052345665e+00  ,6.375031775240e+01  ,-4.504933868801e-03  
  3.582007193313e-03  ,4.412156764640e+00  ,6.375326941534e+01  ,-8.958946867171e-03  
  3.582010000020e-03  ,6.311251973780e+00  ,6.375559481816e+01  ,-1.232639914700e-02  
  3.582010707825e-03  ,6.403550187930e+00  ,6.375608605334e+01  ,-1.224686394775e-02  
  3.582012123435e-03  ,6.586185630212e+00  ,6.375705805641e+01  ,-1.198687589375e-02  
  3.582014954656e-03  ,6.939987642202e+00  ,6.375900151737e+01  ,-1.146863019477e-02  
  3.582020617097e-03  ,7.603794129662e+00  ,6.376289274597e+01  ,-1.050142430336e-02  
  3.582031941980e-03  ,8.776352830823e+00  ,6.377068765510e+01  ,-8.793163743402e-03  
  3.582043350309e-03  ,9.773344838786e+00  ,6.377855353372e+01  ,-7.340746346842e-03  
  3.582051387995e-03  ,9.973474073477e+00  ,4.100139744978e+01  ,9.859258099897e+00  
  3.582059062093e-03  ,1.000031056788e+01  ,1.063288206096e+01  ,9.859433095540e+00  
  3.582063370019e-03  ,1.018886938819e+01  ,3.394638622667e+00  ,9.860349288515e+00  
  3.582067447722e-03  ,1.046806739367e+01  ,2.663904407917e+00  ,9.861426962523e+00  
  3.582069769323e-03  ,1.062545030000e+01  ,2.745026976268e+00  ,9.862076184738e+00  
  3.582072704851e-03  ,1.081647383919e+01  ,2.800221462006e+00  ,9.862900906764e+00  
  3.582078575909e-03  ,1.117338121669e+01  ,2.809879716289e+00  ,9.864552204407e+00  
  3.582090318024e-03  ,1.179906585508e+01  ,2.799412982948e+00  ,9.867862705534e+00  
  3.582102592110e-03  ,1.234718922324e+01  ,2.803617436868e+00  ,9.871323602168e+00  
  3.582127140283e-03  ,1.317992290898e+01  ,2.805843478970e+00  ,9.878245048492e+00  
  3.582176236629e-03  ,1.416757437426e+01  ,2.808250895457e+00  ,9.892086736423e+00  
  3.582274429321e-03  ,1.497769306275e+01  ,2.816164587572e+00  ,9.919764794323e+00  
  3.582402746200e-03  ,1.499975103435e+01  ,2.826444179492e+00  ,9.955922817741e+00  
  3.582628361702e-03  ,1.500013517490e+01  ,2.844460576381e+00  ,1.001946640161e+01  
  3.582867924690e-03  ,1.500011971997e+01  ,2.863614987427e+00  ,1.008689370174e+01  
  3.583347050667e-03  ,1.500020723891e+01  ,2.901861490132e+00  ,1.022161082922e+01  
  3.584305302620e-03  ,1.500025640233e+01  ,2.978198521856e+00  ,1.049049620726e+01  
  3.586221806526e-03  ,1.500034853420e+01  ,3.130251161534e+00  ,1.102607808004e+01  
  3.590054814338e-03  ,1.500036804045e+01  ,3.431887937481e+00  ,1.208854685021e+01  
  3.592010000020e-03  ,1.499975101574e+01  ,3.584489860295e+00  ,1.262606280472e+01  
  3.592011000018e-03  ,1.442074387734e+01  ,3.584421097595e+00  ,1.262633695238e+01  
  3.592013000126e-03  ,1.321309142169e+01  ,3.584190158476e+00  ,1.262688519875e+01  
  3.592017000343e-03  ,1.067186082285e+01  ,3.583746238699e+00  ,1.262798201100e+01  
  3.592020000020e-03  ,8.647010138947e+00  ,3.583473607109e+00  ,1.262880441362e+01  
  3.592020800063e-03  ,8.543339348115e+00  ,3.583528121766e+00  ,1.262902371588e+01  
  3.592022400076e-03  ,8.338494011889e+00  ,3.583723950889e+00  ,1.262946242029e+01  
  3.592025600100e-03  ,7.943365341502e+00  ,3.584249901345e+00  ,1.263033979872e+01  
  3.592032000149e-03  ,7.207980818188e+00  ,3.585344561844e+00  ,1.263209432427e+01  
  3.592044800246e-03  ,5.932434773291e+00  ,3.588299755612e+00  ,1.263560323606e+01  
  3.592058725381e-03  ,4.791843618153e+00  ,3.598169077548e+00  ,1.263941950990e+01  
  3.592067642236e-03  ,4.356452674118e+00  ,1.401565232277e+01  ,1.264121896647e+01  
  3.592076010728e-03  ,4.341994224869e+00  ,4.354200268085e+01  ,1.264127774613e+01  
  3.592082282627e-03  ,4.134419309984e+00  ,5.281108295606e+01  ,3.690325484237e-02  
  3.592085552314e-03  ,3.936636165116e+00  ,5.284016083955e+01  ,-2.055170127156e-01  
  3.592087122338e-03  ,3.843740548882e+00  ,5.282188999168e+01  ,-4.108665403340e-03  
  3.592090262385e-03  ,3.665079015082e+00  ,5.282507011352e+01  ,1.012892298242e-02  
  3.592096542479e-03  ,3.331868360752e+00  ,5.283485037983e+01  ,5.648042971517e-03  
  3.592109102668e-03  ,2.751039352768e+00  ,5.285364454816e+01  ,4.593543103806e-03  
  3.592134223046e-03  ,1.861277977767e+00  ,5.289115572189e+01  ,3.313397977858e-03  
  3.592175362172e-03  ,9.413984386927e-01  ,5.295244287031e+01  ,1.971940890563e-03  
  3.592221359076e-03  ,4.553950962030e-01  ,5.302076303325e+01  ,1.261960059145e-03  
  3.592269448103e-03  ,1.918070584015e-01  ,5.309198782402e+01  ,8.760651748686e-04  
  3.592324361863e-03  ,8.006164637922e-02  ,5.317308214493e+01  ,7.111700239472e-04  
  3.592413053574e-03  ,6.889055792586e-03  ,5.330356148846e+01  ,6.012215865222e-04  
  3.592507860722e-03  ,2.595843587538e-03  ,5.344236775443e+01  ,5.914342021263e-04  
  3.592697475018e-03  ,7.908780437776e-04  ,5.371792649772e+01  ,5.817512613076e-04  
  3.592919085087e-03  ,1.962290585471e-03  ,5.403650635489e+01  ,5.753047296555e-04  
  3.593362305226e-03  ,1.917484706962e-03  ,5.466235500615e+01  ,5.589852091564e-04  
  3.594248745503e-03  ,1.421762181279e-03  ,5.586847009034e+01  ,5.265281628919e-04  
  3.596021626057e-03  ,1.581416270139e-03  ,5.809568969786e+01  ,4.652860888730e-04  
  3.599567387165e-03  ,9.470990558176e-04  ,6.179646748460e+01  ,3.495576412707e-04  
  3.602000000020e-03  ,1.006260886424e-03  ,6.374859830521e+01  ,2.787423663176e-04  
  3.602001000018e-03  ,5.776500196243e-01  ,6.374943481621e+01  ,-1.012288169631e-03  
  3.602001884681e-03  ,1.095178613250e+00  ,6.375017837534e+01  ,-2.187827982108e-03  
  3.602003654008e-03  ,2.159988299251e+00  ,6.375166235718e+01  ,-4.504491388278e-03  
  3.602007192661e-03  ,4.411828783494e+00  ,6.375461346949e+01  ,-8.958022549377e-03  
  3.602010000020e-03  ,6.311349170874e+00  ,6.375693922254e+01  ,-1.232628341352e-02  
  3.602010707751e-03  ,6.403636739511e+00  ,6.375743035904e+01  ,-1.224676474522e-02  
  3.602012123175e-03  ,6.586246565908e+00  ,6.375840214003e+01  ,-1.198681084708e-02  
  3.602014954023e-03  ,6.940000425582e+00  ,6.376034515192e+01  ,-1.146863701970e-02  
  3.602020615719e-03  ,7.603722106674e+00  ,6.376423548489e+01  ,-1.050155544122e-02  
  3.602031939111e-03  ,8.776149497999e+00  ,6.377202859950e+01  ,-8.793486158749e-03  
  3.602043345950e-03  ,9.773052691805e+00  ,6.377989267433e+01  ,-7.341197560888e-03  
  3.602051382147e-03  ,9.973457102807e+00  ,4.102367515620e+01  ,9.859062409137e+00  
  3.602059054754e-03  ,1.000027513355e+01  ,1.066008309399e+01  ,9.859236032584e+00  
  3.602063364915e-03  ,1.018853476961e+01  ,3.396360423561e+00  ,9.860152440155e+00  
  3.602067447088e-03  ,1.046803257551e+01  ,2.663466992733e+00  ,9.861230532371e+00  
  3.602069768317e-03  ,1.062539437100e+01  ,2.744851228139e+00  ,9.861879662015e+00  
  3.602072701238e-03  ,1.081625581826e+01  ,2.800155511251e+00  ,9.862703660877e+00  
  3.602078567080e-03  ,1.117287809808e+01  ,2.809839753953e+00  ,9.864353492090e+00  
  3.602090298764e-03  ,1.179813418374e+01  ,2.799345853932e+00  ,9.867661057900e+00  
  3.602102550499e-03  ,1.234549647468e+01  ,2.803558396080e+00  ,9.871115659461e+00  
  3.602127053968e-03  ,1.317748191513e+01  ,2.805784208720e+00  ,9.878024516094e+00  
  3.602176060907e-03  ,1.416514490100e+01  ,2.808180898551e+00  ,9.891841029164e+00  
  3.602274074785e-03  ,1.497639463318e+01  ,2.816081050476e+00  ,9.919468758418e+00  
  3.602402367823e-03  ,1.499973115388e+01  ,2.826358326199e+00  ,9.955620172172e+00  
  3.602627578012e-03  ,1.500014011709e+01  ,2.844342250335e+00  ,1.001904983167e+01  
  3.602866950266e-03  ,1.500012391515e+01  ,2.863481564589e+00  ,1.008642374897e+01  
  3.603345694773e-03  ,1.500021726377e+01  ,2.901697816239e+00  ,1.022103432872e+01  
  3.604303183786e-03  ,1.500026974426e+01  ,2.977974595086e+00  ,1.048970748138e+01  
  3.606218161814e-03  ,1.500036806026e+01  ,3.129907712861e+00  ,1.102486836804e+01  
  3.610048117868e-03  ,1.500038896051e+01  ,3.431309344380e+00  ,1.208650888048e+01  
  3.612010000020e-03  ,1.499973260120e+01  ,3.584435705951e+00  ,1.262587202277e+01  
  3.612011000018e-03  ,1.442055721164e+01  ,3.584366999144e+00  ,1.262614617113e+01  
  3.612013000126e-03  ,1.321291025234e+01  ,3.584136080778e+00  ,1.262669441774e+01  
  3.612017000343e-03  ,1.067169025974e+01  ,3.583692167533e+00  ,1.262779123284e+01  
  3.612020000020e-03  ,8.646847163532e+00  ,3.583419534999e+00  ,1.262861363708e+01  
  3.612020800063e-03  ,8.543178326687e+00  ,3.583474050925e+00  ,1.262883293977e+01  
  3.612022400076e-03  ,8.338336851401e+00  ,3.583669882332e+00  ,1.262927164505e+01  
  3.612025600100e-03  ,7.943215628480e+00  ,3.584195838741e+00  ,1.263014902522e+01  
  3.612032000149e-03  ,7.207844966009e+00  ,3.585290519416e+00  ,1.263190355422e+01  
  3.612044800246e-03  ,5.932322964836e+00  ,3.588245838897e+00  ,1.263541247292e+01  
  3.612058725381e-03  ,4.791753338857e+00  ,3.598116969155e+00  ,1.263922875411e+01  
  3.612067643726e-03  ,4.356438918403e+00  ,1.402533937423e+01  ,1.264102775675e+01  
  3.612076013708e-03  ,4.341999399255e+00  ,4.355844414245e+01  ,1.264108563643e+01  
  3.612082285607e-03  ,4.134168770243e+00  ,5.281229658329e+01  ,3.567084924319e-02  
  3.612085556040e-03  ,3.936349549753e+00  ,5.284121886582e+01  ,-2.052181179373e-01  
  3.612087126994e-03  ,3.843406997328e+00  ,5.282297740353e+01  ,-4.085551496161e-03  
  3.612090268904e-03  ,3.664657473572e+00  ,5.282616327531e+01  ,1.012059165380e-02  
  3.612096552724e-03  ,3.331296167310e+00  ,5.283594796195e+01  ,5.646677350235e-03  
  3.612109120363e-03  ,2.751850220085e+00  ,5.285480099009e+01  ,4.426097458758e-03  
  3.612134255642e-03  ,1.871267246540e+00  ,5.289232063707e+01  ,3.513665647356e-03  
  3.612173517222e-03  ,9.861312397695e-01  ,5.295084580817e+01  ,2.037888675031e-03  
  3.612218125338e-03  ,4.423607553872e-01  ,5.301711829144e+01  ,1.242962130760e-03  
  3.612263627524e-03  ,1.762428367626e-01  ,5.308452649190e+01  ,8.535711353072e-04  
  3.612332756991e-03  ,5.622551625138e-02  ,5.318660003074e+01  ,6.760898395150e-04  
  3.612413843149e-03  ,4.603929525596e-03  ,5.330585493593e+01  ,5.978304617913e-04  
  3.612510164255e-03  ,-7.866323034848e-03  ,5.344686102570e+01  ,5.760664497724e-04  
  3.612702806467e-03  ,-5.376148435263e-03  ,5.372675075853e+01  ,5.725357094914e-04  
  3.612993534083e-03  ,4.389570945112e-03  ,5.414378338512e+01  ,5.760697711341e-04  
  3.613574989313e-03  ,-2.598779121616e-05  ,5.495836412981e+01  ,5.484382524633e-04  
  3.614478595728e-03  ,1.129566288094e-03  ,5.617215114469e+01  ,5.177731984732e-04  
  3.615734584803e-03  ,1.471572388332e-03  ,5.775274154198e+01  ,4.747478166632e-04  
  3.618246562952e-03  ,1.202721242945e-03  ,6.053703909722e+01  ,3.921072560184e-04  
  3.622000000020e-03  ,8.925355861790e-04  ,6.374929845508e+01  ,2.766197275543e-04  
  3.622001000018e-03  ,5.775379482448e-01  ,6.375013492487e+01  ,-1.013348974617e-03  
  3.622001884774e-03  ,1.095123153581e+00  ,6.375087849169e+01  ,-2.187741769435e-03  
  3.622003654287e-03  ,2.160052361495e+00  ,6.375236277900e+01  ,-4.504937933608e-03  
  3.622007193313e-03  ,4.412156779655e+00  ,6.375531444269e+01  ,-8.958950966587e-03  
  3.622010000020e-03  ,6.311251988179e+00  ,6.375763984607e+01  ,-1.232640321548e-02  
  3.622010707825e-03  ,6.403550202177e+00  ,6.375813108135e+01  ,-1.224686720443e-02  
  3.622012123435e-03  ,6.586185644163e+00  ,6.375910308478e+01  ,-1.198687898517e-02  
  3.622014954656e-03  ,6.939987655580e+00  ,6.376104654648e+01  ,-1.146863336843e-02  
  3.622020617097e-03  ,7.603794141962e+00  ,6.376493777643e+01  ,-1.050142749188e-02  
  3.622031941980e-03  ,8.776352841212e+00  ,6.377273268785e+01  ,-8.793166961650e-03  
  3.622043350309e-03  ,9.773344847541e+00  ,6.378059856822e+01  ,-7.340749590376e-03  
  3.622051387995e-03  ,9.973474344686e+00  ,4.100347896149e+01  ,9.859471256108e+00  
  3.622059062093e-03  ,1.000030903431e+01  ,1.063483833478e+01  ,9.859646103412e+00  
  3.622063370019e-03  ,1.018883606782e+01  ,3.394846426005e+00  ,9.860562322932e+00  
  3.622067448467e-03  ,1.046808452861e+01  ,2.663907418574e+00  ,9.861640115959e+00  
  3.622069770440e-03  ,1.062549195452e+01  ,2.745074617364e+00  ,9.862289440163e+00  
  3.622072705596e-03  ,1.081649015449e+01  ,2.800280311378e+00  ,9.863114056654e+00  
  3.622078575909e-03  ,1.117335277349e+01  ,2.809941877122e+00  ,9.864765141057e+00  
  3.622090316534e-03  ,1.179896911191e+01  ,2.799472341783e+00  ,9.868075214847e+00  
  3.622102587640e-03  ,1.234698631106e+01  ,2.803677571462e+00  ,9.871535263791e+00  
  3.622127129853e-03  ,1.317961321496e+01  ,2.805903497481e+00  ,9.878455014811e+00  
  3.622176214277e-03  ,1.416725793808e+01  ,2.808309548302e+00  ,9.892293312748e+00  
  3.622274383127e-03  ,1.497752052719e+01  ,2.816221379579e+00  ,9.919964593481e+00  
  3.622402700007e-03  ,1.499974868455e+01  ,2.826500890152e+00  ,9.956122544077e+00  
  3.622628243983e-03  ,1.500013574569e+01  ,2.844511518365e+00  ,1.001964586168e+01  
  3.622867759287e-03  ,1.500012021450e+01  ,2.863662092611e+00  ,1.008705962335e+01  
  3.623346789896e-03  ,1.500020842789e+01  ,2.901900923490e+00  ,1.022174972883e+01  
  3.624304851114e-03  ,1.500025798787e+01  ,2.978222674027e+00  ,1.049058128203e+01  
  3.626220973551e-03  ,1.500035085673e+01  ,3.130244999124e+00  ,1.102605637779e+01  
  3.630053218424e-03  ,1.500037053023e+01  ,3.431822127347e+00  ,1.208831504838e+01  
  3.632010000020e-03  ,1.499974880912e+01  ,3.584548632668e+00  ,1.262626981751e+01  
  3.632011000018e-03  ,1.442072051741e+01  ,3.584479876421e+00  ,1.262654396461e+01  
  3.632013000126e-03  ,1.321306874957e+01  ,3.584248939526e+00  ,1.262709220969e+01  
  3.632017000343e-03  ,1.067183947801e+01  ,3.583805021063e+00  ,1.262818901968e+01  
  3.632020000020e-03  ,8.646989743956e+00  ,3.583532390769e+00  ,1.262901142053e+01  
  3.632020800063e-03  ,8.543319197663e+00  ,3.583586906469e+00  ,1.262923072232e+01  
  3.632022400076e-03  ,8.338474344629e+00  ,3.583782737542e+00  ,1.262966942580e+01  
  3.632025600100e-03  ,7.943346606277e+00  ,3.584308691359e+00  ,1.263054680235e+01  
  3.632032000149e-03  ,7.207963817650e+00  ,3.585403361179e+00  ,1.263230132412e+01  
  3.632044800246e-03  ,5.932420782090e+00  ,3.588358599941e+00  ,1.263581022839e+01  
  3.632058725381e-03  ,4.791832323836e+00  ,3.598228320877e+00  ,1.263962649400e+01  
  3.632067642236e-03  ,4.356453172594e+00  ,1.401632764336e+01  ,1.264142589201e+01  
  3.632076010728e-03  ,4.341995959249e+00  ,4.354277633575e+01  ,1.264148463091e+01  
  3.632082282627e-03  ,4.134436820918e+00  ,5.281275140997e+01  ,3.698727162817e-02  
  3.632085552314e-03  ,3.936653111084e+00  ,5.284183945365e+01  ,-2.055324733117e-01  
  3.632087122338e-03  ,3.843757071891e+00  ,5.282356713971e+01  ,-4.109615190672e-03  
  3.632090262385e-03  ,3.665094773320e+00  ,5.282674715818e+01  ,1.012918011480e-02  
  3.632096542479e-03  ,3.331882691703e+00  ,5.283652748789e+01  ,5.648068365004e-03  
  3.632109102668e-03  ,2.751051189324e+00  ,5.285532173829e+01  ,4.593552449807e-03  
  3.632134223046e-03  ,1.861285989064e+00  ,5.289283307260e+01  ,3.313402472927e-03  
  3.632175362172e-03  ,9.414024926042e-01  ,5.295412047960e+01  ,1.971939637987e-03  
  3.632221359076e-03  ,4.553970570928e-01  ,5.302244092473e+01  ,1.261955742459e-03  
  3.632269448103e-03  ,1.918078840348e-01  ,5.309366600242e+01  ,8.760591881407e-04  
  3.632324361863e-03  ,8.006199060028e-02  ,5.317476064096e+01  ,7.111633134470e-04  
  3.632413053574e-03  ,6.889084576282e-03  ,5.330524047507e+01  ,6.012143803732e-04  
  3.632507860722e-03  ,2.595853521729e-03  ,5.344404723492e+01  ,5.914269275120e-04  
  3.632697475018e-03  ,7.908794842905e-04  ,5.371960687170e+01  ,5.817438947291e-04  
  3.632919085087e-03  ,1.962296231313e-03  ,5.403818761426e+01  ,5.752972747593e-04  
  3.633362305226e-03  ,1.917488494101e-03  ,5.466403752613e+01  ,5.589775652836e-04  
  3.634248745503e-03  ,1.623477975441e-03  ,5.587009141021e+01  ,5.266339637626e-04  
  3.636021626057e-03  ,1.407643106986e-03  ,5.809732230109e+01  ,4.652122332307e-04  
  3.639567387165e-03  ,1.108405484958e-03  ,6.179809150703e+01  ,3.496016795347e-04  
  3.642000000020e-03  ,8.615156074256e-04  ,6.375019358136e+01  ,2.787076455293e-04  
  3.642001000018e-03  ,5.775074367690e-01  ,6.375103009486e+01  ,-1.012498052121e-03  
  3.642001884774e-03  ,1.095093049325e+00  ,6.375177371918e+01  ,-2.188167331353e-03  
  3.642003654287e-03  ,2.160023050489e+00  ,6.375325782847e+01  ,-4.505060492046e-03  
  3.642007193313e-03  ,4.412128995277e+00  ,6.375620919266e+01  ,-8.959018681073e-03  
  3.642010000020e-03  ,6.311225358417e+00  ,6.375853435974e+01  ,-1.232647246237e-02  
  3.642010707825e-03  ,6.403523854208e+00  ,6.375902553618e+01  ,-1.224693757399e-02  
  3.642012123435e-03  ,6.586159853808e+00  ,6.375999742267e+01  ,-1.198694484650e-02  
  3.642014954656e-03  ,6.939962945359e+00  ,6.376194064594e+01  ,-1.146869964396e-02  
  3.642020617097e-03  ,7.603771458346e+00  ,6.376583140259e+01  ,-1.050149143336e-02  
  3.642031941980e-03  ,8.776333737426e+00  ,6.377362536728e+01  ,-8.793225772458e-03  
  3.642043350309e-03  ,9.773328787592e+00  ,6.378149029402e+01  ,-7.340803335378e-03  
  3.642051387995e-03  ,9.973471526082e+00  ,4.100500497815e+01  ,9.859150603328e+00  
  3.642059062093e-03  ,1.000030506457e+01  ,1.063627065720e+01  ,9.859325357618e+00  
  3.642063370019e-03  ,1.018880689528e+01  ,3.394881169401e+00  ,9.860241582742e+00  
  3.642067448467e-03  ,1.046805553234e+01  ,2.663803780665e+00  ,9.861319325193e+00  
  3.642069770068e-03  ,1.062543930987e+01  ,2.744975148244e+00  ,9.861968549890e+00  
  3.642072704851e-03  ,1.081641621107e+01  ,2.800187716138e+00  ,9.862793065456e+00  
  3.642078574419e-03  ,1.117324174712e+01  ,2.809852163839e+00  ,9.864443945728e+00  
  3.642090313554e-03  ,1.180039138094e+01  ,2.804864637851e+00  ,9.867750267334e+00  
  3.642110203624e-03  ,1.264655170868e+01  ,2.804316938860e+00  ,9.873356089623e+00  
  3.642149983763e-03  ,1.373746595908e+01  ,2.806896490599e+00  ,9.884571863088e+00  
  3.642229544043e-03  ,1.477392552384e+01  ,2.812644360232e+00  ,9.907000039696e+00  
  3.642343376994e-03  ,1.515499202058e+01  ,2.821583403759e+00  ,9.939081320271e+00  
  3.642496417880e-03  ,1.513808328410e+01  ,2.833831586861e+00  ,9.982196334762e+00  
  3.642750715136e-03  ,1.495629160873e+01  ,2.854237938265e+00  ,1.005379616885e+01  
  3.643179677844e-03  ,1.502323972313e+01  ,2.888464412670e+00  ,1.017445754744e+01  
  3.643701146960e-03  ,1.500857265948e+01  ,2.930058092788e+00  ,1.032094214867e+01  
  3.644744085192e-03  ,1.499344968831e+01  ,3.013054895152e+00  ,1.061326148661e+01  
  3.646829961657e-03  ,1.500587469041e+01  ,3.178294199449e+00  ,1.119531124404e+01  
  3.651001714587e-03  ,1.500045858418e+01  ,3.505871712187e+00  ,1.234914331189e+01  
  3.652010000020e-03  ,1.499971521532e+01  ,3.584462462257e+00  ,1.262596639300e+01  
  3.652011000018e-03  ,1.442250174261e+01  ,3.584393138610e+00  ,1.262624053964e+01  
  3.652013000126e-03  ,1.321479752666e+01  ,3.584161992316e+00  ,1.262678879391e+01  
  3.652017000343e-03  ,1.067346704679e+01  ,3.583718001703e+00  ,1.262788560124e+01  
  3.652020000020e-03  ,8.648544908158e+00  ,3.583445369832e+00  ,1.262870800471e+01  
  3.652020800063e-03  ,8.544855716162e+00  ,3.583499864794e+00  ,1.262892730723e+01  
  3.652022400076e-03  ,8.339974020530e+00  ,3.583695658415e+00  ,1.262936601206e+01  
  3.652025600100e-03  ,7.944775215590e+00  ,3.584221531520e+00  ,1.263024339133e+01  
  3.652032000149e-03  ,7.209260161216e+00  ,3.585315946395e+00  ,1.263199791876e+01  
  3.652044800246e-03  ,5.933487688369e+00  ,3.588269717663e+00  ,1.263550683432e+01  
  3.652058725381e-03  ,4.792693767730e+00  ,3.598120631626e+00  ,1.263932311402e+01  
  3.652067643726e-03  ,4.356504806337e+00  ,1.398051044878e+01  ,1.264112569463e+01  
  3.652076013708e-03  ,4.341961325696e+00  ,4.350625590269e+01  ,1.264118678032e+01  
  3.652082291568e-03  ,4.134618154724e+00  ,5.281067836884e+01  ,3.865836084129e-02  
  3.652085562373e-03  ,3.936766195291e+00  ,5.283998770821e+01  ,-2.060141802322e-01  
  3.652087132024e-03  ,3.843888429881e+00  ,5.282166876542e+01  ,-4.140109565849e-03  
  3.652090271326e-03  ,3.665261497956e+00  ,5.282484345369e+01  ,1.013973516086e-02  
  3.652096549930e-03  ,3.332109986601e+00  ,5.283462244842e+01  ,5.648962623126e-03  
  3.652109107139e-03  ,2.751365558747e+00  ,5.285341207859e+01  ,4.593967304277e-03  
  3.652134221556e-03  ,1.861680670898e+00  ,5.289091404877e+01  ,3.313979519640e-03  
  3.652175372602e-03  ,9.414060153915e-01  ,5.295221843439e+01  ,1.971948003302e-03  
  3.652221363546e-03  ,4.554454385745e-01  ,5.302052913073e+01  ,1.262029603760e-03  
  3.652269452574e-03  ,1.918326514142e-01  ,5.309175329276e+01  ,8.760987399402e-04  
  3.652324360372e-03  ,8.008074540833e-02  ,5.317283810727e+01  ,7.111943455714e-04  
  3.652413052084e-03  ,6.892277219212e-03  ,5.330331633576e+01  ,6.012228192077e-04  
  3.652507847311e-03  ,2.596672306715e-03  ,5.344210400458e+01  ,5.914323927364e-04  
  3.652697437765e-03  ,7.903972842125e-04  ,5.371762609056e+01  ,5.817485026992e-04  
  3.652919023992e-03  ,1.962352656973e-03  ,5.403616976497e+01  ,5.753036828769e-04  
  3.653362196447e-03  ,1.917600886539e-03  ,5.466194861104e+01  ,5.589860845075e-04  
  3.654248541357e-03  ,1.421684164992e-03  ,5.586793443022e+01  ,5.265322656489e-04  
  3.656021231176e-03  ,1.581511582106e-03  ,5.809493766431e+01  ,4.652970395553e-04  
  3.659566610815e-03  ,9.471023737333e-04  ,6.179545420051e+01  ,3.495799820404e-04  
  3.662000000020e-03  ,1.006316098119e-03  ,6.374826938183e+01  ,2.787405199445e-04  
  3.662001000018e-03  ,5.776500736382e-01  ,6.374910588756e+01  ,-1.012289691125e-03  
  3.662001884681e-03  ,1.095178666452e+00  ,6.374984944199e+01  ,-2.187828863577e-03  
  3.662003654008e-03  ,2.159988350861e+00  ,6.375133341458e+01  ,-4.504492426089e-03  
  3.662007192661e-03  ,4.411828832045e+00  ,6.375428450837e+01  ,-8.958023624298e-03  
  3.662010000020e-03  ,6.311349217412e+00  ,6.375661024674e+01  ,-1.232628449509e-02  
  3.662010707751e-03  ,6.403636785488e+00  ,6.375710137954e+01  ,-1.224676595963e-02  
  3.662012123175e-03  ,6.586246610774e+00  ,6.375807315310e+01  ,-1.198681209310e-02  
  3.662014954023e-03  ,6.940000468297e+00  ,6.376001615012e+01  ,-1.146863825391e-02  
  3.662020615719e-03  ,7.603722145354e+00  ,6.376390645339e+01  ,-1.050155667813e-02  
  3.662031939111e-03  ,8.776149529551e+00  ,6.377169950866e+01  ,-8.793487401083e-03  
  3.662043345950e-03  ,9.773052717299e+00  ,6.377956352383e+01  ,-7.341198808031e-03  
  3.662051382147e-03  ,9.973456917199e+00  ,4.102332729074e+01  ,9.859002353782e+00  
  3.662059054754e-03  ,1.000027523199e+01  ,1.065975413747e+01  ,9.859176001332e+00  
  3.662063364915e-03  ,1.018854011186e+01  ,3.396319552057e+00  ,9.860092404936e+00  
  3.662067447088e-03  ,1.046803790234e+01  ,2.663452700903e+00  ,9.861170509142e+00  
  3.662069768317e-03  ,1.062539950567e+01  ,2.744835595815e+00  ,9.861819639053e+00  
  3.662072701238e-03  ,1.081626071895e+01  ,2.800138594448e+00  ,9.862643638352e+00  
  3.662078567080e-03  ,1.117288258042e+01  ,2.809822573570e+00  ,9.864293470623e+00  
  3.662090298764e-03  ,1.179813793584e+01  ,2.799328887376e+00  ,9.867601038441e+00  
  3.662102550499e-03  ,1.234549958481e+01  ,2.803541355937e+00  ,9.871055642090e+00  
  3.662127053968e-03  ,1.317748405042e+01  ,2.805767157671e+00  ,9.877964502899e+00  
  3.662176060907e-03  ,1.416514587933e+01  ,2.808163869349e+00  ,9.891781024320e+00  
  3.662274074785e-03  ,1.497639466096e+01  ,2.816064019855e+00  ,9.919408770270e+00  
  3.662402367823e-03  ,1.499973115429e+01  ,2.826341301479e+00  ,9.955560205869e+00  
  3.662627578012e-03  ,1.500014011703e+01  ,2.844325236834e+00  ,1.001898990370e+01  
  3.662866950266e-03  ,1.500012391511e+01  ,2.863464562480e+00  ,1.008636386171e+01  
  3.663345694773e-03  ,1.500021726361e+01  ,2.901680837224e+00  ,1.022097452280e+01  
  3.664303183786e-03  ,1.500026974404e+01  ,2.977957662165e+00  ,1.048964783782e+01  
  3.666218161814e-03  ,1.500036805992e+01  ,3.129890871753e+00  ,1.102480904785e+01  
  3.670048117868e-03  ,1.500031551406e+01  ,3.431295411976e+00  ,1.208645957848e+01  
  3.672010000020e-03  ,1.499979679660e+01  ,3.584421725959e+00  ,1.262582299459e+01  
  3.672011000018e-03  ,1.442044779043e+01  ,3.584353096210e+00  ,1.262609714308e+01  
  3.672013000126e-03  ,1.321280405317e+01  ,3.584122207240e+00  ,1.262664538997e+01  
  3.672017000343e-03  ,1.067159027783e+01  ,3.583678304030e+00  ,1.262774220562e+01  
  3.672020000020e-03  ,8.646751629698e+00  ,3.583405668640e+00  ,1.262856461028e+01  
  3.672020800063e-03  ,8.543083938260e+00  ,3.583460186108e+00  ,1.262878391307e+01  
  3.672022400076e-03  ,8.338244726213e+00  ,3.583656019733e+00  ,1.262922261859e+01  
  3.672025600100e-03  ,7.943127868902e+00  ,3.584181980219e+00  ,1.263009999920e+01  
  3.672032000149e-03  ,7.207765331488e+00  ,3.585276674645e+00  ,1.263185452908e+01  
  3.672044800246e-03  ,5.932257424525e+00  ,3.588232075728e+00  ,1.263536344955e+01  
  3.672058725381e-03  ,4.791700419366e+00  ,3.598104313355e+00  ,1.263917973255e+01  
  3.672067643726e-03  ,4.356434943043e+00  ,1.402783344133e+01  ,1.264097853678e+01  
  3.672076013708e-03  ,4.342001269379e+00  ,4.356134972623e+01  ,1.264103622960e+01  
  3.672082284862e-03  ,4.134133097037e+00  ,5.281032422357e+01  ,3.540456348130e-02  
  3.672085555294e-03  ,3.936314620374e+00  ,5.283921314018e+01  ,-2.051566390818e-01  
  3.672087126249e-03  ,3.843372977575e+00  ,5.282097760324e+01  ,-4.081630424280e-03  
  3.672090268159e-03  ,3.664625023617e+00  ,5.282416409238e+01  ,1.011944273519e-02  
  3.672096551979e-03  ,3.331266650327e+00  ,5.283394887089e+01  ,5.646599833129e-03  
  3.672109119618e-03  ,2.751825846509e+00  ,5.285280229037e+01  ,4.426143533648e-03  
  3.672134254897e-03  ,1.871250690097e+00  ,5.289032275735e+01  ,3.513608138461e-03  
  3.672173522437e-03  ,9.860164231971e-01  ,5.294885805979e+01  ,2.037744777131e-03  
  3.672218130553e-03  ,4.422989127114e-01  ,5.301513196341e+01  ,1.242895699734e-03  
  3.672263638699e-03  ,1.761846801469e-01  ,5.308255044154e+01  ,8.535097766295e-04  
  3.672332768166e-03  ,5.620739141127e-02  ,5.318462617943e+01  ,6.760867981702e-04  
  3.672413866246e-03  ,4.597628499014e-03  ,5.330390118377e+01  ,5.978441807848e-04  
  3.672510187352e-03  ,-7.864780538325e-03  ,5.344491030871e+01  ,5.760915747993e-04  
  3.672702829564e-03  ,-5.373284342775e-03  ,5.372480620473e+01  ,5.725627147989e-04  
  3.672993604863e-03  ,4.389044851143e-03  ,5.414191623126e+01  ,5.760900168186e-04  
  3.673575155461e-03  ,-2.573758267390e-05  ,5.495664616980e+01  ,5.484560922888e-04  
  3.674479238713e-03  ,1.129692423143e-03  ,5.617107968408e+01  ,5.177738435653e-04  
  3.675735418523e-03  ,1.471526434330e-03  ,5.775188889283e+01  ,4.747423859712e-04  
  3.678247778142e-03  ,1.202679809845e-03  ,6.053652028590e+01  ,3.920914866410e-04  
  3.682000000020e-03  ,8.925883443573e-04  ,6.374775785668e+01  ,2.766435033412e-04  
  3.682001000018e-03  ,5.775380013078e-01  ,6.374859438408e+01  ,-1.013324326895e-03  
  3.682001884774e-03  ,1.095123206855e+00  ,6.374933800213e+01  ,-2.187718941245e-03  
  3.682003654287e-03  ,2.160052415173e+00  ,6.375082239151e+01  ,-4.504914686256e-03  
  3.682007193313e-03  ,4.412156834113e+00  ,6.375377425943e+01  ,-8.958927673698e-03  
  3.682010000020e-03  ,6.311252043528e+00  ,6.375609982481e+01  ,-1.232637994803e-02  
  3.682010707825e-03  ,6.403550257676e+00  ,6.375659110104e+01  ,-1.224684451670e-02  
  3.682012123435e-03  ,6.586185699955e+00  ,6.375756318625e+01  ,-1.198685641566e-02  
  3.682014954656e-03  ,6.939987711941e+00  ,6.375950681151e+01  ,-1.146861074074e-02  
  3.682020617097e-03  ,7.603794199392e+00  ,6.376339836864e+01  ,-1.050140485982e-02  
  3.682031941980e-03  ,8.776352900532e+00  ,6.377119393459e+01  ,-8.793144312450e-03  
  3.682043350309e-03  ,9.773344908472e+00  ,6.377906047454e+01  ,-7.340726930352e-03  
  3.682051387995e-03  ,9.973475734110e+00  ,4.100203795732e+01  ,9.859597458835e+00  
  3.682059062093e-03  ,1.000031185221e+01  ,1.063350537433e+01  ,9.859772415853e+00  
  3.682063370019e-03  ,1.018886168075e+01  ,3.394771775210e+00  ,9.860688613415e+00  
  3.682067447722e-03  ,1.046805966348e+01  ,2.663995769152e+00  ,9.861766263753e+00  
  3.682069769323e-03  ,1.062544286023e+01  ,2.745121555462e+00  ,9.862415484036e+00  
  3.682072704479e-03  ,1.081644307798e+01  ,2.800316214739e+00  ,9.863240099058e+00  
  3.682078574791e-03  ,1.117330969352e+01  ,2.809976592040e+00  ,9.864891181627e+00  
  3.682090315416e-03  ,1.179893309682e+01  ,2.799509241603e+00  ,9.868201251261e+00  
  3.682102588013e-03  ,1.234701759391e+01  ,2.803713582259e+00  ,9.871661715926e+00  
  3.682127133205e-03  ,1.317971991739e+01  ,2.805939449702e+00  ,9.878582298391e+00  
  3.682176223591e-03  ,1.416739414442e+01  ,2.808346195108e+00  ,9.892422258941e+00  
  3.682274404362e-03  ,1.497760621573e+01  ,2.816258898008e+00  ,9.920096863518e+00  
  3.682402721241e-03  ,1.499974985142e+01  ,2.826538423573e+00  ,9.956254765962e+00  
  3.682628289059e-03  ,1.500013545481e+01  ,2.844550942353e+00  ,1.001978471171e+01  
  3.682867804363e-03  ,1.500011996743e+01  ,2.863701485747e+00  ,1.008719837899e+01  
  3.683346834972e-03  ,1.500020783903e+01  ,2.901940263197e+00  ,1.022188829590e+01  
  3.684304896190e-03  ,1.500025720461e+01  ,2.978261906973e+00  ,1.049071947271e+01  
  3.686221018627e-03  ,1.500034971078e+01  ,3.130284019406e+00  ,1.102619381876e+01  
  3.690053263500e-03  ,1.500036930290e+01  ,3.431860725420e+00  ,1.208845100209e+01  
  3.692010000020e-03  ,1.499974988223e+01  ,3.584583507390e+00  ,1.262639266016e+01  
  3.692011000018e-03  ,1.442073091337e+01  ,3.584514747767e+00  ,1.262666680690e+01  
  3.692013000126e-03  ,1.321307883941e+01  ,3.584283809535e+00  ,1.262721505134e+01  
  3.692017000343e-03  ,1.067184897717e+01  ,3.583839890953e+00  ,1.262831185989e+01  
  3.692020000020e-03  ,8.646998820550e+00  ,3.583567261394e+00  ,1.262913425970e+01  
  3.692020800063e-03  ,8.543328165441e+00  ,3.583621777455e+00  ,1.262935356121e+01  
  3.692022400076e-03  ,8.338483097393e+00  ,3.583817609210e+00  ,1.262979226413e+01  
  3.692025600100e-03  ,7.943354944293e+00  ,3.584343563967e+00  ,1.263066963956e+01  
  3.692032000149e-03  ,7.207971383772e+00  ,3.585438235966e+00  ,1.263242415911e+01  
  3.692044800246e-03  ,5.932427009371e+00  ,3.588393481950e+00  ,1.263593305891e+01  
  3.692058725381e-03  ,4.791837353403e+00  ,3.598263186145e+00  ,1.263974931967e+01  
  3.692067642236e-03  ,4.356454282718e+00  ,1.401616834508e+01  ,1.264154872697e+01  
  3.692076010728e-03  ,4.341996506637e+00  ,4.354258357548e+01  ,1.264160747299e+01  
  3.692082282627e-03  ,4.134419523071e+00  ,5.281150488300e+01  ,3.689422558015e-02  
  3.692085552314e-03  ,3.936636339308e+00  ,5.284058157379e+01  ,-2.055127963613e-01  
  3.692087122338e-03  ,3.843740727566e+00  ,5.282231122682e+01  ,-4.108384180458e-03  
  3.692090262385e-03  ,3.665079188883e+00  ,5.282549156500e+01  ,1.012885267200e-02  
  3.692096542479e-03  ,3.331868524387e+00  ,5.283527218371e+01  ,5.648058050666e-03  
  3.692109102668e-03  ,2.751039499557e+00  ,5.285406707544e+01  ,4.593563602246e-03  
  3.692134223046e-03  ,1.861278099158e+00  ,5.289157969749e+01  ,3.313418017235e-03  
  3.692175362172e-03  ,9.413985340429e-01  ,5.295286921581e+01  ,1.971960828319e-03  
  3.692221359076e-03  ,4.553951779429e-01  ,5.302119202498e+01  ,1.261979923813e-03  
  3.692269448103e-03  ,1.918071327025e-01  ,5.309241957765e+01  ,8.760849701285e-04  
  3.692324361863e-03  ,8.006171744074e-02  ,5.317351704658e+01  ,7.111897487779e-04  
  3.692413053574e-03  ,6.889124601301e-03  ,5.330400146125e+01  ,6.012412001988e-04  
  3.692507860722e-03  ,2.595912040211e-03  ,5.344281312987e+01  ,5.914537022171e-04  
  3.692697475018e-03  ,7.909459697106e-04  ,5.371838262185e+01  ,5.817705333233e-04  
  3.692919085087e-03  ,1.962357983029e-03  ,5.403697494542e+01  ,5.753237419125e-04  
  3.693362305226e-03  ,1.917550969772e-03  ,5.466284821519e+01  ,5.590037058718e-04  
  3.694248745503e-03  ,1.421826117208e-03  ,5.586901126045e+01  ,5.265456792942e-04  
  3.696021626057e-03  ,1.581475417842e-03  ,5.809632152678e+01  ,4.653017708366e-04  
  3.699567387165e-03  ,9.471480783815e-04  ,6.179725856799e+01  ,3.495701142205e-04  
  3.702000000020e-03  ,1.006302675721e-03  ,6.374948103708e+01  ,2.787530515473e-04  
  3.702001000018e-03  ,5.776500611531e-01  ,6.375031758269e+01  ,-1.012277909080e-03  
  3.702001884681e-03  ,1.095178654769e+00  ,6.375106117240e+01  ,-2.187817754565e-03  
  3.702003654008e-03  ,2.159988340751e+00  ,6.375254521537e+01  ,-4.504481146337e-03  
  3.702007192661e-03  ,4.411828824958e+00  ,6.375549644996e+01  ,-8.958012289553e-03  
  3.702010000020e-03  ,6.311349212611e+00  ,6.375782230001e+01  ,-1.232627314287e-02  
  3.702010707751e-03  ,6.403636781246e+00  ,6.375831346098e+01  ,-1.224675410580e-02  
  3.702012123175e-03  ,6.586246607639e+00  ,6.375928529100e+01  ,-1.198680013114e-02  
  3.702014954023e-03  ,6.940000467306e+00  ,6.376122840093e+01  ,-1.146862634199e-02  
  3.702020615719e-03  ,7.603722148384e+00  ,6.376511892994e+01  ,-1.050154477375e-02  
  3.702031939111e-03  ,8.776149539679e+00  ,6.377291243634e+01  ,-8.793475506463e-03  
  3.702043345950e-03  ,9.773052733454e+00  ,6.378077690549e+01  ,-7.341186923565e-03  
  3.702051382147e-03  ,9.973458169199e+00  ,4.102464945578e+01  ,9.859325220529e+00  
  3.702059054754e-03  ,1.000027546355e+01  ,1.066101161257e+01  ,9.859498778729e+00  
  3.702063364915e-03  ,1.018852068851e+01  ,3.396498794998e+00  ,9.860415196284e+00  
  3.702067447088e-03  ,1.046801851700e+01  ,2.663533919853e+00  ,9.861493254347e+00  
  3.702069767944e-03  ,1.062535615900e+01  ,2.744922360057e+00  ,9.862142280574e+00  
  3.702072700865e-03  ,1.081621930698e+01  ,2.800231704464e+00  ,9.862966277462e+00  
  3.702078566707e-03  ,1.117284468039e+01  ,2.809915196432e+00  ,9.864616104221e+00  
  3.702090298392e-03  ,1.179810621256e+01  ,2.799419921412e+00  ,9.867923661231e+00  
  3.702102550126e-03  ,1.234547328871e+01  ,2.803632940933e+00  ,9.871378253663e+00  
  3.702127053596e-03  ,1.317746599663e+01  ,2.805858836520e+00  ,9.878287092022e+00  
  3.702176060535e-03  ,1.416513760780e+01  ,2.808255389309e+00  ,9.892103568551e+00  
  3.702274074413e-03  ,1.497639442625e+01  ,2.816155564177e+00  ,9.919731224754e+00  
  3.702402367450e-03  ,1.499973115091e+01  ,2.826432814974e+00  ,9.955882542928e+00  
  3.702627577640e-03  ,1.500014011768e+01  ,2.844416689101e+00  ,1.001931203473e+01  
  3.702866949893e-03  ,1.500012391561e+01  ,2.863555953966e+00  ,1.008668577390e+01  
  3.703345694400e-03  ,1.500021726504e+01  ,2.901772104579e+00  ,1.022129599775e+01  
  3.704303183414e-03  ,1.500026974599e+01  ,2.978048681748e+00  ,1.048996844008e+01  
  3.706218161441e-03  ,1.500036806286e+01  ,3.129981397814e+00  ,1.102512791184e+01  
  3.710048117496e-03  ,1.500038896331e+01  ,3.431382232440e+00  ,1.208676561744e+01  
  3.712010000020e-03  ,1.499973259848e+01  ,3.584508218162e+00  ,1.262612743586e+01  
  3.712011000018e-03  ,1.442055718587e+01  ,3.584439510737e+00  ,1.262640158349e+01  
  3.712013000126e-03  ,1.321291022730e+01  ,3.584208591953e+00  ,1.262694982865e+01  
  3.712017000343e-03  ,1.067169023615e+01  ,3.583764679258e+00  ,1.262804664085e+01  
  3.712020000020e-03  ,8.646847141297e+00  ,3.583492048285e+00  ,1.262886904292e+01  
  3.712020800063e-03  ,8.543178304734e+00  ,3.583546565191e+00  ,1.262908834502e+01  
  3.712022400076e-03  ,8.338336830006e+00  ,3.583742398439e+00  ,1.262952704915e+01  
  3.712025600100e-03  ,7.943215608155e+00  ,3.584268357744e+00  ,1.263040442699e+01  
  3.712032000149e-03  ,7.207844947707e+00  ,3.585363045941e+00  ,1.263215895135e+01  
  3.712044800246e-03  ,5.932322950333e+00  ,3.588318397816e+00  ,1.263566786077e+01  
  3.712058725381e-03  ,4.791753330272e+00  ,3.598189719474e+00  ,1.263948413183e+01  
  3.712067643726e-03  ,4.356440500145e+00  ,1.402550778640e+01  ,1.264128311492e+01  
  3.712076013708e-03  ,4.342000966999e+00  ,4.355862487408e+01  ,1.264134098665e+01  
  3.712082285607e-03  ,4.134179978706e+00  ,5.281301908422e+01  ,3.572093057189e-02  
  3.712085556040e-03  ,3.936360388489e+00  ,5.284194760986e+01  ,-2.052282307979e-01  
  3.712087126808e-03  ,3.843428393954e+00  ,5.282370504995e+01  ,-4.086902504689e-03  
  3.712090268346e-03  ,3.664698571321e+00  ,5.282689028056e+01  ,1.012127845961e-02  
  3.712096551420e-03  ,3.331371312854e+00  ,5.283667414362e+01  ,5.646844432745e-03  
  3.712109117569e-03  ,2.750375785764e+00  ,5.285547682026e+01  ,4.592592294603e-03  
  3.712134249868e-03  ,1.860465326142e+00  ,5.289300508168e+01  ,3.312194104269e-03  
  3.712175365152e-03  ,9.413795183085e-01  ,5.295425558568e+01  ,1.971892999980e-03  
  3.712221362056e-03  ,4.553859460871e-01  ,5.302257456001e+01  ,1.261926534707e-03  
  3.712269445123e-03  ,1.918286224884e-01  ,5.309378928573e+01  ,8.760765839531e-04  
  3.712324370803e-03  ,8.005338497790e-02  ,5.317489977701e+01  ,7.111375435763e-04  
  3.712413062515e-03  ,6.884513675750e-03  ,5.330537674375e+01  ,6.011945344248e-04  
  3.712507881584e-03  ,2.594759724308e-03  ,5.344419785201e+01  ,5.914117742862e-04  
  3.712697519721e-03  ,7.915473478912e-04  ,5.371978568036e+01  ,5.817305307555e-04  
  3.712919129791e-03  ,1.962074174439e-03  ,5.403835869404e+01  ,5.752827632065e-04  
  3.713362349929e-03  ,1.917269613955e-03  ,5.466419320615e+01  ,5.589633300256e-04  
  3.714248790206e-03  ,1.421850748566e-03  ,5.587027824159e+01  ,5.265068727659e-04  
  3.716021670761e-03  ,1.581255764058e-03  ,5.809743102346e+01  ,4.652646670487e-04  
  3.719567431869e-03  ,9.471451452870e-04  ,6.179805112159e+01  ,3.495367573362e-04  
  3.722000000020e-03  ,1.006107022377e-03  ,6.375002589417e+01  ,2.787223592954e-04  
  3.722001000018e-03  ,5.776498669070e-01  ,6.375086235523e+01  ,-1.012308697118e-03  
  3.722001884681e-03  ,1.095178461757e+00  ,6.375160587013e+01  ,-2.187848552781e-03  
  3.722003654008e-03  ,2.159988150160e+00  ,6.375308976350e+01  ,-4.504511933130e-03  
  3.722007192661e-03  ,4.411828639025e+00  ,6.375604069884e+01  ,-8.958043057803e-03  
  3.722010000020e-03  ,6.311349030200e+00  ,6.375836631149e+01  ,-1.232630389791e-02  
  3.722010707751e-03  ,6.403636599693e+00  ,6.375885741251e+01  ,-1.224678469139e-02  
  3.722012123175e-03  ,6.586246427783e+00  ,6.375982912264e+01  ,-1.198683067586e-02  
  3.722014954023e-03  ,6.940000290739e+00  ,6.376177199281e+01  ,-1.146865689953e-02  
  3.722020615719e-03  ,7.603721977987e+00  ,6.376566204233e+01  ,-1.050157531598e-02  
  3.722031939111e-03  ,8.776149380183e+00  ,6.377345458983e+01  ,-8.793506031482e-03  
  3.722043345950e-03  ,9.773052583229e+00  ,6.378131809315e+01  ,-7.341217427707e-03  
  3.722051382147e-03  ,9.973455908997e+00  ,4.102502091032e+01  ,9.858962656076e+00  
  3.722059054754e-03  ,1.000027262159e+01  ,1.066132965775e+01  ,9.859136177662e+00  
  3.722063364915e-03  ,1.018851101608e+01  ,3.396434569950e+00  ,9.860052604988e+00  
  3.722067447088e-03  ,1.046800895447e+01  ,2.663427873275e+00  ,9.861130652894e+00  
  3.722069767944e-03  ,1.062534691967e+01  ,2.744816328884e+00  ,9.861779681523e+00  
  3.722072700493e-03  ,1.081618682740e+01  ,2.800126157685e+00  ,9.862603577465e+00  
  3.722078565590e-03  ,1.117277158770e+01  ,2.809812679223e+00  ,9.864253200894e+00  
  3.722090295784e-03  ,1.179797211124e+01  ,2.799316759881e+00  ,9.867560349817e+00  
  3.722102546029e-03  ,1.234530047420e+01  ,2.803529737393e+00  ,9.871014534722e+00  
  3.722127046518e-03  ,1.317726200568e+01  ,2.805755548965e+00  ,9.877922558097e+00  
  3.722176047496e-03  ,1.416495656967e+01  ,2.808151449066e+00  ,9.891737404964e+00  
  3.722274049453e-03  ,1.497630708398e+01  ,2.816050719176e+00  ,9.919361803226e+00  
  3.722402318649e-03  ,1.499972774706e+01  ,2.826326071653e+00  ,9.955506538775e+00  
  3.722627504997e-03  ,1.500014099163e+01  ,2.844308099392e+00  ,1.001892955806e+01  
  3.722866829566e-03  ,1.500012463193e+01  ,2.863443632535e+00  ,1.008629014052e+01  
  3.723345478706e-03  ,1.500021896898e+01  ,2.901652327693e+00  ,1.022087410504e+01  
  3.724302776985e-03  ,1.500027200880e+01  ,2.977914055743e+00  ,1.048949424460e+01  
  3.726217373542e-03  ,1.500037137166e+01  ,3.129817317635e+00  ,1.102454997039e+01  
  3.730046566657e-03  ,1.500039250765e+01  ,3.431160210866e+00  ,1.208598358666e+01  
  3.732010000020e-03  ,1.499972946875e+01  ,3.584408141126e+00  ,1.262577492451e+01  
  3.732011000018e-03  ,1.442052474597e+01  ,3.584339444212e+00  ,1.262604907315e+01  
  3.732013000126e-03  ,1.321287874259e+01  ,3.584108529566e+00  ,1.262659732026e+01  
  3.732017000343e-03  ,1.067166059463e+01  ,3.583664617354e+00  ,1.262769413651e+01  
  3.732020000020e-03  ,8.646818818376e+00  ,3.583391984218e+00  ,1.262851654158e+01  
  3.732020800063e-03  ,8.543150321370e+00  ,3.583446500130e+00  ,1.262873584448e+01  
  3.732022400076e-03  ,8.338309517582e+00  ,3.583642331481e+00  ,1.262917455021e+01  
  3.732025600100e-03  ,7.943189589933e+00  ,3.584168288199e+00  ,1.263005193126e+01  
  3.732032000149e-03  ,7.207821338146e+00  ,3.585262970503e+00  ,1.263180646201e+01  
  3.732044800246e-03  ,5.932303518598e+00  ,3.588218303747e+00  ,1.263531538424e+01  
  3.732058725381e-03  ,4.791737636288e+00  ,3.598089700753e+00  ,1.263913166924e+01  
  3.732067643726e-03  ,4.356437227360e+00  ,1.402602512651e+01  ,1.264093061990e+01  
  3.732076013708e-03  ,4.341999447675e+00  ,4.355924805162e+01  ,1.264098845451e+01  
  3.732082285607e-03  ,4.134175031111e+00  ,5.281345805602e+01  ,3.570603262068e-02  
  3.732085556040e-03  ,3.936355619045e+00  ,5.284238429612e+01  ,-2.052230367285e-01  
  3.732087126808e-03  ,3.843423743376e+00  ,5.282414210129e+01  ,-4.086615130801e-03  
  3.732090268346e-03  ,3.664694132581e+00  ,5.282732712395e+01  ,1.012113502063e-02  
  3.732096551420e-03  ,3.331367268311e+00  ,5.283711047319e+01  ,5.646798987939e-03  
  3.732109117569e-03  ,2.750372429526e+00  ,5.285591213959e+01  ,4.592554316094e-03  
  3.732134249868e-03  ,1.860463024843e+00  ,5.289343838107e+01  ,3.312157230937e-03  
  3.732175365152e-03  ,9.413783069529e-01  ,5.295468558079e+01  ,1.971857761948e-03  
  3.732221362056e-03  ,4.553853114214e-01  ,5.302300085964e+01  ,1.261892209706e-03  
  3.732269445123e-03  ,1.918283005854e-01  ,5.309421172415e+01  ,8.760427882690e-04  
  3.732324370803e-03  ,8.005319574875e-02  ,5.317531780712e+01  ,7.111040244158e-04  
  3.732413062515e-03  ,6.884411343440e-03  ,5.330578766086e+01  ,6.011612760687e-04  
  3.732507881584e-03  ,2.594662568292e-03  ,5.344460117215e+01  ,5.913786644630e-04  
  3.732697519721e-03  ,7.914525089585e-04  ,5.372017383017e+01  ,5.816977059713e-04  
  3.732919129791e-03  ,1.961978161870e-03  ,5.403872915661e+01  ,5.752502564777e-04  
  3.733362349929e-03  ,1.917174109606e-03  ,5.466452843372e+01  ,5.589314589384e-04  
  3.734248790206e-03  ,1.421756839281e-03  ,5.587054359684e+01  ,5.264761986832e-04  
  3.736021670761e-03  ,1.581164053007e-03  ,5.809755938171e+01  ,4.652362099990e-04  
  3.739567431869e-03  ,9.470603232996e-04  ,6.179791904837e+01  ,3.495120976479e-04  
  3.742000000020e-03  ,1.006027326308e-03  ,6.374972735206e+01  ,2.786996711202e-04  
  3.742001000018e-03  ,5.776497872167e-01  ,6.375056374706e+01  ,-1.012331164057e-03  
  3.742001884681e-03  ,1.095178382072e+00  ,6.375130720355e+01  ,-2.187870982123e-03  
  3.742003654008e-03  ,2.159988070488e+00  ,6.375279098009e+01  ,-4.504534372930e-03  
  3.742007192661e-03  ,4.411828559375e+00  ,6.375574168179e+01  ,-8.958065504227e-03  
  3.742010000020e-03  ,6.311348950569e+00  ,6.375806710908e+01  ,-1.232632634754e-02  
  3.742010707751e-03  ,6.403636520064e+00  ,6.375855816329e+01  ,-1.224680729632e-02  
  3.742012123175e-03  ,6.586246348160e+00  ,6.375952977980e+01  ,-1.198685331105e-02  
  3.742014954023e-03  ,6.940000211126e+00  ,6.376147246271e+01  ,-1.146867951883e-02  
  3.742020615719e-03  ,7.603721898394e+00  ,6.376536213777e+01  ,-1.050159792527e-02  
  3.742031939111e-03  ,8.776149300629e+00  ,6.377315393657e+01  ,-8.793528630023e-03  
  3.742043345950e-03  ,9.773052503714e+00  ,6.378101668598e+01  ,-7.341240012723e-03  
  3.742051382147e-03  ,9.973454051633e+00  ,4.102457216451e+01  ,9.858604464183e+00  
  3.742059054754e-03  ,1.000027094836e+01  ,1.066088351543e+01  ,9.858778009760e+00  
  3.742063364915e-03  ,1.018851529648e+01  ,3.396310888380e+00  ,9.859694435582e+00  
  3.742067447088e-03  ,1.046801327638e+01  ,2.663329627968e+00  ,9.860772500681e+00  
  3.742069768317e-03  ,1.062537573687e+01  ,2.744715285810e+00  ,9.861421633497e+00  
  3.742072700865e-03  ,1.081621437242e+01  ,2.800022366901e+00  ,9.862245532375e+00  
  3.742078565962e-03  ,1.117279680771e+01  ,2.809710350970e+00  ,9.863895161758e+00  
  3.742090296156e-03  ,1.179799322106e+01  ,2.799215428846e+00  ,9.867202322650e+00  
  3.742102546401e-03  ,1.234531797338e+01  ,2.803428076711e+00  ,9.870656520006e+00  
  3.742127046890e-03  ,1.317727402071e+01  ,2.805653849812e+00  ,9.877564568291e+00  
  3.742176047869e-03  ,1.416496207507e+01  ,2.808049854483e+00  ,9.891379464968e+00  
  3.742274049826e-03  ,1.497630724087e+01  ,2.815949128060e+00  ,9.919003962812e+00  
  3.742402319021e-03  ,1.499972774942e+01  ,2.826224516339e+00  ,9.955148828648e+00  
  3.742627505369e-03  ,1.500014099127e+01  ,2.844206610397e+00  ,1.001857207655e+01  
  3.742866829939e-03  ,1.500012463168e+01  ,2.863342211779e+00  ,1.008593290181e+01  
  3.743345479078e-03  ,1.500021896809e+01  ,2.901551044667e+00  ,1.022051735146e+01  
  3.744302777357e-03  ,1.500027200756e+01  ,2.977813047624e+00  ,1.048913845928e+01  
  3.746217373915e-03  ,1.500037136977e+01  ,3.129716857089e+00  ,1.102419611373e+01  
  3.750046567030e-03  ,1.500039250560e+01  ,3.431060836571e+00  ,1.208563355603e+01  
  3.752010000020e-03  ,1.499972947092e+01  ,3.584309290232e+00  ,1.262542673747e+01  
  3.752011000018e-03  ,1.442052476569e+01  ,3.584240594163e+00  ,1.262570088710e+01  
  3.752013000126e-03  ,1.321287876173e+01  ,3.584009680090e+00  ,1.262624913619e+01  
  3.752017000343e-03  ,1.067166061262e+01  ,3.583565767128e+00  ,1.262734595638e+01  
  3.752020000020e-03  ,8.646818835526e+00  ,3.583293131865e+00  ,1.262816836442e+01  
  3.752020800063e-03  ,8.543150338292e+00  ,3.583347646440e+00  ,1.262838766811e+01  
  3.752022400076e-03  ,8.338309534056e+00  ,3.583543475282e+00  ,1.262882637542e+01  
  3.752025600100e-03  ,7.943189605550e+00  ,3.584069428053e+00  ,1.262970375964e+01  
  3.752032000149e-03  ,7.207821352124e+00  ,3.585164100105e+00  ,1.263145829672e+01  
  3.752044800246e-03  ,5.932303529341e+00  ,3.588119389198e+00  ,1.263496723161e+01  
  3.752058725381e-03  ,4.791737640700e+00  ,3.597990525430e+00  ,1.263878353040e+01  
  3.752067643726e-03  ,4.356435070547e+00  ,1.402579588815e+01  ,1.264058250791e+01  
  3.752076013708e-03  ,4.341997310792e+00  ,4.355900207882e+01  ,1.264064035622e+01  
  3.752082285607e-03  ,4.134172231401e+00  ,5.281320598941e+01  ,3.570220976112e-02  
  3.752085556040e-03  ,3.936352937250e+00  ,5.284213168268e+01  ,-2.052232927058e-01  
  3.752087126808e-03  ,3.843421122474e+00  ,5.282388935468e+01  ,-4.086655857555e-03  
  3.752090268346e-03  ,3.664691629635e+00  ,5.282707417122e+01  ,1.012112136386e-02  
  3.752096551420e-03  ,3.331364985850e+00  ,5.283685711488e+01  ,5.646772811226e-03  
  3.752109117569e-03  ,2.750370531564e+00  ,5.285565796579e+01  ,4.592527824803e-03  
  3.752134249868e-03  ,1.860461716013e+00  ,5.289318257564e+01  ,3.312131702753e-03  
  3.752175365152e-03  ,9.413776067175e-01  ,5.295442710781e+01  ,1.971833177533e-03  
  3.752221362056e-03  ,4.553849331460e-01  ,5.302273940557e+01  ,1.261868154341e-03  
  3.752269445123e-03  ,1.918280969617e-01  ,5.309394715805e+01  ,8.760190513984e-04  
  3.752324370803e-03  ,8.005306627127e-02  ,5.317504969147e+01  ,7.110804679468e-04  
  3.752413062515e-03  ,6.884330519590e-03  ,5.330551382566e+01  ,6.011379083285e-04  
  3.752507881584e-03  ,2.594584796095e-03  ,5.344432123882e+01  ,5.913554249694e-04  
  3.752697519721e-03  ,7.913763557010e-04  ,5.371988175238e+01  ,5.816747170242e-04  
  3.752919129791e-03  ,1.961901734598e-03  ,5.403842297485e+01  ,5.752275498987e-04  
  3.753362349929e-03  ,1.917098729322e-03  ,5.466419433333e+01  ,5.589093148482e-04  
  3.754248790206e-03  ,1.421683880439e-03  ,5.587015484043e+01  ,5.264551219457e-04  
  3.756021670761e-03  ,1.581095392078e-03  ,5.809706624688e+01  ,4.652171248696e-04  
  3.759567431869e-03  ,9.470016119204e-04  ,6.179723828032e+01  ,3.494964797071e-04  
  3.762000000020e-03  ,1.005976214612e-03  ,6.374893501542e+01  ,2.786859532988e-04  
  3.762001000018e-03  ,5.776497361109e-01  ,6.374977136760e+01  ,-1.012344483570e-03  
  3.762001884681e-03  ,1.095178330972e+00  ,6.375051478624e+01  ,-2.187884266064e-03  
  3.762003654008e-03  ,2.159988019399e+00  ,6.375199848710e+01  ,-4.504547671146e-03  
  3.762007192661e-03  ,4.411828508308e+00  ,6.375494903745e+01  ,-8.958078818509e-03  
  3.762010000020e-03  ,6.311348899217e+00  ,6.375727434467e+01  ,-1.232633967146e-02  
  3.762010707751e-03  ,6.403636468712e+00  ,6.375776536859e+01  ,-1.224682095783e-02  
  3.762012123175e-03  ,6.586246296806e+00  ,6.375873692442e+01  ,-1.198686704229e-02  
  3.762014954023e-03  ,6.940000159768e+00  ,6.376067948599e+01  ,-1.146869321500e-02  
  3.762020615719e-03  ,7.603721847031e+00  ,6.376456891843e+01  ,-1.050161161092e-02  
  3.762031939111e-03  ,8.776149249261e+00  ,6.377236023225e+01  ,-8.793542300835e-03  
  3.762043345950e-03  ,9.773052452348e+00  ,6.378022249348e+01  ,-7.341253668356e-03  
  3.762051382147e-03  ,9.973452770642e+00  ,4.102367183288e+01  ,9.858310306491e+00  
  3.762059054754e-03  ,1.000027031432e+01  ,1.066002149096e+01  ,9.858483911048e+00  
  3.762063364915e-03  ,1.018852783154e+01  ,3.396170053620e+00  ,9.859400328314e+00  
  3.762067447088e-03  ,1.046802580179e+01  ,2.663253197660e+00  ,9.860478425290e+00  
  3.762069767944e-03  ,1.062536313803e+01  ,2.744635063170e+00  ,9.861127457593e+00  
  3.762072700865e-03  ,1.081622596922e+01  ,2.799942495900e+00  ,9.861951463089e+00  
  3.762078566707e-03  ,1.117285078698e+01  ,2.809626674454e+00  ,9.863601306920e+00  
  3.762090298392e-03  ,1.179811132578e+01  ,2.799131750806e+00  ,9.866908897773e+00  
  3.762102548636e-03  ,1.234541635498e+01  ,2.803344666550e+00  ,9.870363105363e+00  
  3.762127049125e-03  ,1.317734157153e+01  ,2.805570460772e+00  ,9.877271174080e+00  
  3.762176050104e-03  ,1.416499302351e+01  ,2.807966577149e+00  ,9.891086111592e+00  
  3.762274052061e-03  ,1.497630812130e+01  ,2.815865867761e+00  ,9.918710691061e+00  
  3.762402345098e-03  ,1.499972996810e+01  ,2.826143191675e+00  ,9.954862380848e+00  
  3.762627531446e-03  ,1.500014041155e+01  ,2.844125340137e+00  ,1.001828581182e+01  
  3.762866903700e-03  ,1.500012416667e+01  ,2.863264805092e+00  ,1.008566024816e+01  
  3.763345648207e-03  ,1.500021786332e+01  ,2.901481351054e+00  ,1.022027186493e+01  
  3.764303137220e-03  ,1.500027054195e+01  ,2.977758717452e+00  ,1.048894708741e+01  
  3.766218115248e-03  ,1.500036922735e+01  ,3.129693005554e+00  ,1.102411209687e+01  
  3.770048071302e-03  ,1.500039021055e+01  ,3.431096959062e+00  ,1.208576078804e+01  
  3.772010000020e-03  ,1.499973150843e+01  ,3.584228125870e+00  ,1.262514085206e+01  
  3.772011000018e-03  ,1.442054659065e+01  ,3.584159423993e+00  ,1.262541500251e+01  
  3.772013000126e-03  ,1.321289994408e+01  ,3.583928507994e+00  ,1.262596325322e+01  
  3.772017000343e-03  ,1.067168055490e+01  ,3.583484593567e+00  ,1.262706007666e+01  
  3.772020000020e-03  ,8.646837890341e+00  ,3.583211956581e+00  ,1.262788248713e+01  
  3.772020800063e-03  ,8.543169164632e+00  ,3.583266469815e+00  ,1.262810179148e+01  
  3.772022400076e-03  ,8.338327908944e+00  ,3.583462296161e+00  ,1.262854050009e+01  
  3.772025600100e-03  ,7.943207109628e+00  ,3.583988244746e+00  ,1.262941788689e+01  
  3.772032000149e-03  ,7.207837235455e+00  ,3.585082905365e+00  ,1.263117242918e+01  
  3.772044800246e-03  ,5.932316600895e+00  ,3.588038140696e+00  ,1.263468137446e+01  
  3.772058725381e-03  ,4.791748191503e+00  ,3.597908834831e+00  ,1.263849768461e+01  
  3.772067643726e-03  ,4.356434031443e+00  ,1.402510415843e+01  ,1.264029672421e+01  
  3.772076013708e-03  ,4.341995123478e+00  ,4.355821411488e+01  ,1.264035461811e+01  
  3.772082285607e-03  ,4.134171650691e+00  ,5.281255014977e+01  ,3.570802067119e-02  
  3.772085556040e-03  ,3.936352404640e+00  ,5.284147674806e+01  ,-2.052275024842e-01  
  3.772087126808e-03  ,3.843420594066e+00  ,5.282323394211e+01  ,-4.086930881496e-03  
  3.772090268346e-03  ,3.664691122905e+00  ,5.282641858503e+01  ,1.012120311570e-02  
  3.772096551420e-03  ,3.331364520893e+00  ,5.283620126325e+01  ,5.646764448364e-03  
  3.772109117569e-03  ,2.750370138770e+00  ,5.285500156397e+01  ,4.592513597931e-03  
  3.772134249868e-03  ,1.860461433518e+00  ,5.289252507209e+01  ,3.312118104105e-03  
  3.772175365152e-03  ,9.413774380340e-01  ,5.295376780421e+01  ,1.971819799692e-03  
  3.772221362056e-03  ,4.553848245910e-01  ,5.302207809214e+01  ,1.261854905430e-03  
  3.772269445123e-03  ,1.918280210769e-01  ,5.309328374872e+01  ,8.760058969836e-04  
  3.772324370803e-03  ,8.005300433478e-02  ,5.317438389436e+01  ,7.110673867889e-04  
  3.772413062515e-03  ,6.884277855994e-03  ,5.330484418721e+01  ,6.011249277889e-04  
  3.772507881584e-03  ,2.594532917930e-03  ,5.344364751331e+01  ,5.913425372234e-04  
  3.772697519721e-03  ,7.913252136169e-04  ,5.371919991390e+01  ,5.816620145365e-04  
  3.772919129791e-03  ,1.961851050121e-03  ,5.403773175911e+01  ,5.752150583940e-04  
  3.773362349929e-03  ,1.917049260788e-03  ,5.466348469974e+01  ,5.588972425811e-04  
  3.774248790206e-03  ,1.421636917820e-03  ,5.586940972767e+01  ,5.264438506770e-04  
  3.776021670761e-03  ,1.581053378353e-03  ,5.809625567920e+01  ,4.652073593955e-04  
  3.779567431869e-03  ,9.469698001265e-04  ,6.179631920335e+01  ,3.494893753007e-04  
  3.782000000020e-03  ,1.005950767119e-03  ,6.374795892452e+01  ,2.786803783049e-04  
  3.782001000018e-03  ,5.776497109235e-01  ,6.374879525621e+01  ,-1.012349614752e-03  
  3.782001884681e-03  ,1.095178305794e+00  ,6.374953865678e+01  ,-2.187889368874e-03  
  3.782003654008e-03  ,2.159987994238e+00  ,6.375102232149e+01  ,-4.504552787943e-03  
  3.782007192661e-03  ,4.411828483182e+00  ,6.375397279955e+01  ,-8.958083954991e-03  
  3.782010000020e-03  ,6.311348874117e+00  ,6.375629804943e+01  ,-1.232634482067e-02  
  3.782010707751e-03  ,6.403636443618e+00  ,6.375678905888e+01  ,-1.224682650489e-02  
  3.782012123175e-03  ,6.586246271723e+00  ,6.375776058572e+01  ,-1.198687267243e-02  
  3.782014954023e-03  ,6.940000134706e+00  ,6.375970308929e+01  ,-1.146869880384e-02  
  3.782020615719e-03  ,7.603721822009e+00  ,6.376359240579e+01  ,-1.050161719058e-02  
  3.782031939111e-03  ,8.776149224314e+00  ,6.377138348800e+01  ,-8.793547865384e-03  
  3.782043345950e-03  ,9.773052427470e+00  ,6.377924551623e+01  ,-7.341259219085e-03  
  3.782051382147e-03  ,9.973452081130e+00  ,4.102263351209e+01  ,9.858107814368e+00  
  3.782059054754e-03  ,1.000027046038e+01  ,1.065903801131e+01  ,9.858281490441e+00  
  3.782063364915e-03  ,1.018854355931e+01  ,3.396042201334e+00  ,9.859197896041e+00  
  3.782067447088e-03  ,1.046804148852e+01  ,2.663203930888e+00  ,9.860276028948e+00  
  3.782069768317e-03  ,1.062540292312e+01  ,2.744581582140e+00  ,9.860925164270e+00  
  3.782072701238e-03  ,1.081626398180e+01  ,2.799883574092e+00  ,9.861749171198e+00  
  3.782078567080e-03  ,1.117288557671e+01  ,2.809568334335e+00  ,9.863399018488e+00  
  3.782090298764e-03  ,1.179814044534e+01  ,2.799074846060e+00  ,9.866706616132e+00  
  3.782102550499e-03  ,1.234550166588e+01  ,2.803287320224e+00  ,9.870161250903e+00  
  3.782127053968e-03  ,1.317748548041e+01  ,2.805513216861e+00  ,9.877070173948e+00  
  3.782176060907e-03  ,1.416514653492e+01  ,2.807909974240e+00  ,9.890886819808e+00  
  3.782274074785e-03  ,1.497639468034e+01  ,2.815810222966e+00  ,9.918514814560e+00  
  3.782402367823e-03  ,1.499973115506e+01  ,2.826087598787e+00  ,9.954666575703e+00  
  3.782627578012e-03  ,1.500014011746e+01  ,2.844071695000e+00  ,1.001809684472e+01  
  3.782866950266e-03  ,1.500012391555e+01  ,2.863211193545e+00  ,1.008547140943e+01  
  3.783345694773e-03  ,1.500021726398e+01  ,2.901427812452e+00  ,1.022008328268e+01  
  3.784303183786e-03  ,1.500026974436e+01  ,2.977705324297e+00  ,1.048875901710e+01  
  3.786218161814e-03  ,1.500036806016e+01  ,3.129639902098e+00  ,1.102392504625e+01  
  3.790048117868e-03  ,1.500038896036e+01  ,3.431044429952e+00  ,1.208557576026e+01  
  3.792010000020e-03  ,1.499973260232e+01  ,3.584172262960e+00  ,1.262494408543e+01  
  3.792011000018e-03  ,1.442055721774e+01  ,3.584103558420e+00  ,1.262521823642e+01  
  3.792013000126e-03  ,1.321291025826e+01  ,3.583872641586e+00  ,1.262576648830e+01  
  3.792017000343e-03  ,1.067169026525e+01  ,3.583428726345e+00  ,1.262686331394e+01  
  3.792020000020e-03  ,8.646847168681e+00  ,3.583156088138e+00  ,1.262768572608e+01  
  3.792020800063e-03  ,8.543178331716e+00  ,3.583210600505e+00  ,1.262790503088e+01  
  3.792022400076e-03  ,8.338336856197e+00  ,3.583406425226e+00  ,1.262834374038e+01  
  3.792025600100e-03  ,7.943215632846e+00  ,3.583932371119e+00  ,1.262922112897e+01  
  3.792032000149e-03  ,7.207844969454e+00  ,3.585027024477e+00  ,1.263097567483e+01  
  3.792044800246e-03  ,5.932322965642e+00  ,3.587982226334e+00  ,1.263448462727e+01  
  3.792058725381e-03  ,4.791753328152e+00  ,3.597852662134e+00  ,1.263830094523e+01  
  3.792067643726e-03  ,4.356433168805e+00  ,1.402472951341e+01  ,1.264010001938e+01  
  3.792076013708e-03  ,4.341993705173e+00  ,4.355778985362e+01  ,1.264015793600e+01  
  3.792082285607e-03  ,4.134163445332e+00  ,5.281175137812e+01  ,3.567169415309e-02  
  3.792085556040e-03  ,3.936344472984e+00  ,5.284067356618e+01  ,-2.052212000302e-01  
  3.792087126808e-03  ,3.843412858417e+00  ,5.282243132400e+01  ,-4.086551393189e-03  
  3.792090268346e-03  ,3.664683744396e+00  ,5.282561594559e+01  ,1.012109359058e-02  
  3.792096551420e-03  ,3.331357809038e+00  ,5.283539847194e+01  ,5.646745968611e-03  
  3.792109117569e-03  ,2.750364591659e+00  ,5.285419848589e+01  ,4.592501594241e-03  
  3.792134249868e-03  ,1.860457672239e+00  ,5.289172142173e+01  ,3.312108443840e-03  
  3.792175365152e-03  ,9.413755222894e-01  ,5.295296322005e+01  ,1.971812838810e-03  
  3.792221362056e-03  ,4.553838856955e-01  ,5.302127246728e+01  ,1.261849392510e-03  
  3.792269445123e-03  ,1.918276119866e-01  ,5.309247704076e+01  ,8.760011826939e-04  
  3.792324370803e-03  ,8.005282001673e-02  ,5.317357595516e+01  ,7.110630319656e-04  
  3.792413062515e-03  ,6.884240798775e-03  ,5.330403427327e+01  ,6.011208394527e-04  
  3.792507881584e-03  ,2.594504703994e-03  ,5.344283550650e+01  ,5.913385175486e-04  
  3.792697519721e-03  ,7.913010672309e-04  ,5.371838377804e+01  ,5.816581117808e-04  
  3.792919129791e-03  ,1.961825069387e-03  ,5.403691089385e+01  ,5.752112809549e-04  
  3.793362349929e-03  ,1.917024405685e-03  ,5.466265468530e+01  ,5.588937201296e-04  
  3.794248790206e-03  ,1.623181102124e-03  ,5.586850096899e+01  ,5.265544779135e-04  
  3.796021670761e-03  ,1.407399954420e-03  ,5.809533589424e+01  ,4.651403152582e-04  
  3.799567431869e-03  ,1.108168063355e-03  ,6.179539541466e+01  ,3.495430798892e-04  
  3.802000000020e-03  ,8.613396585944e-04  ,6.374704575262e+01  ,2.786576100955e-04  
  3.802001000018e-03  ,5.775072608862e-01  ,6.374788210876e+01  ,-1.012546462439e-03  
  3.802001884774e-03  ,1.095092873282e+00  ,6.374862559399e+01  ,-2.188215647253e-03  
  3.802003654287e-03  ,2.160022874131e+00  ,6.375010942514e+01  ,-4.505108853861e-03  
  3.802007193313e-03  ,4.412128818313e+00  ,6.375306023308e+01  ,-8.959067106358e-03  
  3.802010000020e-03  ,6.311225180694e+00  ,6.375538495906e+01  ,-1.232652092818e-02  
  3.802010707825e-03  ,6.403523676368e+00  ,6.375587602414e+01  ,-1.224698737430e-02  
  3.802012123435e-03  ,6.586159675730e+00  ,6.375684768764e+01  ,-1.198699492263e-02  
  3.802014954656e-03  ,6.939962766820e+00  ,6.375879046492e+01  ,-1.146874958258e-02  
  3.802020617097e-03  ,7.603771278948e+00  ,6.376268032987e+01  ,-1.050154133277e-02  
  3.802031941980e-03  ,8.776333556527e+00  ,6.377047251215e+01  ,-8.793275616528e-03  
  3.802043350309e-03  ,9.773328605440e+00  ,6.377833564475e+01  ,-7.340853122772e-03  
  3.802051387995e-03  ,9.973466789004e+00  ,4.100145579207e+01  ,9.858045141835e+00  
  3.802059062093e-03  ,1.000030291882e+01  ,1.063287711561e+01  ,9.858220129999e+00  
  3.802063370019e-03  ,1.018885681048e+01  ,3.394339275737e+00  ,9.859136319650e+00  
  3.802067447722e-03  ,1.046805506907e+01  ,2.663558822009e+00  ,9.860213997966e+00  
  3.802069769323e-03  ,1.062543835807e+01  ,2.744677658379e+00  ,9.860863227905e+00  
  3.802072704851e-03  ,1.081646244442e+01  ,2.799874962916e+00  ,9.861687960551e+00  
  3.802078575909e-03  ,1.117337081462e+01  ,2.809535364338e+00  ,9.863339278410e+00  
  3.802090318024e-03  ,1.179905715110e+01  ,2.799068212129e+00  ,9.866649819997e+00  
  3.802102590620e-03  ,1.234712087493e+01  ,2.803272864289e+00  ,9.870110338765e+00  
  3.802127135813e-03  ,1.317979078416e+01  ,2.805498895895e+00  ,9.877031029383e+00  
  3.802176226198e-03  ,1.416742656164e+01  ,2.807905810073e+00  ,9.890871206163e+00  
  3.802274406969e-03  ,1.497760709117e+01  ,2.815818672345e+00  ,9.918546243051e+00  
  3.802402723849e-03  ,1.499974986421e+01  ,2.826098360102e+00  ,9.954704710275e+00  
  3.802628291666e-03  ,1.500013545255e+01  ,2.844111159886e+00  ,1.001823564835e+01  
  3.802867854655e-03  ,1.500011996897e+01  ,2.863265811617e+00  ,1.008566378526e+01  
  3.803346980631e-03  ,1.500020783661e+01  ,2.901512788879e+00  ,1.022038258460e+01  
  3.804305232584e-03  ,1.500025720002e+01  ,2.977850767898e+00  ,1.048927129953e+01  
  3.806221736490e-03  ,1.500034970266e+01  ,3.129905294454e+00  ,1.102485981896e+01  
  3.810054744303e-03  ,1.500036929253e+01  ,3.431545813827e+00  ,1.208734177449e+01  
  3.812010000020e-03  ,1.499974992175e+01  ,3.584155082765e+00  ,1.262488360059e+01  
  3.812011000018e-03  ,1.442073325348e+01  ,3.584086326096e+00  ,1.262515775161e+01  
  3.812013000126e-03  ,1.321308111065e+01  ,3.583855390083e+00  ,1.262570600464e+01  
  3.812017000343e-03  ,1.067185111538e+01  ,3.583411468162e+00  ,1.262680283031e+01  
  3.812020000020e-03  ,8.647000863175e+00  ,3.583138829379e+00  ,1.262762524297e+01  
  3.812020800063e-03  ,8.543330183483e+00  ,3.583193339627e+00  ,1.262784454791e+01  
  3.812022400076e-03  ,8.338485066863e+00  ,3.583389160462e+00  ,1.262828325768e+01  
  3.812025600100e-03  ,7.943356820103e+00  ,3.583915098017e+00  ,1.262916064682e+01  
  3.812032000149e-03  ,7.207973085075e+00  ,3.585009725274e+00  ,1.263091519379e+01  
  3.812044800246e-03  ,5.932428406263e+00  ,3.587964778120e+00  ,1.263442414846e+01  
  3.812058725381e-03  ,4.791838462827e+00  ,3.597833328865e+00  ,1.263824046902e+01  
  3.812067642236e-03  ,4.356445010936e+00  ,1.401512279701e+01  ,1.264003999706e+01  
  3.812076010728e-03  ,4.341987198995e+00  ,4.354145685627e+01  ,1.264009880792e+01  
  3.812082282627e-03  ,4.134416367092e+00  ,5.281088255375e+01  ,3.692404823218e-02  
  3.812085552314e-03  ,3.936633417092e+00  ,5.283996263358e+01  ,-2.055242274086e-01  
  3.812087122338e-03  ,3.843737847549e+00  ,5.282169070541e+01  ,-4.109199838648e-03  
  3.812090262385e-03  ,3.665076426393e+00  ,5.282487003535e+01  ,1.012897675514e-02  
  3.812096542479e-03  ,3.331865983525e+00  ,5.283464885170e+01  ,5.647957861065e-03  
  3.812109102668e-03  ,2.751037342183e+00  ,5.285344008630e+01  ,4.593450382297e-03  
  3.812134223046e-03  ,1.861276527820e+00  ,5.289094538889e+01  ,3.313306739543e-03  
  3.812175362172e-03  ,9.413975678118e-01  ,5.295222292655e+01  ,1.971850710707e-03  
  3.812221359076e-03  ,4.553945308873e-01  ,5.302053235248e+01  ,1.261870536680e-03  
  3.812269448103e-03  ,1.918066589586e-01  ,5.309174592993e+01  ,8.759761204486e-04  
  3.812324361863e-03  ,8.006131747630e-02  ,5.317282746137e+01  ,7.110813262445e-04  
  3.812413053574e-03  ,6.888773419476e-03  ,5.330328618289e+01  ,6.011333702452e-04  
  3.812507860722e-03  ,2.595564522162e-03  ,5.344207045217e+01  ,5.913464240521e-04  
  3.812697475018e-03  ,7.906013476807e-04  ,5.371758535010e+01  ,5.816643564727e-04  
  3.812919085087e-03  ,1.962014616867e-03  ,5.403611421556e+01  ,5.752188149910e-04  
  3.813362305226e-03  ,1.917211752782e-03  ,5.466186171770e+01  ,5.589012622702e-04  
  3.814248745503e-03  ,1.421495747250e-03  ,5.586777793705e+01  ,5.264479396782e-04  
  3.816021626057e-03  ,1.581163038867e-03  ,5.809461439310e+01  ,4.652128017568e-04  
  3.819567387165e-03  ,9.468758872686e-04  ,6.179468999836e+01  ,3.494963671440e-04  
  3.822000000020e-03  ,1.006060053614e-03  ,6.374639228320e+01  ,2.786875734185e-04  
  3.822001000018e-03  ,5.776498188066e-01  ,6.374722862768e+01  ,-1.012341785956e-03  
  3.822001884681e-03  ,1.095178412447e+00  ,6.374797203960e+01  ,-2.187881476766e-03  
  3.822003654008e-03  ,2.159988098478e+00  ,6.374945572706e+01  ,-4.504544927217e-03  
  3.822007192661e-03  ,4.411828582781e+00  ,6.375240625063e+01  ,-8.958076133772e-03  
  3.822010000020e-03  ,6.311348970205e+00  ,6.375473153663e+01  ,-1.232633702553e-02  
  3.822010707751e-03  ,6.403636538851e+00  ,6.375522255524e+01  ,-1.224681932380e-02  
  3.822012123175e-03  ,6.586246365260e+00  ,6.375619410026e+01  ,-1.198686562362e-02  
  3.822014954023e-03  ,6.940000224959e+00  ,6.375813664019e+01  ,-1.146869169598e-02  
  3.822020615719e-03  ,7.603721906101e+00  ,6.376202602949e+01  ,-1.050161008242e-02  
  3.822031939111e-03  ,8.776149297529e+00  ,6.376981725757e+01  ,-8.793540753688e-03  
  3.822043345950e-03  ,9.773052491441e+00  ,6.377767943315e+01  ,-7.341252106016e-03  
  3.822051382147e-03  ,9.973452233747e+00  ,4.102106471047e+01  ,9.858009045471e+00  
  3.822059054754e-03  ,1.000027200953e+01  ,1.065756811669e+01  ,9.858182834805e+00  
  3.822063364915e-03  ,1.018856924980e+01  ,3.395901387997e+00  ,9.859099220111e+00  
  3.822067447088e-03  ,1.046806707178e+01  ,2.663188394729e+00  ,9.860177406060e+00  
  3.822069768317e-03  ,1.062542759228e+01  ,2.744560572808e+00  ,9.860826541501e+00  
  3.822072701610e-03  ,1.081631118792e+01  ,2.799858169552e+00  ,9.861650653102e+00  
  3.822078568198e-03  ,1.117297214097e+01  ,2.809539423176e+00  ,9.863300711609e+00  
  3.822090301372e-03  ,1.179828581864e+01  ,2.799047240070e+00  ,9.866608732740e+00  
  3.822102554597e-03  ,1.234568381704e+01  ,2.803259552967e+00  ,9.870063791087e+00  
  3.822127061046e-03  ,1.317769586636e+01  ,2.805485534460e+00  ,9.876973561215e+00  
  3.822176073946e-03  ,1.416533047659e+01  ,2.807883020375e+00  ,9.890791900919e+00  
  3.822274099745e-03  ,1.497648207070e+01  ,2.815784202196e+00  ,9.918423281937e+00  
  3.822402392782e-03  ,1.499973235336e+01  ,2.826061617646e+00  ,9.954575076437e+00  
  3.822627626814e-03  ,1.500013982021e+01  ,2.844047644468e+00  ,1.001801211684e+01  
  3.822866999067e-03  ,1.500012366198e+01  ,2.863187155619e+00  ,1.008538673911e+01  
  3.823345743574e-03  ,1.500021665894e+01  ,2.901403807296e+00  ,1.021999872736e+01  
  3.824303232588e-03  ,1.500026893926e+01  ,2.977681384412e+00  ,1.048867469131e+01  
  3.826218210615e-03  ,1.500036688204e+01  ,3.129616092214e+00  ,1.102384117766e+01  
  3.830048166670e-03  ,1.500038769848e+01  ,3.431020877610e+00  ,1.208549279865e+01  
  3.832010000020e-03  ,1.499973370635e+01  ,3.584145041874e+00  ,1.262484820522e+01  
  3.832011000018e-03  ,1.442056794609e+01  ,3.584076334393e+00  ,1.262512235647e+01  
  3.832013000126e-03  ,1.321292067071e+01  ,3.583845416547e+00  ,1.262567060896e+01  
  3.832017000343e-03  ,1.067170006811e+01  ,3.583401500705e+00  ,1.262676743563e+01  
  3.832020000020e-03  ,8.646856535443e+00  ,3.583128861895e+00  ,1.262758984860e+01  
  3.832020800063e-03  ,8.543187586170e+00  ,3.583183373781e+00  ,1.262780915361e+01  
  3.832022400076e-03  ,8.338345888736e+00  ,3.583379197601e+00  ,1.262824786354e+01  
  3.832025600100e-03  ,7.943224237331e+00  ,3.583905141941e+00  ,1.262912525301e+01  
  3.832032000149e-03  ,7.207852777253e+00  ,3.584999790994e+00  ,1.263087980061e+01  
  3.832044800246e-03  ,5.932329391348e+00  ,3.587954972083e+00  ,1.263438875654e+01  
  3.832058725381e-03  ,4.791758515256e+00  ,3.597825223991e+00  ,1.263820507831e+01  
  3.832067643726e-03  ,4.356432934697e+00  ,1.402441882063e+01  ,1.264000417926e+01  
  3.832076013708e-03  ,4.341992903895e+00  ,4.355743398740e+01  ,1.264006211264e+01  
  3.832082285607e-03  ,4.134146753527e+00  ,5.281047723886e+01  ,3.558845912266e-02  
  3.832085556040e-03  ,3.936328308387e+00  ,5.283938924288e+01  ,-2.052043707695e-01  
  3.832087126994e-03  ,3.843386273188e+00  ,5.282114881326e+01  ,-4.084769760231e-03  
  3.832090268904e-03  ,3.664637700855e+00  ,5.282433426751e+01  ,1.012030869129e-02  
  3.832096552724e-03  ,3.331278170611e+00  ,5.283411788167e+01  ,5.646587048537e-03  
  3.832109120363e-03  ,2.751835320244e+00  ,5.285296879336e+01  ,4.426030782348e-03  
  3.832134255642e-03  ,1.871257053148e+00  ,5.289048421665e+01  ,3.513586963858e-03  
  3.832173523182e-03  ,9.860196595140e-01  ,5.294901166441e+01  ,2.037671559613e-03  
  3.832218131298e-03  ,4.423002285972e-01  ,5.301527664654e+01  ,1.242819640149e-03  
  3.832263633484e-03  ,1.762132563884e-01  ,5.308267721305e+01  ,8.534738750491e-04  
  3.832332762951e-03  ,5.621614589679e-02  ,5.318473918613e+01  ,6.760222803325e-04  
  3.832413849110e-03  ,4.603251521225e-03  ,5.330398057131e+01  ,5.977758642196e-04  
  3.832510170216e-03  ,-7.864901730659e-03  ,5.344497066416e+01  ,5.760152598393e-04  
  3.832702812428e-03  ,-5.375147740813e-03  ,5.372482860717e+01  ,5.724845988526e-04  
  3.832993540043e-03  ,4.388925202924e-03  ,5.414181377374e+01  ,5.760172852631e-04  
  3.833574995274e-03  ,-2.589383255576e-05  ,5.495630147647e+01  ,5.483888514897e-04  
  3.834478697056e-03  ,1.129451254176e-03  ,5.617007365596e+01  ,5.177230996706e-04  
  3.835734686131e-03  ,1.471384017561e-03  ,5.775047100254e+01  ,4.747016733526e-04  
  3.838246664280e-03  ,1.202573735165e-03  ,6.053441925318e+01  ,3.920684409124e-04  
  3.842000000020e-03  ,8.924179929560e-04  ,6.374617950161e+01  ,2.765935099083e-04  
  3.842001000018e-03  ,5.775378310448e-01  ,6.374701588099e+01  ,-1.013373949333e-03  
  3.842001884774e-03  ,1.095123036500e+00  ,6.374775936794e+01  ,-2.187766866541e-03  
  3.842003654287e-03  ,2.160052244645e+00  ,6.374924349552e+01  ,-4.504963022272e-03  
  3.842007193313e-03  ,4.412156663252e+00  ,6.375219483978e+01  ,-8.958976109618e-03  
  3.842010000020e-03  ,6.311251872114e+00  ,6.375451998987e+01  ,-1.232642839915e-02  
  3.842010707825e-03  ,6.403550086195e+00  ,6.375501116123e+01  ,-1.224689367328e-02  
  3.842012123435e-03  ,6.586185528338e+00  ,6.375598303656e+01  ,-1.198690572130e-02  
  3.842014954656e-03  ,6.939987540059e+00  ,6.375792624205e+01  ,-1.146865997086e-02  
  3.842020617097e-03  ,7.603794027016e+00  ,6.376181695983e+01  ,-1.050145406130e-02  
  3.842031941980e-03  ,8.776352727294e+00  ,6.376961084773e+01  ,-8.793193479188e-03  
  3.842043350309e-03  ,9.773344734517e+00  ,6.377747569820e+01  ,-7.340776058879e-03  
  3.842051387995e-03  ,9.973471454105e+00  ,4.100010657580e+01  ,9.858700419765e+00  
  3.842059062093e-03  ,1.000030878940e+01  ,1.063163567845e+01  ,9.858875496480e+00  
  3.842063370019e-03  ,1.018888609578e+01  ,3.394402181561e+00  ,9.859791678544e+00  
  3.842067447722e-03  ,1.046808411962e+01  ,2.663756175426e+00  ,9.860869399498e+00  
  3.842069769695e-03  ,1.062549107053e+01  ,2.744872535070e+00  ,9.861518726894e+00  
  3.842072705224e-03  ,1.081651279128e+01  ,2.800061274307e+00  ,9.862343453390e+00  
  3.842078576281e-03  ,1.117341686767e+01  ,2.809720437668e+00  ,9.863994760460e+00  
  3.842090318396e-03  ,1.179909569134e+01  ,2.799255199985e+00  ,9.867305280237e+00  
  3.842102592483e-03  ,1.234721394690e+01  ,2.803459157975e+00  ,9.870766196295e+00  
  3.842127140656e-03  ,1.317993987166e+01  ,2.805685143699e+00  ,9.877687681477e+00  
  3.842176237002e-03  ,1.416758213378e+01  ,2.808092717453e+00  ,9.891529447110e+00  
  3.842274429694e-03  ,1.497769327170e+01  ,2.816006416861e+00  ,9.919207660354e+00  
  3.842402746573e-03  ,1.499975103750e+01  ,2.826286064636e+00  ,9.955365886696e+00  
  3.842628362074e-03  ,1.500013517448e+01  ,2.844302564852e+00  ,1.001890982718e+01  
  3.842867925063e-03  ,1.500011971968e+01  ,2.863457082306e+00  ,1.008633750572e+01  
  3.843347051039e-03  ,1.500020723781e+01  ,2.901703799663e+00  ,1.022105538925e+01  
  3.844305302992e-03  ,1.500025640077e+01  ,2.978041259822e+00  ,1.048994227631e+01  
  3.846221806898e-03  ,1.500034853176e+01  ,3.130094752876e+00  ,1.102552715485e+01  
  3.850054814711e-03  ,1.500029919033e+01  ,3.431735952480e+00  ,1.208801128677e+01  
  3.852010000020e-03  ,1.499981116643e+01  ,3.584338566693e+00  ,1.262553010370e+01  
  3.852011000018e-03  ,1.442064147511e+01  ,3.584269878618e+00  ,1.262580425287e+01  
  3.852013000126e-03  ,1.321299203485e+01  ,3.584038968334e+00  ,1.262635250227e+01  
  3.852017000343e-03  ,1.067176725447e+01  ,3.583595057079e+00  ,1.262744932056e+01  
  3.852020000020e-03  ,8.646920732979e+00  ,3.583322419766e+00  ,1.262827172772e+01  
  3.852020800063e-03  ,8.543251014056e+00  ,3.583376934015e+00  ,1.262849103118e+01  
  3.852022400076e-03  ,8.338407795839e+00  ,3.583572761717e+00  ,1.262892973802e+01  
  3.852025600100e-03  ,7.943283210932e+00  ,3.584098710468e+00  ,1.262980712129e+01  
  3.852032000149e-03  ,7.207906291255e+00  ,3.585193369507e+00  ,1.263156165650e+01  
  3.852044800246e-03  ,5.932373435530e+00  ,3.588148577927e+00  ,1.263507058765e+01  
  3.852058725381e-03  ,4.791794085981e+00  ,3.598018571541e+00  ,1.263888688248e+01  
  3.852067643726e-03  ,4.356439627441e+00  ,1.402316926555e+01  ,1.264068606572e+01  
  3.852076013708e-03  ,4.341995628911e+00  ,4.355593891122e+01  ,1.264074408467e+01  
  3.852082285607e-03  ,4.134143356698e+00  ,5.280859533397e+01  ,3.555034534481e-02  
  3.852085556040e-03  ,3.936324970313e+00  ,5.283750361085e+01  ,-2.052008470397e-01  
  3.852087126994e-03  ,3.843383023154e+00  ,5.281926380888e+01  ,-4.084481658452e-03  
  3.852090268904e-03  ,3.664634609716e+00  ,5.282244984349e+01  ,1.012035971680e-02  
  3.852096552724e-03  ,3.331275377702e+00  ,5.283223456741e+01  ,5.646662782168e-03  
  3.852109120363e-03  ,2.751833050451e+00  ,5.285108770927e+01  ,4.426106575209e-03  
  3.852134255642e-03  ,1.871255578344e+00  ,5.288860759292e+01  ,3.513664405190e-03  
  3.852173523182e-03  ,9.860189839018e-01  ,5.294714200914e+01  ,2.037749757806e-03  
  3.852218131298e-03  ,4.423000438558e-01  ,5.301341490768e+01  ,1.242898388445e-03  
  3.852263633484e-03  ,1.762133118706e-01  ,5.308082354943e+01  ,8.535528256422e-04  
  3.852332762951e-03  ,5.621630971080e-02  ,5.318289779099e+01  ,6.761011684585e-04  
  3.852413849110e-03  ,4.603461925775e-03  ,5.330215356659e+01  ,5.978545624014e-04  
  3.852510170216e-03  ,-7.864680080831e-03  ,5.344316075328e+01  ,5.760936722798e-04  
  3.852702812428e-03  ,-5.374928372987e-03  ,5.372305288149e+01  ,5.725624098370e-04  
  3.852993540043e-03  ,4.389135673842e-03  ,5.414008962841e+01  ,5.760942054467e-04  
  3.853574995274e-03  ,-2.567964701545e-05  ,5.495468041804e+01  ,5.484640626896e-04  
  3.854478697056e-03  ,1.129663695251e-03  ,5.616861245569e+01  ,5.177957660180e-04  
  3.855734686131e-03  ,1.471594622613e-03  ,5.774923082296e+01  ,4.747710949551e-04  
  3.858246664280e-03  ,1.202779680593e-03  ,6.053361480330e+01  ,3.921322737410e-04  
  3.862000000020e-03  ,8.926127118325e-04  ,6.374600102969e+01  ,2.766500873717e-04  
  3.862001000018e-03  ,5.775380257598e-01  ,6.374683757083e+01  ,-1.013316983473e-03  
  3.862001884681e-03  ,1.095068107979e+00  ,6.374758112271e+01  ,-2.187586904117e-03  
  3.862003654008e-03  ,2.159880722628e+00  ,6.374906538095e+01  ,-4.504545663409e-03  
  3.862007192661e-03  ,4.411726837798e+00  ,6.375201698999e+01  ,-8.958120892740e-03  
  3.862010000020e-03  ,6.311251484081e+00  ,6.375434313599e+01  ,-1.232637238351e-02  
  3.862010707751e-03  ,6.403540091984e+00  ,6.375483437089e+01  ,-1.224685131226e-02  
  3.862012123175e-03  ,6.586151974767e+00  ,6.375580634785e+01  ,-1.198689824973e-02  
  3.862014954023e-03  ,6.939909818174e+00  ,6.375774975620e+01  ,-1.146871656678e-02  
  3.862020615719e-03  ,7.603638973597e+00  ,6.376164087872e+01  ,-1.050162346441e-02  
  3.862031939111e-03  ,8.776079567913e+00  ,6.376943557303e+01  ,-8.793534847022e-03  
  3.862043345950e-03  ,9.772993988082e+00  ,6.377730123962e+01  ,-7.341230515485e-03  
  3.862051382147e-03  ,9.973458257771e+00  ,4.102428018699e+01  ,9.859483880146e+00  
  3.862059054754e-03  ,1.000027778396e+01  ,1.066080996306e+01  ,9.859657573829e+00  
  3.862063364915e-03  ,1.018852728516e+01  ,3.396522577222e+00  ,9.860573909155e+00  
  3.862067447088e-03  ,1.046802498855e+01  ,2.663580959999e+00  ,9.861651974224e+00  
  3.862069767944e-03  ,1.062536240909e+01  ,2.744969082851e+00  ,9.862300999562e+00  
  3.862072700865e-03  ,1.081622527464e+01  ,2.800277170077e+00  ,9.863124995062e+00  
  3.862078566707e-03  ,1.117285013617e+01  ,2.809960163093e+00  ,9.864774819236e+00  
  3.862090298392e-03  ,1.179811077878e+01  ,2.799465094844e+00  ,9.868082370955e+00  
  3.862102550126e-03  ,1.234547707356e+01  ,2.803678025398e+00  ,9.871536957865e+00  
  3.862127053596e-03  ,1.317746859486e+01  ,2.805903883798e+00  ,9.878445785182e+00  
  3.862176060535e-03  ,1.416513879811e+01  ,2.808300451186e+00  ,9.892262239630e+00  
  3.862274074413e-03  ,1.497639445984e+01  ,2.816200599116e+00  ,9.919889851685e+00  
  3.862402367450e-03  ,1.499973115128e+01  ,2.826477832696e+00  ,9.956041112094e+00  
  3.862627577640e-03  ,1.500014011747e+01  ,2.844461678791e+00  ,1.001947050254e+01  
  3.862866949893e-03  ,1.500012391542e+01  ,2.863600912724e+00  ,1.008684413406e+01  
  3.863345694400e-03  ,1.500021726472e+01  ,2.901817002265e+00  ,1.022145414282e+01  
  3.864303183414e-03  ,1.500026974559e+01  ,2.978093457548e+00  ,1.049012615584e+01  
  3.866218161441e-03  ,1.500036806232e+01  ,3.130025930833e+00  ,1.102528477248e+01  
  3.870048117496e-03  ,1.500031551603e+01  ,3.431429010397e+00  ,1.208693015833e+01  
  3.872010000020e-03  ,1.499979679438e+01  ,3.584554611324e+00  ,1.262629106280e+01  
  3.872011000018e-03  ,1.442044776482e+01  ,3.584485980438e+00  ,1.262656520996e+01  
  3.872013000126e-03  ,1.321280402833e+01  ,3.584255090697e+00  ,1.262711345420e+01  
  3.872017000343e-03  ,1.067159025452e+01  ,3.583811188495e+00  ,1.262821026453e+01  
  3.872020000020e-03  ,8.646751607208e+00  ,3.583538555966e+00  ,1.262903266521e+01  
  3.872020800063e-03  ,8.543083916069e+00  ,3.583593075230e+00  ,1.262925196693e+01  
  3.872022400076e-03  ,8.338244704611e+00  ,3.583788912228e+00  ,1.262969067032e+01  
  3.872025600100e-03  ,7.943127848426e+00  ,3.584314878019e+00  ,1.263056804668e+01  
  3.872032000149e-03  ,7.207765313168e+00  ,3.585409586229e+00  ,1.263232256805e+01  
  3.872044800246e-03  ,5.932257410472e+00  ,3.588365046666e+00  ,1.263583147151e+01  
  3.872058725381e-03  ,4.791700413747e+00  ,3.598237634883e+00  ,1.263964773596e+01  
  3.872067643726e-03  ,4.356437842448e+00  ,1.402814159071e+01  ,1.264144650347e+01  
  3.872076013708e-03  ,4.342004141815e+00  ,4.356168035860e+01  ,1.264150416930e+01  
  3.872082284862e-03  ,4.134100017187e+00  ,5.280850061552e+01  ,3.521941184831e-02  
  3.872085555294e-03  ,3.936282521814e+00  ,5.283736675231e+01  ,-2.051148267612e-01  
  3.872087126436e-03  ,3.843330877476e+00  ,5.281913562874e+01  ,-4.078263896596e-03  
  3.872090268718e-03  ,3.664564192115e+00  ,5.282232354860e+01  ,1.011823856389e-02  
  3.872096553283e-03  ,3.331173578441e+00  ,5.283211015859e+01  ,5.646449758927e-03  
  3.872109122412e-03  ,2.751686277427e+00  ,5.285096746419e+01  ,4.426077337818e-03  
  3.872134260671e-03  ,1.871068177412e+00  ,5.288849573523e+01  ,3.513329469397e-03  
  3.872173522251e-03  ,9.860221717822e-01  ,5.294702736843e+01  ,2.037814748444e-03  
  3.872218130367e-03  ,4.423097899040e-01  ,5.301330722259e+01  ,1.242973390020e-03  
  3.872263632553e-03  ,1.762215913258e-01  ,5.308072295432e+01  ,8.536254999344e-04  
  3.872332762020e-03  ,5.621902227138e-02  ,5.318280795567e+01  ,6.761655210353e-04  
  3.872413848178e-03  ,4.603780092051e-03  ,5.330207633274e+01  ,5.979151765155e-04  
  3.872510169284e-03  ,-7.864940291612e-03  ,5.344309846171e+01  ,5.761531511286e-04  
  3.872702811496e-03  ,-5.375072987672e-03  ,5.372302038684e+01  ,5.726214782871e-04  
  3.872993539112e-03  ,4.389444158222e-03  ,5.414010187831e+01  ,5.761530807894e-04  
  3.873574994342e-03  ,-2.557578749141e-05  ,5.495478132533e+01  ,5.485209703667e-04  
  3.874478696125e-03  ,1.129821301403e-03  ,5.616884884264e+01  ,5.178502645170e-04  
  3.875734685199e-03  ,1.471768008931e-03  ,5.774965055064e+01  ,4.748224092775e-04  
  3.878246663349e-03  ,1.202939459614e-03  ,6.053438249334e+01  ,3.921779280622e-04  
  3.882000000020e-03  ,8.927527065472e-04  ,6.374723724739e+01  ,2.766882727042e-04  
  3.882001000018e-03  ,5.775381657369e-01  ,6.374807390419e+01  ,-1.013279116780e-03  
  3.882001884774e-03  ,1.095123371168e+00  ,6.374881763660e+01  ,-2.187672232441e-03  
  3.882003654287e-03  ,2.160052579267e+00  ,6.375030225506e+01  ,-4.504868337155e-03  
  3.882007193313e-03  ,4.412156997783e+00  ,6.375325458107e+01  ,-8.958881398357e-03  
  3.882010000020e-03  ,6.311252206577e+00  ,6.375558050976e+01  ,-1.232633367701e-02  
  3.882010707825e-03  ,6.403550420646e+00  ,6.375607187776e+01  ,-1.224679837716e-02  
  3.882012123435e-03  ,6.586185862769e+00  ,6.375704414652e+01  ,-1.198681031295e-02  
  3.882014954656e-03  ,6.939987874450e+00  ,6.375898813885e+01  ,-1.146856462231e-02  
  3.882020617097e-03  ,7.603794361330e+00  ,6.376288043007e+01  ,-1.050135875333e-02  
  3.882031941980e-03  ,8.776353061457e+00  ,6.377067746400e+01  ,-8.793098213700e-03  
  3.882043350309e-03  ,9.773345068531e+00  ,6.377854548245e+01  ,-7.340680848108e-03  
  3.882051387995e-03  ,9.973479231924e+00  ,4.100179187773e+01  ,9.860184948798e+00  
  3.882059062093e-03  ,1.000031596385e+01  ,1.063332184687e+01  ,9.860359939042e+00  
  3.882063370019e-03  ,1.018887131727e+01  ,3.394902091264e+00  ,9.861276125446e+00  
  3.882067447722e-03  ,1.046806915206e+01  ,2.664164759668e+00  ,9.862353780462e+00  
  3.882069769323e-03  ,1.062545203852e+01  ,2.745291689144e+00  ,9.863002996963e+00  
  3.882072704851e-03  ,1.081647549718e+01  ,2.800485910587e+00  ,9.863827711000e+00  
  3.882078575909e-03  ,1.117338271977e+01  ,2.810143018129e+00  ,9.865478993122e+00  
  3.882090318024e-03  ,1.179906711159e+01  ,2.799676294965e+00  ,9.868789463323e+00  
  3.882102592110e-03  ,1.234719026339e+01  ,2.803880663536e+00  ,9.872250327649e+00  
  3.882127140283e-03  ,1.317992362127e+01  ,2.806106588897e+00  ,9.879171709370e+00  
  3.882176236629e-03  ,1.416757469964e+01  ,2.808513978064e+00  ,9.893013268131e+00  
  3.882274429321e-03  ,1.497769307067e+01  ,2.816427559760e+00  ,9.920691067763e+00  
  3.882402746200e-03  ,1.499975103393e+01  ,2.826707053642e+00  ,9.956848753805e+00  
  3.882628361702e-03  ,1.500013517436e+01  ,2.844723284004e+00  ,1.002039174478e+01  
  3.882867924690e-03  ,1.500011971942e+01  ,2.863877515537e+00  ,1.008781841577e+01  
  3.883347050667e-03  ,1.500020723834e+01  ,2.902123661352e+00  ,1.022253428627e+01  
  3.884305302620e-03  ,1.500025640175e+01  ,2.978459980776e+00  ,1.049141715545e+01  
  3.886221806526e-03  ,1.500034853358e+01  ,3.130511201659e+00  ,1.102699403096e+01  
  3.890054814338e-03  ,1.500036803984e+01  ,3.432145163080e+00  ,1.208945288772e+01  
  3.892010000020e-03  ,1.499975101532e+01  ,3.584745662026e+00  ,1.262696382690e+01  
  3.892011000018e-03  ,1.442074387785e+01  ,3.584676897121e+00  ,1.262723797201e+01  
  3.892013000126e-03  ,1.321309142217e+01  ,3.584445956513e+00  ,1.262778621326e+01  
  3.892017000343e-03  ,1.067186082337e+01  ,3.584002038674e+00  ,1.262888301528e+01  
  3.892020000020e-03  ,8.647010139557e+00  ,3.583729412591e+00  ,1.262970541023e+01  
  3.892020800063e-03  ,8.543339348773e+00  ,3.583783930704e+00  ,1.262992471043e+01  
  3.892022400076e-03  ,8.338494012641e+00  ,3.583979766319e+00  ,1.263036341076e+01  
  3.892025600100e-03  ,7.943365342415e+00  ,3.584505726985e+00  ,1.263124078101e+01  
  3.892032000149e-03  ,7.207980819517e+00  ,3.585600414006e+00  ,1.263299529017e+01  
  3.892044800246e-03  ,5.932434776356e+00  ,3.588555721970e+00  ,1.263650416921e+01  
  3.892058725381e-03  ,4.791843631651e+00  ,3.598425717997e+00  ,1.264032040735e+01  
  3.892067642236e-03  ,4.356458256849e+00  ,1.401624431946e+01  ,1.264211979431e+01  
  3.892076010728e-03  ,4.341999754338e+00  ,4.354263785188e+01  ,1.264217853614e+01  
  3.892082282627e-03  ,4.134415692664e+00  ,5.281109639411e+01  ,3.685704130873e-02  
  3.892085552687e-03  ,3.936610628007e+00  ,5.284017089794e+01  ,-2.055205024584e-01  
  3.892088116059e-03  ,3.786403392056e+00  ,5.282307181520e+01  ,-1.699312253638e-03  
  3.892090891400e-03  ,3.630426450823e+00  ,5.282619101832e+01  ,7.835870452397e-03  
  3.892096442083e-03  ,3.337184697528e+00  ,5.283465811146e+01  ,5.600122407840e-03  
  3.892107543448e-03  ,2.819178780334e+00  ,5.285130903275e+01  ,4.579076711306e-03  
  3.892129746178e-03  ,2.007122059578e+00  ,5.288447293669e+01  ,3.657467859665e-03  
  3.892174151638e-03  ,9.672984325911e-01  ,5.295068024873e+01  ,2.010351410510e-03  
  3.892217448452e-03  ,4.396780764741e-01  ,5.301501524277e+01  ,1.239226360767e-03  
  3.892265018919e-03  ,1.637628696725e-01  ,5.308549754736e+01  ,8.354333918668e-04  
  3.892331203917e-03  ,5.549074479482e-02  ,5.318323919835e+01  ,6.751781946530e-04  
  3.892415103415e-03  ,1.370756777433e-02  ,5.330665181964e+01  ,6.111505184025e-04  
  3.892508408526e-03  ,-3.607356425054e-04  ,5.344326764660e+01  ,5.871688618818e-04  
  3.892695018748e-03  ,-3.212342164669e-03  ,5.371450775959e+01  ,5.760767008928e-04  
  3.893064901331e-03  ,6.085577539262e-05  ,5.424426686741e+01  ,5.671958860546e-04  
  3.893717214564e-03  ,2.740507627926e-03  ,5.515289335245e+01  ,5.474832651367e-04  
  3.895021841029e-03  ,6.327071885017e-04  ,5.687074767947e+01  ,4.982253825598e-04  
  3.897631093958e-03  ,2.082035513619e-03  ,5.990181233920e+01  ,4.127423749729e-04  
  3.902000000020e-03  ,1.219775903850e-04  ,6.375103096711e+01  ,2.754388427321e-04  
  3.902001000018e-03  ,5.767788795885e-01  ,6.375186804196e+01  ,-1.014934639980e-03  
  3.902001885426e-03  ,1.094760058335e+00  ,6.375261255860e+01  ,-2.189248172585e-03  
  3.902003656243e-03  ,2.160525295641e+00  ,6.375409895240e+01  ,-4.508296024842e-03  
  3.902007197877e-03  ,4.414476129414e+00  ,6.375705476398e+01  ,-8.965356379910e-03  
  3.902010000020e-03  ,6.310593916292e+00  ,6.375937796349e+01  ,-1.232716980800e-02  
  3.902010708347e-03  ,6.402966418614e+00  ,6.375986995396e+01  ,-1.224752077988e-02  
  3.902012125075e-03  ,6.583834308812e+00  ,6.376084337917e+01  ,-1.198715014815e-02  
  3.902014958530e-03  ,6.936476808840e+00  ,6.376279039496e+01  ,-1.147355337972e-02  
  3.902020625442e-03  ,7.600254740740e+00  ,6.376668792276e+01  ,-1.050639356448e-02  
  3.902031959265e-03  ,8.773582833961e+00  ,6.377449534870e+01  ,-8.797033581974e-03  
  3.902044029206e-03  ,9.824004853366e+00  ,6.378282453639e+01  ,-7.266752783638e-03  
  3.902052573532e-03  ,9.976799203957e+00  ,3.628377609315e+01  ,9.862459412016e+00  
  3.902060714036e-03  ,1.001059423257e+01  ,4.462539315307e+00  ,9.863525385141e+00  
  3.902064623356e-03  ,1.027363583692e+01  ,2.830004260589e+00  ,9.863985187601e+00  
  3.902066732615e-03  ,1.042117470805e+01  ,2.762633496294e+00  ,9.864568100207e+00  
  3.902069398805e-03  ,1.060270729248e+01  ,2.789339186584e+00  ,9.865310934026e+00  
  3.902074669346e-03  ,1.094087081825e+01  ,2.806653405273e+00  ,9.866789352157e+00  
  3.902083665177e-03  ,1.146016313485e+01  ,2.806166220111e+00  ,9.869320356560e+00  
  3.902101656839e-03  ,1.231518834289e+01  ,2.805098000587e+00  ,9.874388762311e+00  
  3.902137640163e-03  ,1.349280072079e+01  ,2.806912679375e+00  ,9.884530391760e+00  
  3.902209606811e-03  ,1.455715472123e+01  ,2.812155123728e+00  ,9.904818126734e+00  
  3.902334156677e-03  ,1.498742776296e+01  ,2.821864737167e+00  ,9.939920001707e+00  
  3.902467003509e-03  ,1.500010282429e+01  ,2.832543710844e+00  ,9.977346669868e+00  
  3.902712097808e-03  ,1.500289586276e+01  ,2.852106385781e+00  ,1.004635956157e+01  
  3.903110352203e-03  ,1.500102257430e+01  ,2.883914389762e+00  ,1.015839645971e+01  
  3.903906860992e-03  ,1.500138998962e+01  ,2.947421501498e+00  ,1.038209073007e+01  
  3.905499878570e-03  ,1.499982907924e+01  ,3.074006946973e+00  ,1.082796573346e+01  
  3.908685913726e-03  ,1.500000531685e+01  ,3.325467861025e+00  ,1.171369793035e+01  
  3.912010000020e-03  ,1.499989440351e+01  ,3.585414018013e+00  ,1.262931795902e+01  
  3.912011000018e-03  ,1.442325261860e+01  ,3.585344410857e+00  ,1.262959209577e+01  
  3.912013000126e-03  ,1.321552629303e+01  ,3.585113157405e+00  ,1.263014033328e+01  
  3.912017000343e-03  ,1.067415314933e+01  ,3.584669139109e+00  ,1.263123710071e+01  
  3.912020000020e-03  ,8.649200488245e+00  ,3.584396530091e+00  ,1.263205947565e+01  
  3.912020800063e-03  ,8.545503436411e+00  ,3.584451029182e+00  ,1.263227877057e+01  
  3.912022400076e-03  ,8.340606210124e+00  ,3.584646831724e+00  ,1.263271746017e+01  
  3.912025600100e-03  ,7.945377447822e+00  ,3.585172710330e+00  ,1.263359480899e+01  
  3.912032000149e-03  ,7.209806638524e+00  ,3.586267120074e+00  ,1.263534927556e+01  
  3.912044800246e-03  ,5.933937453351e+00  ,3.589220713850e+00  ,1.263885806938e+01  
  3.912058726871e-03  ,4.792945984447e+00  ,3.599069184415e+00  ,1.264267462525e+01  
  3.912067645216e-03  ,4.356543234216e+00  ,1.397073713424e+01  ,1.264447789249e+01  
  3.912076016689e-03  ,4.341970627456e+00  ,4.350002377756e+01  ,1.264453948703e+01  
  3.912082296038e-03  ,4.134655698914e+00  ,5.281125266753e+01  ,3.896111275023e-02  
  3.912085567588e-03  ,3.936759276945e+00  ,5.284060609131e+01  ,-2.061150159368e-01  
  3.912087137239e-03  ,3.843881528257e+00  ,5.282227851254e+01  ,-4.145218176957e-03  
  3.912090276541e-03  ,3.665254971337e+00  ,5.282545453583e+01  ,1.014197281061e-02  
  3.912096555145e-03  ,3.332104158103e+00  ,5.283523788679e+01  ,5.649299794528e-03  
  3.912109112354e-03  ,2.752956962481e+00  ,5.285408451908e+01  ,4.426843639226e-03  
  3.912134226771e-03  ,1.872634051386e+00  ,5.289159076712e+01  ,3.517075232824e-03  
  3.912173524113e-03  ,9.862447136683e-01  ,5.295019744356e+01  ,2.038337513677e-03  
  3.912218126269e-03  ,4.424223323875e-01  ,5.301649283790e+01  ,1.243329469895e-03  
  3.912263628455e-03  ,1.762516993428e-01  ,5.308393341738e+01  ,8.538615534937e-04  
  3.912332746001e-03  ,5.624244859710e-02  ,5.318603850661e+01  ,6.763914781150e-04  
  3.912413820239e-03  ,4.614851794071e-03  ,5.330533352376e+01  ,5.981226684490e-04  
  3.912510129424e-03  ,-7.862519055361e-03  ,5.344639060636e+01  ,5.763473975145e-04  
  3.912702747794e-03  ,-5.376853487186e-03  ,5.372638245778e+01  ,5.728083224442e-04  
  3.912993427725e-03  ,4.390507192834e-03  ,5.414355286303e+01  ,5.763426146234e-04  
  3.913574787589e-03  ,-2.505802820524e-05  ,5.495841186813e+01  ,5.487068633008e-04  
  3.914477917166e-03  ,1.130385450303e-03  ,5.617220817221e+01  ,5.180471040519e-04  
  3.915733715506e-03  ,1.472460853296e-03  ,5.775347345660e+01  ,4.750127883204e-04  
  3.918245312186e-03  ,1.203562491446e-03  ,6.053915349273e+01  ,3.923565197143e-04  
  3.922000000020e-03  ,8.931872241166e-04  ,6.375481842076e+01  ,2.767942016903e-04  
  3.922001000018e-03  ,5.775385998264e-01  ,6.375565542191e+01  ,-1.013175986344e-03  
  3.922001884868e-03  ,1.095178928050e+00  ,6.375639953680e+01  ,-2.187690436543e-03  
  3.922003654567e-03  ,2.160224729937e+00  ,6.375788491975e+01  ,-4.505124283892e-03  
  3.922007193965e-03  ,4.412587455240e+00  ,6.376083877112e+01  ,-8.959575127876e-03  
  3.922010000020e-03  ,6.311253221077e+00  ,6.376316512311e+01  ,-1.232622811789e-02  
  3.922010707900e-03  ,6.403561041212e+00  ,6.376365678602e+01  ,-1.224667594759e-02  
  3.922012123696e-03  ,6.584300031559e+00  ,6.376462953563e+01  ,-1.198648668399e-02  
  3.922014955289e-03  ,6.936697035314e+00  ,6.376657517531e+01  ,-1.147324830594e-02  
  3.922020618476e-03  ,7.600858335400e+00  ,6.377046990081e+01  ,-1.050545926469e-02  
  3.922031944848e-03  ,8.774025277862e+00  ,6.377827181057e+01  ,-8.796407150008e-03  
  3.922043354667e-03  ,9.771511606955e+00  ,6.378614472764e+01  ,-7.343245738039e-03  
  3.922051392354e-03  ,9.973416453703e+00  ,4.110184682388e+01  ,9.862668540466e+00  
  3.922059064962e-03  ,1.000020996296e+01  ,1.073657483521e+01  ,9.862839198672e+00  
  3.922063384808e-03  ,1.018788138907e+01  ,3.401670747475e+00  ,9.863755473259e+00  
  3.922067481883e-03  ,1.046837136999e+01  ,2.663453678763e+00  ,9.864835706159e+00  
  3.922069802738e-03  ,1.062570381494e+01  ,2.745606768091e+00  ,9.865484723755e+00  
  3.922072731189e-03  ,1.081627046437e+01  ,2.801180080030e+00  ,9.866307447018e+00  
  3.922078588091e-03  ,1.117237065956e+01  ,2.810900950359e+00  ,9.867954692815e+00  
  3.922090301893e-03  ,1.179841242911e+01  ,2.805871932247e+00  ,9.871253748578e+00  
  3.922110087655e-03  ,1.263384258278e+01  ,2.804504471899e+00  ,9.876832261389e+00  
  3.922149659179e-03  ,1.372623644486e+01  ,2.808640244663e+00  ,9.887988871397e+00  
  3.922228802226e-03  ,1.476757431939e+01  ,2.813607149222e+00  ,9.910298649265e+00  
  3.922346247218e-03  ,1.516337770441e+01  ,2.822802015672e+00  ,9.943396631208e+00  
  3.922518862270e-03  ,1.497819435685e+01  ,2.836694180032e+00  ,9.992022726161e+00  
  3.922675336383e-03  ,1.497093668226e+01  ,2.849202167287e+00  ,1.003608122938e+01  
  3.922988284610e-03  ,1.501191003283e+01  ,2.874184010871e+00  ,1.012413957855e+01  
  3.923614181064e-03  ,1.499232635637e+01  ,2.924126024049e+00  ,1.030002191267e+01  
  3.924711669467e-03  ,1.499816707657e+01  ,3.011465990234e+00  ,1.060767224204e+01  
  3.926906646274e-03  ,1.500018750971e+01  ,3.185336650808e+00  ,1.122010786416e+01  
  3.931296599887e-03  ,1.499992905175e+01  ,3.529848401275e+00  ,1.243359673040e+01  
  3.932010000020e-03  ,1.500001334151e+01  ,3.585429158205e+00  ,1.262937166211e+01  
  3.932011000018e-03  ,1.442323007427e+01  ,3.585359631118e+00  ,1.262964579910e+01  
  3.932013000126e-03  ,1.321550441275e+01  ,3.585128407184e+00  ,1.263019403401e+01  
  3.932017000343e-03  ,1.067413255001e+01  ,3.584684398376e+00  ,1.263129080271e+01  
  3.932020000020e-03  ,8.649180805740e+00  ,3.584411786851e+00  ,1.263211317720e+01  
  3.932020800063e-03  ,8.545483989899e+00  ,3.584466286984e+00  ,1.263233247200e+01  
  3.932022400076e-03  ,8.340587229911e+00  ,3.584662090807e+00  ,1.263277116135e+01  
  3.932025600100e-03  ,7.945359367052e+00  ,3.585187970866e+00  ,1.263364850969e+01  
  3.932032000149e-03  ,7.209790231765e+00  ,3.586282385379e+00  ,1.263540297528e+01  
  3.932044800246e-03  ,5.933923950499e+00  ,3.589236003955e+00  ,1.263891176714e+01  
  3.932058726871e-03  ,4.792935082795e+00  ,3.599084749138e+00  ,1.264272832086e+01  
  3.932067645216e-03  ,4.356542808939e+00  ,1.397129277501e+01  ,1.264453154362e+01  
  3.932076016689e-03  ,4.341971406442e+00  ,4.350066752253e+01  ,1.264459311601e+01  
  3.932082296038e-03  ,4.134720992068e+00  ,5.281566683319e+01  ,3.929624573718e-02  
  3.932085567215e-03  ,3.936844489915e+00  ,5.284505927468e+01  ,-2.061692700293e-01  
  3.932087136680e-03  ,3.843975493138e+00  ,5.282672624059e+01  ,-4.149913443212e-03  
  3.932090275610e-03  ,3.665365274664e+00  ,5.282990083527e+01  ,1.014336893190e-02  
  3.932096553469e-03  ,3.332242234570e+00  ,5.283968268105e+01  ,5.649531971688e-03  
  3.932109109187e-03  ,2.751538215732e+00  ,5.285847740661e+01  ,4.594399583486e-03  
  3.932134220624e-03  ,1.861888713999e+00  ,5.289598953102e+01  ,3.314477602860e-03  
  3.932175371671e-03  ,9.415179139319e-01  ,5.295731782716e+01  ,1.972306069109e-03  
  3.932221362615e-03  ,4.554998246741e-01  ,5.302565519814e+01  ,1.262303272833e-03  
  3.932269451642e-03  ,1.918558390993e-01  ,5.309690719713e+01  ,8.763263784565e-04  
  3.932324359441e-03  ,8.009070676377e-02  ,5.317802372929e+01  ,7.114020322237e-04  
  3.932413051153e-03  ,6.893575535428e-03  ,5.330855304516e+01  ,6.014167916332e-04  
  3.932507846380e-03  ,2.597460699242e-03  ,5.344739511904e+01  ,5.916244579641e-04  
  3.932697436834e-03  ,7.909687878112e-04  ,5.372302540138e+01  ,5.819379423825e-04  
  3.932919023061e-03  ,1.963059178152e-03  ,5.404169449078e+01  ,5.754906749227e-04  
  3.933362195516e-03  ,1.918294663163e-03  ,5.466772076551e+01  ,5.591678149707e-04  
  3.934248540426e-03  ,1.422304014036e-03  ,5.587418765847e+01  ,5.267039105555e-04  
  3.936021230245e-03  ,1.582118633604e-03  ,5.810209640343e+01  ,4.654499849328e-04  
  3.939566609884e-03  ,9.475669389109e-04  ,6.180418814737e+01  ,3.497000028083e-04  
  3.942000000020e-03  ,1.006734891234e-03  ,6.375789788160e+01  ,2.788421239639e-04  
  3.942001000018e-03  ,5.776504924184e-01  ,6.375873472218e+01  ,-1.012192663299e-03  
  3.942001884774e-03  ,1.095234208072e+00  ,6.375947865068e+01  ,-2.187855324766e-03  
  3.942003654287e-03  ,2.160160485471e+00  ,6.376096337044e+01  ,-4.504756074891e-03  
  3.942007193313e-03  ,4.412259268643e+00  ,6.376391595503e+01  ,-8.958724940957e-03  
  3.942010000020e-03  ,6.312133783759e+00  ,6.376624198847e+01  ,-1.232503352538e-02  
  3.942010707825e-03  ,6.404422634967e+00  ,6.376673341127e+01  ,-1.224552001104e-02  
  3.942012123435e-03  ,6.587039550190e+00  ,6.376770578923e+01  ,-1.198555560106e-02  
  3.942014954656e-03  ,6.940805671521e+00  ,6.376964999505e+01  ,-1.146736400610e-02  
  3.942020617097e-03  ,7.604544820640e+00  ,6.377354271565e+01  ,-1.050025709536e-02  
  3.942031941980e-03  ,8.776984574189e+00  ,6.378134060374e+01  ,-8.792170004609e-03  
  3.942043351799e-03  ,9.773995792122e+00  ,6.378921050658e+01  ,-7.339724152725e-03  
  3.942051390975e-03  ,9.973512241133e+00  ,4.097383539350e+01  ,9.861659273522e+00  
  3.942059066564e-03  ,1.000036279254e+01  ,1.060014208895e+01  ,9.861835476694e+00  
  3.942063370764e-03  ,1.018921821914e+01  ,3.393263366341e+00  ,9.862751651020e+00  
  3.942067443251e-03  ,1.046806850871e+01  ,2.664992125348e+00  ,9.863828747921e+00  
  3.942069765597e-03  ,1.062549832969e+01  ,2.745842847146e+00  ,9.864478151858e+00  
  3.942072703734e-03  ,1.081668420858e+01  ,2.800915202691e+00  ,9.865303578451e+00  
  3.942078580007e-03  ,1.117387728676e+01  ,2.810544799979e+00  ,9.866956306769e+00  
  3.942090332553e-03  ,1.180158433291e+01  ,2.805572763163e+00  ,9.870266326600e+00  
  3.942110273286e-03  ,1.264186555161e+01  ,2.804240173782e+00  ,9.875888590226e+00  
  3.942150154754e-03  ,1.373710232839e+01  ,2.808380632899e+00  ,9.887132688114e+00  
  3.942229917690e-03  ,1.477594798392e+01  ,2.813409434670e+00  ,9.909617386006e+00  
  3.942347374603e-03  ,1.516395661170e+01  ,2.822609460117e+00  ,9.942718956922e+00  
  3.942521062538e-03  ,1.497761838916e+01  ,2.836587838360e+00  ,9.991647545460e+00  
  3.942677822754e-03  ,1.497075623418e+01  ,2.849118644223e+00  ,1.003578675547e+01  
  3.942991343185e-03  ,1.501200581361e+01  ,2.874146132565e+00  ,1.012400630381e+01  
  3.943618384048e-03  ,1.499225763806e+01  ,2.924179502694e+00  ,1.030021017709e+01  
  3.944720068618e-03  ,1.499815407149e+01  ,3.011852704719e+00  ,1.060903436298e+01  
  3.946923437759e-03  ,1.500018852547e+01  ,3.186383664374e+00  ,1.122379580782e+01  
  3.951330176040e-03  ,1.499992805979e+01  ,3.532191424188e+00  ,1.244184966535e+01  
  3.952010000020e-03  ,1.500001286680e+01  ,3.585154263027e+00  ,1.262840338698e+01  
  3.952011000018e-03  ,1.442323110107e+01  ,3.585084738162e+00  ,1.262867752671e+01  
  3.952013000126e-03  ,1.321550540933e+01  ,3.584853515767e+00  ,1.262922576723e+01  
  3.952017000343e-03  ,1.067413348818e+01  ,3.584409504889e+00  ,1.263032254683e+01  
  3.952020000020e-03  ,8.649181702048e+00  ,3.584136887396e+00  ,1.263114492956e+01  
  3.952020800063e-03  ,8.545484875402e+00  ,3.584191383818e+00  ,1.263136422657e+01  
  3.952022400076e-03  ,8.340588094064e+00  ,3.584387180658e+00  ,1.263180292031e+01  
  3.952025600100e-03  ,7.945360190042e+00  ,3.584913049709e+00  ,1.263268027744e+01  
  3.952032000149e-03  ,7.209790978023e+00  ,3.586007435611e+00  ,1.263443476063e+01  
  3.952044800246e-03  ,5.933924562564e+00  ,3.588960930813e+00  ,1.263794358769e+01  
  3.952058726871e-03  ,4.792935565169e+00  ,3.598808943040e+00  ,1.264176017979e+01  
  3.952067645216e-03  ,4.356536845413e+00  ,1.397063297333e+01  ,1.264356348020e+01  
  3.952076016689e-03  ,4.341965440516e+00  ,4.349995710001e+01  ,1.264362510426e+01  
  3.952082296783e-03  ,4.134722697377e+00  ,5.281812302931e+01  ,3.941712014908e-02  
  3.952085568333e-03  ,3.936824618537e+00  ,5.284753154975e+01  ,-2.062083719115e-01  
  3.952088130588e-03  ,3.786672570249e+00  ,5.283036503574e+01  ,-1.738134908899e-03  
  3.952090905929e-03  ,3.630684706976e+00  ,5.283347990668e+01  ,7.843406768462e-03  
  3.952096456611e-03  ,3.337422329456e+00  ,5.284194845172e+01  ,5.601079455225e-03  
  3.952107557977e-03  ,2.819379535074e+00  ,5.285860103882e+01  ,4.578791009854e-03  
  3.952129760707e-03  ,2.007264996286e+00  ,5.289176790353e+01  ,3.658272930006e-03  
  3.952174166167e-03  ,9.673673390336e-01  ,5.295798140493e+01  ,2.010465779738e-03  
  3.952217457021e-03  ,4.397676577915e-01  ,5.302231349244e+01  ,1.239368158466e-03  
  3.952265033448e-03  ,1.637780583717e-01  ,5.309281112701e+01  ,8.354666565157e-04  
  3.952331206525e-03  ,5.550887668403e-02  ,5.319054415579e+01  ,6.752159405056e-04  
  3.952415117944e-03  ,1.370809442374e-02  ,5.331398559056e+01  ,6.111618222667e-04  
  3.952508411134e-03  ,-3.610341748203e-04  ,5.345059635555e+01  ,5.871790371233e-04  
  3.952694997514e-03  ,-3.212996468835e-03  ,5.372182639369e+01  ,5.760864977838e-04  
  3.953064832414e-03  ,6.059798893979e-05  ,5.425156513634e+01  ,5.672065420351e-04  
  3.953717145646e-03  ,2.740923297583e-03  ,5.516027153421e+01  ,5.474922967484e-04  
  3.955021772111e-03  ,6.325979406604e-04  ,5.687826359049e+01  ,4.982287072400e-04  
  3.957631025040e-03  ,2.082299344743e-03  ,5.990951680864e+01  ,4.127369572544e-04  
  3.962000000020e-03  ,1.217570008688e-04  ,6.375885116571e+01  ,2.754168500651e-04  
  3.962001000018e-03  ,5.767786618084e-01  ,6.375968821564e+01  ,-1.014960209434e-03  
  3.962001885520e-03  ,1.094814968067e+00  ,6.376043278811e+01  ,-2.189396543039e-03  
  3.962003656523e-03  ,2.160696813392e+00  ,6.376191929280e+01  ,-4.508681787172e-03  
  3.962007198529e-03  ,4.414905997942e+00  ,6.376487532255e+01  ,-8.966179785929e-03  
  3.962010000020e-03  ,6.310594303964e+00  ,6.376719790881e+01  ,-1.232719397581e-02  
  3.962010708421e-03  ,6.402976414813e+00  ,6.376768993233e+01  ,-1.224752819131e-02  
  3.962012125149e-03  ,6.585378916427e+00  ,6.376866339179e+01  ,-1.198691829434e-02  
  3.962014958605e-03  ,6.939179406795e+00  ,6.377061004097e+01  ,-1.146964384491e-02  
  3.962020625517e-03  ,7.603705756941e+00  ,6.377450736620e+01  ,-1.050143808290e-02  
  3.962031959340e-03  ,8.774676466568e+00  ,6.378231484373e+01  ,-8.795425368213e-03  
  3.962044029280e-03  ,9.824218483327e+00  ,6.379064383275e+01  ,-7.266463755089e-03  
  3.962052572116e-03  ,9.976796559528e+00  ,3.629636823484e+01  ,9.863144739337e+00  
  3.962060711130e-03  ,1.001055986070e+01  ,4.479085514137e+00  ,9.864204057974e+00  
  3.962064621195e-03  ,1.027338480683e+01  ,2.832289109154e+00  ,9.864669210741e+00  
  3.962066733435e-03  ,1.042111620172e+01  ,2.762931215895e+00  ,9.865252737097e+00  
  3.962069402605e-03  ,1.060284642501e+01  ,2.789358932740e+00  ,9.865996457992e+00  
  3.962074666440e-03  ,1.094058663553e+01  ,2.806781482615e+00  ,9.867472980036e+00  
  3.962083607137e-03  ,1.145692975942e+01  ,2.806363358941e+00  ,9.869988456801e+00  
  3.962101488530e-03  ,1.230806060864e+01  ,2.805290092047e+00  ,9.875025764562e+00  
  3.962137251317e-03  ,1.348279032300e+01  ,2.807082234093e+00  ,9.885105173390e+00  
  3.962208776891e-03  ,1.454995588206e+01  ,2.812286408998e+00  ,9.905268459853e+00  
  3.962333350599e-03  ,1.498726555874e+01  ,2.821994511181e+00  ,9.940376891567e+00  
  3.962465696752e-03  ,1.500007928241e+01  ,2.832633353036e+00  ,9.977662359258e+00  
  3.962710266530e-03  ,1.500292992509e+01  ,2.852154018683e+00  ,1.004652739009e+01  
  3.963104944646e-03  ,1.500104037321e+01  ,2.883676507657e+00  ,1.015755858503e+01  
  3.963894300878e-03  ,1.500141837479e+01  ,2.946614497506e+00  ,1.037924822884e+01  
  3.965473013341e-03  ,1.499982550085e+01  ,3.072069387370e+00  ,1.082114097687e+01  
  3.968630438268e-03  ,1.500000391415e+01  ,3.321299546560e+00  ,1.169901568802e+01  
  3.972010000020e-03  ,1.499989225221e+01  ,3.585603026437e+00  ,1.262998370398e+01  
  3.972011000018e-03  ,1.442325049940e+01  ,3.585533416708e+00  ,1.263025783884e+01  
  3.972013000126e-03  ,1.321552423618e+01  ,3.585302161861e+00  ,1.263080607257e+01  
  3.972017000343e-03  ,1.067415121287e+01  ,3.584858144901e+00  ,1.263190283244e+01  
  3.972020000020e-03  ,8.649198638462e+00  ,3.584585540019e+00  ,1.263272520171e+01  
  3.972020800063e-03  ,8.545501608846e+00  ,3.584640041670e+00  ,1.263294449512e+01  
  3.972022400076e-03  ,8.340604426461e+00  ,3.584835849036e+00  ,1.263338318170e+01  
  3.972025600100e-03  ,7.945375748829e+00  ,3.585361735274e+00  ,1.263426052447e+01  
  3.972032000149e-03  ,7.209805097199e+00  ,3.586456164883e+00  ,1.263601497894e+01  
  3.972044800246e-03  ,5.933936186276e+00  ,3.589409844618e+00  ,1.263952374855e+01  
  3.972058726871e-03  ,4.792944969521e+00  ,3.599258833824e+00  ,1.264334027804e+01  
  3.972067645216e-03  ,4.356547286905e+00  ,1.397122339284e+01  ,1.264514349162e+01  
  3.972076016689e-03  ,4.341974757642e+00  ,4.350055021437e+01  ,1.264520507969e+01  
  3.972082296783e-03  ,4.134714943988e+00  ,5.281757501991e+01  ,3.932895750806e-02  
  3.972085568333e-03  ,3.936816967218e+00  ,5.284697320550e+01  ,-2.061860589748e-01  
  3.972088130588e-03  ,3.786665252332e+00  ,5.282980970940e+01  ,-1.736760127866e-03  
  3.972090905929e-03  ,3.630677704346e+00  ,5.283292564053e+01  ,7.843347713111e-03  
  3.972096456611e-03  ,3.337415919631e+00  ,5.284139599941e+01  ,5.601183200216e-03  
  3.972107557977e-03  ,2.819374182310e+00  ,5.285805225538e+01  ,4.578931921100e-03  
  3.972129760707e-03  ,2.007261300818e+00  ,5.289122646692e+01  ,3.658380821495e-03  
  3.972174166167e-03  ,9.673657654391e-01  ,5.295745464452e+01  ,2.010593970450e-03  
  3.972217457021e-03  ,4.397671606185e-01  ,5.302180103078e+01  ,1.239497718055e-03  
  3.972265033448e-03  ,1.637781241000e-01  ,5.309231436704e+01  ,8.355967193724e-04  
  3.972331206525e-03  ,5.550916289121e-02  ,5.319006921288e+01  ,6.753458982067e-04  
  3.972415117944e-03  ,1.370846532581e-02  ,5.331353827549e+01  ,6.112913648802e-04  
  3.972508411134e-03  ,-3.606352478547e-04  ,5.345017970758e+01  ,5.873080258014e-04  
  3.972694997514e-03  ,-3.212593114689e-03  ,5.372147092104e+01  ,5.762143143538e-04  
  3.973064832414e-03  ,6.099183444948e-05  ,5.425133028028e+01  ,5.673320491152e-04  
  3.973717145646e-03  ,1.736805235200e-03  ,5.516021597806e+01  ,5.460279795157e-04  
  3.975021772111e-03  ,1.453072934297e-03  ,5.687862657426e+01  ,4.996640775868e-04  
  3.977631025040e-03  ,1.341460612076e-03  ,5.991067851371e+01  ,4.116356762192e-04  
  3.982000000020e-03  ,8.198285629931e-04  ,6.376121514835e+01  ,2.766422278937e-04  
  3.982001000018e-03  ,5.774663083456e-01  ,6.376205246617e+01  ,-1.013869096643e-03  
  3.982001884961e-03  ,1.095162723510e+00  ,6.376279679601e+01  ,-2.187587999973e-03  
  3.982003654846e-03  ,2.160327016908e+00  ,6.376428281852e+01  ,-4.505473232853e-03  
  3.982007194617e-03  ,4.412951700630e+00  ,6.376723790486e+01  ,-8.960394263432e-03  
  3.982010000020e-03  ,6.311973933640e+00  ,6.376956435825e+01  ,-1.232508258263e-02  
  3.982010707974e-03  ,6.404283712668e+00  ,6.377005625845e+01  ,-1.224553576846e-02  
  3.982012123957e-03  ,6.585030793268e+00  ,6.377102950067e+01  ,-1.198534314360e-02  
  3.982014955923e-03  ,6.937442406715e+00  ,6.377297614900e+01  ,-1.147208272057e-02  
  3.982020619854e-03  ,7.600806486624e+00  ,6.377687293696e+01  ,-1.050552635653e-02  
  3.982031947717e-03  ,8.773476681015e+00  ,6.378467886662e+01  ,-8.797124740331e-03  
  3.982044011697e-03  ,9.823435046238e+00  ,6.379300670226e+01  ,-7.267519900796e-03  
  3.982052550062e-03  ,9.976767312236e+00  ,3.634873906686e+01  ,9.864652990785e+00  
  3.982060684606e-03  ,1.001042957601e+01  ,4.542846573113e+00  ,9.865734774147e+00  
  3.982064599141e-03  ,1.027252769967e+01  ,2.840688218310e+00  ,9.866173106151e+00  
  3.982066723302e-03  ,1.042102835910e+01  ,2.763731319561e+00  ,9.866758943573e+00  
  3.982069404766e-03  ,1.060356888204e+01  ,2.789119206910e+00  ,9.867506498697e+00  
  3.982074644014e-03  ,1.093988285253e+01  ,2.819606419177e+00  ,9.868950732471e+00  
  3.982083535537e-03  ,1.145355582583e+01  ,2.808727707614e+00  ,9.871491045683e+00  
  3.982101318583e-03  ,1.230130003021e+01  ,2.805402305413e+00  ,9.876504708260e+00  
  3.982136884674e-03  ,1.344788169425e+01  ,2.807780312728e+00  ,9.886532012809e+00  
  3.982208016857e-03  ,1.461464015105e+01  ,2.812604056651e+00  ,9.906584028342e+00  
  3.982317450985e-03  ,1.514362657995e+01  ,2.821117325264e+00  ,9.937425851543e+00  
  3.982474878773e-03  ,1.517030021750e+01  ,2.833698818415e+00  ,9.981777192155e+00  
  3.982695654377e-03  ,1.495712903688e+01  ,2.851439955768e+00  ,1.004394189130e+01  
  3.983097246632e-03  ,1.502176040483e+01  ,2.883486070442e+00  ,1.015691994061e+01  
  3.983488062367e-03  ,1.500860284983e+01  ,2.914670796736e+00  ,1.026674275090e+01  
  3.984269693836e-03  ,1.499397523915e+01  ,2.976931438504e+00  ,1.048602329069e+01  
  3.985832956776e-03  ,1.500518895039e+01  ,3.101021153007e+00  ,1.092312761180e+01  
  3.988959482655e-03  ,1.500053333325e+01  ,3.347569185317e+00  ,1.179154731250e+01  
  3.992010000020e-03  ,1.499958551625e+01  ,3.586020097126e+00  ,1.263145252361e+01  
  3.992011000018e-03  ,1.441937446115e+01  ,3.585951714113e+00  ,1.263172665593e+01  
  3.992013000126e-03  ,1.321176232767e+01  ,3.585720910565e+00  ,1.263227487187e+01  
  3.992017000343e-03  ,1.067060953895e+01  ,3.585277053532e+00  ,1.263337162274e+01  
  3.992020000020e-03  ,8.645814520733e+00  ,3.585004454429e+00  ,1.263419397944e+01  
  3.992020800063e-03  ,8.542158065188e+00  ,3.585059004882e+00  ,1.263441326940e+01  
  3.992022400076e-03  ,8.337341054303e+00  ,3.585254900034e+00  ,1.263485194937e+01  
  3.992025600100e-03  ,7.942267021412e+00  ,3.585780971058e+00  ,1.263572927887e+01  
  3.992032000149e-03  ,7.206984187313e+00  ,3.586875979661e+00  ,1.263748370635e+01  
  3.992044800246e-03  ,5.931614545460e+00  ,3.589832957254e+00  ,1.264099242200e+01  
  3.992058725381e-03  ,4.791181411913e+00  ,3.599720650659e+00  ,1.264480848068e+01  
  3.992067642236e-03  ,4.356440124237e+00  ,1.405081121917e+01  ,1.264660500302e+01  
  3.992076010728e-03  ,4.342054447308e+00  ,4.358259740569e+01  ,1.264666133666e+01  
  3.992082279647e-03  ,4.134198524085e+00  ,5.282349543971e+01  ,3.526058941248e-02  
  3.992085549334e-03  ,3.936420076627e+00  ,5.285235910672e+01  ,-2.050403859149e-01  
  3.992087120289e-03  ,3.843476156112e+00  ,5.283413623272e+01  ,-4.074831740514e-03  
  3.992090262199e-03  ,3.664723441698e+00  ,5.283732633103e+01  ,1.011711445209e-02  
  3.992096546018e-03  ,3.331356175654e+00  ,5.284711621491e+01  ,5.646847044523e-03  
  3.992109113658e-03  ,2.751899970223e+00  ,5.286598040359e+01  ,4.426644777843e-03  
  3.992134248937e-03  ,1.871301409334e+00  ,5.290352247254e+01  ,3.513801655066e-03  
  3.992173510516e-03  ,9.861497326034e-01  ,5.296208253225e+01  ,2.038193640155e-03  
  3.992218112672e-03  ,4.424269798908e-01  ,5.302838575111e+01  ,1.243337039028e-03  
  3.992263620818e-03  ,1.762501272451e-01  ,5.309584309221e+01  ,8.538589301253e-04  
  3.992332750285e-03  ,5.622852066686e-02  ,5.319797768144e+01  ,6.763700564086e-04  
  3.992413848365e-03  ,4.599692831259e-03  ,5.331732144900e+01  ,5.980980959632e-04  
  3.992510181392e-03  ,-7.868613934712e-03  ,5.345842927689e+01  ,5.763346071755e-04  
  3.992702847445e-03  ,-5.375195558415e-03  ,5.373852079907e+01  ,5.728040047487e-04  
  3.992993622744e-03  ,4.391123668373e-03  ,5.415587034993e+01  ,5.763317174842e-04  
  3.993575173343e-03  ,-2.547514164958e-05  ,5.497106781061e+01  ,5.486845248346e-04  
  3.994479161227e-03  ,1.130420735083e-03  ,5.618607252604e+01  ,5.179904441961e-04  
  3.995735341037e-03  ,1.472380454541e-03  ,5.776779533634e+01  ,4.749382225083e-04  
  3.998247700656e-03  ,1.203367914700e-03  ,6.055403193503e+01  ,3.922492977038e-04  
  4.002000000020e-03  ,8.930760208385e-04  ,6.376716448767e+01  ,2.767484379785e-04  
  4.002001000018e-03  ,5.775384889760e-01  ,6.376800140950e+01  ,-1.013227166021e-03  
  4.002001885054e-03  ,1.095289064003e+00  ,6.376874561056e+01  ,-2.187991156465e-03  
  4.002003655126e-03  ,2.160568057864e+00  ,6.377023116339e+01  ,-4.505898868911e-03  
  4.002007195269e-03  ,4.413447412156e+00  ,6.377318534756e+01  ,-8.961225018912e-03  
  4.002010000020e-03  ,6.311254276252e+00  ,6.377551039090e+01  ,-1.232627949672e-02  
  4.002010708049e-03  ,6.403581308769e+00  ,6.377600209922e+01  ,-1.224669514128e-02  
  4.002012124032e-03  ,6.586263652600e+00  ,6.377697499870e+01  ,-1.198663532089e-02  
  4.002014955997e-03  ,6.940153579417e+00  ,6.377892025354e+01  ,-1.146826324471e-02  
  4.002020619929e-03  ,7.604113934772e+00  ,6.378281507017e+01  ,-1.050083309435e-02  
  4.002031947791e-03  ,8.776907431633e+00  ,6.379061715575e+01  ,-8.792231035063e-03  
  4.002043360591e-03  ,9.774173742915e+00  ,6.379849127712e+01  ,-7.339414226010e-03  
  4.002051401257e-03  ,9.973529265058e+00  ,4.096825260681e+01  ,9.863560008944e+00  
  4.002059078335e-03  ,1.000038762427e+01  ,1.058891012649e+01  ,9.863736610694e+00  
  4.002063381791e-03  ,1.018938594383e+01  ,3.392974582197e+00  ,9.864652747963e+00  
  4.002067452043e-03  ,1.046808544863e+01  ,2.665722079675e+00  ,9.865729588157e+00  
  4.002069774762e-03  ,1.062553816379e+01  ,2.746445039079e+00  ,9.866379076905e+00  
  4.002072714016e-03  ,1.081679270044e+01  ,2.801460057776e+00  ,9.867204796920e+00  
  4.002078592524e-03  ,1.117410661446e+01  ,2.811076716845e+00  ,9.868858123047e+00  
  4.002090349540e-03  ,1.180040206528e+01  ,2.800653885913e+00  ,9.872172683270e+00  
  4.002102660879e-03  ,1.234982855349e+01  ,2.804844605991e+00  ,9.875643932633e+00  
  4.002127283558e-03  ,1.318386131115e+01  ,2.807070694374e+00  ,9.882586083767e+00  
  4.002176528915e-03  ,1.417155353999e+01  ,2.809495557921e+00  ,9.896469173948e+00  
  4.002275019631e-03  ,1.497984056654e+01  ,2.817431431228e+00  ,9.924230001490e+00  
  4.002403408035e-03  ,1.499978590910e+01  ,2.827717004803e+00  ,9.960406549556e+00  
  4.002629643425e-03  ,1.500012637017e+01  ,2.845782351641e+00  ,1.002412178739e+01  
  4.002869540199e-03  ,1.500011235799e+01  ,2.864962427347e+00  ,1.009163983308e+01  
  4.003349333748e-03  ,1.500018970214e+01  ,2.903260352252e+00  ,1.022653807535e+01  
  4.004308920845e-03  ,1.500023309074e+01  ,2.979699797846e+00  ,1.049578418043e+01  
  4.006228095039e-03  ,1.500031443484e+01  ,3.131955566375e+00  ,1.103208152462e+01  
  4.010066443428e-03  ,1.500033151495e+01  ,3.433991867247e+00  ,1.209595755681e+01  
  4.012010000020e-03  ,1.499978312280e+01  ,3.585677029846e+00  ,1.263024448175e+01  
  4.012011000018e-03  ,1.442106649832e+01  ,3.585608161207e+00  ,1.263051861732e+01  
  4.012013000126e-03  ,1.321340454309e+01  ,3.585377179899e+00  ,1.263106684119e+01  
  4.012017000343e-03  ,1.067215561365e+01  ,3.584933257071e+00  ,1.263216360494e+01  
  4.012020000020e-03  ,8.647291816107e+00  ,3.584660650736e+00  ,1.263298597195e+01  
  4.012020800063e-03  ,8.543617648413e+00  ,3.584715177954e+00  ,1.263320526471e+01  
  4.012022400076e-03  ,8.338765639570e+00  ,3.584911030868e+00  ,1.263364395014e+01  
  4.012025600100e-03  ,7.943624098280e+00  ,3.585437014684e+00  ,1.263452129058e+01  
  4.012032000149e-03  ,7.208215620645e+00  ,3.586531753684e+00  ,1.263627574014e+01  
  4.012044800246e-03  ,5.932628027789e+00  ,3.589487218342e+00  ,1.263978449996e+01  
  4.012058725381e-03  ,4.791999707868e+00  ,3.599356297202e+00  ,1.264360060848e+01  
  4.012067642236e-03  ,4.356489413938e+00  ,1.401095151026e+01  ,1.264540034136e+01  
  4.012076012218e-03  ,4.342012706645e+00  ,4.354165707063e+01  ,1.264545933133e+01  
  4.012082287097e-03  ,4.134547213797e+00  ,5.282737782382e+01  ,3.781102964190e-02  
  4.012085557902e-03  ,3.936695426213e+00  ,5.285657304314e+01  ,-2.057316311632e-01  
  4.012088120902e-03  ,3.786506134239e+00  ,5.283945398712e+01  ,-1.711277831126e-03  
  4.012090896616e-03  ,3.630504540981e+00  ,5.284257315143e+01  ,7.838256745737e-03  
  4.012096448043e-03  ,3.337218782758e+00  ,5.285104332554e+01  ,5.600353110332e-03  
  4.012107550899e-03  ,2.819143500014e+00  ,5.286770003420e+01  ,4.578902718794e-03  
  4.012129756609e-03  ,2.007003767811e+00  ,5.290087539143e+01  ,3.657473521034e-03  
  4.012174168030e-03  ,9.671297059517e-01  ,5.296710558298e+01  ,2.010133617673e-03  
  4.012217452923e-03  ,4.397049872006e-01  ,5.303143642772e+01  ,1.239293248302e-03  
  4.012265047232e-03  ,1.636741199369e-01  ,5.310196886883e+01  ,8.353304815559e-04  
  4.012331220308e-03  ,5.547453928714e-02  ,5.319971332615e+01  ,6.751808569464e-04  
  4.012415155569e-03  ,1.369337029916e-02  ,5.332320412262e+01  ,6.111540056330e-04  
  4.012508460680e-03  ,-3.628180266537e-04  ,5.345984791944e+01  ,5.871891615790e-04  
  4.012695070902e-03  ,-3.209302525541e-03  ,5.373114293677e+01  ,5.761027846736e-04  
  4.013065096537e-03  ,6.290787446808e-05  ,5.426120967820e+01  ,5.672119625121e-04  
  4.013717695871e-03  ,2.739823765420e-03  ,5.517039183959e+01  ,5.474794885345e-04  
  4.015022894541e-03  ,6.335477366376e-04  ,5.688921936741e+01  ,4.981934455294e-04  
  4.017633291880e-03  ,2.081359235952e-03  ,5.992167385068e+01  ,4.126527625523e-04  
  4.022000000020e-03  ,1.224933091077e-04  ,6.376867368540e+01  ,2.753945188415e-04  
  4.022001000018e-03  ,5.767793867076e-01  ,6.376951070495e+01  ,-1.014987475573e-03  
  4.022001885613e-03  ,1.094870808001e+00  ,6.377025532873e+01  ,-2.189550806506e-03  
  4.022003656802e-03  ,2.160869236972e+00  ,6.377174193427e+01  ,-4.509072474633e-03  
  4.022007199180e-03  ,4.415336729216e+00  ,6.377469816230e+01  ,-8.967007969386e-03  
  4.022010000020e-03  ,6.311377248906e+00  ,6.377702001775e+01  ,-1.232606630593e-02  
  4.022010708496e-03  ,6.403760648307e+00  ,6.377751207307e+01  ,-1.224641170152e-02  
  4.022012125410e-03  ,6.586170193780e+00  ,6.377848561910e+01  ,-1.198579190401e-02  
  4.022014959238e-03  ,6.939982926862e+00  ,6.378043244134e+01  ,-1.146849947047e-02  
  4.022020626895e-03  ,7.604526872866e+00  ,6.378433011264e+01  ,-1.050026817560e-02  
  4.022031962208e-03  ,8.775509344354e+00  ,6.379213828139e+01  ,-8.794238473647e-03  
  4.022044033639e-03  ,9.825030997155e+00  ,6.380046794247e+01  ,-7.265306462159e-03  
  4.022052577965e-03  ,9.976834350877e+00  ,3.625943770666e+01  ,9.864011697842e+00  
  4.022060719959e-03  ,1.001065935627e+01  ,4.434216433610e+00  ,9.865048007963e+00  
  4.022064624808e-03  ,1.027385890175e+01  ,2.826971486048e+00  ,9.865538653679e+00  
  4.022066728107e-03  ,1.042101443179e+01  ,2.762912415077e+00  ,9.866120222021e+00  
  4.022069388337e-03  ,1.060216153342e+01  ,2.790073910706e+00  ,9.866861312846e+00  
  4.022074667819e-03  ,1.094104603943e+01  ,2.818732089749e+00  ,9.868313762582e+00  
  4.022083905048e-03  ,1.147327292607e+01  ,2.808330826052e+00  ,9.870954656521e+00  
  4.022102379508e-03  ,1.234542208374e+01  ,2.805273343173e+00  ,9.876163293032e+00  
  4.022139328427e-03  ,1.350751105391e+01  ,2.807740362232e+00  ,9.886580494200e+00  
  4.022213226266e-03  ,1.466351044305e+01  ,2.812815680317e+00  ,9.907412074022e+00  
  4.022322660394e-03  ,1.514880207486e+01  ,2.821350315018e+00  ,9.938253656867e+00  
  4.022484808869e-03  ,1.516445259819e+01  ,2.834313701911e+00  ,9.983934251758e+00  
  4.022707515664e-03  ,1.495793384805e+01  ,2.852205928535e+00  ,1.004664119356e+01  
  4.023127990670e-03  ,1.502206535290e+01  ,2.885758609527e+00  ,1.016492504805e+01  
  4.023535638757e-03  ,1.500832215187e+01  ,2.918283048429e+00  ,1.027946593209e+01  
  4.024350934930e-03  ,1.499409005656e+01  ,2.983213350234e+00  ,1.050815047832e+01  
  4.025981527276e-03  ,1.500512741490e+01  ,3.112606493252e+00  ,1.096393511981e+01  
  4.029242711968e-03  ,1.500050755607e+01  ,3.369617634513e+00  ,1.186920951356e+01  
  4.032010000020e-03  ,1.499961286229e+01  ,3.585843337833e+00  ,1.263082998970e+01  
  4.032011000018e-03  ,1.441996452474e+01  ,3.585774775928e+00  ,1.263110412361e+01  
  4.032013000126e-03  ,1.321233501691e+01  ,3.585543906877e+00  ,1.263165234412e+01  
  4.032017000343e-03  ,1.067114870104e+01  ,3.585100025374e+00  ,1.263274910121e+01  
  4.032020000020e-03  ,8.646329697408e+00  ,3.584827422755e+00  ,1.263357146323e+01  
  4.032020800063e-03  ,8.542667065099e+00  ,3.584881964281e+00  ,1.263379075462e+01  
  4.032022400076e-03  ,8.337837849364e+00  ,3.585077843210e+00  ,1.263422943741e+01  
  4.032025600100e-03  ,7.942740274252e+00  ,3.585603881540e+00  ,1.263510677255e+01  
  4.032032000149e-03  ,7.207413624423e+00  ,3.586698790153e+00  ,1.263686121139e+01  
  4.032044800246e-03  ,5.931967976184e+00  ,3.589655214358e+00  ,1.264036994976e+01  
  4.032058725381e-03  ,4.791466772889e+00  ,3.599536257893e+00  ,1.264418603380e+01  
  4.032067642236e-03  ,4.356456056933e+00  ,1.403677806422e+01  ,1.264598369211e+01  
  4.032076010728e-03  ,4.342038938954e+00  ,4.356630460763e+01  ,1.264604105314e+01  
  4.032082281882e-03  ,4.134421480945e+00  ,5.282942513010e+01  ,3.668278351613e-02  
  4.032085551569e-03  ,3.936637339881e+00  ,5.285846872502e+01  ,-2.053875733316e-01  
  4.032087121779e-03  ,3.843731089174e+00  ,5.284021145965e+01  ,-4.099633003678e-03  
  4.032090262199e-03  ,3.665049335848e+00  ,5.284339518092e+01  ,1.012563322265e-02  
  4.032096543038e-03  ,3.331803635252e+00  ,5.285317983076e+01  ,5.647858652853e-03  
  4.032109104717e-03  ,2.752520455862e+00  ,5.287203203098e+01  ,4.426932467786e-03  
  4.032134228075e-03  ,1.872073996178e+00  ,5.290954988105e+01  ,3.515275919808e-03  
  4.032173501575e-03  ,9.863614557211e-01  ,5.296811789524e+01  ,2.038372307081e-03  
  4.032218103731e-03  ,4.425096714451e-01  ,5.303440984708e+01  ,1.243325515801e-03  
  4.032263611877e-03  ,1.762764359887e-01  ,5.310185566799e+01  ,8.537656734246e-04  
  4.032332741344e-03  ,5.623652242280e-02  ,5.320397272179e+01  ,6.762503907567e-04  
  4.032413839424e-03  ,4.599819899848e-03  ,5.332329587494e+01  ,5.979672791230e-04  
  4.032510160530e-03  ,-7.869095451840e-03  ,5.346436174252e+01  ,5.762037221562e-04  
  4.032702802742e-03  ,-5.376301537154e-03  ,5.374436968512e+01  ,5.726738270213e-04  
  4.032993530357e-03  ,4.390622365945e-03  ,5.416157730912e+01  ,5.762052284658e-04  
  4.033574985588e-03  ,-2.551425493383e-05  ,5.497649575975e+01  ,5.485641968189e-04  
  4.034478878105e-03  ,1.130116684466e-03  ,5.619114932964e+01  ,5.178760179247e-04  
  4.035734867180e-03  ,1.472085055991e-03  ,5.777232963629e+01  ,4.748338458205e-04  
  4.038246845329e-03  ,1.203122110275e-03  ,6.055757720682e+01  ,3.921624384590e-04  
  4.042000000020e-03  ,8.927182219068e-04  ,6.377049613390e+01  ,2.766413111268e-04  
  4.042001000018e-03  ,5.775381312777e-01  ,6.377133276648e+01  ,-1.013336188181e-03  
  4.042001885054e-03  ,1.095288706440e+00  ,6.377207671123e+01  ,-2.188098763490e-03  
  4.042003655126e-03  ,2.160567700572e+00  ,6.377356175176e+01  ,-4.506006783318e-03  
  4.042007195269e-03  ,4.413447055384e+00  ,6.377651491120e+01  ,-8.961332923080e-03  
  4.042010000020e-03  ,6.311253919872e+00  ,6.377883914262e+01  ,-1.232638734953e-02  
  4.042010708049e-03  ,6.403580952477e+00  ,6.377933064559e+01  ,-1.224680183627e-02  
  4.042012124032e-03  ,6.586263296487e+00  ,6.378030313458e+01  ,-1.198674176598e-02  
  4.042014955997e-03  ,6.940153223651e+00  ,6.378224756850e+01  ,-1.146836980753e-02  
  4.042020619929e-03  ,7.604113579658e+00  ,6.378614074328e+01  ,-1.050093964403e-02  
  4.042031947791e-03  ,8.776907077670e+00  ,6.379393954515e+01  ,-8.792337597496e-03  
  4.042043360591e-03  ,9.774173389932e+00  ,6.380181035826e+01  ,-7.339520778273e-03  
  4.042051401257e-03  ,9.973521722838e+00  ,4.097100860660e+01  ,9.862471052742e+00  
  4.042059078335e-03  ,1.000037678819e+01  ,1.059139285411e+01  ,9.862647422625e+00  
  4.042063381791e-03  ,1.018932907863e+01  ,3.392903673513e+00  ,9.863563614560e+00  
  4.042067452788e-03  ,1.046807936744e+01  ,2.665349563454e+00  ,9.864640557797e+00  
  4.042069775507e-03  ,1.062553270192e+01  ,2.746115098248e+00  ,9.865290054878e+00  
  4.042072714388e-03  ,1.081676401174e+01  ,2.801148340318e+00  ,9.866115680964e+00  
  4.042078592151e-03  ,1.117403702272e+01  ,2.810769883251e+00  ,9.867768815566e+00  
  4.042090347677e-03  ,1.180186486542e+01  ,2.805802207488e+00  ,9.871079648663e+00  
  4.042110300332e-03  ,1.264250869241e+01  ,2.804472440957e+00  ,9.876705227394e+00  
  4.042150205642e-03  ,1.373794925333e+01  ,2.808613028146e+00  ,9.887955954426e+00  
  4.042230016261e-03  ,1.477658936349e+01  ,2.813646595778e+00  ,9.910453906368e+00  
  4.042347473174e-03  ,1.516399646010e+01  ,2.822846857854e+00  ,9.943555198597e+00  
  4.042521232635e-03  ,1.497757981803e+01  ,2.836830861659e+00  ,9.992503518787e+00  
  4.042678016692e-03  ,1.497074359728e+01  ,2.849363460039e+00  ,1.003664905956e+01  
  4.042991584807e-03  ,1.501201282523e+01  ,2.874394528829e+00  ,1.012488125205e+01  
  4.043618721038e-03  ,1.499225254008e+01  ,2.924435064177e+00  ,1.030111034408e+01  
  4.044720787078e-03  ,1.499815314335e+01  ,3.012137777197e+00  ,1.061003848471e+01  
  4.046924919158e-03  ,1.500018859504e+01  ,3.186727203381e+00  ,1.122500587071e+01  
  4.051333183318e-03  ,1.499992799010e+01  ,3.532649685287e+00  ,1.244346381931e+01  
  4.052010000020e-03  ,1.500001282372e+01  ,3.585377580779e+00  ,1.262918998946e+01  
  4.052011000018e-03  ,1.442323121897e+01  ,3.585308053936e+00  ,1.262946412695e+01  
  4.052013000126e-03  ,1.321550552376e+01  ,3.585076830229e+00  ,1.263001236301e+01  
  4.052017000343e-03  ,1.067413359596e+01  ,3.584632821043e+00  ,1.263110913368e+01  
  4.052020000020e-03  ,8.649181805137e+00  ,3.584360208348e+00  ,1.263193150971e+01  
  4.052020800063e-03  ,8.545484977303e+00  ,3.584414707785e+00  ,1.263215080492e+01  
  4.052022400076e-03  ,8.340588193617e+00  ,3.584610510287e+00  ,1.263258949510e+01  
  4.052025600100e-03  ,7.945360285050e+00  ,3.585136388237e+00  ,1.263346684509e+01  
  4.052032000149e-03  ,7.209791064671e+00  ,3.586230797251e+00  ,1.263522131398e+01  
  4.052044800246e-03  ,5.933924635595e+00  ,3.589184391916e+00  ,1.263873011244e+01  
  4.052058726871e-03  ,4.792935633730e+00  ,3.599032989672e+00  ,1.264254667337e+01  
  4.052067645216e-03  ,4.356541722075e+00  ,1.397114700632e+01  ,1.264434991603e+01  
  4.052076016689e-03  ,4.341970268423e+00  ,4.350050866683e+01  ,1.264441154769e+01  
  4.052082297528e-03  ,4.134849375005e+00  ,5.282837744788e+01  ,4.012895363537e-02  
  4.052085569078e-03  ,3.936947642156e+00  ,5.285787327935e+01  ,-2.063541174576e-01  
  4.052087138170e-03  ,3.844097586749e+00  ,5.283952164481e+01  ,-4.162569816679e-03  
  4.052090276355e-03  ,3.665523109754e+00  ,5.284269247038e+01  ,1.014753772885e-02  
  4.052096552724e-03  ,3.332461336048e+00  ,5.285247057805e+01  ,5.649892914507e-03  
  4.052109105462e-03  ,2.753440221563e+00  ,5.287130571279e+01  ,4.426981556022e-03  
  4.052134210939e-03  ,1.873225840840e+00  ,5.290878880228e+01  ,3.518003528500e-03  
  4.052173514241e-03  ,9.864627766570e-01  ,5.296738912717e+01  ,2.038408077560e-03  
  4.052218116397e-03  ,4.425159756723e-01  ,5.303366711447e+01  ,1.243217519869e-03  
  4.052263624543e-03  ,1.762583372010e-01  ,5.310109869300e+01  ,8.536229930783e-04  
  4.052332742089e-03  ,5.624419580968e-02  ,5.320317656445e+01  ,6.761461223153e-04  
  4.052413828248e-03  ,4.609096923108e-03  ,5.332245699377e+01  ,5.978663196224e-04  
  4.052510137433e-03  ,-7.865096233200e-03  ,5.346347564794e+01  ,5.760961209870e-04  
  4.052702755803e-03  ,-5.377175880814e-03  ,5.374338991857e+01  ,5.725611956596e-04  
  4.052993483419e-03  ,4.390450006804e-03  ,5.416050931675e+01  ,5.760953574472e-04  
  4.053574938649e-03  ,-2.599199561483e-05  ,5.497525348764e+01  ,5.484573055983e-04  
  4.054478449697e-03  ,1.129770629728e-03  ,5.618914309737e+01  ,5.177880058752e-04  
  4.055734438771e-03  ,1.471815277342e-03  ,5.777000559980e+01  ,4.747519435689e-04  
  4.058246416921e-03  ,1.202830702441e-03  ,6.055466461203e+01  ,3.920911668752e-04  
  4.062000000020e-03  ,8.924824188396e-04  ,6.376713079983e+01  ,2.765719309538e-04  
  4.062001000018e-03  ,5.775378951232e-01  ,6.376796721764e+01  ,-1.013404728112e-03  
  4.062001885054e-03  ,1.095288469999e+00  ,6.376871097234e+01  ,-2.188166465658e-03  
  4.062003655126e-03  ,2.160567463572e+00  ,6.377019563296e+01  ,-4.506074705640e-03  
  4.062007195269e-03  ,4.413446817309e+00  ,6.377314803260e+01  ,-8.961400945089e-03  
  4.062010000020e-03  ,6.311253680986e+00  ,6.377547166207e+01  ,-1.232645541346e-02  
  4.062010708049e-03  ,6.403580713390e+00  ,6.377596301291e+01  ,-1.224687135114e-02  
  4.062012124032e-03  ,6.586263056996e+00  ,6.377693519735e+01  ,-1.198681158224e-02  
  4.062014955997e-03  ,6.940152983378e+00  ,6.377887902216e+01  ,-1.146843947321e-02  
  4.062020619929e-03  ,7.604113337921e+00  ,6.378277097904e+01  ,-1.050100926258e-02  
  4.062031947791e-03  ,8.776906833370e+00  ,6.379056734631e+01  ,-8.792407153437e-03  
  4.062043360591e-03  ,9.774173143478e+00  ,6.379843570820e+01  ,-7.339590267898e-03  
  4.062051401257e-03  ,9.973515377500e+00  ,4.096711186178e+01  ,9.861058296458e+00  
  4.062059078335e-03  ,1.000037316813e+01  ,1.058765225481e+01  ,9.861234917984e+00  
  4.062063381791e-03  ,1.018938202688e+01  ,3.392257610811e+00  ,9.862151071679e+00  
  4.062067452043e-03  ,1.046808198757e+01  ,2.665019939036e+00  ,9.863227966104e+00  
  4.062069774762e-03  ,1.062553471114e+01  ,2.745730916537e+00  ,9.863877470271e+00  
  4.062072714016e-03  ,1.081678940868e+01  ,2.800746331582e+00  ,9.864703211847e+00  
  4.062078592524e-03  ,1.117410363972e+01  ,2.810365993881e+00  ,9.866356579934e+00  
  4.062090349540e-03  ,1.180039958020e+01  ,2.799943188604e+00  ,9.869671223736e+00  
  4.062102659389e-03  ,1.234976541565e+01  ,2.804134056750e+00  ,9.873142140428e+00  
  4.062127279088e-03  ,1.318373297949e+01  ,2.806360256461e+00  ,9.880083626237e+00  
  4.062176518485e-03  ,1.417140794969e+01  ,2.808784699170e+00  ,9.893965385979e+00  
  4.062274997279e-03  ,1.497975535038e+01  ,2.816719878122e+00  ,9.921723553833e+00  
  4.062403385684e-03  ,1.499978477372e+01  ,2.827005683159e+00  ,9.957901015303e+00  
  4.062629597231e-03  ,1.500012665787e+01  ,2.845069572588e+00  ,1.002161114922e+01  
  4.062869446322e-03  ,1.500011259722e+01  ,2.864246328582e+00  ,1.008911748809e+01  
  4.063349144503e-03  ,1.500019027359e+01  ,2.902537620820e+00  ,1.022399236796e+01  
  4.064308540866e-03  ,1.500023385077e+01  ,2.978963859215e+00  ,1.049319195279e+01  
  4.066227333590e-03  ,1.500031554668e+01  ,3.131193444539e+00  ,1.102939707076e+01  
  4.070064919039e-03  ,1.500033270688e+01  ,3.433178294165e+00  ,1.209309187314e+01  
  4.072010000020e-03  ,1.499978205825e+01  ,3.584986581606e+00  ,1.262781248230e+01  
  4.072011000018e-03  ,1.442105451119e+01  ,3.584917722516e+00  ,1.262808662478e+01  
  4.072013000126e-03  ,1.321339290893e+01  ,3.584686746549e+00  ,1.262863486242e+01  
  4.072017000343e-03  ,1.067214466043e+01  ,3.584242818937e+00  ,1.262973165382e+01  
  4.072020000020e-03  ,8.647281349848e+00  ,3.583970197753e+00  ,1.263055404154e+01  
  4.072020800063e-03  ,8.543607307490e+00  ,3.584024715773e+00  ,1.263077333983e+01  
  4.072022400076e-03  ,8.338755546306e+00  ,3.584220551403e+00  ,1.263121203630e+01  
  4.072025600100e-03  ,7.943614482782e+00  ,3.584746508185e+00  ,1.263208939883e+01  
  4.072032000149e-03  ,7.208206894033e+00  ,3.585841177263e+00  ,1.263384389259e+01  
  4.072044800246e-03  ,5.932620840359e+00  ,3.588796343363e+00  ,1.263735274083e+01  
  4.072058725381e-03  ,4.791993874812e+00  ,3.598663728640e+00  ,1.264116894570e+01  
  4.072067642236e-03  ,4.356473944207e+00  ,1.400963041759e+01  ,1.264296884435e+01  
  4.072076012218e-03  ,4.341998019769e+00  ,4.354026470724e+01  ,1.264302791628e+01  
  4.072082287097e-03  ,4.134550821363e+00  ,5.282728233529e+01  ,3.790387224694e-02  
  4.072085557530e-03  ,3.936721089123e+00  ,5.285648623022e+01  ,-2.057419352306e-01  
  4.072087127367e-03  ,3.843833972089e+00  ,5.283819364686e+01  ,-4.122674626264e-03  
  4.072090267042e-03  ,3.665188849839e+00  ,5.284137136731e+01  ,1.013343762512e-02  
  4.072096546391e-03  ,3.332006084346e+00  ,5.285115101930e+01  ,5.648379633472e-03  
  4.072109105090e-03  ,2.751216424824e+00  ,5.286994311876e+01  ,4.593693164128e-03  
  4.072134222487e-03  ,1.861488778127e+00  ,5.290745009617e+01  ,3.313614872066e-03  
  4.072175361613e-03  ,9.415114240361e-01  ,5.296873761934e+01  ,1.972015877792e-03  
  4.072221352557e-03  ,4.554963444258e-01  ,5.303704928786e+01  ,1.262018048092e-03  
  4.072269453505e-03  ,1.918031538148e-01  ,5.310829201933e+01  ,8.759693976781e-04  
  4.072324367264e-03  ,8.006004036652e-02  ,5.318938654096e+01  ,7.110774345497e-04  
  4.072413070897e-03  ,6.882433443745e-03  ,5.331988349572e+01  ,6.011209865582e-04  
  4.072507878045e-03  ,2.594758395211e-03  ,5.345868951095e+01  ,5.913413698240e-04  
  4.072697492341e-03  ,7.920972091360e-04  ,5.373424686820e+01  ,5.816612118266e-04  
  4.072919150094e-03  ,1.962051035469e-03  ,5.405289175656e+01  ,5.752101020436e-04  
  4.073362465600e-03  ,1.917121932266e-03  ,5.467886079872e+01  ,5.588855764241e-04  
  4.074249096611e-03  ,1.421881919408e-03  ,5.588517798721e+01  ,5.264198319415e-04  
  4.076022358635e-03  ,1.581026782709e-03  ,5.811264765229e+01  ,4.651590487597e-04  
  4.079568882683e-03  ,9.468683012857e-04  ,6.181332140964e+01  ,3.493981647132e-04  
  4.082000000020e-03  ,1.005768539857e-03  ,6.376350755052e+01  ,2.786217762088e-04  
  4.082001000018e-03  ,5.776495296948e-01  ,6.376434378525e+01  ,-1.012415075571e-03  
  4.082001884868e-03  ,1.095288371432e+00  ,6.376508725593e+01  ,-2.188202539102e-03  
  4.082003654567e-03  ,2.160331248806e+00  ,6.376657105880e+01  ,-4.505340174718e-03  
  4.082007193965e-03  ,4.412688351181e+00  ,6.376952180613e+01  ,-8.959746697864e-03  
  4.082010000020e-03  ,6.311349866415e+00  ,6.377184569824e+01  ,-1.232640896701e-02  
  4.082010707900e-03  ,6.403656648723e+00  ,6.377233674031e+01  ,-1.224685720430e-02  
  4.082012123696e-03  ,6.584393607026e+00  ,6.377330824958e+01  ,-1.198666869812e-02  
  4.082014955289e-03  ,6.936786648701e+00  ,6.377525140349e+01  ,-1.147343624401e-02  
  4.082020618476e-03  ,7.600940481527e+00  ,6.377914116138e+01  ,-1.050565880569e-02  
  4.082031944848e-03  ,8.774094233911e+00  ,6.378693313577e+01  ,-8.796625885481e-03  
  4.082043354667e-03  ,9.771569348150e+00  ,6.379479604468e+01  ,-7.343480162901e-03  
  4.082051392354e-03  ,9.973395805092e+00  ,4.110583034150e+01  ,9.859228332655e+00  
  4.082059064962e-03  ,1.000018159308e+01  ,1.073989095238e+01  ,9.859398501311e+00  
  4.082063385553e-03  ,1.018783439009e+01  ,3.400956426861e+00  ,9.860315018106e+00  
  4.082067482628e-03  ,1.046832409655e+01  ,2.662478235141e+00  ,9.861395226607e+00  
  4.082069803484e-03  ,1.062565791192e+01  ,2.744612887085e+00  ,9.862044264576e+00  
  4.082072731189e-03  ,1.081617929767e+01  ,2.800192265367e+00  ,9.862866808994e+00  
  4.082078586600e-03  ,1.117220051453e+01  ,2.809924806339e+00  ,9.864513692606e+00  
  4.082090297423e-03  ,1.179812301408e+01  ,2.804895862596e+00  ,9.867812022924e+00  
  4.082110074244e-03  ,1.263330035691e+01  ,2.803525933865e+00  ,9.873388208166e+00  
  4.082149627886e-03  ,1.372556475432e+01  ,2.807662311203e+00  ,9.884540163755e+00  
  4.082228735171e-03  ,1.476707955835e+01  ,2.812625663159e+00  ,9.906840635761e+00  
  4.082346180163e-03  ,1.516335076057e+01  ,2.821820621986e+00  ,9.939939770371e+00  
  4.082518723689e-03  ,1.497823119909e+01  ,2.835707520746e+00  ,9.988547414263e+00  
  4.082675197802e-03  ,1.497094504381e+01  ,2.848215952073e+00  ,1.003260746100e+01  
  4.082988146029e-03  ,1.501190663148e+01  ,2.873198679393e+00  ,1.012066889512e+01  
  4.083614042483e-03  ,1.499232857717e+01  ,2.923142438276e+00  ,1.029655739108e+01  
  4.084711149417e-03  ,1.499816761550e+01  ,3.010455152818e+00  ,1.060411172624e+01  
  4.086905363284e-03  ,1.500018751721e+01  ,3.184271843614e+00  ,1.121635724617e+01  
  4.091293791018e-03  ,1.499992905160e+01  ,3.528677773085e+00  ,1.242947337297e+01  
  4.092010000020e-03  ,1.500001337282e+01  ,3.584479524972e+00  ,1.262602672514e+01  
  4.092011000018e-03  ,1.442322987781e+01  ,3.584410006240e+00  ,1.262630087163e+01  
  4.092013000126e-03  ,1.321550422210e+01  ,3.584178787863e+00  ,1.262684912554e+01  
  4.092017000343e-03  ,1.067413237029e+01  ,3.583734771865e+00  ,1.262794593222e+01  
  4.092020000020e-03  ,8.649180633592e+00  ,3.583462139919e+00  ,1.262876833519e+01  
  4.092020800063e-03  ,8.545483819609e+00  ,3.583516627233e+00  ,1.262898763760e+01  
  4.092022400076e-03  ,8.340587063299e+00  ,3.583712406974e+00  ,1.262942634214e+01  
  4.092025600100e-03  ,7.945359207603e+00  ,3.584238249176e+00  ,1.263030372085e+01  
  4.092032000149e-03  ,7.209790085222e+00  ,3.585332565364e+00  ,1.263205824724e+01  
  4.092044800246e-03  ,5.933923822586e+00  ,3.588285760749e+00  ,1.263556716070e+01  
  4.092058726871e-03  ,4.792934938714e+00  ,3.598132012908e+00  ,1.263938384699e+01  
  4.092067645216e-03  ,4.356522081218e+00  ,1.396909984032e+01  ,1.264118733070e+01  
  4.092076016689e-03  ,4.341950870755e+00  ,4.349831390075e+01  ,1.264124906949e+01  
  4.092082297528e-03  ,4.134764545761e+00  ,5.282263927705e+01  ,3.978799522878e-02  
  4.092085569078e-03  ,3.936865724162e+00  ,5.285209229431e+01  ,-2.062896638410e-01  
  4.092087138357e-03  ,3.844006854047e+00  ,5.283374615154e+01  ,-4.158060299906e-03  
  4.092090276914e-03  ,3.665415855356e+00  ,5.283691655110e+01  ,1.014574305680e-02  
  4.092096554028e-03  ,3.332325962119e+00  ,5.284669239255e+01  ,5.649438517125e-03  
  4.092109108256e-03  ,2.751670516504e+00  ,5.286547458750e+01  ,4.594222178307e-03  
  4.092134216713e-03  ,1.862068919558e+00  ,5.290296161350e+01  ,3.314381992014e-03  
  4.092175367759e-03  ,9.416149123272e-01  ,5.296425606964e+01  ,1.972090331148e-03  
  4.092221358703e-03  ,4.555461463724e-01  ,5.303255561445e+01  ,1.262014376796e-03  
  4.092269453691e-03  ,1.918492489862e-01  ,5.310377688033e+01  ,8.759609163804e-04  
  4.092324361490e-03  ,8.008741099597e-02  ,5.318484823728e+01  ,7.110421934025e-04  
  4.092413053201e-03  ,6.892437378554e-03  ,5.331530460492e+01  ,6.010614397058e-04  
  4.092507848429e-03  ,2.596449320553e-03  ,5.345406874220e+01  ,5.912706816511e-04  
  4.092697438883e-03  ,7.900110159186e-04  ,5.372954325588e+01  ,5.815870484543e-04  
  4.092919048952e-03  ,1.962113034246e-03  ,5.404806454005e+01  ,5.751420896936e-04  
  4.093362269090e-03  ,1.917295469179e-03  ,5.467379344910e+01  ,5.588237218696e-04  
  4.094248709368e-03  ,1.421314122480e-03  ,5.587965892759e+01  ,5.263683445573e-04  
  4.096021589922e-03  ,1.581125397133e-03  ,5.810634132164e+01  ,4.651300488110e-04  
  4.099567351030e-03  ,9.465816820580e-04  ,6.180591255980e+01  ,3.494063818028e-04  
  4.102000000020e-03  ,1.005864875777e-03  ,6.375715387122e+01  ,2.785911516534e-04  
  4.102001000018e-03  ,5.776496224975e-01  ,6.375798999135e+01  ,-1.012442477667e-03  
  4.102001884774e-03  ,1.095233338226e+00  ,6.375873328261e+01  ,-2.188105378197e-03  
  4.102003654287e-03  ,2.160159615770e+00  ,6.376021672783e+01  ,-4.505006070010e-03  
  4.102007193313e-03  ,4.412258399223e+00  ,6.376316676333e+01  ,-8.958974932899e-03  
  4.102010000020e-03  ,6.312132914551e+00  ,6.376549077513e+01  ,-1.232528352151e-02  
  4.102010707825e-03  ,6.404421765796e+00  ,6.376598168731e+01  ,-1.224577070617e-02  
  4.102012123435e-03  ,6.587038681090e+00  ,6.376695304382e+01  ,-1.198580641593e-02  
  4.102014954656e-03  ,6.940804802556e+00  ,6.376889520678e+01  ,-1.146761475043e-02  
  4.102020617097e-03  ,7.604543951940e+00  ,6.377278384216e+01  ,-1.050050774869e-02  
  4.102031941980e-03  ,8.776983705987e+00  ,6.378057356165e+01  ,-8.792420574091e-03  
  4.102043351799e-03  ,9.773994924386e+00  ,6.378843523726e+01  ,-7.339974600548e-03  
  4.102051390975e-03  ,9.973492306177e+00  ,4.097149767932e+01  ,9.858012452092e+00  
  4.102059066564e-03  ,1.000034266009e+01  ,1.059767970623e+01  ,9.858188734055e+00  
  4.102063370764e-03  ,1.018922395314e+01  ,3.392168281691e+00  ,9.859104922661e+00  
  4.102067442506e-03  ,1.046802451816e+01  ,2.664014908118e+00  ,9.860181930920e+00  
  4.102069764852e-03  ,1.062545528249e+01  ,2.744808719959e+00  ,9.860831356531e+00  
  4.102072702989e-03  ,1.081664295102e+01  ,2.799872330263e+00  ,9.861656814293e+00  
  4.102078579262e-03  ,1.117383960954e+01  ,2.809507466953e+00  ,9.863309603809e+00  
  4.102090331807e-03  ,1.180155285947e+01  ,2.804537301372e+00  ,9.866619745613e+00  
  4.102110269561e-03  ,1.264173325199e+01  ,2.803204214734e+00  ,9.872241375450e+00  
  4.102150145068e-03  ,1.373690579468e+01  ,2.807345095662e+00  ,9.883484205879e+00  
  4.102229896083e-03  ,1.477579023420e+01  ,2.812372975653e+00  ,9.905966369686e+00  
  4.102347352996e-03  ,1.516394465519e+01  ,2.821573289201e+00  ,9.939069157858e+00  
  4.102521017089e-03  ,1.497763106665e+01  ,2.835550252783e+00  ,9.987992830734e+00  
  4.102677777305e-03  ,1.497075954945e+01  ,2.848081521730e+00  ,1.003213366690e+01  
  4.102991297736e-03  ,1.501200446429e+01  ,2.873109937817e+00  ,1.012035646538e+01  
  4.103618338600e-03  ,1.499225852187e+01  ,2.923145148658e+00  ,1.029656683035e+01  
  4.104720023170e-03  ,1.499815428851e+01  ,3.010821581652e+00  ,1.060540239366e+01  
  4.106923392310e-03  ,1.500018851237e+01  ,3.185358971784e+00  ,1.122018648718e+01  
  4.111330130592e-03  ,1.499992807604e+01  ,3.531179471957e+00  ,1.243828521952e+01  
  4.112010000020e-03  ,1.500001287080e+01  ,3.584147799541e+00  ,1.262485827429e+01  
  4.112011000018e-03  ,1.442323111853e+01  ,3.584078283475e+00  ,1.262513242408e+01  
  4.112013000126e-03  ,1.321550542629e+01  ,3.583847066950e+00  ,1.262568068474e+01  
  4.112017000343e-03  ,1.067413350390e+01  ,3.583403048449e+00  ,1.262677750459e+01  
  4.112020000020e-03  ,8.649181716624e+00  ,3.583130409307e+00  ,1.262759991751e+01  
  4.112020800063e-03  ,8.545484889584e+00  ,3.583184892142e+00  ,1.262781922258e+01  
  4.112022400076e-03  ,8.340588107477e+00  ,3.583380663455e+00  ,1.262825793242e+01  
  4.112025600100e-03  ,7.945360202043e+00  ,3.583906492372e+00  ,1.262913532175e+01  
  4.112032000149e-03  ,7.209790986945e+00  ,3.585000774035e+00  ,1.263088986937e+01  
  4.112044800246e-03  ,5.933924562163e+00  ,3.587953820543e+00  ,1.263439882532e+01  
  4.112058726871e-03  ,4.792935521602e+00  ,3.597799188261e+00  ,1.263821555791e+01  
  4.112067645216e-03  ,4.356514884197e+00  ,1.396830355608e+01  ,1.264001913301e+01  
  4.112076016689e-03  ,4.341943670460e+00  ,4.349745649667e+01  ,1.264008090208e+01  
  4.112082296783e-03  ,4.134725794489e+00  ,5.281741595902e+01  ,3.954133566959e-02  
  4.112085568333e-03  ,3.936827938373e+00  ,5.284683907205e+01  ,-2.062465159098e-01  
  4.112088130215e-03  ,3.786697015442e+00  ,5.282966655777e+01  ,-1.741007851208e-03  
  4.112090905556e-03  ,3.630708116515e+00  ,5.283277914521e+01  ,7.843942807778e-03  
  4.112096456239e-03  ,3.337443792412e+00  ,5.284124388568e+01  ,5.600892843653e-03  
  4.112107557604e-03  ,2.819397534246e+00  ,5.285788869944e+01  ,4.578502096891e-03  
  4.112129760334e-03  ,2.007277564937e+00  ,5.289103999292e+01  ,3.658072622924e-03  
  4.112174165795e-03  ,9.673729547166e-01  ,5.295722239970e+01  ,2.010208266558e-03  
  4.112217456648e-03  ,4.397697461906e-01  ,5.302152419828e+01  ,1.239105871420e-03  
  4.112265033076e-03  ,1.637783021322e-01  ,5.309198858015e+01  ,8.352023708701e-04  
  4.112331206152e-03  ,5.550839775767e-02  ,5.318967541939e+01  ,6.749515257460e-04  
  4.112415117571e-03  ,1.370733766474e-02  ,5.331305838623e+01  ,6.108981708743e-04  
  4.112508410761e-03  ,-3.618831176911e-04  ,5.344960428263e+01  ,5.869165424436e-04  
  4.112694997141e-03  ,-3.213860649843e-03  ,5.372070501828e+01  ,5.758265403471e-04  
  4.113064832041e-03  ,5.976342838661e-05  ,5.425018920869e+01  ,5.669516157542e-04  
  4.113717145273e-03  ,2.740120705534e-03  ,5.515845238955e+01  ,5.472458340890e-04  
  4.115021771738e-03  ,6.318108379414e-04  ,5.687558114784e+01  ,4.979982642254e-04  
  4.117631024668e-03  ,2.081586524402e-03  ,5.990520774800e+01  ,4.125351009942e-04  
  4.122000000020e-03  ,1.211520386418e-04  ,6.375214946880e+01  ,2.752551453401e-04  
  4.122001000018e-03  ,5.767780569680e-01  ,6.375298602134e+01  ,-1.015120193821e-03  
  4.122001885426e-03  ,1.094759238308e+00  ,6.375373007530e+01  ,-2.189433054947e-03  
  4.122003656243e-03  ,2.160524480709e+00  ,6.375521554390e+01  ,-4.508481043995e-03  
  4.122007197877e-03  ,4.414475323992e+00  ,6.375816950501e+01  ,-8.965541384850e-03  
  4.122010000020e-03  ,6.310593118801e+00  ,6.376049124039e+01  ,-1.232735478146e-02  
  4.122010708347e-03  ,6.402965622980e+00  ,6.376098286015e+01  ,-1.224770559762e-02  
  4.122012125075e-03  ,6.583833516758e+00  ,6.376195554387e+01  ,-1.198733493775e-02  
  4.122014958530e-03  ,6.936476023604e+00  ,6.376390107674e+01  ,-1.147373815051e-02  
  4.122020625442e-03  ,7.600253968496e+00  ,6.376779563894e+01  ,-1.050657827240e-02  
  4.122031959265e-03  ,8.773582084564e+00  ,6.377559713466e+01  ,-8.797218207372e-03  
  4.122044029206e-03  ,9.824004124497e+00  ,6.378392000887e+01  ,-7.266937294630e-03  
  4.122052573532e-03  ,9.976784809147e+00  ,3.628375899132e+01  ,9.859986029828e+00  
  4.122060714036e-03  ,1.001057825566e+01  ,4.462328892082e+00  ,9.861051939123e+00  
  4.122064623356e-03  ,1.027361301045e+01  ,2.829380082618e+00  ,9.861511744430e+00  
  4.122066732615e-03  ,1.042115182440e+01  ,2.761935936410e+00  ,9.862094666748e+00  
  4.122069398805e-03  ,1.060268516009e+01  ,2.788627343324e+00  ,9.862837520777e+00  
  4.122074667856e-03  ,1.094075851862e+01  ,2.805946737255e+00  ,9.864315558400e+00  
  4.122083660707e-03  ,1.145990366847e+01  ,2.805464067175e+00  ,9.866845787811e+00  
  4.122101646408e-03  ,1.231473901173e+01  ,2.804395467182e+00  ,9.871912640975e+00  
  4.122137617811e-03  ,1.349222458205e+01  ,2.806209073937e+00  ,9.882051163681e+00  
  4.122209560618e-03  ,1.455675720066e+01  ,2.811449674662e+00  ,9.902332684382e+00  
  4.122334110483e-03  ,1.498741643081e+01  ,2.821159361358e+00  ,9.937435437944e+00  
  4.122466933474e-03  ,1.500010173380e+01  ,2.831836705542e+00  ,9.974856327171e+00  
  4.122711980089e-03  ,1.500289813950e+01  ,2.851396053115e+00  ,1.004385752881e+01  
  4.123110043749e-03  ,1.500102370394e+01  ,2.883189634807e+00  ,1.015584362571e+01  
  4.123906171068e-03  ,1.500139174142e+01  ,2.946668001614e+00  ,1.037943664711e+01  
  4.125498425707e-03  ,1.499982884964e+01  ,3.073196358133e+00  ,1.082511056025e+01  
  4.128682934984e-03  ,1.500000523533e+01  ,3.324544676710e+00  ,1.171044615638e+01  
  4.132010000020e-03  ,1.499989426702e+01  ,3.584731358511e+00  ,1.262691339548e+01  
  4.132011000018e-03  ,1.442325248419e+01  ,3.584661757270e+00  ,1.262718753906e+01  
  4.132013000126e-03  ,1.321552616255e+01  ,3.584430507779e+00  ,1.262773579024e+01  
  4.132017000343e-03  ,1.067415302624e+01  ,3.583986484304e+00  ,1.262883258496e+01  
  4.132020000020e-03  ,8.649200370780e+00  ,3.583713860607e+00  ,1.262965498038e+01  
  4.132020800063e-03  ,8.545503320206e+00  ,3.583768350484e+00  ,1.262987428077e+01  
  4.132022400076e-03  ,8.340606096414e+00  ,3.583964135714e+00  ,1.263031298128e+01  
  4.132025600100e-03  ,7.945377338974e+00  ,3.584489987106e+00  ,1.263119035195e+01  
  4.132032000149e-03  ,7.209806538420e+00  ,3.585584326166e+00  ,1.263294486222e+01  
  4.132044800246e-03  ,5.933937365711e+00  ,3.588537615722e+00  ,1.263645374345e+01  
  4.132058726871e-03  ,4.792945884355e+00  ,3.598384294101e+00  ,1.264027039462e+01  
  4.132067645216e-03  ,4.356528334178e+00  ,1.396916055201e+01  ,1.264207384824e+01  
  4.132076016689e-03  ,4.341955864874e+00  ,4.349833164191e+01  ,1.264213554608e+01  
  4.132082296038e-03  ,4.134680086572e+00  ,5.281208493634e+01  ,3.916035972791e-02  
  4.132085567215e-03  ,3.936805076499e+00  ,5.284146032081e+01  ,-2.061494910223e-01  
  4.132087136680e-03  ,3.843937026285e+00  ,5.282312847372e+01  ,-4.148858825359e-03  
  4.132090275610e-03  ,3.665328566192e+00  ,5.282630190736e+01  ,1.014291805958e-02  
  4.132096553469e-03  ,3.332208809704e+00  ,5.283608109748e+01  ,5.649329779169e-03  
  4.132109109187e-03  ,2.751510524711e+00  ,5.285487054769e+01  ,4.594218089731e-03  
  4.132134220624e-03  ,1.861869814046e+00  ,5.289237212241e+01  ,3.314308510161e-03  
  4.132175371671e-03  ,9.415081130599e-01  ,5.295368314644e+01  ,1.972150566665e-03  
  4.132221362615e-03  ,4.554948325725e-01  ,5.302200124233e+01  ,1.262155175599e-03  
  4.132269451642e-03  ,1.918534559762e-01  ,5.309323312367e+01  ,8.761825082752e-04  
  4.132324353481e-03  ,8.009799634620e-02  ,5.317431794137e+01  ,7.112729667630e-04  
  4.132413045192e-03  ,6.895572094287e-03  ,5.330481037237e+01  ,6.012808036829e-04  
  4.132507840419e-03  ,2.597371241276e-03  ,5.344361316410e+01  ,5.914862648255e-04  
  4.132697430873e-03  ,7.900117742055e-04  ,5.371916532271e+01  ,5.818001550914e-04  
  4.132919017101e-03  ,1.962687196954e-03  ,5.403774385180e+01  ,5.753556470745e-04  
  4.133362189556e-03  ,1.917929597522e-03  ,5.466359145068e+01  ,5.590365799793e-04  
  4.134248534465e-03  ,1.421755568867e-03  ,5.586971089955e+01  ,5.265796060569e-04  
  4.136021224285e-03  ,1.581766792733e-03  ,5.809696547643e+01  ,4.653394418952e-04  
  4.139566603923e-03  ,9.471503449243e-04  ,6.179791849923e+01  ,3.496129617668e-04  
  4.142000000020e-03  ,1.006502952596e-03  ,6.375098560059e+01  ,2.787683848506e-04  
  4.142001000018e-03  ,5.776502595929e-01  ,6.375182219821e+01  ,-1.012263117948e-03  
  4.142001884681e-03  ,1.095178851646e+00  ,6.375256583382e+01  ,-2.187802380230e-03  
  4.142003654008e-03  ,2.159988534085e+00  ,6.375404996873e+01  ,-4.504465904612e-03  
  4.142007192661e-03  ,4.411829011193e+00  ,6.375700138712e+01  ,-8.957997053097e-03  
  4.142010000020e-03  ,6.311349393634e+00  ,6.375932738299e+01  ,-1.232625789279e-02  
  4.142010707751e-03  ,6.403636961008e+00  ,6.375981858075e+01  ,-1.224673823189e-02  
  4.142012123175e-03  ,6.586246784910e+00  ,6.376079048446e+01  ,-1.198678413309e-02  
  4.142014954023e-03  ,6.940000639752e+00  ,6.376273374180e+01  ,-1.146861041468e-02  
  4.142020615719e-03  ,7.603722311724e+00  ,6.376662456550e+01  ,-1.050152887595e-02  
  4.142031939111e-03  ,8.776149687023e+00  ,6.377441866087e+01  ,-8.793459657125e-03  
  4.142043345950e-03  ,9.773052867187e+00  ,6.378228372275e+01  ,-7.341171118670e-03  
  4.142051382147e-03  ,9.973459798162e+00  ,4.102629128236e+01  ,9.859738715344e+00  
  4.142059054754e-03  ,1.000027583038e+01  ,1.066257385547e+01  ,9.859912162716e+00  
  4.142063364915e-03  ,1.018849668808e+01  ,3.396724522714e+00  ,9.860828597537e+00  
  4.142067447833e-03  ,1.046804489550e+01  ,2.663597353700e+00  ,9.861906788677e+00  
  4.142069768689e-03  ,1.062538207374e+01  ,2.745029846535e+00  ,9.862555813416e+00  
  4.142072701238e-03  ,1.081622055881e+01  ,2.800349857536e+00  ,9.863379702995e+00  
  4.142078566335e-03  ,1.117280242889e+01  ,2.810034537449e+00  ,9.865029313342e+00  
  4.142090296529e-03  ,1.179958280225e+01  ,2.805034514193e+00  ,9.868333093886e+00  
  4.142110153816e-03  ,1.263733159376e+01  ,2.803682365982e+00  ,9.873931938208e+00  
  4.142149868391e-03  ,1.373114507924e+01  ,2.807821044007e+00  ,9.885129204950e+00  
  4.142229297541e-03  ,1.477143406721e+01  ,2.812816377582e+00  ,9.907520270482e+00  
  4.142346742533e-03  ,1.516364963396e+01  ,2.822013421205e+00  ,9.940619179996e+00  
  4.142519858263e-03  ,1.497792533620e+01  ,2.835946157457e+00  ,9.989387647550e+00  
  4.142676451586e-03  ,1.497085330514e+01  ,2.848463958056e+00  ,1.003348088027e+01  
  4.142989638231e-03  ,1.501195325404e+01  ,2.873465442430e+00  ,1.012160859767e+01  
  4.143616011522e-03  ,1.499229557555e+01  ,2.923446771133e+00  ,1.029762930461e+01  
  4.144715407274e-03  ,1.499816113025e+01  ,3.010940401931e+00  ,1.060582093025e+01  
  4.146914198778e-03  ,1.500018795334e+01  ,3.185115567542e+00  ,1.121932913302e+01  
  4.151311781786e-03  ,1.499992862057e+01  ,3.530225081185e+00  ,1.243492352633e+01  
  4.152010000020e-03  ,1.500001313504e+01  ,3.584623439610e+00  ,1.262653364277e+01  
  4.152011000018e-03  ,1.442323055921e+01  ,3.584553919484e+00  ,1.262680778781e+01  
  4.152013000126e-03  ,1.321550488343e+01  ,3.584322700219e+00  ,1.262735603890e+01  
  4.152017000343e-03  ,1.067413299294e+01  ,3.583878685313e+00  ,1.262845283978e+01  
  4.152020000020e-03  ,8.649181228606e+00  ,3.583606056433e+00  ,1.262927523843e+01  
  4.152020800063e-03  ,8.545484407520e+00  ,3.583660545689e+00  ,1.262949453968e+01  
  4.152022400076e-03  ,8.340587637175e+00  ,3.583856329071e+00  ,1.262993324192e+01  
  4.152025600100e-03  ,7.945359754395e+00  ,3.584382176981e+00  ,1.263081061603e+01  
  4.152032000149e-03  ,7.209790581671e+00  ,3.585476507980e+00  ,1.263256513321e+01  
  4.152044800246e-03  ,5.933924232277e+00  ,3.588429766975e+00  ,1.263607402824e+01  
  4.152058726871e-03  ,4.792935275685e+00  ,3.598276390159e+00  ,1.263989069444e+01  
  4.152067645216e-03  ,4.356525244471e+00  ,1.396941713951e+01  ,1.264169413713e+01  
  4.152076016689e-03  ,4.341953969826e+00  ,4.349865306617e+01  ,1.264175581603e+01  
  4.152082296038e-03  ,4.134678606432e+00  ,5.281245550957e+01  ,3.916422910592e-02  
  4.152085567215e-03  ,3.936803671819e+00  ,5.284183104118e+01  ,-2.061494553180e-01  
  4.152087136680e-03  ,3.843935652682e+00  ,5.282349905806e+01  ,-4.148889891601e-03  
  4.152090275610e-03  ,3.665327252045e+00  ,5.282667222852e+01  ,1.014287454994e-02  
  4.152096553469e-03  ,3.332207606114e+00  ,5.283645088907e+01  ,5.649292465692e-03  
  4.152109109187e-03  ,2.751509513520e+00  ,5.285523927925e+01  ,4.594181933340e-03  
  4.152134220624e-03  ,1.861869097386e+00  ,5.289273873321e+01  ,3.314272734995e-03  
  4.152175371671e-03  ,9.415077009692e-01  ,5.295404628234e+01  ,1.972115300717e-03  
  4.152221362615e-03  ,4.554945812217e-01  ,5.302236049607e+01  ,1.262120219529e-03  
  4.152269451642e-03  ,1.918532918479e-01  ,5.309358832049e+01  ,8.761477577814e-04  
  4.152324353481e-03  ,8.009786923320e-02  ,5.317466850950e+01  ,7.112383581697e-04  
  4.152413045192e-03  ,6.895469292831e-03  ,5.330515346981e+01  ,6.012463731879e-04  
  4.152507840419e-03  ,2.597269979660e-03  ,5.344394828607e+01  ,5.914519858618e-04  
  4.152697430873e-03  ,7.899113529862e-04  ,5.371948452335e+01  ,5.817661765105e-04  
  4.152919017101e-03  ,1.962586679892e-03  ,5.403804449502e+01  ,5.753220079692e-04  
  4.153362189556e-03  ,1.917829704159e-03  ,5.466385515146e+01  ,5.590036159919e-04  
  4.154248534465e-03  ,1.421657157191e-03  ,5.586990144563e+01  ,5.265479140257e-04  
  4.156021224285e-03  ,1.581671345329e-03  ,5.809701299704e+01  ,4.653101094336e-04  
  4.159566603923e-03  ,9.470625230231e-04  ,6.179769570580e+01  ,3.495876778493e-04  
  4.162000000020e-03  ,1.006421166054e-03  ,6.375059117027e+01  ,2.787452190253e-04  
  4.162001000018e-03  ,5.776501778110e-01  ,6.375142770002e+01  ,-1.012286018676e-03  
  4.162001884681e-03  ,1.095178769869e+00  ,6.375217127561e+01  ,-2.187825241358e-03  
  4.162003654008e-03  ,2.159988452318e+00  ,6.375365529049e+01  ,-4.504488777463e-03  
  4.162007192661e-03  ,4.411828929445e+00  ,6.375660646884e+01  ,-8.958019934416e-03  
  4.162010000020e-03  ,6.311349311900e+00  ,6.375893227426e+01  ,-1.232628077868e-02  
  4.162010707751e-03  ,6.403636879277e+00  ,6.375942342395e+01  ,-1.224676131195e-02  
  4.162012123175e-03  ,6.586246703183e+00  ,6.376039523146e+01  ,-1.198680725176e-02  
  4.162014954023e-03  ,6.940000558031e+00  ,6.376233829641e+01  ,-1.146863351328e-02  
  4.162020615719e-03  ,7.603722230018e+00  ,6.376622873539e+01  ,-1.050155196364e-02  
  4.162031939111e-03  ,8.776149605347e+00  ,6.377402206155e+01  ,-8.793482732628e-03  
  4.162043345950e-03  ,9.773052785542e+00  ,6.378188634888e+01  ,-7.341194179370e-03  
  4.162051382147e-03  ,9.973457878551e+00  ,4.102574096745e+01  ,9.859361611756e+00  
  4.162059054754e-03  ,1.000027417717e+01  ,1.066203157459e+01  ,9.859535090141e+00  
  4.162063364915e-03  ,1.018850251537e+01  ,3.396588563478e+00  ,9.860451522317e+00  
  4.162067447088e-03  ,1.046800042578e+01  ,2.663535540644e+00  ,9.861529543736e+00  
  4.162069767944e-03  ,1.062533871255e+01  ,2.744927681584e+00  ,9.862178570085e+00  
  4.162072700493e-03  ,1.081617899378e+01  ,2.800239616420e+00  ,9.863002462727e+00  
  4.162078565590e-03  ,1.117276441848e+01  ,2.809926219806e+00  ,9.864652079390e+00  
  4.162090295784e-03  ,1.179955102502e+01  ,2.804927449131e+00  ,9.867955872525e+00  
  4.162110156052e-03  ,1.263741741163e+01  ,2.803575353514e+00  ,9.873555578399e+00  
  4.162149876587e-03  ,1.373131732297e+01  ,2.807714624555e+00  ,9.884754568039e+00  
  4.162229317657e-03  ,1.477158856068e+01  ,2.812710921795e+00  ,9.907149078257e+00  
  4.162346762649e-03  ,1.516366500371e+01  ,2.821908069340e+00  ,9.940248111568e+00  
  4.162519878380e-03  ,1.497792325728e+01  ,2.835840862367e+00  ,9.989016761454e+00  
  4.162676495544e-03  ,1.497084856224e+01  ,2.848360616964e+00  ,1.003311687090e+01  
  4.162989729874e-03  ,1.501195704087e+01  ,2.873365997376e+00  ,1.012125832364e+01  
  4.163616198532e-03  ,1.499229258554e+01  ,2.923355107385e+00  ,1.029730642896e+01  
  4.164715594284e-03  ,1.499816070973e+01  ,3.010849022782e+00  ,1.060549906079e+01  
  4.166914385788e-03  ,1.500018803133e+01  ,3.185024756851e+00  ,1.121900926659e+01  
  4.171311968796e-03  ,1.499992854747e+01  ,3.530135397323e+00  ,1.243460762861e+01  
  4.172010000020e-03  ,1.500001312574e+01  ,3.584519377634e+00  ,1.262616710047e+01  
  4.172011000018e-03  ,1.442323047568e+01  ,3.584449858445e+00  ,1.262644124656e+01  
  4.172013000126e-03  ,1.321550480236e+01  ,3.584218639797e+00  ,1.262698949973e+01  
  4.172017000343e-03  ,1.067413291659e+01  ,3.583774624107e+00  ,1.262808630477e+01  
  4.172020000020e-03  ,8.649181155610e+00  ,3.583501992987e+00  ,1.262890870654e+01  
  4.172020800063e-03  ,8.545484335377e+00  ,3.583556480839e+00  ,1.262912800863e+01  
  4.172022400076e-03  ,8.340587566717e+00  ,3.583752261584e+00  ,1.262956671253e+01  
  4.172025600100e-03  ,7.945359687196e+00  ,3.584278105348e+00  ,1.263044408997e+01  
  4.172032000149e-03  ,7.209790520490e+00  ,3.585372425581e+00  ,1.263219861381e+01  
  4.172044800246e-03  ,5.933924181124e+00  ,3.588325638253e+00  ,1.263570752217e+01  
  4.172058726871e-03  ,4.792935229912e+00  ,3.598171988900e+00  ,1.263952420289e+01  
  4.172067645216e-03  ,4.356522970933e+00  ,1.396917826107e+01  ,1.264132767375e+01  
  4.172076016689e-03  ,4.341951720615e+00  ,4.349839681112e+01  ,1.264138936650e+01  
  4.172082296038e-03  ,4.134674510789e+00  ,5.281212535775e+01  ,3.915429073392e-02  
  4.172085567215e-03  ,3.936799735915e+00  ,5.284149958244e+01  ,-2.061484310113e-01  
  4.172087136680e-03  ,3.843931809114e+00  ,5.282316758525e+01  ,-4.148852778831e-03  
  4.172090275610e-03  ,3.665323582858e+00  ,5.282634055369e+01  ,1.014283743092e-02  
  4.172096553469e-03  ,3.332204262665e+00  ,5.283611879412e+01  ,5.649263318793e-03  
  4.172109109187e-03  ,2.751506738569e+00  ,5.285490634367e+01  ,4.594153901728e-03  
  4.172134220624e-03  ,1.861867193874e+00  ,5.289240411603e+01  ,3.314246005280e-03  
  4.172175371671e-03  ,9.415066993270e-01  ,5.295370891139e+01  ,1.972089941217e-03  
  4.172221362615e-03  ,4.554940561321e-01  ,5.302202005105e+01  ,1.262095616725e-03  
  4.172269451642e-03  ,1.918530253235e-01  ,5.309324466590e+01  ,8.761235981320e-04  
  4.172324353481e-03  ,8.009771239588e-02  ,5.317432119657e+01  ,7.112144336071e-04  
  4.172413045192e-03  ,6.895384431318e-03  ,5.330480026035e+01  ,6.012226760569e-04  
  4.172507840419e-03  ,2.597189562578e-03  ,5.344358879264e+01  ,5.914284241540e-04  
  4.172697430873e-03  ,7.898331727340e-04  ,5.371911251916e+01  ,5.817428764208e-04  
  4.172919017101e-03  ,1.962507898436e-03  ,5.403765796590e+01  ,5.752990014012e-04  
  4.173362189556e-03  ,1.917752078129e-03  ,5.466343989145e+01  ,5.589811954088e-04  
  4.174248534465e-03  ,1.421582298636e-03  ,5.586943002355e+01  ,5.265266062350e-04  
  4.176021224285e-03  ,1.581601104846e-03  ,5.809643465553e+01  ,4.652908791806e-04  
  4.179566603923e-03  ,9.470031535090e-04  ,6.179692649635e+01  ,3.495720704828e-04  
  4.182000000020e-03  ,1.006369230087e-03  ,6.374970951491e+01  ,2.787316082997e-04  
  4.182001000018e-03  ,5.776501258815e-01  ,6.375054600172e+01  ,-1.012299193126e-03  
  4.182001884681e-03  ,1.095178717946e+00  ,6.375128953937e+01  ,-2.187838378418e-03  
  4.182003654008e-03  ,2.159988400406e+00  ,6.375277347837e+01  ,-4.504501929855e-03  
  4.182007192661e-03  ,4.411828877558e+00  ,6.375572450497e+01  ,-8.958033104701e-03  
  4.182010000020e-03  ,6.311349260030e+00  ,6.375805019001e+01  ,-1.232629396028e-02  
  4.182010707751e-03  ,6.403636827411e+00  ,6.375854130931e+01  ,-1.224677486656e-02  
  4.182012123175e-03  ,6.586246651323e+00  ,6.375951305600e+01  ,-1.198682088340e-02  
  4.182014954023e-03  ,6.940000506184e+00  ,6.376145599927e+01  ,-1.146864710626e-02  
  4.182020615719e-03  ,7.603722178195e+00  ,6.376534619499e+01  ,-1.050156554545e-02  
  4.182031939111e-03  ,8.776149553569e+00  ,6.377313903491e+01  ,-8.793496298310e-03  
  4.182043345950e-03  ,9.773052733810e+00  ,6.378100283280e+01  ,-7.341207728846e-03  
  4.182051382147e-03  ,9.973456582882e+00  ,4.102474949000e+01  ,9.859057633092e+00  
  4.182059054754e-03  ,1.000027360692e+01  ,1.066108383318e+01  ,9.859231176941e+00  
  4.182063364915e-03  ,1.018851650505e+01  ,3.396438520096e+00  ,9.860147599450e+00  
  4.182067447088e-03  ,1.046801440044e+01  ,2.663457046948e+00  ,9.861225655834e+00  
  4.182069767944e-03  ,1.062535217643e+01  ,2.744844926766e+00  ,9.861874683778e+00  
  4.182072700493e-03  ,1.081619184440e+01  ,2.800153468170e+00  ,9.862698578824e+00  
  4.182078565590e-03  ,1.117277617427e+01  ,2.809839544639e+00  ,9.864348200716e+00  
  4.182090295784e-03  ,1.179956086235e+01  ,2.804841070715e+00  ,9.867652004132e+00  
  4.182110156052e-03  ,1.263742467484e+01  ,2.803489094067e+00  ,9.873251727151e+00  
  4.182149876587e-03  ,1.373132122309e+01  ,2.807628321504e+00  ,9.884450751061e+00  
  4.182229317657e-03  ,1.477158926335e+01  ,2.812624684582e+00  ,9.906845329802e+00  
  4.182346762649e-03  ,1.516366450102e+01  ,2.821821864573e+00  ,9.939944464378e+00  
  4.182519878380e-03  ,1.497792332547e+01  ,2.835754698429e+00  ,9.988713263462e+00  
  4.182676495544e-03  ,1.497084865218e+01  ,2.848274491383e+00  ,1.003281350782e+01  
  4.182989729874e-03  ,1.501195700446e+01  ,2.873279948657e+00  ,1.012095523022e+01  
  4.183616198532e-03  ,1.499229260956e+01  ,2.923269211435e+00  ,1.029700387414e+01  
  4.184715594284e-03  ,1.499816071572e+01  ,3.010763394571e+00  ,1.060519744882e+01  
  4.186914385788e-03  ,1.500018803109e+01  ,3.184939661539e+00  ,1.121870953156e+01  
  4.191311968796e-03  ,1.499992854802e+01  ,3.530051357846e+00  ,1.243431161250e+01  
  4.192010000020e-03  ,1.500001312594e+01  ,3.584435504539e+00  ,1.262587167040e+01  
  4.192011000018e-03  ,1.442323047634e+01  ,3.584365986083e+00  ,1.262614581733e+01  
  4.192013000126e-03  ,1.321550480301e+01  ,3.584134767925e+00  ,1.262669407218e+01  
  4.192017000343e-03  ,1.067413291718e+01  ,3.583690751599e+00  ,1.262779088057e+01  
  4.192020000020e-03  ,8.649181156133e+00  ,3.583418118676e+00  ,1.262861328486e+01  
  4.192020800063e-03  ,8.545484335875e+00  ,3.583472605395e+00  ,1.262883258762e+01  
  4.192022400076e-03  ,8.340587567167e+00  ,3.583668384013e+00  ,1.262927129286e+01  
  4.192025600100e-03  ,7.945359687560e+00  ,3.584194224432e+00  ,1.263014867299e+01  
  4.192032000149e-03  ,7.209790520657e+00  ,3.585288535979e+00  ,1.263190320219e+01  
  4.192044800246e-03  ,5.933924180616e+00  ,3.588241711260e+00  ,1.263541212129e+01  
  4.192058726871e-03  ,4.792935225899e+00  ,3.598087841539e+00  ,1.263922881372e+01  
  4.192067645216e-03  ,4.356521140749e+00  ,1.396898415672e+01  ,1.264103230729e+01  
  4.192076016689e-03  ,4.341949906385e+00  ,4.349818844237e+01  ,1.264109400950e+01  
  4.192082296038e-03  ,4.134663458440e+00  ,5.281140256950e+01  ,3.910628898328e-02  
  4.192085567588e-03  ,3.936767101413e+00  ,5.284077294385e+01  ,-2.061553283293e-01  
  4.192087137053e-03  ,3.843899914281e+00  ,5.282244015101e+01  ,-4.148713767861e-03  
  4.192090275982e-03  ,3.665293162380e+00  ,5.282561298119e+01  ,1.014297513651e-02  
  4.192096553842e-03  ,3.332176599549e+00  ,5.283539096364e+01  ,5.649213353463e-03  
  4.192109109560e-03  ,2.753079412260e+00  ,5.285422660399e+01  ,4.426673340814e-03  
  4.192134220997e-03  ,1.864188831523e+00  ,5.289173112542e+01  ,3.316708934601e-03  
  4.192175866762e-03  ,9.348786217971e-01  ,5.295378584438e+01  ,1.962584127393e-03  
  4.192222125927e-03  ,3.971854500401e-01  ,5.302249730486e+01  ,1.177101627961e-03  
  4.192268438736e-03  ,1.916264627462e-01  ,5.309108318333e+01  ,8.758186282833e-04  
  4.192330630222e-03  ,5.758611503579e-02  ,5.318291030927e+01  ,6.781583379707e-04  
  4.192396743694e-03  ,2.030348591093e-02  ,5.328019324487e+01  ,6.213601690751e-04  
  4.192528970638e-03  ,1.730844668645e-03  ,5.347375610476e+01  ,5.893592374409e-04  
  4.192669089237e-03  ,-1.047076590192e-03  ,5.367741697456e+01  ,5.801056169569e-04  
  4.192949326435e-03  ,3.089679687768e-04  ,5.408023941842e+01  ,5.717276583644e-04  
  4.193395836750e-03  ,1.567004204406e-03  ,5.470961248452e+01  ,5.572304692659e-04  
  4.194288857380e-03  ,1.675497913701e-03  ,5.592208179332e+01  ,5.254679896368e-04  
  4.196074898640e-03  ,1.354295600634e-03  ,5.815915704635e+01  ,4.631342384147e-04  
  4.199646981159e-03  ,1.145396309235e-03  ,6.186813920466e+01  ,3.473776368732e-04  
  4.202000000020e-03  ,8.843862791628e-04  ,6.374892027169e+01  ,2.762362894170e-04  
  4.202001000018e-03  ,5.775299740180e-01  ,6.374975704838e+01  ,-1.012299178509e-03  
  4.202001884774e-03  ,1.095115295373e+00  ,6.375050114470e+01  ,-2.187936778604e-03  
  4.202003654287e-03  ,2.160044725258e+00  ,6.375198620536e+01  ,-4.504838405618e-03  
  4.202007193313e-03  ,4.412149570907e+00  ,6.375493947087e+01  ,-8.958799534974e-03  
  4.202010000020e-03  ,6.312028668270e+00  ,6.375726604414e+01  ,-1.232510145661e-02  
  4.202010707825e-03  ,6.404318638444e+00  ,6.375775760354e+01  ,-1.224558992340e-02  
  4.202012123435e-03  ,6.586937767818e+00  ,6.375873025413e+01  ,-1.198562274427e-02  
  4.202014954656e-03  ,6.940708178401e+00  ,6.376067500478e+01  ,-1.146742469334e-02  
  4.202020617097e-03  ,7.604455375065e+00  ,6.376456881577e+01  ,-1.050030605947e-02  
  4.202031941980e-03  ,8.776909343956e+00  ,6.377236888624e+01  ,-8.792198167097e-03  
  4.202043351799e-03  ,9.773932650263e+00  ,6.378024098983e+01  ,-7.339734587774e-03  
  4.202051390975e-03  ,9.973513855280e+00  ,4.096828811533e+01  ,9.861682182597e+00  
  4.202059066564e-03  ,1.000037153413e+01  ,1.059511554274e+01  ,9.861858905164e+00  
  4.202063370764e-03  ,1.018931128174e+01  ,3.392869822522e+00  ,9.862774921364e+00  
  4.202067442506e-03  ,1.046811073673e+01  ,2.665082781532e+00  ,9.863852011811e+00  
  4.202069765225e-03  ,1.062556327009e+01  ,2.745878542908e+00  ,9.864501515570e+00  
  4.202072703734e-03  ,1.081676970526e+01  ,2.800922467566e+00  ,9.865327044732e+00  
  4.202078580752e-03  ,1.117399886216e+01  ,2.810547521270e+00  ,9.866979982748e+00  
  4.202090334788e-03  ,1.180016608991e+01  ,2.800117331969e+00  ,9.870293765172e+00  
  4.202102638676e-03  ,1.234932674448e+01  ,2.804310377535e+00  ,9.873762979601e+00  
  4.202127246454e-03  ,1.318309199336e+01  ,2.806536464749e+00  ,9.880701060984e+00  
  4.202176462009e-03  ,1.417076713169e+01  ,2.808958004577e+00  ,9.894576013097e+00  
  4.202274893120e-03  ,1.497941275676e+01  ,2.816889507184e+00  ,9.922320571395e+00  
  4.202403257683e-03  ,1.499977828669e+01  ,2.827173227115e+00  ,9.958491098269e+00  
  4.202629373863e-03  ,1.500012831226e+01  ,2.845229351892e+00  ,1.002217400285e+01  
  4.202869175270e-03  ,1.500011396625e+01  ,2.864402205467e+00  ,1.008966654250e+01  
  4.203348778084e-03  ,1.500019352790e+01  ,2.902685677522e+00  ,1.022451387944e+01  
  4.204307983711e-03  ,1.500023817316e+01  ,2.979096339270e+00  ,1.049365859992e+01  
  4.206226394966e-03  ,1.500032186731e+01  ,3.131295021821e+00  ,1.102975487139e+01  
  4.210063217476e-03  ,1.500033947587e+01  ,3.433219059154e+00  ,1.209323547292e+01  
  4.212010000020e-03  ,1.499977611773e+01  ,3.585159564280e+00  ,1.262842177692e+01  
  4.212011000018e-03  ,1.442099557939e+01  ,3.585090721154e+00  ,1.262869591771e+01  
  4.212013000126e-03  ,1.321333571237e+01  ,3.584859750615e+00  ,1.262924415170e+01  
  4.212017000343e-03  ,1.067209081238e+01  ,3.584415826527e+00  ,1.263034093633e+01  
  4.212020000020e-03  ,8.647229897380e+00  ,3.584143209101e+00  ,1.263116331887e+01  
  4.212020800063e-03  ,8.543556471950e+00  ,3.584197730097e+00  ,1.263138261577e+01  
  4.212022400076e-03  ,8.338705929772e+00  ,3.584393571277e+00  ,1.263182130947e+01  
  4.212025600100e-03  ,7.943567217605e+00  ,3.584919537522e+00  ,1.263269866647e+01  
  4.212032000149e-03  ,7.208164005168e+00  ,3.586014232676e+00  ,1.263445314915e+01  
  4.212044800246e-03  ,5.932585543621e+00  ,3.588969523302e+00  ,1.263796197523e+01  
  4.212058725381e-03  ,4.791965382783e+00  ,3.598837979870e+00  ,1.264177815589e+01  
  4.212067642236e-03  ,4.356475740341e+00  ,1.401139125600e+01  ,1.264357789450e+01  
  4.212076012218e-03  ,4.342002929388e+00  ,4.354227784170e+01  ,1.264363678517e+01  
  4.212082284862e-03  ,4.134405268957e+00  ,5.281250384052e+01  ,3.688493600420e-02  
  4.212085554922e-03  ,3.936600900705e+00  ,5.284158154985e+01  ,-2.055163088944e-01  
  4.212087125132e-03  ,3.843695301825e+00  ,5.282331167142e+01  ,-4.107326357256e-03  
  4.212090265552e-03  ,3.665015209510e+00  ,5.282649391498e+01  ,1.012856442217e-02  
  4.212096546391e-03  ,3.331772627467e+00  ,5.283627804887e+01  ,5.648022310303e-03  
  4.212109108070e-03  ,2.752494815744e+00  ,5.285512865316e+01  ,4.426783433500e-03  
  4.212134231428e-03  ,1.872056512755e+00  ,5.289264323087e+01  ,3.515455287358e-03  
  4.212173516849e-03  ,9.861398946319e-01  ,5.295122398845e+01  ,2.038097044769e-03  
  4.212218119005e-03  ,4.423894585856e-01  ,5.301751025822e+01  ,1.243197346286e-03  
  4.212263627151e-03  ,1.762177629594e-01  ,5.308495036215e+01  ,8.537274613581e-04  
  4.212332744697e-03  ,5.623168527950e-02  ,5.318704130827e+01  ,6.762914390612e-04  
  4.212413842777e-03  ,4.603266275324e-03  ,5.330635475447e+01  ,5.980208429691e-04  
  4.212510151962e-03  ,-7.864321349156e-03  ,5.344739199433e+01  ,5.762601971674e-04  
  4.212702770332e-03  ,-5.374822165763e-03  ,5.372734422698e+01  ,5.727274454150e-04  
  4.212993497947e-03  ,4.389901812854e-03  ,5.414452290450e+01  ,5.762572207393e-04  
  4.213574953178e-03  ,-2.522387075911e-05  ,5.495939267936e+01  ,5.486208074679e-04  
  4.214478654960e-03  ,1.130182534765e-03  ,5.617374515548e+01  ,5.179438872538e-04  
  4.215734644035e-03  ,1.472114373807e-03  ,5.775492063532e+01  ,4.749078950563e-04  
  4.218246622184e-03  ,1.203234298231e-03  ,6.054032086742e+01  ,3.922487645920e-04  
  4.222000000020e-03  ,8.929657531821e-04  ,6.375400187401e+01  ,2.767383621283e-04  
  4.222001000018e-03  ,5.775383787400e-01  ,6.375483870722e+01  ,-1.013231654211e-03  
  4.222001884868e-03  ,1.095178707245e+00  ,6.375558267371e+01  ,-2.187747904008e-03  
  4.222003654567e-03  ,2.160224509677e+00  ,6.375706775946e+01  ,-4.505181328848e-03  
  4.222007193965e-03  ,4.412587236029e+00  ,6.376002101650e+01  ,-8.959632111584e-03  
  4.222010000020e-03  ,6.311253002057e+00  ,6.376234689732e+01  ,-1.232628511325e-02  
  4.222010707900e-03  ,6.403560822375e+00  ,6.376283844119e+01  ,-1.224673336255e-02  
  4.222012123696e-03  ,6.584299813079e+00  ,6.376381095263e+01  ,-1.198654413716e-02  
  4.222014955289e-03  ,6.936696817529e+00  ,6.376575611597e+01  ,-1.147330575581e-02  
  4.222020618476e-03  ,7.600858118928e+00  ,6.376964988892e+01  ,-1.050551668707e-02  
  4.222031944848e-03  ,8.774025063720e+00  ,6.377744989415e+01  ,-8.796464542774e-03  
  4.222043354667e-03  ,9.771511394806e+00  ,6.378532089345e+01  ,-7.343303091774e-03  
  4.222051392354e-03  ,9.973411722058e+00  ,4.110064772936e+01  ,9.861751671845e+00  
  4.222059064962e-03  ,1.000020574511e+01  ,1.073538548035e+01  ,9.861922395487e+00  
  4.222063384808e-03  ,1.018789320390e+01  ,3.401350838625e+00  ,9.862838666179e+00  
  4.222067481138e-03  ,1.046833295267e+01  ,2.663243648987e+00  ,9.863918753800e+00  
  4.222069801621e-03  ,1.062564160153e+01  ,2.745352513592e+00  ,9.864567674108e+00  
  4.222072730072e-03  ,1.081621086305e+01  ,2.800917908132e+00  ,9.865390405049e+00  
  4.222078586973e-03  ,1.117231613043e+01  ,2.810639606264e+00  ,9.867037666327e+00  
  4.222090300776e-03  ,1.179678786118e+01  ,2.800081470831e+00  ,9.870340099018e+00  
  4.222102506317e-03  ,1.234247727397e+01  ,2.804314793425e+00  ,9.873781583557e+00  
  4.222126917399e-03  ,1.317275915683e+01  ,2.806540727041e+00  ,9.880664206856e+00  
  4.222175739564e-03  ,1.416025667746e+01  ,2.808914672916e+00  ,9.894428262487e+00  
  4.222273383893e-03  ,1.497369420587e+01  ,2.816786852584e+00  ,9.921951120490e+00  
  4.222401605405e-03  ,1.499968677679e+01  ,2.827057243402e+00  ,9.958081478640e+00  
  4.222626028813e-03  ,1.500015111459e+01  ,2.844977552706e+00  ,1.002128804654e+01  
  4.222865019597e-03  ,1.500013327565e+01  ,2.864086090157e+00  ,1.008855311357e+01  
  4.223343001164e-03  ,1.500023964966e+01  ,2.902240656477e+00  ,1.022294643228e+01  
  4.224298964299e-03  ,1.500029954517e+01  ,2.978394568045e+00  ,1.049118681794e+01  
  4.226210890569e-03  ,1.500041167956e+01  ,3.130083939084e+00  ,1.102548915911e+01  
  4.230034743108e-03  ,1.499972123269e+01  ,3.431006272642e+00  ,1.208544023936e+01  
  4.232010000020e-03  ,1.500000662008e+01  ,3.585176677727e+00  ,1.262848225488e+01  
  4.232011000018e-03  ,1.442270634958e+01  ,3.585107309375e+00  ,1.262875639521e+01  
  4.232013000126e-03  ,1.321499610908e+01  ,3.584876144571e+00  ,1.262930463059e+01  
  4.232017000343e-03  ,1.067365400402e+01  ,3.584432152710e+00  ,1.263040141315e+01  
  4.232020000020e-03  ,8.648723548406e+00  ,3.584159537321e+00  ,1.263122379520e+01  
  4.232020800063e-03  ,8.545032214807e+00  ,3.584214039454e+00  ,1.263144309201e+01  
  4.232022400076e-03  ,8.340146287348e+00  ,3.584409846974e+00  ,1.263188178541e+01  
  4.232025600100e-03  ,7.944939319645e+00  ,3.584935739746e+00  ,1.263275914183e+01  
  4.232032000149e-03  ,7.209409073301e+00  ,3.586030200342e+00  ,1.263451362355e+01  
  4.232044800246e-03  ,5.933610250374e+00  ,3.588984126140e+00  ,1.263802244766e+01  
  4.232058726871e-03  ,4.792681788062e+00  ,3.598837659126e+00  ,1.264183903603e+01  
  4.232067645216e-03  ,4.356519694803e+00  ,1.398279759337e+01  ,1.264364136119e+01  
  4.232076016689e-03  ,4.341976374970e+00  ,4.351411526116e+01  ,1.264370210366e+01  
  4.232082294548e-03  ,4.134583893331e+00  ,5.281534828893e+01  ,3.844871218633e-02  
  4.232085565725e-03  ,3.936710927821e+00  ,5.284463145938e+01  ,-2.059516702008e-01  
  4.232087135563e-03  ,3.843823738276e+00  ,5.282631934220e+01  ,-4.134861609240e-03  
  4.232090275237e-03  ,3.665179139351e+00  ,5.282949656937e+01  ,1.013805350473e-02  
  4.232096554587e-03  ,3.331997360342e+00  ,5.283927907829e+01  ,5.648814878282e-03  
  4.232109113285e-03  ,2.751209344555e+00  ,5.285807605976e+01  ,4.593880577309e-03  
  4.232134230683e-03  ,1.861484171452e+00  ,5.289559274995e+01  ,3.313824804552e-03  
  4.232175369808e-03  ,9.415093476521e-01  ,5.295689620229e+01  ,1.972229901086e-03  
  4.232221366713e-03  ,4.554488844418e-01  ,5.302523455104e+01  ,1.262165360096e-03  
  4.232269449780e-03  ,1.918552853402e-01  ,5.309646949310e+01  ,8.762622424682e-04  
  4.232324363539e-03  ,8.008179267526e-02  ,5.317758545134e+01  ,7.113256858850e-04  
  4.232413055250e-03  ,6.890814565065e-03  ,5.330809962702e+01  ,6.013497109735e-04  
  4.232507862398e-03  ,2.596523693927e-03  ,5.344694297337e+01  ,5.915599238157e-04  
  4.232697476694e-03  ,7.911049623735e-04  ,5.372257540621e+01  ,5.818747287184e-04  
  4.232919062922e-03  ,1.962766660745e-03  ,5.404120650787e+01  ,5.754275920630e-04  
  4.233362235377e-03  ,1.918006013292e-03  ,5.466715748645e+01  ,5.591062135985e-04  
  4.234248580286e-03  ,1.422169511450e-03  ,5.587347657392e+01  ,5.266453371487e-04  
  4.236021270106e-03  ,1.581876809324e-03  ,5.810110145972e+01  ,4.653964800364e-04  
  4.239566649744e-03  ,9.474542541291e-04  ,6.180267660332e+01  ,3.496557439921e-04  
  4.242000000020e-03  ,1.006547250094e-03  ,6.375604576019e+01  ,2.788038523339e-04  
  4.242001000018e-03  ,5.776503054732e-01  ,6.375688248312e+01  ,-1.012229966702e-03  
  4.242001884774e-03  ,1.095234021737e+00  ,6.375762630762e+01  ,-2.187892573466e-03  
  4.242003654287e-03  ,2.160160300334e+00  ,6.375911081941e+01  ,-4.504793347803e-03  
  4.242007193313e-03  ,4.412259085812e+00  ,6.376206298806e+01  ,-8.958762247074e-03  
  4.242010000020e-03  ,6.312133602671e+00  ,6.376438869166e+01  ,-1.232507085220e-02  
  4.242010707825e-03  ,6.404422454302e+00  ,6.376488003117e+01  ,-1.224555813647e-02  
  4.242012123435e-03  ,6.587039370361e+00  ,6.376585224241e+01  ,-1.198559388932e-02  
  4.242014954656e-03  ,6.940805493310e+00  ,6.376779611478e+01  ,-1.146740220930e-02  
  4.242020617097e-03  ,7.604544645469e+00  ,6.377168816865e+01  ,-1.050029526735e-02  
  4.242031941980e-03  ,8.776984404399e+00  ,6.377948472393e+01  ,-8.792208132374e-03  
  4.242043351799e-03  ,9.773995626922e+00  ,6.378735328487e+01  ,-7.339762235480e-03  
  4.242051390975e-03  ,9.973508763904e+00  ,4.097169361592e+01  ,9.860884701200e+00  
  4.242059066564e-03  ,1.000036081420e+01  ,1.059808626394e+01  ,9.861061042775e+00  
  4.242063370764e-03  ,1.018924733905e+01  ,3.392908845969e+00  ,9.861977196268e+00  
  4.242067442506e-03  ,1.046804729501e+01  ,2.664829934409e+00  ,9.863054180309e+00  
  4.242069764852e-03  ,1.062547738139e+01  ,2.745633894562e+00  ,9.863703587867e+00  
  4.242072702989e-03  ,1.081666403707e+01  ,2.800692534431e+00  ,9.864529020607e+00  
  4.242078579262e-03  ,1.117385884874e+01  ,2.810323043590e+00  ,9.866181762152e+00  
  4.242090331807e-03  ,1.180156893881e+01  ,2.805352728921e+00  ,9.869491808114e+00  
  4.242110275522e-03  ,1.264196329208e+01  ,2.804020402557e+00  ,9.875114955879e+00  
  4.242150162950e-03  ,1.373728034124e+01  ,2.808161352455e+00  ,9.886360821803e+00  
  4.242229937806e-03  ,1.477610241325e+01  ,2.813191227057e+00  ,9.908849054633e+00  
  4.242347394719e-03  ,1.516397096728e+01  ,2.822391399151e+00  ,9.941950881773e+00  
  4.242521106496e-03  ,1.497760538590e+01  ,2.836371798773e+00  ,9.990886563700e+00  
  4.242677866712e-03  ,1.497075249289e+01  ,2.848902697352e+00  ,1.003502611230e+01  
  4.242991387143e-03  ,1.501200734020e+01  ,2.873930376144e+00  ,1.012324633738e+01  
  4.243618428007e-03  ,1.499225664267e+01  ,2.923964130841e+00  ,1.029945156232e+01  
  4.244720112577e-03  ,1.499815382915e+01  ,3.011638005224e+00  ,1.060827811725e+01  
  4.246923481717e-03  ,1.500018854298e+01  ,3.186170303699e+00  ,1.122304427798e+01  
  4.251330219999e-03  ,1.499992804412e+01  ,3.531980716315e+00  ,1.244110747930e+01  
  4.252010000020e-03  ,1.500001286505e+01  ,3.584940540035e+00  ,1.262765058064e+01  
  4.252011000018e-03  ,1.442323108343e+01  ,3.584871017045e+00  ,1.262792472250e+01  
  4.252013000126e-03  ,1.321550539221e+01  ,3.584639795899e+00  ,1.262847296730e+01  
  4.252017000343e-03  ,1.067413347201e+01  ,3.584195783403e+00  ,1.262956975545e+01  
  4.252020000020e-03  ,8.649181686503e+00  ,3.583923161312e+00  ,1.263039214459e+01  
  4.252020800063e-03  ,8.545484859997e+00  ,3.583977654850e+00  ,1.263061144331e+01  
  4.252022400076e-03  ,8.340588078937e+00  ,3.584173446269e+00  ,1.263105014047e+01  
  4.252025600100e-03  ,7.945360175468e+00  ,3.584699306799e+00  ,1.263192750444e+01  
  4.252032000149e-03  ,7.209790964379e+00  ,3.585793670568e+00  ,1.263368200131e+01  
  4.252044800246e-03  ,5.933924549691e+00  ,3.588747070506e+00  ,1.263719085574e+01  
  4.252058726871e-03  ,4.792935545592e+00  ,3.598594521378e+00  ,1.264100747767e+01  
  4.252067645216e-03  ,4.356532181394e+00  ,1.397013882361e+01  ,1.264281083595e+01  
  4.252076016689e-03  ,4.341960818228e+00  ,4.349942668072e+01  ,1.264287248539e+01  
  4.252082296783e-03  ,4.134699969790e+00  ,5.281660077935e+01  ,3.932286160953e-02  
  4.252085568333e-03  ,3.936802662446e+00  ,5.284599749337e+01  ,-2.061902042350e-01  
  4.252088130588e-03  ,3.786651464777e+00  ,5.282883240590e+01  ,-1.737097741520e-03  
  4.252090905929e-03  ,3.630664461824e+00  ,5.283194707205e+01  ,7.843214953639e-03  
  4.252096456611e-03  ,3.337403703424e+00  ,5.284041494353e+01  ,5.601001440026e-03  
  4.252107557977e-03  ,2.819363779397e+00  ,5.285706619822e+01  ,4.578743853225e-03  
  4.252129760707e-03  ,2.007253740536e+00  ,5.289023040835e+01  ,3.658205995309e-03  
  4.252174166167e-03  ,9.673618453461e-01  ,5.295643860256e+01  ,2.010420444191e-03  
  4.252217457021e-03  ,4.397650876722e-01  ,5.302076552831e+01  ,1.239327245147e-03  
  4.252265033448e-03  ,1.637770177383e-01  ,5.309125750248e+01  ,8.354280888697e-04  
  4.252331206525e-03  ,5.550843635565e-02  ,5.318898267968e+01  ,6.751784205969e-04  
  4.252415117944e-03  ,1.370788622795e-02  ,5.331241419375e+01  ,6.111248608315e-04  
  4.252508411134e-03  ,-3.611638319177e-04  ,5.344901397562e+01  ,5.871424337604e-04  
  4.252694997514e-03  ,-3.213109149662e-03  ,5.372022219558e+01  ,5.760504031092e-04  
  4.253064832414e-03  ,6.046951102228e-05  ,5.424991827857e+01  ,5.671713694381e-04  
  4.253717145646e-03  ,2.740784139079e-03  ,5.515855134683e+01  ,5.474587141532e-04  
  4.255021772111e-03  ,6.324789454742e-04  ,5.687640418006e+01  ,4.981982212476e-04  
  4.257631025040e-03  ,2.082189717888e-03  ,5.990740935771e+01  ,4.127120264445e-04  
  4.262000000020e-03  ,1.216882058493e-04  ,6.375642115784e+01  ,2.753999303957e-04  
  4.262001000018e-03  ,5.767785929651e-01  ,6.375725814744e+01  ,-1.014976189725e-03  
  4.262001885426e-03  ,1.094759774151e+00  ,6.375800258831e+01  ,-2.189289425184e-03  
  4.262003656243e-03  ,2.160525016247e+00  ,6.375948883063e+01  ,-4.508337304109e-03  
  4.262007197877e-03  ,4.414475858942e+00  ,6.376244433915e+01  ,-8.965397549846e-03  
  4.262010000020e-03  ,6.310593653307e+00  ,6.376476729881e+01  ,-1.232721089545e-02  
  4.262010708347e-03  ,6.402966157384e+00  ,6.376525922846e+01  ,-1.224755978029e-02  
  4.262012125075e-03  ,6.583834050972e+00  ,6.376623253240e+01  ,-1.198718891619e-02  
  4.262014958530e-03  ,6.936476557445e+00  ,6.376817930568e+01  ,-1.147359213605e-02  
  4.262020625442e-03  ,7.600254501629e+00  ,6.377207634823e+01  ,-1.050643233939e-02  
  4.262031959265e-03  ,8.773582616413e+00  ,6.377988280280e+01  ,-8.797072378502e-03  
  4.262044029206e-03  ,9.824004655145e+00  ,6.378821095476e+01  ,-7.266791601550e-03  
  4.262052573532e-03  ,9.976797226616e+00  ,3.628905721526e+01  ,9.862594388327e+00  
  4.262060714036e-03  ,1.001058370454e+01  ,4.467192849982e+00  ,9.863660122755e+00  
  4.262064623356e-03  ,1.027354952070e+01  ,2.830662099365e+00  ,9.864119711807e+00  
  4.262066733360e-03  ,1.042113632329e+01  ,2.762707567335e+00  ,9.864702771342e+00  
  4.262069400295e-03  ,1.060271906293e+01  ,2.789326722705e+00  ,9.865445827541e+00  
  4.262074668601e-03  ,1.094074408243e+01  ,2.806671820103e+00  ,9.866923615312e+00  
  4.262083648041e-03  ,1.145916523307e+01  ,2.806205297826e+00  ,9.869450005145e+00  
  4.262101606920e-03  ,1.231304295278e+01  ,2.805135547814e+00  ,9.874509169029e+00  
  4.262137524679e-03  ,1.348981417986e+01  ,2.806943509198e+00  ,9.884632307412e+00  
  4.262209360197e-03  ,1.455501922351e+01  ,2.812174575852e+00  ,9.904883058106e+00  
  4.262333933904e-03  ,1.498740943490e+01  ,2.821885076918e+00  ,9.939991627641e+00  
  4.262466637686e-03  ,1.500009608049e+01  ,2.832552603814e+00  ,9.977377974899e+00  
  4.262711588934e-03  ,1.500289935242e+01  ,2.852103834354e+00  ,1.004635057893e+01  
  4.263108794287e-03  ,1.500102550988e+01  ,2.883828104260e+00  ,1.015809253711e+01  
  4.263903204992e-03  ,1.500139510402e+01  ,2.947168313360e+00  ,1.038119892240e+01  
  4.265492026403e-03  ,1.499982856035e+01  ,3.073422213167e+00  ,1.082590609917e+01  
  4.268669669226e-03  ,1.500000502579e+01  ,3.324228970870e+00  ,1.170933413177e+01  
  4.272010000020e-03  ,1.499989408346e+01  ,3.585451161292e+00  ,1.262944878866e+01  
  4.272011000018e-03  ,1.442325230330e+01  ,3.585381553548e+00  ,1.262972292504e+01  
  4.272013000126e-03  ,1.321552598697e+01  ,3.585150299792e+00  ,1.263027116181e+01  
  4.272017000343e-03  ,1.067415286112e+01  ,3.584706281748e+00  ,1.263136792775e+01  
  4.272020000020e-03  ,8.649200213325e+00  ,3.584433673546e+00  ,1.263219030157e+01  
  4.272020800063e-03  ,8.545503164795e+00  ,3.584488173139e+00  ,1.263240959620e+01  
  4.272022400076e-03  ,8.340605945037e+00  ,3.584683976626e+00  ,1.263284828520e+01  
  4.272025600100e-03  ,7.945377195325e+00  ,3.585209856728e+00  ,1.263372563284e+01  
  4.272032000149e-03  ,7.209806409477e+00  ,3.586304270361e+00  ,1.263548009703e+01  
  4.272044800246e-03  ,5.933937265128e+00  ,3.589257880948e+00  ,1.263898888609e+01  
  4.272058726871e-03  ,4.792945834070e+00  ,3.599106452378e+00  ,1.264280543678e+01  
  4.272067645216e-03  ,4.356544034058e+00  ,1.397083035050e+01  ,1.264460869457e+01  
  4.272076016689e-03  ,4.341971437164e+00  ,4.350012451025e+01  ,1.264467030026e+01  
  4.272082296038e-03  ,4.134729221294e+00  ,5.281560890532e+01  ,3.933643856138e-02  
  4.272085567215e-03  ,3.936852461976e+00  ,5.284500658269e+01  ,-2.061798750539e-01  
  4.272087136494e-03  ,3.843994090593e+00  ,5.282667236959e+01  ,-4.151304743116e-03  
  4.272090275051e-03  ,3.665403706183e+00  ,5.282984625522e+01  ,1.014408127953e-02  
  4.272096552165e-03  ,3.332314967308e+00  ,5.283962715797e+01  ,5.649694893192e-03  
  4.272109106393e-03  ,2.751661584723e+00  ,5.285841987709e+01  ,4.594581507609e-03  
  4.272134214850e-03  ,1.862063180190e+00  ,5.289592798523e+01  ,3.314738608974e-03  
  4.272175371857e-03  ,9.415080793251e-01  ,5.295726586733e+01  ,1.972298486536e-03  
  4.272221362801e-03  ,4.554950867393e-01  ,5.302560400508e+01  ,1.262303084706e-03  
  4.272269457789e-03  ,1.918284465950e-01  ,5.309686562533e+01  ,8.762929466555e-04  
  4.272324359627e-03  ,8.008799683666e-02  ,5.317797425272e+01  ,7.114047755197e-04  
  4.272413051339e-03  ,6.895402711855e-03  ,5.330850504423e+01  ,6.014261173322e-04  
  4.272507846566e-03  ,2.597776179869e-03  ,5.344734869390e+01  ,5.916315515666e-04  
  4.272697437020e-03  ,7.906533863838e-04  ,5.372298212061e+01  ,5.819440562015e-04  
  4.272919047089e-03  ,1.963209807963e-03  ,5.404168895867e+01  ,5.754965207888e-04  
  4.273362267228e-03  ,1.918388102015e-03  ,5.466778824928e+01  ,5.591717121027e-04  
  4.274248707505e-03  ,1.422242434323e-03  ,5.587439113588e+01  ,5.267040227228e-04  
  4.276021588059e-03  ,1.582161882431e-03  ,5.810253086929e+01  ,4.654435717191e-04  
  4.279567349167e-03  ,9.474566118086e-04  ,6.180491715662e+01  ,3.496817288260e-04  
  4.282000000020e-03  ,1.006796168731e-03  ,6.375799385131e+01  ,2.788472624413e-04  
  4.282001000018e-03  ,5.776505530375e-01  ,6.375883070504e+01  ,-1.012187774253e-03  
  4.282001884774e-03  ,1.095234268096e+00  ,6.375957464521e+01  ,-2.187851042893e-03  
  4.282003654287e-03  ,2.160160544323e+00  ,6.376105938819e+01  ,-4.504751650771e-03  
  4.282007193313e-03  ,4.412259325242e+00  ,6.376401201922e+01  ,-8.958720493442e-03  
  4.282010000020e-03  ,6.312133838656e+00  ,6.376633808950e+01  ,-1.232502908246e-02  
  4.282010707825e-03  ,6.404422689448e+00  ,6.376682952160e+01  ,-1.224551552267e-02  
  4.282012123435e-03  ,6.587039603849e+00  ,6.376780191817e+01  ,-1.198555110270e-02  
  4.282014954656e-03  ,6.940805723587e+00  ,6.376974616122e+01  ,-1.146735951589e-02  
  4.282020617097e-03  ,7.604544869717e+00  ,6.377363895627e+01  ,-1.050025261201e-02  
  4.282031941980e-03  ,8.776984617987e+00  ,6.378143699321e+01  ,-8.792165531615e-03  
  4.282043351799e-03  ,9.773995831429e+00  ,6.378930704593e+01  ,-7.339719689035e-03  
  4.282051390975e-03  ,9.973512615950e+00  ,4.097396069433e+01  ,9.861734272897e+00  
  4.282059066564e-03  ,1.000036309843e+01  ,1.060026462757e+01  ,9.861910468698e+00  
  4.282063370764e-03  ,1.018921679199e+01  ,3.393291605962e+00  ,9.862826643875e+00  
  4.282067443251e-03  ,1.046806707497e+01  ,2.665012446959e+00  ,9.863903736057e+00  
  4.282069765597e-03  ,1.062549695036e+01  ,2.745863824903e+00  ,9.864553139562e+00  
  4.282072703734e-03  ,1.081668289215e+01  ,2.800936537545e+00  ,9.865378565531e+00  
  4.282078580007e-03  ,1.117387608208e+01  ,2.810566140713e+00  ,9.867031292576e+00  
  4.282090332553e-03  ,1.180158332498e+01  ,2.805594065233e+00  ,9.870341309885e+00  
  4.282110273286e-03  ,1.264186480836e+01  ,2.804261467736e+00  ,9.875963569264e+00  
  4.282150154754e-03  ,1.373710193026e+01  ,2.808401920028e+00  ,9.887207658661e+00  
  4.282229917690e-03  ,1.477594791320e+01  ,2.813430714416e+00  ,9.909692339576e+00  
  4.282347374603e-03  ,1.516395666330e+01  ,2.822630732239e+00  ,9.942793885502e+00  
  4.282521062538e-03  ,1.497761838205e+01  ,2.836609100272e+00  ,9.991722437102e+00  
  4.282677822754e-03  ,1.497075622491e+01  ,2.849139896692e+00  ,1.003586161379e+01  
  4.282991343185e-03  ,1.501200581734e+01  ,2.874167366059e+00  ,1.012408109553e+01  
  4.283618384048e-03  ,1.499225763557e+01  ,2.924200698452e+00  ,1.030028483578e+01  
  4.284720068618e-03  ,1.499815407085e+01  ,3.011873834274e+00  ,1.060910878853e+01  
  4.286923437759e-03  ,1.500018852547e+01  ,3.186404662158e+00  ,1.122386976926e+01  
  4.291330176040e-03  ,1.499992805971e+01  ,3.532212160899e+00  ,1.244192270722e+01  
  4.292010000020e-03  ,1.500001286676e+01  ,3.585174959753e+00  ,1.262847628801e+01  
  4.292011000018e-03  ,1.442323110098e+01  ,3.585105434707e+00  ,1.262875042753e+01  
  4.292013000126e-03  ,1.321550540924e+01  ,3.584874212191e+00  ,1.262929866764e+01  
  4.292017000343e-03  ,1.067413348810e+01  ,3.584430201471e+00  ,1.263039544642e+01  
  4.292020000020e-03  ,8.649181701983e+00  ,3.584157584422e+00  ,1.263121782852e+01  
  4.292020800063e-03  ,8.545484875341e+00  ,3.584212081124e+00  ,1.263143712536e+01  
  4.292022400076e-03  ,8.340588094014e+00  ,3.584407878488e+00  ,1.263187581878e+01  
  4.292025600100e-03  ,7.945360190011e+00  ,3.584933748365e+00  ,1.263275317525e+01  
  4.292032000149e-03  ,7.209790978034e+00  ,3.586028136410e+00  ,1.263450765711e+01  
  4.292044800246e-03  ,5.933924562733e+00  ,3.588981640839e+00  ,1.263801648152e+01  
  4.292058726871e-03  ,4.792935566194e+00  ,3.598829707446e+00  ,1.264183307073e+01  
  4.292067645216e-03  ,4.356537297006e+00  ,1.397068086753e+01  ,1.264363636551e+01  
  4.292076016689e-03  ,4.341965888162e+00  ,4.350000851312e+01  ,1.264369798685e+01  
  4.292082296783e-03  ,4.134723746936e+00  ,5.281820290654e+01  ,3.942030864564e-02  
  4.292085568333e-03  ,3.936825629041e+00  ,5.284761183646e+01  ,-2.062088379338e-01  
  4.292088130588e-03  ,3.786673542431e+00  ,5.283044531230e+01  ,-1.738159928515e-03  
  4.292090905929e-03  ,3.630685639878e+00  ,5.283356021580e+01  ,7.843415177863e-03  
  4.292096456611e-03  ,3.337423188408e+00  ,5.284202883314e+01  ,5.601085580717e-03  
  4.292107557977e-03  ,2.819380263055e+00  ,5.285868156497e+01  ,4.578796345802e-03  
  4.292129760707e-03  ,2.007265518945e+00  ,5.289184871882e+01  ,3.658278552731e-03  
  4.292174166167e-03  ,9.673675987751e-01  ,5.295806279797e+01  ,2.010470713744e-03  
  4.292217457021e-03  ,4.397677841292e-01  ,5.302239544788e+01  ,1.239372885682e-03  
  4.292265033448e-03  ,1.637781149130e-01  ,5.309289369956e+01  ,8.354712693078e-04  
  4.292331206525e-03  ,5.550890582074e-02  ,5.319062758502e+01  ,6.752204954925e-04  
  4.292415117944e-03  ,1.370811295055e-02  ,5.331407010333e+01  ,6.111663391540e-04  
  4.292508411134e-03  ,-3.610192520221e-04  ,5.345068206935e+01  ,5.871835236202e-04  
  4.292694997514e-03  ,-3.212982362019e-03  ,5.372191449796e+01  ,5.760909332991e-04  
  4.293064832414e-03  ,6.061273308327e-05  ,5.425165793269e+01  ,5.672108813167e-04  
  4.293717145646e-03  ,2.740938377510e-03  ,5.516037245511e+01  ,5.474964720665e-04  
  4.295021772111e-03  ,6.326117816565e-04  ,5.687838016456e+01  ,4.982325674914e-04  
  4.297631025040e-03  ,2.082312063272e-03  ,5.990966219625e+01  ,4.127402543137e-04  
  4.302000000020e-03  ,1.217665551125e-04  ,6.375903692497e+01  ,2.754193457167e-04  
  4.302001000018e-03  ,5.767786713643e-01  ,6.375987398297e+01  ,-1.014957775967e-03  
  4.302001885520e-03  ,1.094814977625e+00  ,6.376061856258e+01  ,-2.189394114489e-03  
  4.302003656523e-03  ,2.160696822952e+00  ,6.376210508155e+01  ,-4.508679356249e-03  
  4.302007198529e-03  ,4.414906007509e+00  ,6.376506113986e+01  ,-8.966177351261e-03  
  4.302010000020e-03  ,6.310594313535e+00  ,6.376738374871e+01  ,-1.232719153876e-02  
  4.302010708421e-03  ,6.402976424386e+00  ,6.376787577795e+01  ,-1.224752567634e-02  
  4.302012125149e-03  ,6.585378926002e+00  ,6.376884924885e+01  ,-1.198691576554e-02  
  4.302014958605e-03  ,6.939179416375e+00  ,6.377079592094e+01  ,-1.146964132170e-02  
  4.302020625517e-03  ,7.603705766530e+00  ,6.377469329195e+01  ,-1.050143556178e-02  
  4.302031959340e-03  ,8.774676476174e+00  ,6.378250086098e+01  ,-8.795422850567e-03  
  4.302044029280e-03  ,9.824218492945e+00  ,6.379082994737e+01  ,-7.266461240998e-03  
  4.302052572116e-03  ,9.976796796550e+00  ,3.629657444584e+01  ,9.863203964938e+00  
  4.302060711130e-03  ,1.001055979952e+01  ,4.479271524284e+00  ,9.864263275559e+00  
  4.302064621195e-03  ,1.027338194023e+01  ,2.832328331564e+00  ,9.864728420050e+00  
  4.302066733435e-03  ,1.042111320657e+01  ,2.762950010384e+00  ,9.865311944096e+00  
  4.302069402605e-03  ,1.060284350686e+01  ,2.789374071469e+00  ,9.866055665298e+00  
  4.302074666440e-03  ,1.094058394818e+01  ,2.806797639864e+00  ,9.867532186398e+00  
  4.302083607137e-03  ,1.145692741835e+01  ,2.806380183419e+00  ,9.870047661618e+00  
  4.302101488530e-03  ,1.230805882881e+01  ,2.805306934603e+00  ,9.875084966324e+00  
  4.302137251317e-03  ,1.348278931857e+01  ,2.807099044276e+00  ,9.885164369100e+00  
  4.302208776891e-03  ,1.454995558403e+01  ,2.812303210880e+00  ,9.905327643542e+00  
  4.302333350599e-03  ,1.498726555024e+01  ,2.822011308801e+00  ,9.940436054329e+00  
  4.302465696752e-03  ,1.500007928238e+01  ,2.832650141993e+00  ,9.977721499794e+00  
  4.302710266530e-03  ,1.500292992696e+01  ,2.852170797126e+00  ,1.004658648958e+01  
  4.303104944646e-03  ,1.500104037383e+01  ,2.883693267325e+00  ,1.015761761833e+01  
  4.303894300878e-03  ,1.500141837566e+01  ,2.946631219655e+00  ,1.037930713000e+01  
  4.305473013341e-03  ,1.499982550066e+01  ,3.072086034736e+00  ,1.082119961462e+01  
  4.308630438268e-03  ,1.500000391409e+01  ,3.321316045359e+00  ,1.169907380249e+01  
  4.312010000020e-03  ,1.499989225210e+01  ,3.585619367686e+00  ,1.263004126351e+01  
  4.312011000018e-03  ,1.442325049928e+01  ,3.585549757813e+00  ,1.263031539821e+01  
  4.312013000126e-03  ,1.321552423607e+01  ,3.585318502871e+00  ,1.263086363162e+01  
  4.312017000343e-03  ,1.067415121276e+01  ,3.584874486035e+00  ,1.263196039083e+01  
  4.312020000020e-03  ,8.649198638369e+00  ,3.584601881505e+00  ,1.263278275961e+01  
  4.312020800063e-03  ,8.545501608758e+00  ,3.584656383377e+00  ,1.263300205289e+01  
  4.312022400076e-03  ,8.340604426382e+00  ,3.584852191156e+00  ,1.263344073920e+01  
  4.312025600100e-03  ,7.945375748766e+00  ,3.585378078046e+00  ,1.263431808146e+01  
  4.312032000149e-03  ,7.209805097174e+00  ,3.586472509347e+00  ,1.263607253488e+01  
  4.312044800246e-03  ,5.933936186381e+00  ,3.589426196368e+00  ,1.263958130240e+01  
  4.312058726871e-03  ,4.792944970309e+00  ,3.599275228511e+00  ,1.264339782961e+01  
  4.312067645216e-03  ,4.356547643447e+00  ,1.397126120820e+01  ,1.264520103877e+01  
  4.312076016689e-03  ,4.341975111073e+00  ,4.350059080836e+01  ,1.264526262503e+01  
  4.312082296783e-03  ,4.134717290307e+00  ,5.281772716898e+01  ,3.933930390181e-02  
  4.312085568333e-03  ,3.936819235703e+00  ,5.284712664515e+01  ,-2.061881314773e-01  
  4.312088130588e-03  ,3.786667432494e+00  ,5.282996297233e+01  ,-1.736879284828e-03  
  4.312090905929e-03  ,3.630679795455e+00  ,5.283307891239e+01  ,7.843367749426e-03  
  4.312096456611e-03  ,3.337417843153e+00  ,5.284154931903e+01  ,5.601189919432e-03  
  4.312107557977e-03  ,2.819375808669e+00  ,5.285820566856e+01  ,4.578935119154e-03  
  4.312129760707e-03  ,2.007262461306e+00  ,5.289138006609e+01  ,3.658386392069e-03  
  4.312174166167e-03  ,9.673663293936e-01  ,5.295760861569e+01  ,2.010597148238e-03  
  4.312217457021e-03  ,4.397674219042e-01  ,5.302195536350e+01  ,1.239500440722e-03  
  4.312265033448e-03  ,1.637782270452e-01  ,5.309246909605e+01  ,8.355992030720e-04  
  4.312331206525e-03  ,5.550920369507e-02  ,5.319022449121e+01  ,6.753482787792e-04  
  4.312415117944e-03  ,1.370848210692e-02  ,5.331369424732e+01  ,6.112936943095e-04  
  4.312508411134e-03  ,-3.606265869354e-04  ,5.345033644642e+01  ,5.873103255511e-04  
  4.312694997514e-03  ,-3.212586189442e-03  ,5.372162918111e+01  ,5.762165761027e-04  
  4.313064832414e-03  ,6.100043921856e-05  ,5.425149150509e+01  ,5.673342440372e-04  
  4.313717145646e-03  ,2.741316266069e-03  ,5.516041357458e+01  ,5.476159998674e-04  
  4.315021772111e-03  ,6.329821273202e-04  ,5.687882760549e+01  ,4.983448321559e-04  
  4.317631025040e-03  ,2.082654806802e-03  ,5.991088338310e+01  ,4.128396152533e-04  
  4.322000000020e-03  ,1.220650199510e-04  ,6.376142054344e+01  ,2.755006667211e-04  
  4.322001000018e-03  ,5.767789697925e-01  ,6.376225784689e+01  ,-1.014876887058e-03  
  4.322001885520e-03  ,1.094815276018e+00  ,6.376300264381e+01  ,-2.189313434423e-03  
  4.322003656523e-03  ,2.160697121275e+00  ,6.376448959732e+01  ,-4.508598614689e-03  
  4.322007198529e-03  ,4.414906305697e+00  ,6.376744652473e+01  ,-8.966096556336e-03  
  4.322010000020e-03  ,6.310594611019e+00  ,6.376976982094e+01  ,-1.232711071415e-02  
  4.322010708421e-03  ,6.402976721841e+00  ,6.377026202423e+01  ,-1.224744377342e-02  
  4.322012125149e-03  ,6.585379223407e+00  ,6.377123584344e+01  ,-1.198683367323e-02  
  4.322014958605e-03  ,6.939179713679e+00  ,6.377318321213e+01  ,-1.146955930828e-02  
  4.322020625517e-03  ,7.603706063641e+00  ,6.377708197607e+01  ,-1.050135359082e-02  
  4.322031959340e-03  ,8.774676772927e+00  ,6.378489232991e+01  ,-8.795340940276e-03  
  4.322044029280e-03  ,9.824218789349e+00  ,6.379322438023e+01  ,-7.266379404855e-03  
  4.322052572116e-03  ,9.976803768406e+00  ,3.629953439257e+01  ,9.864667187968e+00  
  4.322060711130e-03  ,1.001056289192e+01  ,4.481990059927e+00  ,9.865726400293e+00  
  4.322064621195e-03  ,1.027334652050e+01  ,2.833045509827e+00  ,9.866191424678e+00  
  4.322066733807e-03  ,1.042110159265e+01  ,2.763383523232e+00  ,9.866775011609e+00  
  4.322069403350e-03  ,1.060285669234e+01  ,2.789766684089e+00  ,9.867518835713e+00  
  4.322074666440e-03  ,1.094055028132e+01  ,2.807204348243e+00  ,9.868995125102e+00  
  4.322083599686e-03  ,1.145649442792e+01  ,2.806796071198e+00  ,9.871508467151e+00  
  4.322101466179e-03  ,1.230709753845e+01  ,2.805722114864e+00  ,9.876541499850e+00  
  4.322137199163e-03  ,1.348143445355e+01  ,2.807511056742e+00  ,9.886612355387e+00  
  4.322208665132e-03  ,1.454897641351e+01  ,2.812709921289e+00  ,9.906758534547e+00  
  4.322333238840e-03  ,1.498723772603e+01  ,2.822417412358e+00  ,9.941866439057e+00  
  4.322465513468e-03  ,1.500007586826e+01  ,2.833050358098e+00  ,9.979131200581e+00  
  4.322710035562e-03  ,1.500293602674e+01  ,2.852566923005e+00  ,1.004798179015e+01  
  4.323104189157e-03  ,1.500104329667e+01  ,2.884047082766e+00  ,1.015886388233e+01  
  4.323892496347e-03  ,1.500142294164e+01  ,2.946900693093e+00  ,1.038025631524e+01  
  4.325469110727e-03  ,1.499982490516e+01  ,3.072187952196e+00  ,1.082155860218e+01  
  4.328622339487e-03  ,1.500000369041e+01  ,3.321087303082e+00  ,1.169826809328e+01  
  4.332010000020e-03  ,1.499989189394e+01  ,3.586023161020e+00  ,1.263146356214e+01  
  4.332011000018e-03  ,1.442325014644e+01  ,3.585953547485e+00  ,1.263173769281e+01  
  4.332013000126e-03  ,1.321552389361e+01  ,3.585722290148e+00  ,1.263228591813e+01  
  4.332017000343e-03  ,1.067415089045e+01  ,3.585278276359e+00  ,1.263338266120e+01  
  4.332020000020e-03  ,8.649198330575e+00  ,3.585005680524e+00  ,1.263420501786e+01  
  4.332020800063e-03  ,8.545501304743e+00  ,3.585060187849e+00  ,1.263442430791e+01  
  4.332022400076e-03  ,8.340604129829e+00  ,3.585256005874e+00  ,1.263486298776e+01  
  4.332025600100e-03  ,7.945375466578e+00  ,3.585781908880e+00  ,1.263574031710e+01  
  4.332032000149e-03  ,7.209804841901e+00  ,3.586876382050e+00  ,1.263749474467e+01  
  4.332044800246e-03  ,5.933935979394e+00  ,3.589830249367e+00  ,1.264100346048e+01  
  4.332058726871e-03  ,4.792944820536e+00  ,3.599680346139e+00  ,1.264481993133e+01  
  4.332067645216e-03  ,4.356556441666e+00  ,1.397220369339e+01  ,1.264662303023e+01  
  4.332076016689e-03  ,4.341983851078e+00  ,4.350160327421e+01  ,1.264668456430e+01  
  4.332082296783e-03  ,4.134744556876e+00  ,5.281969294800e+01  ,3.943653631681e-02  
  4.332085568333e-03  ,3.936845529968e+00  ,5.284910473640e+01  ,-2.062048167893e-01  
  4.332088130588e-03  ,3.786692719391e+00  ,5.283194011372e+01  ,-1.737810693751e-03  
  4.332090905929e-03  ,3.630704056318e+00  ,5.283505661350e+01  ,7.843591250619e-03  
  4.332096456611e-03  ,3.337440172697e+00  ,5.284352838783e+01  ,5.601317689343e-03  
  4.332107557977e-03  ,2.819394716125e+00  ,5.286018746641e+01  ,4.579034591359e-03  
  4.332129760707e-03  ,2.007276003908e+00  ,5.289336731160e+01  ,3.658500991573e-03  
  4.332174166167e-03  ,9.673730023299e-01  ,5.295960674839e+01  ,2.010690072750e-03  
  4.332217457021e-03  ,4.397706092380e-01  ,5.302396409132e+01  ,1.239588025323e-03  
  4.332265033448e-03  ,1.637795907873e-01  ,5.309448944781e+01  ,8.356838909272e-04  
  4.332331206525e-03  ,5.550985155783e-02  ,5.319226097569e+01  ,6.754315811978e-04  
  4.332415117944e-03  ,1.370885297061e-02  ,5.331575113089e+01  ,6.113761585805e-04  
  4.332508411134e-03  ,-3.603496377607e-04  ,5.345241593325e+01  ,5.873921722880e-04  
  4.332694997514e-03  ,-3.212330046080e-03  ,5.372375363173e+01  ,5.762974385639e-04  
  4.333064832414e-03  ,6.127427373749e-05  ,5.425370411500e+01  ,5.674132707535e-04  
  4.333717145646e-03  ,2.741600760504e-03  ,5.516277852237e+01  ,5.476918877088e-04  
  4.335021772111e-03  ,6.332382215046e-04  ,5.688148485378e+01  ,4.984146643157e-04  
  4.337631025040e-03  ,2.082890235409e-03  ,5.991407387388e+01  ,4.128986113756e-04  
  4.342000000020e-03  ,1.222327322538e-04  ,6.376534358924e+01  ,2.755441823568e-04  
  4.342001000018e-03  ,5.767791375550e-01  ,6.376618103672e+01  ,-1.014834763491e-03  
  4.342001885613e-03  ,1.094870568979e+00  ,6.376692603935e+01  ,-2.189394465041e-03  
  4.342003656802e-03  ,2.160869017858e+00  ,6.376841340345e+01  ,-4.508916985951e-03  
  4.342007199180e-03  ,4.415336548381e+00  ,6.377137114850e+01  ,-8.966852643490e-03  
  4.342010000020e-03  ,6.311377097520e+00  ,6.377369420344e+01  ,-1.232591096832e-02  
  4.342010708496e-03  ,6.403760504003e+00  ,6.377418656273e+01  ,-1.224625744173e-02  
  4.342012125410e-03  ,6.586170063459e+00  ,6.377516071650e+01  ,-1.198563782360e-02  
  4.342014959238e-03  ,6.939982823662e+00  ,6.377710875417e+01  ,-1.146834527903e-02  
  4.342020626895e-03  ,7.604526820604e+00  ,6.378100885626e+01  ,-1.050011393310e-02  
  4.342031962208e-03  ,8.775509381842e+00  ,6.378882188626e+01  ,-8.794084097979e-03  
  4.342044033639e-03  ,9.825031115071e+00  ,6.379715672350e+01  ,-7.265152016449e-03  
  4.342052577965e-03  ,9.976845952224e+00  ,3.625702844854e+01  ,9.865788637140e+00  
  4.342060719959e-03  ,1.001067608395e+01  ,4.432240843014e+00  ,9.866825124832e+00  
  4.342064624063e-03  ,1.027386387481e+01  ,2.827198193219e+00  ,9.867315686243e+00  
  4.342066726617e-03  ,1.042097068429e+01  ,2.763410354960e+00  ,9.867897064901e+00  
  4.342069386475e-03  ,1.060209508323e+01  ,2.790604983936e+00  ,9.868638034090e+00  
  4.342074666701e-03  ,1.094090125812e+01  ,2.807720815384e+00  ,9.870119131475e+00  
  4.342083763860e-03  ,1.146566975132e+01  ,2.807108186168e+00  ,9.872678556675e+00  
  4.342101958178e-03  ,1.232792050800e+01  ,2.806048104429e+00  ,9.877803880640e+00  
  4.342138346813e-03  ,1.348376468434e+01  ,2.807903879455e+00  ,9.888062934505e+00  
  4.342211124085e-03  ,1.456227112638e+01  ,2.813237341498e+00  ,9.908578434324e+00  
  4.342324253700e-03  ,1.509511194866e+01  ,2.822001705256e+00  ,9.940460986850e+00  
  4.342467400215e-03  ,1.514074776742e+01  ,2.833430634757e+00  ,9.980788530999e+00  
  4.342724415444e-03  ,1.505125636262e+01  ,2.854014044096e+00  ,1.005315435315e+01  
  4.343087097786e-03  ,1.497615788704e+01  ,2.883012905736e+00  ,1.015518229909e+01  
  4.343812462471e-03  ,1.501660077466e+01  ,2.940837458918e+00  ,1.035892326813e+01  
  4.345263191841e-03  ,1.500349807543e+01  ,3.056171680857e+00  ,1.076514965014e+01  
  4.347816368721e-03  ,1.499694971108e+01  ,3.257994502149e+00  ,1.147602856834e+01  
  4.352010000020e-03  ,1.500294012128e+01  ,3.586327660087e+00  ,1.263254145328e+01  
  4.352011000018e-03  ,1.442625283075e+01  ,3.586258074652e+00  ,1.263281558081e+01  
  4.352013000126e-03  ,1.321843816796e+01  ,3.586026848125e+00  ,1.263336380051e+01  
  4.352017000343e-03  ,1.067689455500e+01  ,3.585582843934e+00  ,1.263446053102e+01  
  4.352020000020e-03  ,8.651819939215e+00  ,3.585310205837e+00  ,1.263528287855e+01  
  4.352020800063e-03  ,8.548091481707e+00  ,3.585364694581e+00  ,1.263550216624e+01  
  4.352022400076e-03  ,8.343132199878e+00  ,3.585560468817e+00  ,1.263594084114e+01  
  4.352025600100e-03  ,7.947783736861e+00  ,3.586086251669e+00  ,1.263681816064e+01  
  4.352032000149e-03  ,7.211990146839e+00  ,3.587180343865e+00  ,1.263857256884e+01  
  4.352044800246e-03  ,5.935734515083e+00  ,3.590131942936e+00  ,1.264208124590e+01  
  4.352058726871e-03  ,4.794396986899e+00  ,3.599951695614e+00  ,1.264589767749e+01  
  4.352067645216e-03  ,4.356664194957e+00  ,1.390361113652e+01  ,1.264770624128e+01  
  4.352076018179e-03  ,4.341929732267e+00  ,4.342703122925e+01  ,1.264777250188e+01  
  4.352082307959e-03  ,4.135461043941e+00  ,5.282583310480e+01  ,4.418035970595e-02  
  4.352085580626e-03  ,3.937478855971e+00  ,5.285585550455e+01  ,-2.073845107648e-01  
  4.352088139528e-03  ,3.787492810954e+00  ,5.283857566592e+01  ,-1.833139726621e-03  
  4.352090913380e-03  ,3.631553438149e+00  ,5.284167908520e+01  ,7.857345752454e-03  
  4.352096461082e-03  ,3.338372617603e+00  ,5.285014802526e+01  ,5.604075983067e-03  
  4.352107556486e-03  ,2.820438997109e+00  ,5.286679937896e+01  ,4.579166318432e-03  
  4.352129747296e-03  ,2.002125292909e+00  ,5.289997743952e+01  ,3.518478891909e-03  
  4.352174128914e-03  ,9.603228268481e-01  ,5.296617180778e+01  ,2.000012701887e-03  
  4.352220036412e-03  ,4.090800875731e-01  ,5.303441724576e+01  ,1.194826117898e-03  
  4.352266379023e-03  ,1.524927795206e-01  ,5.310310883868e+01  ,8.191793130505e-04  
  4.352335210467e-03  ,4.910729575960e-02  ,5.320479836109e+01  ,6.659439983242e-04  
  4.352416618491e-03  ,1.296515605757e-02  ,5.332459303639e+01  ,6.102294378624e-04  
  4.352513416434e-03  ,-2.528229296444e-04  ,5.346637513649e+01  ,5.873545460174e-04  
  4.352707012320e-03  ,-2.813171351378e-03  ,5.374779468363e+01  ,5.764249855121e-04  
  4.353094204092e-03  ,2.494710415554e-04  ,5.430202847677e+01  ,5.665987484975e-04  
  4.353787716055e-03  ,2.632906150518e-03  ,5.526587895274e+01  ,5.449852030224e-04  
  4.355174739981e-03  ,6.923672861974e-04  ,5.708102639930e+01  ,4.931763407553e-04  
  4.357948787833e-03  ,1.990162544375e-03  ,6.025293874987e+01  ,4.024449620281e-04  
  4.362000000020e-03  ,1.836190875941e-04  ,6.377178344419e+01  ,2.760126944894e-04  
  4.362001000018e-03  ,5.768396228152e-01  ,6.377262067582e+01  ,-1.014439023494e-03  
  4.362001885613e-03  ,1.094930246781e+00  ,6.377336553728e+01  ,-2.189549594627e-03  
  4.362003656802e-03  ,2.160927107775e+00  ,6.377485249286e+01  ,-4.508944361957e-03  
  4.362007199180e-03  ,4.415391585267e+00  ,6.377780944509e+01  ,-8.966861716991e-03  
  4.362010000020e-03  ,6.311429833585e+00  ,6.378013186215e+01  ,-1.232592673886e-02  
  4.362010708496e-03  ,6.403812676560e+00  ,6.378062406416e+01  ,-1.224627544663e-02  
  4.362012125410e-03  ,6.586608984277e+00  ,6.378159797349e+01  ,-1.198604854623e-02  
  4.362014959238e-03  ,6.940712318527e+00  ,6.378354525110e+01  ,-1.146736605258e-02  
  4.362020626895e-03  ,7.605045351386e+00  ,6.378744411613e+01  ,-1.049939226320e-02  
  4.362031962208e-03  ,8.778404589696e+00  ,6.379525431025e+01  ,-8.789966572353e-03  
  4.362043383948e-03  ,9.776157931236e+00  ,6.380313760525e+01  ,-7.336440386718e-03  
  4.362051433556e-03  ,9.973638076062e+00  ,4.083563453146e+01  ,9.865331269692e+00  
  4.362059119574e-03  ,1.000060138171e+01  ,1.042634722211e+01  ,9.865515887010e+00  
  4.362063408874e-03  ,1.019133362444e+01  ,3.382833754711e+00  ,9.866430534570e+00  
  4.362067453794e-03  ,1.046833834377e+01  ,2.668397881441e+00  ,9.867505316864e+00  
  4.362069780983e-03  ,1.062606529037e+01  ,2.747655924320e+00  ,9.868155987363e+00  
  4.362072735883e-03  ,1.081828383602e+01  ,2.802021461543e+00  ,9.868986024121e+00  
  4.362078645684e-03  ,1.117729114148e+01  ,2.811486954394e+00  ,9.870648143044e+00  
  4.362090465285e-03  ,1.180612444766e+01  ,2.801225487877e+00  ,9.873980294045e+00  
  4.362102913715e-03  ,1.236019215080e+01  ,2.805368499905e+00  ,9.877490130687e+00  
  4.362127810575e-03  ,1.319874492769e+01  ,2.807596764696e+00  ,9.884509453444e+00  
  4.362177604295e-03  ,1.418626134806e+01  ,2.810086690988e+00  ,9.898546858773e+00  
  4.362277191736e-03  ,1.498758785513e+01  ,2.818105840535e+00  ,9.926616186163e+00  
  4.362405818559e-03  ,1.499990081975e+01  ,2.828412868114e+00  ,9.962859033163e+00  
  4.362634461976e-03  ,1.500009684766e+01  ,2.846670998230e+00  ,1.002725063890e+01  
  4.362875550844e-03  ,1.500008809163e+01  ,2.865945339311e+00  ,1.009510193864e+01  
  4.363357728578e-03  ,1.500013212081e+01  ,2.904432110029e+00  ,1.023066532164e+01  
  4.364322084047e-03  ,1.500015665830e+01  ,2.981247684972e+00  ,1.050123625025e+01  
  4.366250794984e-03  ,1.500020269839e+01  ,3.134249540663e+00  ,1.104016150919e+01  
  4.370108216859e-03  ,1.500021186685e+01  ,3.437753563022e+00  ,1.210920734823e+01  
  4.372010000020e-03  ,1.499988799575e+01  ,3.586166929781e+00  ,1.263197025975e+01  
  4.372011000018e-03  ,1.442209782426e+01  ,3.586097751851e+00  ,1.263224438983e+01  
  4.372013000126e-03  ,1.321440550177e+01  ,3.585866655264e+00  ,1.263279260728e+01  
  4.372017000343e-03  ,1.067309797307e+01  ,3.585422697552e+00  ,1.263388934868e+01  
  4.372020000020e-03  ,8.648192253637e+00  ,3.585150101039e+00  ,1.263471170101e+01  
  4.372020800063e-03  ,8.544507290231e+00  ,3.585204623715e+00  ,1.263493098987e+01  
  4.372022400076e-03  ,8.339633949813e+00  ,3.585400468769e+00  ,1.263536966745e+01  
  4.372025600100e-03  ,7.944451261483e+00  ,3.585926427328e+00  ,1.263624699220e+01  
  4.372032000149e-03  ,7.208966203184e+00  ,3.587021074619e+00  ,1.263800141047e+01  
  4.372044800246e-03  ,5.933245770357e+00  ,3.589975930078e+00  ,1.264151010770e+01  
  4.372058725381e-03  ,4.792498510122e+00  ,3.599835534992e+00  ,1.264532614902e+01  
  4.372067643726e-03  ,4.356528426878e+00  ,1.399377897270e+01  ,1.264712752582e+01  
  4.372076013708e-03  ,4.342006221651e+00  ,4.352134430798e+01  ,1.264718777271e+01  
  4.372082292313e-03  ,4.134722076956e+00  ,5.283108847074e+01  ,3.909219577299e-02  
  4.372085563490e-03  ,3.936844667046e+00  ,5.286044942853e+01  ,-2.060614829472e-01  
  4.372087132955e-03  ,3.843975836476e+00  ,5.284212706641e+01  ,-4.143025176387e-03  
  4.372090271885e-03  ,3.665365611554e+00  ,5.284530322617e+01  ,1.014093615409e-02  
  4.372096549744e-03  ,3.332242540143e+00  ,5.285508607678e+01  ,5.649379999890e-03  
  4.372109105462e-03  ,2.751538495493e+00  ,5.287388327998e+01  ,4.594400288227e-03  
  4.372134216899e-03  ,1.861888969469e+00  ,5.291140039130e+01  ,3.314466818790e-03  
  4.372175361985e-03  ,9.416225677155e-01  ,5.297272795001e+01  ,1.972447000531e-03  
  4.372221352929e-03  ,4.555504751278e-01  ,5.304107437530e+01  ,1.262365299038e-03  
  4.372269453878e-03  ,1.918263510387e-01  ,5.311235340019e+01  ,8.762708694987e-04  
  4.372324367637e-03  ,8.007012853819e-02  ,5.319348928521e+01  ,7.113589393939e-04  
  4.372413071269e-03  ,6.883935882106e-03  ,5.332405289996e+01  ,6.013886056201e-04  
  4.372507878417e-03  ,2.595756128554e-03  ,5.346292995066e+01  ,5.916067761539e-04  
  4.372697492713e-03  ,7.928799864344e-04  ,5.373862872242e+01  ,5.819233917810e-04  
  4.372919150466e-03  ,1.962966921816e-03  ,5.405743780811e+01  ,5.754691374834e-04  
  4.373362465972e-03  ,1.918024133008e-03  ,5.468373158542e+01  ,5.591379741995e-04  
  4.374249096984e-03  ,1.422708632656e-03  ,5.589068333838e+01  ,5.266595562653e-04  
  4.376022359008e-03  ,1.581835291815e-03  ,5.811936020206e+01  ,4.653752786750e-04  
  4.379568883056e-03  ,9.475215794734e-04  ,6.182218554021e+01  ,3.495732781386e-04  
  4.382000000020e-03  ,1.006365403144e-03  ,6.377363463331e+01  ,2.787743133046e-04  
  4.382001000018e-03  ,5.776501262845e-01  ,6.377447135040e+01  ,-1.012267535171e-03  
  4.382001885054e-03  ,1.095399214047e+00  ,6.377521540391e+01  ,-2.188301717487e-03  
  4.382003655126e-03  ,2.160675281891e+00  ,6.377670037066e+01  ,-4.505913849777e-03  
  4.382007195269e-03  ,4.413549010407e+00  ,6.377965343871e+01  ,-8.961195860090e-03  
  4.382010000020e-03  ,6.311351625205e+00  ,6.378197759884e+01  ,-1.232625964529e-02  
  4.382010708049e-03  ,6.403677619377e+00  ,6.378246908459e+01  ,-1.224667625629e-02  
  4.382012124032e-03  ,6.586357908713e+00  ,6.378344154006e+01  ,-1.198661529019e-02  
  4.382014955997e-03  ,6.940243855510e+00  ,6.378538590236e+01  ,-1.146825121329e-02  
  4.382020619929e-03  ,7.604196743684e+00  ,6.378927893722e+01  ,-1.050083258423e-02  
  4.382031947791e-03  ,8.776977050803e+00  ,6.379707745825e+01  ,-8.792249873350e-03  
  4.382043360591e-03  ,9.774232146398e+00  ,6.380494798746e+01  ,-7.339448796014e-03  
  4.382051401257e-03  ,9.973523789057e+00  ,4.097121001576e+01  ,9.862673449966e+00  
  4.382059078335e-03  ,1.000037701884e+01  ,1.059146647672e+01  ,9.862849710049e+00  
  4.382063381791e-03  ,1.018932868374e+01  ,3.392958815026e+00  ,9.863765973192e+00  
  4.382067452788e-03  ,1.046807900451e+01  ,2.665406512538e+00  ,9.864842912756e+00  
  4.382069775507e-03  ,1.062553235992e+01  ,2.746173009432e+00  ,9.865492408398e+00  
  4.382072714388e-03  ,1.081676368242e+01  ,2.801206108725e+00  ,9.866318032680e+00  
  4.382078592151e-03  ,1.117403671799e+01  ,2.810827367397e+00  ,9.867971163873e+00  
  4.382090347677e-03  ,1.180186460979e+01  ,2.805859662100e+00  ,9.871281990200e+00  
  4.382110300332e-03  ,1.264250850411e+01  ,2.804529922819e+00  ,9.876907557466e+00  
  4.382150205642e-03  ,1.373794915197e+01  ,2.808670449784e+00  ,9.888158261570e+00  
  4.382230016261e-03  ,1.477658934538e+01  ,2.813704018210e+00  ,9.910656167675e+00  
  4.382347473174e-03  ,1.516399647305e+01  ,2.822904260552e+00  ,9.943757392466e+00  
  4.382521232635e-03  ,1.497757981613e+01  ,2.836888236574e+00  ,9.992705612938e+00  
  4.382678016692e-03  ,1.497074359483e+01  ,2.849420809545e+00  ,1.003685106377e+01  
  4.382991584807e-03  ,1.501201282606e+01  ,2.874451827138e+00  ,1.012508307652e+01  
  4.383618721038e-03  ,1.499225253934e+01  ,2.924492260631e+00  ,1.030131180953e+01  
  4.384720787078e-03  ,1.499815314309e+01  ,3.012194794944e+00  ,1.061023932080e+01  
  4.386924919158e-03  ,1.500018859494e+01  ,3.186783865426e+00  ,1.122520545397e+01  
  4.391333183318e-03  ,1.499992798997e+01  ,3.532705642590e+00  ,1.244366092029e+01  
  4.392010000020e-03  ,1.500001282361e+01  ,3.585433430661e+00  ,1.262938671207e+01  
  4.392011000018e-03  ,1.442323121886e+01  ,3.585363903329e+00  ,1.262966084900e+01  
  4.392013000126e-03  ,1.321550552364e+01  ,3.585132679297e+00  ,1.263020908395e+01  
  4.392017000343e-03  ,1.067413359587e+01  ,3.584688670534e+00  ,1.263130585238e+01  
  4.392020000020e-03  ,8.649181805071e+00  ,3.584416059041e+00  ,1.263212822674e+01  
  4.392020800063e-03  ,8.545484977249e+00  ,3.584470559231e+00  ,1.263234752151e+01  
  4.392022400076e-03  ,8.340588193588e+00  ,3.584666363149e+00  ,1.263278621079e+01  
  4.392025600100e-03  ,7.945360285066e+00  ,3.585192243327e+00  ,1.263366355899e+01  
  4.392032000149e-03  ,7.209791064795e+00  ,3.586286658126e+00  ,1.263541802430e+01  
  4.392044800246e-03  ,5.933924636126e+00  ,3.589240277688e+00  ,1.263892681562e+01  
  4.392058726871e-03  ,4.792935636559e+00  ,3.599089022190e+00  ,1.264274336875e+01  
  4.392067645216e-03  ,4.356542940675e+00  ,1.397127624401e+01  ,1.264454659691e+01  
  4.392076016689e-03  ,4.341971476412e+00  ,4.350064740338e+01  ,1.264460823037e+01  
  4.392082298273e-03  ,4.134847492139e+00  ,5.283094090687e+01  ,4.019561790002e-02  
  4.392085570196e-03  ,3.936924188075e+00  ,5.286044635516e+01  ,-2.063776678720e-01  
  4.392088132078e-03  ,3.786789516699e+00  ,5.284326288141e+01  ,-1.748154977849e-03  
  4.392090907419e-03  ,3.630796876202e+00  ,5.284637634356e+01  ,7.845188268102e-03  
  4.392096458102e-03  ,3.337525489598e+00  ,5.285484464378e+01  ,5.601266348319e-03  
  4.392107559467e-03  ,2.819466660843e+00  ,5.287149644999e+01  ,4.578678367990e-03  
  4.392129762197e-03  ,2.007326983822e+00  ,5.290466165888e+01  ,3.658397029752e-03  
  4.392174167657e-03  ,9.673971382548e-01  ,5.297087187972e+01  ,2.010407410691e-03  
  4.392217458511e-03  ,4.397811253241e-01  ,5.303520070731e+01  ,1.239285427450e-03  
  4.392265040899e-03  ,1.637552892695e-01  ,5.310570352521e+01  ,8.353309455340e-04  
  4.392331213975e-03  ,5.550126145926e-02  ,5.320343137060e+01  ,6.751022699228e-04  
  4.392415137315e-03  ,1.370269862751e-02  ,5.332688357834e+01  ,6.110508734566e-04  
  4.392508430505e-03  ,-3.618697513186e-04  ,5.346348658164e+01  ,5.870746576158e-04  
  4.392695016885e-03  ,-3.212021105944e-03  ,5.373470046460e+01  ,5.759845987039e-04  
  4.393064947152e-03  ,6.117459505794e-05  ,5.426453994678e+01  ,5.671002216896e-04  
  4.393717355752e-03  ,2.740373867284e-03  ,5.517330318821e+01  ,5.473803508462e-04  
  4.395022172952e-03  ,6.326900188356e-04  ,5.689134994269e+01  ,4.981098885800e-04  
  4.397631807351e-03  ,2.081731001635e-03  ,5.992248053141e+01  ,4.126024449160e-04  
  4.402000000020e-03  ,1.216743883994e-04  ,6.376994812431e+01  ,2.753033559977e-04  
  4.402001000018e-03  ,5.767785754477e-01  ,6.377078489622e+01  ,-1.015079584148e-03  
  4.402001885706e-03  ,1.094925129328e+00  ,6.377152937854e+01  ,-2.189762946236e-03  
  4.402003657081e-03  ,2.161040176165e+00  ,6.377301570104e+01  ,-4.509522683252e-03  
  4.402007199832e-03  ,4.415766043841e+00  ,6.377597135936e+01  ,-8.967896026124e-03  
  4.402010000020e-03  ,6.311376882335e+00  ,6.377829197902e+01  ,-1.232615548786e-02  
  4.402010708570e-03  ,6.403769894590e+00  ,6.377878390970e+01  ,-1.224648684009e-02  
  4.402012125671e-03  ,6.586202919494e+00  ,6.377975723198e+01  ,-1.198583230447e-02  
  4.402014959872e-03  ,6.940059774518e+00  ,6.378170360711e+01  ,-1.146847579057e-02  
  4.402020628273e-03  ,7.604681192419e+00  ,6.378560038514e+01  ,-1.050013151702e-02  
  4.402031965077e-03  ,8.778360058417e+00  ,6.379340642833e+01  ,-8.790193621749e-03  
  4.402043388307e-03  ,9.776284556375e+00  ,6.380128556228e+01  ,-7.336410835565e-03  
  4.402051500499e-03  ,9.973788822652e+00  ,4.055840251455e+01  ,9.862901865443e+00  
  4.402059210360e-03  ,1.000107607103e+01  ,1.007227304756e+01  ,9.863108615902e+00  
  4.402063484013e-03  ,1.019661456463e+01  ,3.356231905581e+00  ,9.864016174192e+00  
  4.402067481249e-03  ,1.047040946767e+01  ,2.672682589157e+00  ,9.865091301491e+00  
  4.402069827065e-03  ,1.062926913589e+01  ,2.748748048810e+00  ,9.865746956757e+00  
  4.402072827786e-03  ,1.082423700199e+01  ,2.801509470932e+00  ,9.866589754550e+00  
  4.402078829229e-03  ,1.118805335389e+01  ,2.810560366636e+00  ,9.868277714693e+00  
  4.402090832114e-03  ,1.182571740289e+01  ,2.805852490849e+00  ,9.871658261514e+00  
  4.402111610293e-03  ,1.268991610561e+01  ,2.804722564313e+00  ,9.877516567540e+00  
  4.402153166651e-03  ,1.379709677245e+01  ,2.808883508806e+00  ,9.889232671457e+00  
  4.402236279368e-03  ,1.481943708782e+01  ,2.814251244293e+00  ,9.912661071281e+00  
  4.402353974700e-03  ,1.516677448858e+01  ,2.823491575719e+00  ,9.945828820247e+00  
  4.402512570739e-03  ,1.513350898564e+01  ,2.836192428714e+00  ,9.990505460973e+00  
  4.402774115920e-03  ,1.495606282804e+01  ,2.857174493818e+00  ,1.006413909553e+01  
  4.403227206588e-03  ,1.502421420076e+01  ,2.893322076660e+00  ,1.019156968253e+01  
  4.403797026992e-03  ,1.500842416200e+01  ,2.938761376223e+00  ,1.035159791747e+01  
  4.404936667800e-03  ,1.499342192526e+01  ,3.029412549468e+00  ,1.067087864866e+01  
  4.407215949416e-03  ,1.500596233111e+01  ,3.209818555558e+00  ,1.130635112608e+01  
  4.411774512648e-03  ,1.500042918806e+01  ,3.567169394242e+00  ,1.256505486628e+01  
  4.412010000020e-03  ,1.499992484689e+01  ,3.585503622686e+00  ,1.262963413074e+01  
  4.412011000018e-03  ,1.442348545631e+01  ,3.585434044648e+00  ,1.262990826658e+01  
  4.412013000126e-03  ,1.321575227521e+01  ,3.585202802756e+00  ,1.263045650224e+01  
  4.412017000343e-03  ,1.067436590185e+01  ,3.584758788932e+00  ,1.263155326612e+01  
  4.412020000020e-03  ,8.649403776625e+00  ,3.584486176737e+00  ,1.263237563837e+01  
  4.412020800063e-03  ,8.545704287490e+00  ,3.584540675551e+00  ,1.263259493258e+01  
  4.412022400076e-03  ,8.340802245253e+00  ,3.584736476578e+00  ,1.263303362074e+01  
  4.412025600100e-03  ,7.945564193321e+00  ,3.585262348432e+00  ,1.263391096669e+01  
  4.412032000149e-03  ,7.209976094658e+00  ,3.586356735486e+00  ,1.263566542753e+01  
  4.412044800246e-03  ,5.934076918559e+00  ,3.589310182599e+00  ,1.263917420988e+01  
  4.412058726871e-03  ,4.793058593610e+00  ,3.599156467303e+00  ,1.264299075350e+01  
  4.412067645216e-03  ,4.356553021933e+00  ,1.396557041682e+01  ,1.264479443010e+01  
  4.412076016689e-03  ,4.341967929452e+00  ,4.349398909739e+01  ,1.264485645149e+01  
  4.412082298273e-03  ,4.134860304985e+00  ,5.282534683157e+01  ,4.025523570969e-02  
  4.412085569823e-03  ,3.936958585677e+00  ,5.285486045277e+01  ,-2.063973958648e-01  
  4.412088131333e-03  ,3.786843929426e+00  ,5.283767508803e+01  ,-1.750241480072e-03  
  4.412090906301e-03  ,3.630869562216e+00  ,5.284078818866e+01  ,7.845855997641e-03  
  4.412096456239e-03  ,3.337630142463e+00  ,5.284925635331e+01  ,5.601575934390e-03  
  4.412107556114e-03  ,2.819619233086e+00  ,5.286590780800e+01  ,4.578939175920e-03  
  4.412129755864e-03  ,2.007528946730e+00  ,5.289907229419e+01  ,3.658846438845e-03  
  4.412174155364e-03  ,9.676064855166e-01  ,5.296528115260e+01  ,2.010810038070e-03  
  4.412217452178e-03  ,4.398311748717e-01  ,5.302962617701e+01  ,1.239455164004e-03  
  4.412265022645e-03  ,1.638271523842e-01  ,5.310011941708e+01  ,8.355328413646e-04  
  4.412331207642e-03  ,5.551224460824e-02  ,5.319787614300e+01  ,6.752148426020e-04  
  4.412415107140e-03  ,1.371255698111e-02  ,5.332130765310e+01  ,6.111625024839e-04  
  4.412508412251e-03  ,-3.613058564126e-04  ,5.345794420116e+01  ,5.871720792144e-04  
  4.412695022473e-03  ,-3.214040103354e-03  ,5.372922486011e+01  ,5.760769443200e-04  
  4.413064857373e-03  ,6.039148939700e-05  ,5.425899318826e+01  ,5.671970705731e-04  
  4.413717170605e-03  ,2.741203127835e-03  ,5.516774623684e+01  ,5.474815606089e-04  
  4.415021797070e-03  ,6.324903597901e-04  ,5.688581064184e+01  ,4.982135610879e-04  
  4.417631050000e-03  ,2.082451756617e-03  ,5.991712688386e+01  ,4.127149410902e-04  
  4.422000000020e-03  ,1.215497789167e-04  ,6.376631909633e+01  ,2.753840049939e-04  
  4.422001000018e-03  ,5.767784566086e-01  ,6.376715608792e+01  ,-1.014996607778e-03  
  4.422001885613e-03  ,1.094869889811e+00  ,6.376790068665e+01  ,-2.189555772654e-03  
  4.422003656802e-03  ,2.160868342185e+00  ,6.376938724305e+01  ,-4.509078402890e-03  
  4.422007199180e-03  ,4.415335879427e+00  ,6.377234337264e+01  ,-8.967014049135e-03  
  4.422010000020e-03  ,6.311376433628e+00  ,6.377466515027e+01  ,-1.232607234630e-02  
  4.422010708496e-03  ,6.403759841342e+00  ,6.377515718593e+01  ,-1.224641868589e-02  
  4.422012125410e-03  ,6.586169403226e+00  ,6.377613069243e+01  ,-1.198579903415e-02  
  4.422014959238e-03  ,6.939982168142e+00  ,6.377807743561e+01  ,-1.146850648689e-02  
  4.422020626895e-03  ,7.604526173938e+00  ,6.378197494894e+01  ,-1.050027508605e-02  
  4.422031962208e-03  ,8.775508750794e+00  ,6.378978280229e+01  ,-8.794245193954e-03  
  4.422044033639e-03  ,9.825030498047e+00  ,6.379811212831e+01  ,-7.265313013606e-03  
  4.422052577965e-03  ,9.976833389366e+00  ,3.625701183573e+01  ,9.863629760792e+00  
  4.422060719959e-03  ,1.001066214277e+01  ,4.432055692768e+00  ,9.864666189590e+00  
  4.422064624808e-03  ,1.027389554388e+01  ,2.826587894663e+00  ,9.865156916410e+00  
  4.422066727362e-03  ,1.042100133140e+01  ,2.762797144744e+00  ,9.865738308555e+00  
  4.422069387592e-03  ,1.060214931455e+01  ,2.789989183665e+00  ,9.866479397759e+00  
  4.422074667819e-03  ,1.094108030911e+01  ,2.818608522072e+00  ,9.867931999755e+00  
  4.422083913989e-03  ,1.147378509474e+01  ,2.808217779426e+00  ,9.870575487158e+00  
  4.422102406330e-03  ,1.234655746043e+01  ,2.805166244580e+00  ,9.875789185288e+00  
  4.422139391012e-03  ,1.350902744080e+01  ,2.807635689099e+00  ,9.886216508377e+00  
  4.422213360376e-03  ,1.466472985183e+01  ,2.812717506109e+00  ,9.907068325959e+00  
  4.422322794504e-03  ,1.514892845900e+01  ,2.821252706129e+00  ,9.937910016009e+00  
  4.422485062189e-03  ,1.516429902922e+01  ,2.834225785419e+00  ,9.983624345313e+00  
  4.422707816668e-03  ,1.495795676886e+01  ,2.852121801023e+00  ,1.004634490507e+01  
  4.423128816195e-03  ,1.502207244642e+01  ,2.885716455902e+00  ,1.016477657836e+01  
  4.423536941118e-03  ,1.500831426306e+01  ,2.918278965533e+00  ,1.027945153900e+01  
  4.424353190966e-03  ,1.499409343565e+01  ,2.983285127528e+00  ,1.050840330681e+01  
  4.425985690661e-03  ,1.500512550523e+01  ,3.112828950895e+00  ,1.096471869042e+01  
  4.429250690050e-03  ,1.500050684290e+01  ,3.370137286859e+00  ,1.187103990714e+01  
  4.432010000020e-03  ,1.499961362578e+01  ,3.585737989412e+00  ,1.263045891816e+01  
  4.432011000018e-03  ,1.441998051932e+01  ,3.585669423531e+00  ,1.263073305312e+01  
  4.432013000126e-03  ,1.321235054053e+01  ,3.585438553293e+00  ,1.263128127577e+01  
  4.432017000343e-03  ,1.067116331583e+01  ,3.584994670366e+00  ,1.263237803705e+01  
  4.432020000020e-03  ,8.646343661997e+00  ,3.584722065485e+00  ,1.263320040223e+01  
  4.432020800063e-03  ,8.542680862237e+00  ,3.584776605411e+00  ,1.263341969446e+01  
  4.432022400076e-03  ,8.337851315630e+00  ,3.584972481348e+00  ,1.263385837894e+01  
  4.432025600100e-03  ,7.942753102298e+00  ,3.585498514778e+00  ,1.263473571745e+01  
  4.432032000149e-03  ,7.207425264598e+00  ,3.586593410251e+00  ,1.263649016303e+01  
  4.432044800246e-03  ,5.931977555381e+00  ,3.589549774548e+00  ,1.263999891490e+01  
  4.432058725381e-03  ,4.791474502824e+00  ,3.599430372663e+00  ,1.264381501366e+01  
  4.432067642236e-03  ,4.356454294467e+00  ,1.403616496622e+01  ,1.264561272946e+01  
  4.432076010728e-03  ,4.342036345492e+00  ,4.356561330947e+01  ,1.264567012505e+01  
  4.432082281882e-03  ,4.134397153494e+00  ,5.282750114987e+01  ,3.656855385710e-02  
  4.432085551569e-03  ,3.936613801458e+00  ,5.285653073183e+01  ,-2.053653443964e-01  
  4.432087121779e-03  ,3.843708139086e+00  ,5.283827553425e+01  ,-4.098277691636e-03  
  4.432090262199e-03  ,3.665027447087e+00  ,5.284145932744e+01  ,1.012524118165e-02  
  4.432096543038e-03  ,3.331783726671e+00  ,5.285124372927e+01  ,5.647809837350e-03  
  4.432109104717e-03  ,2.752504003339e+00  ,5.287009549650e+01  ,4.426923998760e-03  
  4.432134228075e-03  ,1.872062796716e+00  ,5.290761249366e+01  ,3.515240112537e-03  
  4.432173507536e-03  ,9.862493945100e-01  ,5.296618804663e+01  ,2.038206698094e-03  
  4.432218109691e-03  ,4.424490109451e-01  ,5.303247846762e+01  ,1.243234956152e-03  
  4.432263623798e-03  ,1.762186933582e-01  ,5.309993156125e+01  ,8.536791507327e-04  
  4.432332753265e-03  ,5.621847227777e-02  ,5.320204624895e+01  ,6.762217791929e-04  
  4.432413851345e-03  ,4.598842721933e-03  ,5.332136665821e+01  ,5.979636288884e-04  
  4.432510172451e-03  ,-7.865951843544e-03  ,5.346242930828e+01  ,5.762061751414e-04  
  4.432702814663e-03  ,-5.373986989729e-03  ,5.374243094503e+01  ,5.726752684936e-04  
  4.432993589962e-03  ,4.390196624807e-03  ,5.415969727069e+01  ,5.762012140621e-04  
  4.433575140560e-03  ,-2.545214149348e-05  ,5.497472786694e+01  ,5.485580541634e-04  
  4.434479223812e-03  ,1.130163726400e-03  ,5.618959716252e+01  ,5.178640706420e-04  
  4.435735594356e-03  ,1.472004380591e-03  ,5.777117863735e+01  ,4.748101884855e-04  
  4.438248335445e-03  ,1.202960106940e-03  ,6.055701808637e+01  ,3.921181986658e-04  
  4.442000000020e-03  ,8.927361862561e-04  ,6.376843909920e+01  ,2.766493656760e-04  
  4.442001000018e-03  ,5.775381492009e-01  ,6.376927574015e+01  ,-1.013327504260e-03  
  4.442001885054e-03  ,1.095288724264e+00  ,6.377001969258e+01  ,-2.188092082656e-03  
  4.442003655126e-03  ,2.160567718192e+00  ,6.377150474803e+01  ,-4.505999643791e-03  
  4.442007195269e-03  ,4.413447072613e+00  ,6.377445793742e+01  ,-8.961325741899e-03  
  4.442010000020e-03  ,6.311253936807e+00  ,6.377678219259e+01  ,-1.232638020136e-02  
  4.442010708049e-03  ,6.403580969341e+00  ,6.377727370161e+01  ,-1.224679549996e-02  
  4.442012124032e-03  ,6.586263313208e+00  ,6.377824620254e+01  ,-1.198673559522e-02  
  4.442014955997e-03  ,6.940153240094e+00  ,6.378019066031e+01  ,-1.146836355612e-02  
  4.442020619929e-03  ,7.604113595580e+00  ,6.378408388291e+01  ,-1.050093338113e-02  
  4.442031947791e-03  ,8.776907092681e+00  ,6.379188278083e+01  ,-8.792331309762e-03  
  4.442043360591e-03  ,9.774173404176e+00  ,6.379975369123e+01  ,-7.339514469807e-03  
  4.442051401257e-03  ,9.973521690441e+00  ,4.096893334101e+01  ,9.862299611879e+00  
  4.442059078335e-03  ,1.000037858726e+01  ,1.058944604509e+01  ,9.862476130778e+00  
  4.442063381791e-03  ,1.018936267908e+01  ,3.392706459289e+00  ,9.863392294684e+00  
  4.442067452788e-03  ,1.046811284611e+01  ,2.665317410177e+00  ,9.864469309809e+00  
  4.442069775507e-03  ,1.062556498235e+01  ,2.746075625921e+00  ,9.865118807303e+00  
  4.442072714761e-03  ,1.081681847625e+01  ,2.801102521050e+00  ,9.865944538578e+00  
  4.442078593269e-03  ,1.117413020413e+01  ,2.810720150512e+00  ,9.867597885692e+00  
  4.442090350285e-03  ,1.180042176693e+01  ,2.800294512413e+00  ,9.870912487948e+00  
  4.442102660134e-03  ,1.234978380183e+01  ,2.804486444764e+00  ,9.874383361278e+00  
  4.442127279833e-03  ,1.318374558094e+01  ,2.806712783279e+00  ,9.881324760319e+00  
  4.442176519230e-03  ,1.417141369615e+01  ,2.809136928936e+00  ,9.895206346546e+00  
  4.442274998024e-03  ,1.497975549006e+01  ,2.817072089285e+00  ,9.922964167484e+00  
  4.442403386429e-03  ,1.499978477491e+01  ,2.827357769345e+00  ,9.959141176836e+00  
  4.442629597977e-03  ,1.500012665666e+01  ,2.845421428928e+00  ,1.002285051456e+01  
  4.442869447067e-03  ,1.500011259613e+01  ,2.864597947277e+00  ,1.009035600978e+01  
  4.443349145248e-03  ,1.500019027197e+01  ,2.902888760965e+00  ,1.022522920410e+01  
  4.444308541611e-03  ,1.500023384884e+01  ,2.979314044196e+00  ,1.049442542467e+01  
  4.446227334335e-03  ,1.500031554420e+01  ,3.131541726995e+00  ,1.103062384157e+01  
  4.450064919784e-03  ,1.500033270428e+01  ,3.433522802533e+00  ,1.209430535073e+01  
  4.452010000020e-03  ,1.499978205926e+01  ,3.585329134791e+00  ,1.262901907312e+01  
  4.452011000018e-03  ,1.442105452771e+01  ,3.585260272737e+00  ,1.262929321218e+01  
  4.452013000126e-03  ,1.321339292496e+01  ,3.585029294774e+00  ,1.262984144296e+01  
  4.452017000343e-03  ,1.067214467560e+01  ,3.584585369757e+00  ,1.263093822066e+01  
  4.452020000020e-03  ,8.647281364498e+00  ,3.584312755947e+00  ,1.263176059811e+01  
  4.452020800063e-03  ,8.543607322039e+00  ,3.584367278594e+00  ,1.263197989365e+01  
  4.452022400076e-03  ,8.338755560652e+00  ,3.584563122916e+00  ,1.263241858464e+01  
  4.452025600100e-03  ,7.943614496712e+00  ,3.585089093368e+00  ,1.263329593622e+01  
  4.452032000149e-03  ,7.208206907344e+00  ,3.586183797955e+00  ,1.263505040805e+01  
  4.452044800246e-03  ,5.932620853953e+00  ,3.589139116942e+00  ,1.263855921242e+01  
  4.452058725381e-03  ,4.791993900545e+00  ,3.599007404408e+00  ,1.264237536948e+01  
  4.452067642236e-03  ,4.356481420213e+00  ,1.401042277847e+01  ,1.264417517525e+01  
  4.452076012218e-03  ,4.342005424351e+00  ,4.354111488251e+01  ,1.264423420084e+01  
  4.452082287097e-03  ,4.134564336911e+00  ,5.282837754284e+01  ,3.793678397827e-02  
  4.452085557530e-03  ,3.936734077991e+00  ,5.285758576252e+01  ,-2.057453361663e-01  
  4.452087127367e-03  ,3.843846656115e+00  ,5.283929322245e+01  ,-4.122798837718e-03  
  4.452090267042e-03  ,3.665200958226e+00  ,5.284247160724e+01  ,1.013356011153e-02  
  4.452096546391e-03  ,3.332017117475e+00  ,5.285225264144e+01  ,5.648475508949e-03  
  4.452109105090e-03  ,2.751225581400e+00  ,5.287104750654e+01  ,4.593785342096e-03  
  4.452134222487e-03  ,1.861495058335e+00  ,5.290856001631e+01  ,3.313702753649e-03  
  4.452175355652e-03  ,9.416191371109e-01  ,5.296984772696e+01  ,1.972251609120e-03  
  4.452221346596e-03  ,4.555484865804e-01  ,5.303816953427e+01  ,1.262172597091e-03  
  4.452269441584e-03  ,1.918505662089e-01  ,5.310941403295e+01  ,8.761170585706e-04  
  4.452324355343e-03  ,8.007972839453e-02  ,5.319052064305e+01  ,7.111844458476e-04  
  4.452413047055e-03  ,6.890487181523e-03  ,5.332101957760e+01  ,6.012110861981e-04  
  4.452507854203e-03  ,2.596295610680e-03  ,5.345984643649e+01  ,5.914215442911e-04  
  4.452697468499e-03  ,7.909142810577e-04  ,5.373544529189e+01  ,5.817365683806e-04  
  4.452919102410e-03  ,1.962633041399e-03  ,5.405410429474e+01  ,5.752879345811e-04  
  4.453362370232e-03  ,1.917749576623e-03  ,5.468010296096e+01  ,5.589632710452e-04  
  4.454248905877e-03  ,1.421882318927e-03  ,5.588648500062e+01  ,5.264962458689e-04  
  4.456021977166e-03  ,1.581518868288e-03  ,5.811410686789e+01  ,4.652355289380e-04  
  4.459568119744e-03  ,9.469300078477e-04  ,6.181517344221e+01  ,3.494729041670e-04  
  4.462000000020e-03  ,1.006129850400e-03  ,6.376641586849e+01  ,2.786661048893e-04  
  4.462001000018e-03  ,5.776498881120e-01  ,6.376725224423e+01  ,-1.012372008115e-03  
  4.462001884961e-03  ,1.095343850402e+00  ,6.376799591772e+01  ,-2.188282125783e-03  
  4.462003654846e-03  ,2.160503317581e+00  ,6.376948012547e+01  ,-4.505657200173e-03  
  4.462007194617e-03  ,4.413118722106e+00  ,6.377243167904e+01  ,-8.960501553183e-03  
  4.462010000020e-03  ,6.312133946126e+00  ,6.377475532345e+01  ,-1.232521224101e-02  
  4.462010707974e-03  ,6.404442012489e+00  ,6.377524651854e+01  ,-1.224566826195e-02  
  4.462012123957e-03  ,6.585185739743e+00  ,6.377621835769e+01  ,-1.198547007340e-02  
  4.462014955923e-03  ,6.937590814505e+00  ,6.377816217136e+01  ,-1.147222009502e-02  
  4.462020619854e-03  ,7.601762200582e+00  ,6.378205324893e+01  ,-1.050441714475e-02  
  4.462031947717e-03  ,8.774928453559e+00  ,6.378984786267e+01  ,-8.795366099232e-03  
  4.462043359026e-03  ,9.772391348975e+00  ,6.379771342354e+01  ,-7.342238203054e-03  
  4.462051398203e-03  ,9.973436434233e+00  ,4.106155815338e+01  ,9.860229499466e+00  
  4.462059073791e-03  ,1.000025303268e+01  ,1.068534376334e+01  ,9.860402008584e+00  
  4.462063389167e-03  ,1.018845710862e+01  ,3.397797731136e+00  ,9.861318366497e+00  
  4.462067477300e-03  ,1.046834849509e+01  ,2.663493712697e+00  ,9.862397641232e+00  
  4.462069799274e-03  ,1.062575096385e+01  ,2.745125377258e+00  ,9.863046964286e+00  
  4.462072731822e-03  ,1.081657380707e+01  ,2.800493883423e+00  ,9.863870846544e+00  
  4.462078596920e-03  ,1.117312551286e+01  ,2.810179017281e+00  ,9.865520443537e+00  
  4.462090327114e-03  ,1.179985286611e+01  ,2.805173983327e+00  ,9.868824203472e+00  
  4.462110175460e-03  ,1.263720313247e+01  ,2.803820911940e+00  ,9.874420499304e+00  
  4.462149872154e-03  ,1.373069754638e+01  ,2.807958861606e+00  ,9.885612669678e+00  
  4.462229265541e-03  ,1.477098286484e+01  ,2.812950968281e+00  ,9.907993545676e+00  
  4.462346722454e-03  ,1.516362168673e+01  ,2.822148700578e+00  ,9.941095656315e+00  
  4.462519766658e-03  ,1.497796229598e+01  ,2.836075631974e+00  ,9.989843745315e+00  
  4.462676383823e-03  ,1.497085983573e+01  ,2.848595290467e+00  ,1.003394348714e+01  
  4.462989618152e-03  ,1.501195244631e+01  ,2.873600468512e+00  ,1.012208420512e+01  
  4.463616086811e-03  ,1.499229558150e+01  ,2.923589158893e+00  ,1.029813084295e+01  
  4.464715291828e-03  ,1.499816143798e+01  ,3.011067189697e+00  ,1.060626752068e+01  
  4.466913701862e-03  ,1.500018800132e+01  ,3.185211442376e+00  ,1.121966683739e+01  
  4.471310521930e-03  ,1.499992857645e+01  ,3.530260264838e+00  ,1.243504745526e+01  
  4.472010000020e-03  ,1.500001314427e+01  ,3.584756612345e+00  ,1.262700272318e+01  
  4.472011000018e-03  ,1.442323041325e+01  ,3.584687091094e+00  ,1.262727686690e+01  
  4.472013000126e-03  ,1.321550474176e+01  ,3.584455871066e+00  ,1.262782511531e+01  
  4.472017000343e-03  ,1.067413285960e+01  ,3.584011857173e+00  ,1.262892191087e+01  
  4.472020000020e-03  ,8.649181101257e+00  ,3.583739231159e+00  ,1.262974430553e+01  
  4.472020800063e-03  ,8.545484281727e+00  ,3.583793722214e+00  ,1.262996360572e+01  
  4.472022400076e-03  ,8.340587514455e+00  ,3.583989508977e+00  ,1.263040230582e+01  
  4.472025600100e-03  ,7.945359637593e+00  ,3.584515362203e+00  ,1.263127967568e+01  
  4.472032000149e-03  ,7.209790475944e+00  ,3.585609707015e+00  ,1.263303418432e+01  
  4.472044800246e-03  ,5.933924146287e+00  ,3.588563025495e+00  ,1.263654306231e+01  
  4.472058726871e-03  ,4.792935211978e+00  ,3.598410000090e+00  ,1.264035970991e+01  
  4.472067645216e-03  ,4.356528145505e+00  ,1.396972867905e+01  ,1.264216311964e+01  
  4.472076016689e-03  ,4.341956853532e+00  ,4.349898782313e+01  ,1.264222482798e+01  
  4.472082297528e-03  ,4.134801170601e+00  ,5.282502015245e+01  ,3.994710349134e-02  
  4.472085569078e-03  ,3.936901127097e+00  ,5.285449304149e+01  ,-2.063212977200e-01  
  4.472087138170e-03  ,3.844052207722e+00  ,5.283614392716e+01  ,-4.160695269698e-03  
  4.472090276355e-03  ,3.665479811959e+00  ,5.283931385646e+01  ,1.014684807222e-02  
  4.472096552724e-03  ,3.332421922543e+00  ,5.284908959818e+01  ,5.649686815080e-03  
  4.472109105462e-03  ,2.753407582500e+00  ,5.286792007576e+01  ,4.426834952835e-03  
  4.472134210939e-03  ,1.873203500508e+00  ,5.290539387284e+01  ,3.517822957906e-03  
  4.472173514241e-03  ,9.864508117356e-01  ,5.296397965915e+01  ,2.038267350440e-03  
  4.472218116397e-03  ,4.425103754713e-01  ,5.303024117842e+01  ,1.243086490904e-03  
  4.472263624543e-03  ,1.762558528695e-01  ,5.309765598478e+01  ,8.534968478081e-04  
  4.472332742089e-03  ,5.624311674088e-02  ,5.319970844119e+01  ,6.760225679840e-04  
  4.472413828248e-03  ,4.608623309242e-03  ,5.331895914430e+01  ,5.977442868025e-04  
  4.472510125512e-03  ,-7.864129017051e-03  ,5.345992521071e+01  ,5.759773873208e-04  
  4.472702720040e-03  ,-5.377240670393e-03  ,5.373973524398e+01  ,5.724433392881e-04  
  4.472993447656e-03  ,4.389885215663e-03  ,5.415675090614e+01  ,5.759789687573e-04  
  4.473574902886e-03  ,-2.632118981327e-05  ,5.497129143260e+01  ,5.483455879177e-04  
  4.474478413934e-03  ,1.129394164437e-03  ,5.618487490747e+01  ,5.176826759137e-04  
  4.475734403009e-03  ,1.471438795375e-03  ,5.776533309930e+01  ,4.746550222867e-04  
  4.478246381158e-03  ,1.202504722318e-03  ,6.054925964914e+01  ,3.920093640728e-04  
  4.482000000020e-03  ,8.922275998415e-04  ,6.376085214804e+01  ,2.765091432597e-04  
  4.482001000018e-03  ,5.775376403467e-01  ,6.376168835550e+01  ,-1.013465185087e-03  
  4.482001884961e-03  ,1.095233091905e+00  ,6.376243184604e+01  ,-2.188103634970e-03  
  4.482003654846e-03  ,2.160395489047e+00  ,6.376391597924e+01  ,-4.505774589396e-03  
  4.482007194617e-03  ,4.413016526957e+00  ,6.376686732757e+01  ,-8.960663117499e-03  
  4.482010000020e-03  ,6.312036006000e+00  ,6.376919080783e+01  ,-1.232536085894e-02  
  4.482010707974e-03  ,6.404345112122e+00  ,6.376968196114e+01  ,-1.224581917966e-02  
  4.482012123957e-03  ,6.585090875236e+00  ,6.377065371470e+01  ,-1.198562031468e-02  
  4.482014955923e-03  ,6.937499919505e+00  ,6.377259736229e+01  ,-1.147236438852e-02  
  4.482020619854e-03  ,7.601678786788e+00  ,6.377648810417e+01  ,-1.050454975232e-02  
  4.482031947717e-03  ,8.774858254295e+00  ,6.378428204822e+01  ,-8.795479401121e-03  
  4.482043359026e-03  ,9.772332385136e+00  ,6.379214693636e+01  ,-7.342335676629e-03  
  4.482051398203e-03  ,9.973431739343e+00  ,4.105870952209e+01  ,9.859360237971e+00  
  4.482059073791e-03  ,1.000025220482e+01  ,1.068275095501e+01  ,9.859533041725e+00  
  4.482063388422e-03  ,1.018844478507e+01  ,3.397504845839e+00  ,9.860449229791e+00  
  4.482067476555e-03  ,1.046833750990e+01  ,2.663235078131e+00  ,9.861528518677e+00  
  4.482069798529e-03  ,1.062574048027e+01  ,2.744874557326e+00  ,9.862177848823e+00  
  4.482072731077e-03  ,1.081656383545e+01  ,2.800246604005e+00  ,9.863001739369e+00  
  4.482078596174e-03  ,1.117311641563e+01  ,2.809932588244e+00  ,9.864651351457e+00  
  4.482090326369e-03  ,1.179984526897e+01  ,2.804927239915e+00  ,9.867955140810e+00  
  4.482110171735e-03  ,1.263708823772e+01  ,2.803573899729e+00  ,9.873550645340e+00  
  4.482149862468e-03  ,1.373050961893e+01  ,2.807711615585e+00  ,9.884741233305e+00  
  4.482229243934e-03  ,1.477082540736e+01  ,2.812702742175e+00  ,9.907118945504e+00  
  4.482346700847e-03  ,1.516360831617e+01  ,2.821900489845e+00  ,9.940221347698e+00  
  4.482519721210e-03  ,1.497797516489e+01  ,2.835825624749e+00  ,9.988963151244e+00  
  4.482676338374e-03  ,1.497086340348e+01  ,2.848345397169e+00  ,1.003306328453e+01  
  4.482989572704e-03  ,1.501195099316e+01  ,2.873350800249e+00  ,1.012120478491e+01  
  4.483616041362e-03  ,1.499229653011e+01  ,2.923339932932e+00  ,1.029725298549e+01  
  4.484715055644e-03  ,1.499816166731e+01  ,3.010803584524e+00  ,1.060533901306e+01  
  4.486913084209e-03  ,1.500018800741e+01  ,3.184919353240e+00  ,1.121863799878e+01  
  4.491309141338e-03  ,1.499992857325e+01  ,3.529912296826e+00  ,1.243382179156e+01  
  4.492010000020e-03  ,1.500001315961e+01  ,3.584516791751e+00  ,1.262615799201e+01  
  4.492011000018e-03  ,1.442323031266e+01  ,3.584447272622e+00  ,1.262643213813e+01  
  4.492013000126e-03  ,1.321550464414e+01  ,3.584216054003e+00  ,1.262698039134e+01  
  4.492017000343e-03  ,1.067413276763e+01  ,3.583772038295e+00  ,1.262807719649e+01  
  4.492020000020e-03  ,8.649181013273e+00  ,3.583499407125e+00  ,1.262889959834e+01  
  4.492020800063e-03  ,8.545484194746e+00  ,3.583553894943e+00  ,1.262911890045e+01  
  4.492022400076e-03  ,8.340587429457e+00  ,3.583749675625e+00  ,1.262955760439e+01  
  4.492025600100e-03  ,7.945359556438e+00  ,3.584275519293e+00  ,1.263043498192e+01  
  4.492032000149e-03  ,7.209790401834e+00  ,3.585369839281e+00  ,1.263218950592e+01  
  4.492044800246e-03  ,5.933924083448e+00  ,3.588323050930e+00  ,1.263569841461e+01  
  4.492058726871e-03  ,4.792935150937e+00  ,3.598169396479e+00  ,1.263951509569e+01  
  4.492067645216e-03  ,4.356522909039e+00  ,1.396917604124e+01  ,1.264131856940e+01  
  4.492076016689e-03  ,4.341951668129e+00  ,4.349839478469e+01  ,1.264138029500e+01  
  4.492082297528e-03  ,4.134727554584e+00  ,5.282048993015e+01  ,3.959319424664e-02  
  4.492085569078e-03  ,3.936829866913e+00  ,5.284991891250e+01  ,-2.062468851531e-01  
  4.492087138357e-03  ,3.843971910686e+00  ,5.283157698247e+01  ,-4.155402104822e-03  
  4.492090276914e-03  ,3.665382534222e+00  ,5.283474795521e+01  ,1.014500097866e-02  
  4.492096554028e-03  ,3.332295665730e+00  ,5.284452417757e+01  ,5.649397291519e-03  
  4.492109108256e-03  ,2.751645508361e+00  ,5.286330727353e+01  ,4.594228743443e-03  
  4.492134216713e-03  ,1.862052022835e+00  ,5.290079611219e+01  ,3.314397780236e-03  
  4.492175367759e-03  ,9.416064142944e-01  ,5.296209354367e+01  ,1.972118204313e-03  
  4.492221358703e-03  ,4.555420883686e-01  ,5.303039642033e+01  ,1.262048669008e-03  
  4.492269447731e-03  ,1.918730217516e-01  ,5.310161236209e+01  ,8.760359288544e-04  
  4.492324355530e-03  ,8.009725750297e-02  ,5.318268773952e+01  ,7.110968543460e-04  
  4.492413047241e-03  ,6.893164088053e-03  ,5.331315061767e+01  ,6.011027148243e-04  
  4.492507842468e-03  ,2.596642087364e-03  ,5.345192173673e+01  ,5.913110840298e-04  
  4.492697432922e-03  ,7.899814655612e-04  ,5.372741028868e+01  ,5.816269307513e-04  
  4.492919019150e-03  ,1.962187126895e-03  ,5.404591403976e+01  ,5.751827849809e-04  
  4.493362191604e-03  ,1.917426137505e-03  ,5.467161071768e+01  ,5.588657969602e-04  
  4.494248536514e-03  ,1.421404890151e-03  ,5.587742311821e+01  ,5.264128759294e-04  
  4.496021226333e-03  ,1.581271771324e-03  ,5.810404511288e+01  ,4.651794444147e-04  
  4.499566605972e-03  ,9.467477158201e-04  ,6.180367716511e+01  ,3.494643627001e-04  
  4.502000000020e-03  ,1.005988081936e-03  ,6.375580619236e+01  ,2.786244342713e-04  
  4.502001000018e-03  ,5.776497454611e-01  ,6.375664240270e+01  ,-1.012408564595e-03  
  4.502001884774e-03  ,1.095233460993e+00  ,6.375738577375e+01  ,-2.188070879865e-03  
  4.502003654287e-03  ,2.160159738156e+00  ,6.375886937871e+01  ,-4.504971722047e-03  
  4.502007193313e-03  ,4.412258520874e+00  ,6.376181973366e+01  ,-8.958940636890e-03  
  4.502010000020e-03  ,6.312133035646e+00  ,6.376414399885e+01  ,-1.232524924194e-02  
  4.502010707825e-03  ,6.404421886758e+00  ,6.376463497505e+01  ,-1.224573691009e-02  
  4.502012123435e-03  ,6.587038801786e+00  ,6.376560645953e+01  ,-1.198577272722e-02  
  4.502014954656e-03  ,6.940804922739e+00  ,6.376754887841e+01  ,-1.146758101107e-02  
  4.502020617097e-03  ,7.604544071158e+00  ,6.377143802565e+01  ,-1.050047401193e-02  
  4.502031941980e-03  ,8.776983823503e+00  ,6.377922876891e+01  ,-8.792386831163e-03  
  4.502043351799e-03  ,9.773995040456e+00  ,6.378709147603e+01  ,-7.339940859625e-03  
  4.502051390975e-03  ,9.973494618638e+00  ,4.097032372307e+01  ,9.858320024219e+00  
  4.502059066564e-03  ,1.000034627263e+01  ,1.059660991322e+01  ,9.858496400881e+00  
  4.502063370764e-03  ,1.018924672285e+01  ,3.392159016933e+00  ,9.859412568397e+00  
  4.502067442506e-03  ,1.046804713048e+01  ,2.664111730982e+00  ,9.860489614765e+00  
  4.502069764852e-03  ,1.062547710505e+01  ,2.744902743667e+00  ,9.861139038058e+00  
  4.502072702989e-03  ,1.081666377660e+01  ,2.799960978339e+00  ,9.861964492847e+00  
  4.502078579262e-03  ,1.117385864636e+01  ,2.809594358309e+00  ,9.863617277426e+00  
  4.502090331807e-03  ,1.180156878066e+01  ,2.804624522594e+00  ,9.866927409160e+00  
  4.502110272541e-03  ,1.264185408610e+01  ,2.803291828165e+00  ,9.872549861880e+00  
  4.502150154009e-03  ,1.373709619419e+01  ,2.807432937486e+00  ,9.883794337855e+00  
  4.502229916945e-03  ,1.477594689839e+01  ,2.812461879900e+00  ,9.906279791691e+00  
  4.502347373858e-03  ,1.516395741110e+01  ,2.821662235509e+00  ,9.939382475415e+00  
  4.502521061793e-03  ,1.497761828177e+01  ,2.835641071325e+00  ,9.988312708771e+00  
  4.502677822008e-03  ,1.497075609346e+01  ,2.848172297014e+00  ,1.003245340261e+01  
  4.502991342440e-03  ,1.501200587366e+01  ,2.873200629957e+00  ,1.012067591661e+01  
  4.503618383303e-03  ,1.499225760197e+01  ,2.923235680613e+00  ,1.029688571338e+01  
  4.504720067873e-03  ,1.499815406410e+01  ,3.010911830539e+00  ,1.060572028091e+01  
  4.506923437014e-03  ,1.500018852797e+01  ,3.185448657753e+00  ,1.122050239211e+01  
  4.511330175295e-03  ,1.499992806100e+01  ,3.531268042839e+00  ,1.243859719679e+01  
  4.512010000020e-03  ,1.500001286857e+01  ,3.584232720142e+00  ,1.262515739403e+01  
  4.512011000018e-03  ,1.442323110196e+01  ,3.584163203339e+00  ,1.262543154297e+01  
  4.512013000126e-03  ,1.321550541021e+01  ,3.583931986320e+00  ,1.262597980194e+01  
  4.512017000343e-03  ,1.067413348879e+01  ,3.583487968463e+00  ,1.262707661839e+01  
  4.512020000020e-03  ,8.649181702220e+00  ,3.583215331147e+00  ,1.262789902876e+01  
  4.512020800063e-03  ,8.545484875371e+00  ,3.583269815129e+00  ,1.262811833315e+01  
  4.512022400076e-03  ,8.340588093641e+00  ,3.583465588596e+00  ,1.262855704163e+01  
  4.512025600100e-03  ,7.945360188929e+00  ,3.583991420900e+00  ,1.262943442825e+01  
  4.512032000149e-03  ,7.209790975211e+00  ,3.585085711360e+00  ,1.263118897043e+01  
  4.512044800246e-03  ,5.933924553159e+00  ,3.588038795738e+00  ,1.263469791550e+01  
  4.512058726871e-03  ,4.792935517980e+00  ,3.597884386738e+00  ,1.263851463624e+01  
  4.512067645216e-03  ,4.356516736752e+00  ,1.396850045422e+01  ,1.264031818779e+01  
  4.512076016689e-03  ,4.341945507681e+00  ,4.349766789544e+01  ,1.264037994012e+01  
  4.512082296783e-03  ,4.134706064789e+00  ,5.281633326484e+01  ,3.943042485615e-02  
  4.512085568333e-03  ,3.936808792782e+00  ,5.284574273796e+01  ,-2.062214299048e-01  
  4.512088130588e-03  ,3.786657299125e+00  ,5.282857332891e+01  ,-1.738992376311e-03  
  4.512090905929e-03  ,3.630670033758e+00  ,5.283168641799e+01  ,7.843298032355e-03  
  4.512096456611e-03  ,3.337408783124e+00  ,5.284015155907e+01  ,5.600844052504e-03  
  4.512107557977e-03  ,2.819367977491e+00  ,5.285679729069e+01  ,4.578533289543e-03  
  4.512129760707e-03  ,2.007256556320e+00  ,5.288995044238e+01  ,3.658045003967e-03  
  4.512174166167e-03  ,9.673628915336e-01  ,5.295613654891e+01  ,2.010231849657e-03  
  4.512217457021e-03  ,4.397652362864e-01  ,5.302044195941e+01  ,1.239137644642e-03  
  4.512265027488e-03  ,1.638043905343e-01  ,5.309090149536e+01  ,8.352788679779e-04  
  4.512331200564e-03  ,5.551711851054e-02  ,5.318859389189e+01  ,6.750026158727e-04  
  4.512415100062e-03  ,1.371298423751e-02  ,5.331196641515e+01  ,6.109451049604e-04  
  4.512508393252e-03  ,-3.610878004458e-04  ,5.344852023470e+01  ,5.869562705366e-04  
  4.512694979632e-03  ,-3.214940121911e-03  ,5.371963682595e+01  ,5.758632666250e-04  
  4.513064766848e-03  ,5.919768952126e-05  ,5.424908488508e+01  ,5.669903231427e-04  
  4.513716984713e-03  ,2.740615118762e-03  ,5.515727567166e+01  ,5.472886033042e-04  
  4.515021420443e-03  ,6.316623065725e-04  ,5.687428912056e+01  ,4.980449099112e-04  
  4.517630291903e-03  ,2.082000710813e-03  ,5.990380412955e+01  ,4.125913555411e-04  
  4.522000000020e-03  ,1.210116843358e-04  ,6.375187732784e+01  ,2.752819655401e-04  
  4.522001000018e-03  ,5.767779201016e-01  ,6.375271396047e+01  ,-1.015092901327e-03  
  4.522001885426e-03  ,1.094759104540e+00  ,6.375345808525e+01  ,-2.189404491399e-03  
  4.522003656243e-03  ,2.160524353030e+00  ,6.375494369579e+01  ,-4.508452773882e-03  
  4.522007197877e-03  ,4.414475208021e+00  ,6.375789794072e+01  ,-8.965513155887e-03  
  4.522010000020e-03  ,6.310593011662e+00  ,6.376021990067e+01  ,-1.232732654091e-02  
  4.522010708347e-03  ,6.402965518003e+00  ,6.376071157729e+01  ,-1.224767741665e-02  
  4.522012125075e-03  ,6.583833416016e+00  ,6.376168437473e+01  ,-1.198730675856e-02  
  4.522014958530e-03  ,6.936475931118e+00  ,6.376363013504e+01  ,-1.147370996059e-02  
  4.522020625442e-03  ,7.600253891551e+00  ,6.376752515209e+01  ,-1.050655006573e-02  
  4.522031959265e-03  ,8.773582035086e+00  ,6.377532755738e+01  ,-8.797189967059e-03  
  4.522044029206e-03  ,9.824004099606e+00  ,6.378365139997e+01  ,-7.266909030279e-03  
  4.522052573532e-03  ,9.976787003882e+00  ,3.628366641117e+01  ,9.860354959859e+00  
  4.522060714036e-03  ,1.001058084579e+01  ,4.462276920820e+00  ,9.861420887487e+00  
  4.522064623356e-03  ,1.027361799045e+01  ,2.829461983151e+00  ,9.861880691837e+00  
  4.522066732615e-03  ,1.042115687286e+01  ,2.762039013446e+00  ,9.862463613591e+00  
  4.522069398805e-03  ,1.060269005277e+01  ,2.788734401326e+00  ,9.863206464313e+00  
  4.522074668601e-03  ,1.094080898440e+01  ,2.806052719194e+00  ,9.864684705170e+00  
  4.522083661452e-03  ,1.145994781628e+01  ,2.805568670831e+00  ,9.867214925192e+00  
  4.522101647153e-03  ,1.231477261728e+01  ,2.804500200329e+00  ,9.872281759572e+00  
  4.522137618556e-03  ,1.349224354528e+01  ,2.806313861915e+00  ,9.882420244635e+00  
  4.522209561363e-03  ,1.455676277552e+01  ,2.811554435425e+00  ,9.902701689957e+00  
  4.522334111228e-03  ,1.498741658954e+01  ,2.821264087232e+00  ,9.937804313062e+00  
  4.522466934219e-03  ,1.500010173300e+01  ,2.831941388974e+00  ,9.975225063217e+00  
  4.522712028518e-03  ,1.500289844107e+01  ,2.851504475616e+00  ,1.004423943067e+01  
  4.523110092178e-03  ,1.500102369732e+01  ,2.883297935029e+00  ,1.015622509622e+01  
  4.523906219497e-03  ,1.500139169205e+01  ,2.946776057322e+00  ,1.037981725639e+01  
  4.525498474136e-03  ,1.499982884841e+01  ,3.073303926452e+00  ,1.082548945290e+01  
  4.528682983413e-03  ,1.500000523637e+01  ,3.324651276850e+00  ,1.171082163889e+01  
  4.532010000020e-03  ,1.499989426968e+01  ,3.584833186934e+00  ,1.262727207044e+01  
  4.532011000018e-03  ,1.442325248679e+01  ,3.584763584803e+00  ,1.262754621300e+01  
  4.532013000126e-03  ,1.321552616507e+01  ,3.584532334720e+00  ,1.262809446214e+01  
  4.532017000343e-03  ,1.067415302865e+01  ,3.584088312017e+00  ,1.262919125279e+01  
  4.532020000020e-03  ,8.649200373121e+00  ,3.583815690510e+00  ,1.263001364516e+01  
  4.532020800063e-03  ,8.545503322541e+00  ,3.583870181761e+00  ,1.263023294473e+01  
  4.532022400076e-03  ,8.340606098737e+00  ,3.584065969574e+00  ,1.263067164362e+01  
  4.532025600100e-03  ,7.945377341265e+00  ,3.584591825026e+00  ,1.263154901102e+01  
  4.532032000149e-03  ,7.209806540697e+00  ,3.585686174632e+00  ,1.263330351477e+01  
  4.532044800246e-03  ,5.933937368369e+00  ,3.588639509580e+00  ,1.263681238297e+01  
  4.532058726871e-03  ,4.792945890876e+00  ,3.598486455465e+00  ,1.264062901992e+01  
  4.532067645216e-03  ,4.356530556208e+00  ,1.396939612674e+01  ,1.264243244567e+01  
  4.532076016689e-03  ,4.341958067338e+00  ,4.349858452004e+01  ,1.264249412775e+01  
  4.532082296038e-03  ,4.134674984353e+00  ,5.281187527234e+01  ,3.912308319901e-02  
  4.532085567588e-03  ,3.936778149047e+00  ,5.284124827103e+01  ,-2.061566762565e-01  
  4.532087137053e-03  ,3.843910707213e+00  ,5.282291580343e+01  ,-4.148690694953e-03  
  4.532090275982e-03  ,3.665303469812e+00  ,5.282608947687e+01  ,1.014309487239e-02  
  4.532096553842e-03  ,3.332186000388e+00  ,5.283586916630e+01  ,5.649329921911e-03  
  4.532109109560e-03  ,2.753087235371e+00  ,5.285470823181e+01  ,4.426787198208e-03  
  4.532134220997e-03  ,1.864194232847e+00  ,5.289221960052e+01  ,3.316819315328e-03  
  4.532175866762e-03  ,9.348814910923e-01  ,5.295428566591e+01  ,1.962690584190e-03  
  4.532222125927e-03  ,3.971868541474e-01  ,5.302300971602e+01  ,1.177205698675e-03  
  4.532268438736e-03  ,1.916273064929e-01  ,5.309160818428e+01  ,8.759216286221e-04  
  4.532330630222e-03  ,5.758659313255e-02  ,5.318345219364e+01  ,6.782604655748e-04  
  4.532396743694e-03  ,2.030386191910e-02  ,5.328075304860e+01  ,6.214617880161e-04  
  4.532528970638e-03  ,1.731169031404e-03  ,5.347435165764e+01  ,5.894600637194e-04  
  4.532669089237e-03  ,-1.046760915706e-03  ,5.367805027891e+01  ,5.802056781863e-04  
  4.532949326435e-03  ,3.092850685653e-04  ,5.408094781570e+01  ,5.718262364186e-04  
  4.533395884434e-03  ,1.567346056850e-03  ,5.471050578236e+01  ,5.573250303302e-04  
  4.534289000431e-03  ,1.675774769787e-03  ,5.592333060659e+01  ,5.255547412078e-04  
  4.536075232426e-03  ,1.354571483004e-03  ,5.816105797528e+01  ,4.632065698452e-04  
  4.539647696415e-03  ,1.145568738066e-03  ,6.187109908819e+01  ,3.474247779620e-04  
  4.542000000020e-03  ,8.846145170619e-04  ,6.375171303685e+01  ,2.762981884543e-04  
  4.542001000018e-03  ,5.775302022669e-01  ,6.375255000334e+01  ,-1.012238285685e-03  
  4.542001884774e-03  ,1.095115523615e+00  ,6.375329426754e+01  ,-2.187876515700e-03  
  4.542003654287e-03  ,2.160044953482e+00  ,6.375477966380e+01  ,-4.504777973997e-03  
  4.542007193313e-03  ,4.412149799098e+00  ,6.375773360053e+01  ,-8.958739025891e-03  
  4.542010000020e-03  ,6.312028896437e+00  ,6.376006070611e+01  ,-1.232504091544e-02  
  4.542010707825e-03  ,6.404318866607e+00  ,6.376055239990e+01  ,-1.224552816952e-02  
  4.542012123435e-03  ,6.586937995979e+00  ,6.376152531954e+01  ,-1.198556073984e-02  
  4.542014954656e-03  ,6.940708406558e+00  ,6.376347060829e+01  ,-1.146736281546e-02  
  4.542020617097e-03  ,7.604455603211e+00  ,6.376736549521e+01  ,-1.050024422377e-02  
  4.542031941980e-03  ,8.776909572064e+00  ,6.377516771654e+01  ,-8.792136387683e-03  
  4.542043351799e-03  ,9.773932878317e+00  ,6.378304198572e+01  ,-7.339672867862e-03  
  4.542051390975e-03  ,9.973519439705e+00  ,4.097154674697e+01  ,9.862911821386e+00  
  4.542059066564e-03  ,1.000037487194e+01  ,1.059824741964e+01  ,9.863088334739e+00  
  4.542063370764e-03  ,1.018926745213e+01  ,3.393422179556e+00  ,9.864004382050e+00  
  4.542067442506e-03  ,1.046806689113e+01  ,2.665406335500e+00  ,9.865081353940e+00  
  4.542069764852e-03  ,1.062549637516e+01  ,2.746216917035e+00  ,9.865730748908e+00  
  4.542072702989e-03  ,1.081668216375e+01  ,2.801271488343e+00  ,9.866556164013e+00  
  4.542078579262e-03  ,1.117387539483e+01  ,2.810898600086e+00  ,9.868208871745e+00  
  4.542090331807e-03  ,1.180158276914e+01  ,2.805928224964e+00  ,9.871518850096e+00  
  4.542110278502e-03  ,1.264208257472e+01  ,2.804596409413e+00  ,9.877142723309e+00  
  4.542150171891e-03  ,1.373746986355e+01  ,2.808737179797e+00  ,9.888390039963e+00  
  4.542229958668e-03  ,1.477625884430e+01  ,2.813768074656e+00  ,9.910881173313e+00  
  4.542347415581e-03  ,1.516398381731e+01  ,2.822968119379e+00  ,9.943982322962e+00  
  4.542521127358e-03  ,1.497760362469e+01  ,2.836948244333e+00  ,9.992917003297e+00  
  4.542677911415e-03  ,1.497074820714e+01  ,2.849480795098e+00  ,1.003706236007e+01  
  4.542991479531e-03  ,1.501201094435e+01  ,2.874511761926e+00  ,1.012529418479e+01  
  4.543618615761e-03  ,1.499225376704e+01  ,2.924552087580e+00  ,1.030152254230e+01  
  4.544720491066e-03  ,1.499815343972e+01  ,3.012239279922e+00  ,1.061039601261e+01  
  4.546924241677e-03  ,1.500018859570e+01  ,3.186797950755e+00  ,1.122525506739e+01  
  4.551331742897e-03  ,1.499992799063e+01  ,3.532660056265e+00  ,1.244350034950e+01  
  4.552010000020e-03  ,1.500001284060e+01  ,3.585500041558e+00  ,1.262962133866e+01  
  4.552011000018e-03  ,1.442323111976e+01  ,3.585430513669e+00  ,1.262989547493e+01  
  4.552013000126e-03  ,1.321550542746e+01  ,3.585199289257e+00  ,1.263044370853e+01  
  4.552017000343e-03  ,1.067413350534e+01  ,3.584755281000e+00  ,1.263154047431e+01  
  4.552020000020e-03  ,8.649181718596e+00  ,3.584482670942e+00  ,1.263236284666e+01  
  4.552020800063e-03  ,8.545484891826e+00  ,3.584537172032e+00  ,1.263258214090e+01  
  4.552022400076e-03  ,8.340588110242e+00  ,3.584732977641e+00  ,1.263302082912e+01  
  4.552025600100e-03  ,7.945360205721e+00  ,3.585258860479e+00  ,1.263389817519e+01  
  4.552032000149e-03  ,7.209790992925e+00  ,3.586353282190e+00  ,1.263565263624e+01  
  4.552044800246e-03  ,5.933924577489e+00  ,3.589306931528e+00  ,1.263916141902e+01  
  4.552058726871e-03  ,4.792935592077e+00  ,3.599155852079e+00  ,1.264297796285e+01  
  4.552067645216e-03  ,4.356544390700e+00  ,1.397143266358e+01  ,1.264478116745e+01  
  4.552076016689e-03  ,4.341972918620e+00  ,4.350081549063e+01  ,1.264484272119e+01  
  4.552082296038e-03  ,4.134677203405e+00  ,5.281313280257e+01  ,3.906271131178e-02  
  4.552085567588e-03  ,3.936780083836e+00  ,5.284249859874e+01  ,-2.061341623516e-01  
  4.552087137239e-03  ,3.843901815952e+00  ,5.282416922611e+01  ,-4.146387898110e-03  
  4.552090276541e-03  ,3.665274320831e+00  ,5.282734516306e+01  ,1.014230133514e-02  
  4.552096555145e-03  ,3.332121756809e+00  ,5.283712867699e+01  ,5.649337640175e-03  
  4.552109112354e-03  ,2.752971505277e+00  ,5.285597558173e+01  ,4.426847568699e-03  
  4.552134226771e-03  ,1.872643948896e+00  ,5.289348236354e+01  ,3.517101608242e-03  
  4.552173524113e-03  ,9.862499339202e-01  ,5.295208987559e+01  ,2.038342533289e-03  
  4.552218126269e-03  ,4.424246829070e-01  ,5.301838620841e+01  ,1.243330230076e-03  
  4.552263634415e-03  ,1.762244358306e-01  ,5.308583655961e+01  ,8.538189122479e-04  
  4.552332751961e-03  ,5.623395393459e-02  ,5.318794303880e+01  ,6.763761372446e-04  
  4.552413838120e-03  ,4.609034787866e-03  ,5.330725716624e+01  ,5.981107237552e-04  
  4.552510135384e-03  ,-7.861405421828e-03  ,5.344829861749e+01  ,5.763459272322e-04  
  4.552702729912e-03  ,-5.374979880706e-03  ,5.372825961435e+01  ,5.728087019339e-04  
  4.552993457528e-03  ,4.390332172602e-03  ,5.414550362881e+01  ,5.763380215604e-04  
  4.553574912759e-03  ,-2.506119626161e-05  ,5.496050237282e+01  ,5.486986720384e-04  
  4.554478423806e-03  ,1.130429158117e-03  ,5.617480106007e+01  ,5.180248546560e-04  
  4.555734412881e-03  ,1.472392493525e-03  ,5.775625784238e+01  ,4.749836751096e-04  
  4.558246391030e-03  ,1.203462589847e-03  ,6.054218537604e+01  ,3.923152232783e-04  
  4.562000000020e-03  ,8.931588659291e-04  ,6.375672253216e+01  ,2.767859245498e-04  
  4.562001000018e-03  ,5.775385716433e-01  ,6.375755951551e+01  ,-1.013185104448e-03  
  4.562001884868e-03  ,1.095178899977e+00  ,6.375830361472e+01  ,-2.187701068994e-03  
  4.562003654567e-03  ,2.160224702072e+00  ,6.375978896597e+01  ,-4.505134544440e-03  
  4.562007193965e-03  ,4.412587427777e+00  ,6.376274275396e+01  ,-8.959585288244e-03  
  4.562010000020e-03  ,6.311253193315e+00  ,6.376506905568e+01  ,-1.232623825493e-02  
  4.562010707900e-03  ,6.403561013516e+00  ,6.376556070585e+01  ,-1.224668534320e-02  
  4.562012123696e-03  ,6.584300003994e+00  ,6.376653343014e+01  ,-1.198649599681e-02  
  4.562014955289e-03  ,6.936697008004e+00  ,6.376847901915e+01  ,-1.147325761791e-02  
  4.562020618476e-03  ,7.600858308570e+00  ,6.377237364325e+01  ,-1.050546859330e-02  
  4.562031944848e-03  ,8.774025251873e+00  ,6.378017534988e+01  ,-8.796416495072e-03  
  4.562043354667e-03  ,9.771511581675e+00  ,6.378804806185e+01  ,-7.343255100236e-03  
  4.562051392354e-03  ,9.973416209592e+00  ,4.110374593919e+01  ,9.862777317477e+00  
  4.562059064962e-03  ,1.000020802890e+01  ,1.073835395271e+01  ,9.862947838269e+00  
  4.562063385553e-03  ,1.018790160156e+01  ,3.401711603648e+00  ,9.863864202615e+00  
  4.562067482628e-03  ,1.046839027696e+01  ,2.663502849529e+00  ,9.864944452800e+00  
  4.562069803484e-03  ,1.062572190406e+01  ,2.745642749337e+00  ,9.865593468021e+00  
  4.562072731934e-03  ,1.081628769908e+01  ,2.801210706009e+00  ,9.866416189474e+00  
  4.562078588836e-03  ,1.117238641202e+01  ,2.810931156794e+00  ,9.868063433001e+00  
  4.562090302638e-03  ,1.179842560121e+01  ,2.805902721930e+00  ,9.871362484809e+00  
  4.562110091381e-03  ,1.263396173804e+01  ,2.804535530671e+00  ,9.876941831775e+00  
  4.562149668865e-03  ,1.372642713905e+01  ,2.808671675068e+00  ,9.888100109874e+00  
  4.562228823833e-03  ,1.476773309358e+01  ,2.813639600048e+00  ,9.910413222854e+00  
  4.562346268825e-03  ,1.516339092282e+01  ,2.822834527542e+00  ,9.943511166653e+00  
  4.562518907718e-03  ,1.497818151034e+01  ,2.836728591951e+00  ,9.992143920148e+00  
  4.562675405673e-03  ,1.497093113114e+01  ,2.849238467178e+00  ,1.003620908120e+01  
  4.562988401584e-03  ,1.501191414354e+01  ,2.874224081713e+00  ,1.012428072825e+01  
  4.563614393405e-03  ,1.499232315679e+01  ,2.924173628550e+00  ,1.030018958704e+01  
  4.564711881809e-03  ,1.499816660331e+01  ,3.011513445440e+00  ,1.060783939479e+01  
  4.566906858615e-03  ,1.500018759104e+01  ,3.185383810942e+00  ,1.122027397856e+01  
  4.571296812229e-03  ,1.499992897499e+01  ,3.529894977350e+00  ,1.243376078730e+01  
  4.572010000020e-03  ,1.500001333154e+01  ,3.585459113200e+00  ,1.262947717396e+01  
  4.572011000018e-03  ,1.442322998709e+01  ,3.585389585878e+00  ,1.262975131065e+01  
  4.572013000126e-03  ,1.321550432815e+01  ,3.585158361779e+00  ,1.263029954496e+01  
  4.572017000343e-03  ,1.067413247037e+01  ,3.584714353202e+00  ,1.263139631247e+01  
  4.572020000020e-03  ,8.649180729651e+00  ,3.584441742321e+00  ,1.263221868605e+01  
  4.572020800063e-03  ,8.545483914729e+00  ,3.584496242859e+00  ,1.263243798061e+01  
  4.572022400076e-03  ,8.340587156556e+00  ,3.584692047443e+00  ,1.263287666949e+01  
  4.572025600100e-03  ,7.945359297196e+00  ,3.585217928702e+00  ,1.263375401686e+01  
  4.572032000149e-03  ,7.209790168435e+00  ,3.586312346328e+00  ,1.263550848054e+01  
  4.572044800246e-03  ,5.933923898609e+00  ,3.589265978329e+00  ,1.263901726856e+01  
  4.572058726871e-03  ,4.792935042185e+00  ,3.599114803124e+00  ,1.264283381810e+01  
  4.572067645216e-03  ,4.356543459602e+00  ,1.397136410199e+01  ,1.264463703298e+01  
  4.572076016689e-03  ,4.341972056082e+00  ,4.350074427485e+01  ,1.264469860689e+01  
  4.572082296783e-03  ,4.134702381638e+00  ,5.281722772528e+01  ,3.927953331380e-02  
  4.572085568333e-03  ,3.936804835218e+00  ,5.284661946255e+01  ,-2.061749499098e-01  
  4.572088130588e-03  ,3.786653591440e+00  ,5.282945678505e+01  ,-1.736155678885e-03  
  4.572090906301e-03  ,3.630646015002e+00  ,5.283257306324e+01  ,7.843349094320e-03  
  4.572096457729e-03  ,3.337348966429e+00  ,5.284104401763e+01  ,5.601028234824e-03  
  4.572107560584e-03  ,2.819253475256e+00  ,5.285770144417e+01  ,4.578743389233e-03  
  4.572129766295e-03  ,2.007082059499e+00  ,5.289087799752e+01  ,3.658063073473e-03  
  4.572174177716e-03  ,9.671674332987e-01  ,5.295711080889e+01  ,2.010269858111e-03  
  4.572217468569e-03  ,4.396639070298e-01  ,5.302145304869e+01  ,1.239312433267e-03  
  4.572265050957e-03  ,1.637047009800e-01  ,5.309197066180e+01  ,8.354547495083e-04  
  4.572331224034e-03  ,5.548473197739e-02  ,5.318971917038e+01  ,6.752754505693e-04  
  4.572415147373e-03  ,1.369931958875e-02  ,5.331319772095e+01  ,6.112429087574e-04  
  4.572508440563e-03  ,-3.608240947819e-04  ,5.344983018333e+01  ,5.872728042697e-04  
  4.572695026943e-03  ,-3.210079410996e-03  ,5.372110353064e+01  ,5.761833929589e-04  
  4.573064957211e-03  ,6.208494080080e-05  ,5.425106303003e+01  ,5.672962490765e-04  
  4.573717365811e-03  ,2.740437984607e-03  ,5.516004467354e+01  ,5.475731209857e-04  
  4.575022183010e-03  ,6.334084506219e-04  ,5.687855282868e+01  ,4.982999216280e-04  
  4.577631817410e-03  ,2.081967485153e-03  ,5.991069526374e+01  ,4.127860169607e-04  
  4.582000000020e-03  ,1.224715770662e-04  ,6.376006591554e+01  ,2.754816298822e-04  
  4.582001000018e-03  ,5.767793691150e-01  ,6.376090315229e+01  ,-1.014895613958e-03  
  4.582001885520e-03  ,1.094815668947e+00  ,6.376164789034e+01  ,-2.189333595021e-03  
  4.582003656523e-03  ,2.160697501646e+00  ,6.376313472579e+01  ,-4.508618464565e-03  
  4.582007198529e-03  ,4.414906661919e+00  ,6.376609141713e+01  ,-8.966116408968e-03  
  4.582010000020e-03  ,6.310594949633e+00  ,6.376841452666e+01  ,-1.232713061519e-02  
  4.582010708421e-03  ,6.402977056005e+00  ,6.376890668269e+01  ,-1.224746425402e-02  
  4.582012125149e-03  ,6.585379548781e+00  ,6.376988040728e+01  ,-1.198685426815e-02  
  4.582014958605e-03  ,6.939180022004e+00  ,6.377182758671e+01  ,-1.146957988695e-02  
  4.582020625517e-03  ,7.603706339946e+00  ,6.377572597226e+01  ,-1.050137419993e-02  
  4.582031959340e-03  ,8.774676992815e+00  ,6.378353556973e+01  ,-8.795361605088e-03  
  4.582044029280e-03  ,9.824218958682e+00  ,6.379186681525e+01  ,-7.266400115613e-03  
  4.582052572116e-03  ,9.976801833161e+00  ,3.629800089500e+01  ,9.864196409771e+00  
  4.582060711130e-03  ,1.001056314696e+01  ,4.480603845845e+00  ,9.865255672961e+00  
  4.582064621195e-03  ,1.027336755931e+01  ,2.832746161292e+00  ,9.865720766758e+00  
  4.582066733435e-03  ,1.042109795272e+01  ,2.763244319703e+00  ,9.866304272636e+00  
  4.582069402978e-03  ,1.060285342476e+01  ,2.789646666941e+00  ,9.867048094314e+00  
  4.582074666068e-03  ,1.094068183623e+01  ,2.819076659885e+00  ,9.868497354069e+00  
  4.582083751306e-03  ,1.146474499492e+01  ,2.808473388500e+00  ,9.871093973825e+00  
  4.582101921782e-03  ,1.232619868671e+01  ,2.805302517875e+00  ,9.876216893951e+00  
  4.582138262734e-03  ,1.348160426408e+01  ,2.807730005849e+00  ,9.886462684827e+00  
  4.582210944637e-03  ,1.464245783092e+01  ,2.812695005589e+00  ,9.906951545928e+00  
  4.582320378765e-03  ,1.514658997579e+01  ,2.821220475901e+00  ,9.937793264579e+00  
  4.582480429157e-03  ,1.516702336766e+01  ,2.834014190947e+00  ,9.982883126794e+00  
  4.582702277645e-03  ,1.495757652347e+01  ,2.851839271614e+00  ,1.004534913350e+01  
  4.583114312634e-03  ,1.502193733704e+01  ,2.884718609757e+00  ,1.016126162459e+01  
  4.583514426693e-03  ,1.500844697355e+01  ,2.916643468265e+00  ,1.027369094988e+01  
  4.584314654812e-03  ,1.499403776959e+01  ,2.980379019918e+00  ,1.049816693068e+01  
  4.585915111050e-03  ,1.500515622941e+01  ,3.107398913114e+00  ,1.094559225363e+01  
  4.589116023525e-03  ,1.500051893473e+01  ,3.359728630584e+00  ,1.183437704918e+01  
  4.592010000020e-03  ,1.499960073147e+01  ,3.585893720913e+00  ,1.263100742378e+01  
  4.592011000018e-03  ,1.441970626349e+01  ,3.585825237456e+00  ,1.263128155727e+01  
  4.592013000126e-03  ,1.321208436014e+01  ,3.585594397200e+00  ,1.263182977631e+01  
  4.592017000343e-03  ,1.067091271854e+01  ,3.585150526190e+00  ,1.263292653176e+01  
  4.592020000020e-03  ,8.646104212929e+00  ,3.584877924535e+00  ,1.263374889226e+01  
  4.592020800063e-03  ,8.542444284084e+00  ,3.584932469602e+00  ,1.263396818324e+01  
  4.592022400076e-03  ,8.337620410202e+00  ,3.585128354945e+00  ,1.263440686523e+01  
  4.592025600100e-03  ,7.942533139119e+00  ,3.585654406506e+00  ,1.263528419877e+01  
  4.592032000149e-03  ,7.207225666675e+00  ,3.586749356078e+00  ,1.263703863436e+01  
  4.592044800246e-03  ,5.931813285006e+00  ,3.589706010402e+00  ,1.264054736624e+01  
  4.592058725381e-03  ,4.791341873608e+00  ,3.599589892224e+00  ,1.264436344295e+01  
  4.592067642236e-03  ,4.356448493388e+00  ,1.404285761542e+01  ,1.264616061004e+01  
  4.592076010728e-03  ,4.342045145373e+00  ,4.357336883253e+01  ,1.264621750844e+01  
  4.592082280392e-03  ,4.134281359934e+00  ,5.282250650501e+01  ,3.578649851432e-02  
  4.592085550079e-03  ,3.936500800351e+00  ,5.285143804062e+01  ,-2.051808534833e-01  
  4.592088114196e-03  ,3.786255517568e+00  ,5.283437426128e+01  ,-1.679899830321e-03  
  4.592090890283e-03  ,3.630243647479e+00  ,5.283749850038e+01  ,7.832215979599e-03  
  4.592096442455e-03  ,3.336941015195e+00  ,5.284597067247e+01  ,5.599575946927e-03  
  4.592107546801e-03  ,2.817728434944e+00  ,5.286259026960e+01  ,4.699992566534e-03  
  4.592129755491e-03  ,2.005903969533e+00  ,5.289580083167e+01  ,3.533967475384e-03  
  4.592174172873e-03  ,9.664883651221e-01  ,5.296203902475e+01  ,2.008795020203e-03  
  4.592216730589e-03  ,4.465259506943e-01  ,5.302530152215e+01  ,1.249449214830e-03  
  4.592264521593e-03  ,1.664479455251e-01  ,5.309614059383e+01  ,8.395220023261e-04  
  4.592329967493e-03  ,5.720309902119e-02  ,5.319283276886e+01  ,6.778753168606e-04  
  4.592414451117e-03  ,1.390584744208e-02  ,5.331715892969e+01  ,6.116189712998e-04  
  4.592506886000e-03  ,-3.832649367134e-04  ,5.345256061555e+01  ,5.873463324926e-04  
  4.592691755766e-03  ,-3.315204313903e-03  ,5.372140848810e+01  ,5.761989645289e-04  
  4.593056440825e-03  ,9.389658896303e-06  ,5.424408864792e+01  ,5.675782303400e-04  
  4.593699408049e-03  ,1.736943370608e-03  ,5.514066261050e+01  ,5.466802382537e-04  
  4.594985342497e-03  ,1.458141287384e-03  ,5.683728989692e+01  ,5.009430406565e-04  
  4.597557211393e-03  ,1.347162663311e-03  ,5.983738881131e+01  ,4.140504282297e-04  
  4.602000000020e-03  ,8.212243019852e-04  ,6.376637709428e+01  ,2.765344872359e-04  
  4.602001000018e-03  ,5.774676789608e-01  ,6.376721445408e+01  ,-1.013962660937e-03  
  4.602001885054e-03  ,1.095219199736e+00  ,6.376795888651e+01  ,-2.187666892868e-03  
  4.602003655126e-03  ,2.160500055473e+00  ,6.376944514496e+01  ,-4.505822109874e-03  
  4.602007195269e-03  ,4.413382989319e+00  ,6.377240069354e+01  ,-8.961186644900e-03  
  4.602010000020e-03  ,6.311192557341e+00  ,6.377472682831e+01  ,-1.232623418054e-02  
  4.602010708049e-03  ,6.403520250508e+00  ,6.377521880762e+01  ,-1.224664288603e-02  
  4.602012124032e-03  ,6.585816523074e+00  ,6.377619217962e+01  ,-1.198618962504e-02  
  4.602014955997e-03  ,6.939416602906e+00  ,6.377813865225e+01  ,-1.146920639104e-02  
  4.602020619929e-03  ,7.603588084804e+00  ,6.378203561999e+01  ,-1.050151815755e-02  
  4.602031947791e-03  ,8.776583884607e+00  ,6.378984202596e+01  ,-8.792574974516e-03  
  4.602044011771e-03  ,9.826312833643e+00  ,6.379817045375e+01  ,-7.263318538100e-03  
  4.602052551627e-03  ,9.976897088103e+00  ,3.620091979436e+01  ,9.865414234105e+00  
  4.602060689151e-03  ,1.001074368610e+01  ,4.396223401640e+00  ,9.866414379522e+00  
  4.602064583569e-03  ,1.027384556818e+01  ,2.822946775664e+00  ,9.866942124526e+00  
  4.602066676810e-03  ,1.042035201399e+01  ,2.763113171752e+00  ,9.867521286970e+00  
  4.602069328472e-03  ,1.060096097370e+01  ,2.790841437974e+00  ,9.868259941805e+00  
  4.602074615404e-03  ,1.094039138936e+01  ,2.818909824796e+00  ,9.869713237752e+00  
  4.602083973333e-03  ,1.147921209346e+01  ,2.808663795881e+00  ,9.872389344323e+00  
  4.602102689191e-03  ,1.235439311721e+01  ,2.803394702947e+00  ,9.877657680173e+00  
  4.602140120908e-03  ,1.352437887801e+01  ,2.810354714352e+00  ,9.888219246820e+00  
  4.602214984342e-03  ,1.467902396783e+01  ,2.813421001718e+00  ,9.909322594474e+00  
  4.602327100679e-03  ,1.515864186686e+01  ,2.822094286753e+00  ,9.940919373814e+00  
  4.602488843843e-03  ,1.498391462193e+01  ,2.835125762419e+00  ,9.986484671801e+00  
  4.602634756013e-03  ,1.497332838227e+01  ,2.846785422566e+00  ,1.002757215375e+01  
  4.602926580354e-03  ,1.501014629880e+01  ,2.870084202667e+00  ,1.010969610535e+01  
  4.603510229036e-03  ,1.499368364630e+01  ,2.916664044876e+00  ,1.027374018119e+01  
  4.604535810396e-03  ,1.499837603112e+01  ,2.998311814246e+00  ,1.056133906406e+01  
  4.606586973116e-03  ,1.500016030418e+01  ,3.160899969066e+00  ,1.113403341397e+01  
  4.610689298555e-03  ,1.500058578396e+01  ,3.483252767623e+00  ,1.226947191671e+01  
  4.612010000020e-03  ,1.499959055442e+01  ,3.586233988194e+00  ,1.263220596347e+01  
  4.612011000018e-03  ,1.442164125475e+01  ,3.586164864363e+00  ,1.263248009171e+01  
  4.612013000126e-03  ,1.321396237557e+01  ,3.585933786007e+00  ,1.263302831440e+01  
  4.612017000343e-03  ,1.067268078884e+01  ,3.585489837903e+00  ,1.263412504769e+01  
  4.612020000020e-03  ,8.647793628439e+00  ,3.585217243917e+00  ,1.263494739801e+01  
  4.612020800063e-03  ,8.544113444373e+00  ,3.585271772276e+00  ,1.263516668632e+01  
  4.612022400076e-03  ,8.339249547597e+00  ,3.585467627887e+00  ,1.263560536283e+01  
  4.612025600100e-03  ,7.944085075342e+00  ,3.585993608986e+00  ,1.263648268545e+01  
  4.612032000149e-03  ,7.208633919949e+00  ,3.587088326264e+00  ,1.263823709940e+01  
  4.612044800246e-03  ,5.932972297623e+00  ,3.590043578014e+00  ,1.264174578799e+01  
  4.612058725381e-03  ,4.792277704076e+00  ,3.599908121690e+00  ,1.264556181945e+01  
  4.612067642236e-03  ,4.356520868285e+00  ,1.399897138508e+01  ,1.264736246018e+01  
  4.612076012218e-03  ,4.342013323446e+00  ,4.352759470289e+01  ,1.264742231895e+01  
  4.612082288587e-03  ,4.134696433450e+00  ,5.282738934434e+01  ,3.868907807761e-02  
  4.612085559392e-03  ,3.936840650149e+00  ,5.285669841657e+01  ,-2.059573427040e-01  
  4.612088121647e-03  ,3.786688270221e+00  ,5.283955772281e+01  ,-1.725059044244e-03  
  4.612090896988e-03  ,3.630699738649e+00  ,5.284267571954e+01  ,7.841261093679e-03  
  4.612096447671e-03  ,3.337436129223e+00  ,5.285114720931e+01  ,5.601057869858e-03  
  4.612107549036e-03  ,2.819391297615e+00  ,5.286780611903e+01  ,4.579183525500e-03  
  4.612129751766e-03  ,2.007273567471e+00  ,5.290098574539e+01  ,3.658248630999e-03  
  4.612174157226e-03  ,9.673718214606e-01  ,5.296722461969e+01  ,2.010639181829e-03  
  4.612217448080e-03  ,4.397700652462e-01  ,5.303158140548e+01  ,1.239539060238e-03  
  4.612265030468e-03  ,1.637516874443e-01  ,5.310211494101e+01  ,8.355946967762e-04  
  4.612331203544e-03  ,5.550058419944e-02  ,5.319988548307e+01  ,6.753694754949e-04  
  4.612415126884e-03  ,1.370314999769e-02  ,5.332339180057e+01  ,6.113187117475e-04  
  4.612508420074e-03  ,-3.610392813860e-04  ,5.346005490131e+01  ,5.873419288470e-04  
  4.612695006454e-03  ,-3.211115560685e-03  ,5.373138880552e+01  ,5.762497635922e-04  
  4.613064936722e-03  ,6.198769596265e-05  ,5.426146553019e+01  ,5.673609386678e-04  
  4.613717345322e-03  ,2.741107053456e-03  ,5.517064471888e+01  ,5.476337075262e-04  
  4.615022162521e-03  ,6.334633859245e-04  ,5.688951275451e+01  ,4.983495849313e-04  
  4.617631796921e-03  ,2.082425178207e-03  ,5.992223472247e+01  ,4.128178543955e-04  
  4.622000000020e-03  ,1.223373625864e-04  ,6.377218017596e+01  ,2.754849796997e-04  
  4.622001000018e-03  ,5.767792380946e-01  ,6.377301748126e+01  ,-1.014897572763e-03  
  4.622001885706e-03  ,1.094925791676e+00  ,6.377376243607e+01  ,-2.189581443060e-03  
  4.622003657081e-03  ,2.161040837923e+00  ,6.377524970341e+01  ,-4.509341053069e-03  
  4.622007199832e-03  ,4.415766704464e+00  ,6.377820725141e+01  ,-8.967714337412e-03  
  4.622010000020e-03  ,6.311377542103e+00  ,6.378052936466e+01  ,-1.232597377886e-02  
  4.622010708570e-03  ,6.403770554158e+00  ,6.378102167383e+01  ,-1.224630395235e-02  
  4.622012125671e-03  ,6.586203578674e+00  ,6.378199575339e+01  ,-1.198564921401e-02  
  4.622014959872e-03  ,6.940060432944e+00  ,6.378394364302e+01  ,-1.146829279026e-02  
  4.622020628273e-03  ,7.604681849420e+00  ,6.378784344962e+01  ,-1.049994859065e-02  
  4.622031965077e-03  ,8.778360712875e+00  ,6.379565554827e+01  ,-8.790010792245e-03  
  4.622043388307e-03  ,9.776285208630e+00  ,6.380354078140e+01  ,-7.336228116302e-03  
  4.622051500499e-03  ,9.973803800463e+00  ,4.056184455014e+01  ,9.865776837322e+00  
  4.622059210360e-03  ,1.000108958660e+01  ,1.007569536273e+01  ,9.865983409290e+00  
  4.622063484013e-03  ,1.019658298871e+01  ,3.357221038509e+00  ,9.866891002945e+00  
  4.622067481249e-03  ,1.047037743510e+01  ,2.673472952985e+00  ,9.867965972776e+00  
  4.622069826692e-03  ,1.062921372790e+01  ,2.749558237171e+00  ,9.868621508464e+00  
  4.622072826668e-03  ,1.082413689707e+01  ,2.802326469737e+00  ,9.869464073212e+00  
  4.622078826621e-03  ,1.118787546785e+01  ,2.811378898435e+00  ,9.871151565232e+00  
  4.622090826526e-03  ,1.182542328744e+01  ,2.806669383763e+00  ,9.874531174490e+00  
  4.622111601725e-03  ,1.268959495626e+01  ,2.805538163238e+00  ,9.880388470654e+00  
  4.622153152123e-03  ,1.379680877014e+01  ,2.809698783901e+00  ,9.892102555324e+00  
  4.622236252919e-03  ,1.481927703995e+01  ,2.815064953026e+00  ,9.915526918008e+00  
  4.622353948250e-03  ,1.516677816189e+01  ,2.824304911353e+00  ,9.948693709452e+00  
  4.622512544289e-03  ,1.513354225992e+01  ,2.837005388614e+00  ,9.993369060508e+00  
  4.622774089470e-03  ,1.495605185719e+01  ,2.857986879219e+00  ,1.006700056955e+01  
  4.623227084771e-03  ,1.502421698809e+01  ,2.894125798048e+00  ,1.019440067424e+01  
  4.623796809807e-03  ,1.500842702622e+01  ,2.939556201874e+00  ,1.035439757233e+01  
  4.624936259880e-03  ,1.499341991283e+01  ,3.030189664747e+00  ,1.067361591189e+01  
  4.627215160027e-03  ,1.500596400576e+01  ,3.210560559826e+00  ,1.130896472447e+01  
  4.631772960320e-03  ,1.500042935695e+01  ,3.567842435131e+00  ,1.256742554975e+01  
  4.632010000020e-03  ,1.499992363504e+01  ,3.586297029430e+00  ,1.263242878153e+01  
  4.632011000018e-03  ,1.442348363316e+01  ,3.586227444594e+00  ,1.263270290942e+01  
  4.632013000126e-03  ,1.321575050573e+01  ,3.585996198121e+00  ,1.263325112920e+01  
  4.632017000343e-03  ,1.067436423615e+01  ,3.585552190325e+00  ,1.263434786136e+01  
  4.632020000020e-03  ,8.649402185381e+00  ,3.585279595215e+00  ,1.263517020981e+01  
  4.632020800063e-03  ,8.545702715496e+00  ,3.585334104754e+00  ,1.263538949767e+01  
  4.632022400076e-03  ,8.340800711291e+00  ,3.585529925933e+00  ,1.263582817314e+01  
  4.632025600100e-03  ,7.945562732662e+00  ,3.586055829500e+00  ,1.263670549370e+01  
  4.632032000149e-03  ,7.209974770783e+00  ,3.587150298970e+00  ,1.263845990375e+01  
  4.632044800246e-03  ,5.934075835097e+00  ,3.590104101204e+00  ,1.264196858450e+01  
  4.632058726871e-03  ,4.793057752895e+00  ,3.599952488880e+00  ,1.264578501737e+01  
  4.632067645216e-03  ,4.356570270963e+00  ,1.396744833613e+01  ,1.264758847457e+01  
  4.632076016689e-03  ,4.341985126210e+00  ,4.349600891471e+01  ,1.264765038392e+01  
  4.632082298273e-03  ,4.134879854511e+00  ,5.282724063101e+01  ,4.027074267270e-02  
  4.632085570196e-03  ,3.936955326513e+00  ,5.285675888783e+01  ,-2.064082976200e-01  
  4.632088132078e-03  ,3.786819454107e+00  ,5.283957426414e+01  ,-1.749501591554e-03  
  4.632090907047e-03  ,3.630846117950e+00  ,5.284268890588e+01  ,7.845665470791e-03  
  4.632096456984e-03  ,3.337608638228e+00  ,5.285115993530e+01  ,5.601718899147e-03  
  4.632107556859e-03  ,2.819601165800e+00  ,5.286781720578e+01  ,4.579121517065e-03  
  4.632129756609e-03  ,2.007516267691e+00  ,5.290099332927e+01  ,3.659002406014e-03  
  4.632174156109e-03  ,9.676007059752e-01  ,5.296722543219e+01  ,2.010992433185e-03  
  4.632217452923e-03  ,4.398288965611e-01  ,5.303159309796e+01  ,1.239642299522e-03  
  4.632265023390e-03  ,1.638267046091e-01  ,5.310211118238e+01  ,8.357221288191e-04  
  4.632331208387e-03  ,5.551251432890e-02  ,5.319990241838e+01  ,6.754044698584e-04  
  4.632415107885e-03  ,1.371310250215e-02  ,5.332337758069e+01  ,6.113516380829e-04  
  4.632508412996e-03  ,-3.606686924214e-04  ,5.346006254979e+01  ,5.873603601092e-04  
  4.632695023218e-03  ,-3.213387522207e-03  ,5.373143965375e+01  ,5.762632878641e-04  
  4.633064858118e-03  ,6.101529213491e-05  ,5.426139753944e+01  ,5.673795513894e-04  
  4.633717171350e-03  ,2.741796421958e-03  ,5.517047971527e+01  ,5.476575390595e-04  
  4.635021797815e-03  ,6.330711837057e-04  ,5.688918167898e+01  ,4.983772326926e-04  
  4.637631050745e-03  ,2.082966421808e-03  ,5.992168528929e+01  ,4.128565612801e-04  
  4.642000000020e-03  ,1.219747722846e-04  ,6.377258245031e+01  ,2.754945141863e-04  
  4.642001000018e-03  ,5.767788814857e-01  ,6.377341978991e+01  ,-1.014888010738e-03  
  4.642001885706e-03  ,1.094925440359e+00  ,6.377416477494e+01  ,-2.189570498107e-03  
  4.642003657081e-03  ,2.161040497002e+00  ,6.377565210306e+01  ,-4.509330416084e-03  
  4.642007199832e-03  ,4.415766383534e+00  ,6.377860977255e+01  ,-8.967703720346e-03  
  4.642010000020e-03  ,6.311377236231e+00  ,6.378093198182e+01  ,-1.232596312754e-02  
  4.642010708570e-03  ,6.403770251976e+00  ,6.378142431532e+01  ,-1.224629312078e-02  
  4.642012125671e-03  ,6.586203283779e+00  ,6.378239844358e+01  ,-1.198563834080e-02  
  4.642014959872e-03  ,6.940060152184e+00  ,6.378434643060e+01  ,-1.146828190926e-02  
  4.642020628273e-03  ,7.604681595209e+00  ,6.378824643193e+01  ,-1.049993767729e-02  
  4.642031965077e-03  ,8.778360505543e+00  ,6.379605891988e+01  ,-8.789999820128e-03  
  4.642043388307e-03  ,9.776285041154e+00  ,6.380394454505e+01  ,-7.336217095815e-03  
  4.642051499009e-03  ,9.973801020318e+00  ,4.056870584325e+01  ,9.865988399117e+00  
  4.642059207380e-03  ,1.000107388970e+01  ,1.008789634440e+01  ,9.866194226772e+00  
  4.642063481778e-03  ,1.019641654498e+01  ,3.358139541302e+00  ,9.867102138242e+00  
  4.642067480504e-03  ,1.047031076396e+01  ,2.673377738688e+00  ,9.868177060445e+00  
  4.642069825202e-03  ,1.062910093202e+01  ,2.749560955312e+00  ,9.868832394627e+00  
  4.642072823688e-03  ,1.082393515940e+01  ,2.802381121714e+00  ,9.869674543014e+00  
  4.642078820660e-03  ,1.118751837017e+01  ,2.811446614311e+00  ,9.871361192331e+00  
  4.642090814605e-03  ,1.182315385864e+01  ,2.801573779033e+00  ,9.874742487089e+00  
  4.642103616193e-03  ,1.238863898002e+01  ,2.805608680096e+00  ,9.878351863822e+00  
  4.642129219368e-03  ,1.323786191611e+01  ,2.807847580423e+00  ,9.885570257589e+00  
  4.642180425718e-03  ,1.422367501386e+01  ,2.810502991664e+00  ,9.900005729999e+00  
  4.642282838419e-03  ,1.500641327207e+01  ,2.818738572071e+00  ,9.928870847962e+00  
  4.642412132814e-03  ,1.500011803432e+01  ,2.829105198254e+00  ,9.965300938346e+00  
  4.642647118166e-03  ,1.500003774649e+01  ,2.847871541672e+00  ,1.003147636491e+01  
  4.642891497209e-03  ,1.500004216287e+01  ,2.867407021148e+00  ,1.010025038972e+01  
  4.643380255297e-03  ,1.500002453425e+01  ,2.906416654028e+00  ,1.023765540570e+01  
  4.644357771471e-03  ,1.500001454295e+01  ,2.984273609285e+00  ,1.051189437264e+01  
  4.646312803820e-03  ,1.500000838630e+01  ,3.139341411598e+00  ,1.105809647911e+01  
  4.650222868517e-03  ,1.500000431419e+01  ,3.446911502092e+00  ,1.214146431637e+01  
  4.652010000020e-03  ,1.500006830288e+01  ,3.586353609941e+00  ,1.263262823435e+01  
  4.652011000018e-03  ,1.442389290204e+01  ,3.586283920006e+00  ,1.263290236245e+01  
  4.652013000126e-03  ,1.321614772380e+01  ,3.586052634894e+00  ,1.263345057680e+01  
  4.652017000343e-03  ,1.067473819981e+01  ,3.585608612526e+00  ,1.263454731025e+01  
  4.652020000020e-03  ,8.649759512809e+00  ,3.585336020015e+00  ,1.263536965700e+01  
  4.652020800063e-03  ,8.546055758746e+00  ,3.585390525550e+00  ,1.263558894442e+01  
  4.652022400076e-03  ,8.341145289311e+00  ,3.585586339859e+00  ,1.263602761898e+01  
  4.652025600100e-03  ,7.945890981891e+00  ,3.586112228004e+00  ,1.263690493772e+01  
  4.652032000149e-03  ,7.210272629677e+00  ,3.587206646824e+00  ,1.263865934417e+01  
  4.652044800246e-03  ,5.934320977129e+00  ,3.590160146399e+00  ,1.264216801774e+01  
  4.652058726871e-03  ,4.793255684960e+00  ,3.600004427650e+00  ,1.264598444317e+01  
  4.652067645216e-03  ,4.356585271033e+00  ,1.395813274862e+01  ,1.264778864090e+01  
  4.652076016689e-03  ,4.341978193317e+00  ,4.348515006737e+01  ,1.264785122610e+01  
  4.652082299763e-03  ,4.134999290182e+00  ,5.282923491331e+01  ,4.104690867869e-02  
  4.652085571313e-03  ,3.937093759635e+00  ,5.285885001153e+01  ,-2.065851598751e-01  
  4.652087140033e-03  ,3.844261609237e+00  ,5.284047702194e+01  ,-4.178381938578e-03  
  4.652090277472e-03  ,3.665720987753e+00  ,5.284364666347e+01  ,1.015332359598e-02  
  4.652096552351e-03  ,3.332716969208e+00  ,5.285342728098e+01  ,5.650831379058e-03  
  4.652109102109e-03  ,2.753777088811e+00  ,5.287226649411e+01  ,4.427422117154e-03  
  4.652134201625e-03  ,1.873630788254e+00  ,5.290975757495e+01  ,3.519151979424e-03  
  4.652173516849e-03  ,9.864725543296e-01  ,5.296840222535e+01  ,2.038677846904e-03  
  4.652218113044e-03  ,4.425617451585e-01  ,5.303470139191e+01  ,1.243537928209e-03  
  4.652263627151e-03  ,1.762487432041e-01  ,5.310217242148e+01  ,8.538620098139e-04  
  4.652332732776e-03  ,5.625533594877e-02  ,5.320427912473e+01  ,6.764148662283e-04  
  4.652413830856e-03  ,4.608879728335e-03  ,5.332363148719e+01  ,5.981169762615e-04  
  4.652510116199e-03  ,-7.862446152726e-03  ,5.346467971829e+01  ,5.763505602029e-04  
  4.652702686885e-03  ,-5.375988881647e-03  ,5.374465373315e+01  ,5.728127171160e-04  
  4.652993414501e-03  ,4.391106504146e-03  ,5.416196729947e+01  ,5.763423023964e-04  
  4.653574869731e-03  ,-2.511374617493e-05  ,5.497709548143e+01  ,5.486971774017e-04  
  4.654478380779e-03  ,1.130563106696e-03  ,5.619156990512e+01  ,5.180166929874e-04  
  4.655734560588e-03  ,1.472544192271e-03  ,5.777345085240e+01  ,4.749596620413e-04  
  4.658246920207e-03  ,1.203447865346e-03  ,6.055993794457e+01  ,3.922617852223e-04  
  4.662000000020e-03  ,8.930606209800e-04  ,6.377383612051e+01  ,2.767261957667e-04  
  4.662001000018e-03  ,5.775384732163e-01  ,6.377467301192e+01  ,-1.013252713438e-03  
  4.662001885147e-03  ,1.095344171948e+00  ,6.377541726389e+01  ,-2.188138469164e-03  
  4.662003655405e-03  ,2.160739762201e+00  ,6.377690291799e+01  ,-4.506283819924e-03  
  4.662007195921e-03  ,4.413877436307e+00  ,6.377985730109e+01  ,-8.962047730221e-03  
  4.662010000020e-03  ,6.312037596784e+00  ,6.378218161431e+01  ,-1.232514756174e-02  
  4.662010708123e-03  ,6.404365917678e+00  ,6.378267335428e+01  ,-1.224557300755e-02  
  4.662012124292e-03  ,6.587055362033e+00  ,6.378364634045e+01  ,-1.198550327088e-02  
  4.662014956631e-03  ,6.940957572219e+00  ,6.378559176862e+01  ,-1.146711309028e-02  
  4.662020621307e-03  ,7.604935433759e+00  ,6.378948693206e+01  ,-1.049965751044e-02  
  4.662031950660e-03  ,8.777741353617e+00  ,6.379728971086e+01  ,-8.791037465170e-03  
  4.662043364949e-03  ,9.774995369375e+00  ,6.380516452288e+01  ,-7.338238624680e-03  
  4.662051408596e-03  ,9.973569472529e+00  ,4.092108028937e+01  ,9.864100972010e+00  
  4.662059088655e-03  ,1.000046019938e+01  ,1.053156367023e+01  ,9.864280165047e+00  
  4.662063386894e-03  ,1.019005408339e+01  ,3.389428554319e+00  ,9.865195963524e+00  
  4.662067448206e-03  ,1.046815581355e+01  ,2.666631863488e+00  ,9.866272024268e+00  
  4.662069772415e-03  ,1.062570021846e+01  ,2.746842783679e+00  ,9.866921915817e+00  
  4.662072716884e-03  ,1.081727666610e+01  ,2.801632744959e+00  ,9.867749062559e+00  
  4.662078605823e-03  ,1.117515639916e+01  ,2.811198359220e+00  ,9.869405324248e+00  
  4.662090383701e-03  ,1.180230060556e+01  ,2.800831248846e+00  ,9.872725749852e+00  
  4.662102741234e-03  ,1.235329932317e+01  ,2.805005318885e+00  ,9.876210003549e+00  
  4.662127456300e-03  ,1.318887173492e+01  ,2.807231980248e+00  ,9.883178162411e+00  
  4.662176886432e-03  ,1.417652728977e+01  ,2.809678894407e+00  ,9.897113258641e+00  
  4.662275746695e-03  ,1.498247906243e+01  ,2.817642772565e+00  ,9.924978054483e+00  
  4.662404206626e-03  ,1.499982599978e+01  ,2.827934883739e+00  ,9.961174480921e+00  
  4.662631252639e-03  ,1.500011618651e+01  ,2.846065145324e+00  ,1.002511744840e+01  
  4.662871530883e-03  ,1.500010389332e+01  ,2.865275379562e+00  ,1.009274214157e+01  
  4.663352087371e-03  ,1.500016956811e+01  ,2.903633739224e+00  ,1.022785324205e+01  
  4.664313200347e-03  ,1.500020634077e+01  ,2.980193554813e+00  ,1.049752331987e+01  
  4.666235426299e-03  ,1.500027531423e+01  ,3.132688091666e+00  ,1.103466166657e+01  
  4.670079878203e-03  ,1.500028961669e+01  ,3.435194113467e+00  ,1.210019222111e+01  
  4.672010000020e-03  ,1.500071192171e+01  ,3.585826585638e+00  ,1.263077285839e+01  
  4.672011000018e-03  ,1.442405792278e+01  ,3.585757034609e+00  ,1.263104699100e+01  
  4.672013000126e-03  ,1.321630788627e+01  ,3.585525805639e+00  ,1.263159522027e+01  
  4.672017000343e-03  ,1.067488898597e+01  ,3.585081798573e+00  ,1.263269197118e+01  
  4.672020000020e-03  ,8.649903590694e+00  ,3.584809182802e+00  ,1.263351433374e+01  
  4.672020800063e-03  ,8.546198109118e+00  ,3.584863681900e+00  ,1.263373362538e+01  
  4.672022400076e-03  ,8.341284226208e+00  ,3.585059481484e+00  ,1.263417230835e+01  
  4.672025600100e-03  ,7.946023334445e+00  ,3.585585340925e+00  ,1.263504964395e+01  
  4.672032000149e-03  ,7.210392727550e+00  ,3.586679682773e+00  ,1.263680408413e+01  
  4.672044800246e-03  ,5.934419815128e+00  ,3.589632815177e+00  ,1.264031282517e+01  
  4.672058726871e-03  ,4.793335464957e+00  ,3.599473999321e+00  ,1.264412932433e+01  
  4.672067645216e-03  ,4.356579330770e+00  ,1.395310510567e+01  ,1.264593397156e+01  
  4.672076016689e-03  ,4.341963507676e+00  ,4.347940627854e+01  ,1.264599691911e+01  
  4.672082301253e-03  ,4.135043728925e+00  ,5.283246851655e+01  ,4.149774572984e-02  
  4.672085573176e-03  ,3.937115748414e+00  ,5.286214133014e+01  ,-2.067074883553e-01  
  4.672087141709e-03  ,3.844293712891e+00  ,5.284375566770e+01  ,-4.186494989906e-03  
  4.672090278776e-03  ,3.665772296861e+00  ,5.284692227761e+01  ,1.015598480467e-02  
  4.672096552910e-03  ,3.332801405048e+00  ,5.285669928027e+01  ,5.650916912893e-03  
  4.672109101178e-03  ,2.753909527067e+00  ,5.287553073024e+01  ,4.427274657239e-03  
  4.672134197714e-03  ,1.873808499022e+00  ,5.291300620820e+01  ,3.519370365061e-03  
  4.672173512937e-03  ,9.865701429505e-01  ,5.297163346577e+01  ,2.038631306025e-03  
  4.672218115093e-03  ,4.425499973831e-01  ,5.303792173257e+01  ,1.243331470861e-03  
  4.672263629200e-03  ,1.762363152591e-01  ,5.310537258760e+01  ,8.536550389191e-04  
  4.672332734825e-03  ,5.625108946618e-02  ,5.320744866919e+01  ,6.762203812559e-04  
  4.672413832905e-03  ,4.608154496376e-03  ,5.332676511446e+01  ,5.979282887861e-04  
  4.672510118248e-03  ,-7.862321293819e-03  ,5.346777072797e+01  ,5.761638915266e-04  
  4.672702688934e-03  ,-5.376034050065e-03  ,5.374765959392e+01  ,5.726273440078e-04  
  4.672993416550e-03  ,4.390394695131e-03  ,5.416484483640e+01  ,5.761582274180e-04  
  4.673574871780e-03  ,-2.552557357159e-05  ,5.497971727302e+01  ,5.485179749197e-04  
  4.674478382828e-03  ,1.130071297888e-03  ,5.619379706704e+01  ,5.178439606515e-04  
  4.675734562637e-03  ,1.472028576281e-03  ,5.777513592086e+01  ,4.747953302048e-04  
  4.678246922256e-03  ,1.202953520413e-03  ,6.056056693799e+01  ,3.921121174311e-04  
  4.682000000020e-03  ,8.926017913355e-04  ,6.377297680492e+01  ,2.765957058120e-04  
  4.682001000018e-03  ,5.775380144139e-01  ,6.377381331709e+01  ,-1.013383555886e-03  
  4.682001885147e-03  ,1.095343713177e+00  ,6.377455723333e+01  ,-2.188269036060e-03  
  4.682003655405e-03  ,2.160739303492e+00  ,6.377604221605e+01  ,-4.506414453544e-03  
  4.682007195921e-03  ,4.413876977718e+00  ,6.377899525635e+01  ,-8.962178388182e-03  
  4.682010000020e-03  ,6.312037138887e+00  ,6.378131850607e+01  ,-1.232527822709e-02  
  4.682010708123e-03  ,6.404365459803e+00  ,6.378180997707e+01  ,-1.224570422565e-02  
  4.682012124292e-03  ,6.587054904200e+00  ,6.378278242518e+01  ,-1.198563459327e-02  
  4.682014956631e-03  ,6.940957114465e+00  ,6.378472677723e+01  ,-1.146724435508e-02  
  4.682020621307e-03  ,7.604934976161e+00  ,6.378861978871e+01  ,-1.049978872374e-02  
  4.682031950660e-03  ,8.777740896310e+00  ,6.379641826465e+01  ,-8.791168627977e-03  
  4.682043364949e-03  ,9.774994912342e+00  ,6.380428874308e+01  ,-7.338369718525e-03  
  4.682051408596e-03  ,9.973558916376e+00  ,4.091937353168e+01  ,9.862132242644e+00  
  4.682059088655e-03  ,1.000044995929e+01  ,1.052982045968e+01  ,9.862311510786e+00  
  4.682063386894e-03  ,1.019006471817e+01  ,3.388803934972e+00  ,9.863227309431e+00  
  4.682067447461e-03  ,1.046811641176e+01  ,2.666126558282e+00  ,9.864303250874e+00  
  4.682069771670e-03  ,1.062566167663e+01  ,2.746288332372e+00  ,9.864953153747e+00  
  4.682072716139e-03  ,1.081723970963e+01  ,2.801068739155e+00  ,9.865780317199e+00  
  4.682078605078e-03  ,1.117512263746e+01  ,2.810637716886e+00  ,9.867436612044e+00  
  4.682090382956e-03  ,1.180227240667e+01  ,2.800273144869e+00  ,9.870757103604e+00  
  4.682102740489e-03  ,1.235327597617e+01  ,2.804446324109e+00  ,9.874241426363e+00  
  4.682127455555e-03  ,1.318885575890e+01  ,2.806672962784e+00  ,9.881209723378e+00  
  4.682176885687e-03  ,1.417652002835e+01  ,2.809120169018e+00  ,9.895145095865e+00  
  4.682275745950e-03  ,1.498247890920e+01  ,2.817084164378e+00  ,9.923010444050e+00  
  4.682404205881e-03  ,1.499982599887e+01  ,2.827376478085e+00  ,9.959207587946e+00  
  4.682631251894e-03  ,1.500011618816e+01  ,2.845507101301e+00  ,1.002315182285e+01  
  4.682871530138e-03  ,1.500010389484e+01  ,2.864717715211e+00  ,1.009077785643e+01  
  4.683352086626e-03  ,1.500016957021e+01  ,2.903076835223e+00  ,1.022589163497e+01  
  4.684313199602e-03  ,1.500020634319e+01  ,2.979638168393e+00  ,1.049556705798e+01  
  4.686235425554e-03  ,1.500027531725e+01  ,3.132135727998e+00  ,1.103271605141e+01  
  4.690079877458e-03  ,1.500028961982e+01  ,3.434647746021e+00  ,1.209826772604e+01  
  4.692010000020e-03  ,1.500071192851e+01  ,3.585283261958e+00  ,1.262885908432e+01  
  4.692011000018e-03  ,1.442405792953e+01  ,3.585213715694e+00  ,1.262913322237e+01  
  4.692013000126e-03  ,1.321630789283e+01  ,3.584982489896e+00  ,1.262968146251e+01  
  4.692017000343e-03  ,1.067488899202e+01  ,3.584538478717e+00  ,1.263077823514e+01  
  4.692020000020e-03  ,8.649903596231e+00  ,3.584265851262e+00  ,1.263160061400e+01  
  4.692020800063e-03  ,8.546198114470e+00  ,3.584320343027e+00  ,1.263181990999e+01  
  4.692022400076e-03  ,8.341284231199e+00  ,3.584516128835e+00  ,1.263225860166e+01  
  4.692025600100e-03  ,7.946023338781e+00  ,3.585041966618e+00  ,1.263313595464e+01  
  4.692032000149e-03  ,7.210392730423e+00  ,3.586136252214e+00  ,1.263489042961e+01  
  4.692044800246e-03  ,5.934419813314e+00  ,3.589089142507e+00  ,1.263839924022e+01  
  4.692058726871e-03  ,4.793335440172e+00  ,3.598928900581e+00  ,1.264221581521e+01  
  4.692067645216e-03  ,4.356567477034e+00  ,1.395184778927e+01  ,1.264402061075e+01  
  4.692076016689e-03  ,4.341951753415e+00  ,4.347805630511e+01  ,1.264408363488e+01  
  4.692082301253e-03  ,4.135039084674e+00  ,5.283171612257e+01  ,4.153220798283e-02  
  4.692085573176e-03  ,3.937111420020e+00  ,5.286139278735e+01  ,-2.067209831178e-01  
  4.692087141709e-03  ,3.844289454203e+00  ,5.284300521464e+01  ,-4.187467977812e-03  
  4.692090278776e-03  ,3.665768215162e+00  ,5.284617055291e+01  ,1.015612162910e-02  
  4.692096552910e-03  ,3.332797656415e+00  ,5.285594526533e+01  ,5.650787569311e-03  
  4.692109101178e-03  ,2.753906352673e+00  ,5.287477206745e+01  ,4.427116404079e-03  
  4.692134197714e-03  ,1.873806197540e+00  ,5.291223824459e+01  ,3.519243050463e-03  
  4.692173512937e-03  ,9.865687217182e-01  ,5.297085094994e+01  ,2.038490945692e-03  
  4.692218115093e-03  ,4.425491160901e-01  ,5.303712272323e+01  ,1.243192151830e-03  
  4.692263629200e-03  ,1.762356985440e-01  ,5.310455676662e+01  ,8.535164551092e-04  
  4.692332734825e-03  ,5.625059249509e-02  ,5.320660735969e+01  ,6.760824841719e-04  
  4.692413832905e-03  ,4.607709641776e-03  ,5.332589395072e+01  ,5.977910713930e-04  
  4.692510118248e-03  ,-7.862752697613e-03  ,5.346686420018e+01  ,5.760274041106e-04  
  4.692702688934e-03  ,-5.376465729931e-03  ,5.374668260408e+01  ,5.724922650006e-04  
  4.692993416550e-03  ,4.389956681558e-03  ,5.416376214697e+01  ,5.760252180814e-04  
  4.693574871780e-03  ,-2.595234914369e-05  ,5.497842568598e+01  ,5.483890512769e-04  
  4.694478382828e-03  ,1.129654437924e-03  ,5.619218773565e+01  ,5.177211206322e-04  
  4.695734562637e-03  ,1.471627523896e-03  ,5.777309928220e+01  ,4.746803631546e-04  
  4.698246922256e-03  ,1.202587442337e-03  ,6.055772917619e+01  ,3.920110786810e-04  
  4.702000000020e-03  ,8.922927249068e-04  ,6.376908639657e+01  ,2.765130422353e-04  
  4.702001000018e-03  ,5.775377053734e-01  ,6.376992265253e+01  ,-1.013465012614e-03  
  4.702001885054e-03  ,1.095288280188e+00  ,6.377066626389e+01  ,-2.188227209204e-03  
  4.702003655126e-03  ,2.160567273640e+00  ,6.377215063775e+01  ,-4.506135325159e-03  
  4.702007195269e-03  ,4.413446627142e+00  ,6.377510246383e+01  ,-8.961461506445e-03  
  4.702010000020e-03  ,6.311253490641e+00  ,6.377742563886e+01  ,-1.232651594862e-02  
  4.702010708049e-03  ,6.403580522998e+00  ,6.377791687476e+01  ,-1.224693120420e-02  
  4.702012124032e-03  ,6.586262866513e+00  ,6.377888882945e+01  ,-1.198687128473e-02  
  4.702014955997e-03  ,6.940152792717e+00  ,6.378083219479e+01  ,-1.146849924777e-02  
  4.702020619929e-03  ,7.604113146928e+00  ,6.378472323272e+01  ,-1.050106903197e-02  
  4.702031947791e-03  ,8.776906641789e+00  ,6.379251776206e+01  ,-8.792466933034e-03  
  4.702043360591e-03  ,9.774172951398e+00  ,6.380038427226e+01  ,-7.339650043761e-03  
  4.702051401257e-03  ,9.973511167867e+00  ,4.096874659785e+01  ,9.860458220793e+00  
  4.702059078335e-03  ,1.000036703437e+01  ,1.058912844597e+01  ,9.860634705947e+00  
  4.702063381791e-03  ,1.018934872338e+01  ,3.392227148994e+00  ,9.861550891505e+00  
  4.702067452788e-03  ,1.046809927599e+01  ,2.664795380177e+00  ,9.862627924240e+00  
  4.702069775507e-03  ,1.062555181032e+01  ,2.745546898632e+00  ,9.863277433293e+00  
  4.702072714761e-03  ,1.081680590833e+01  ,2.800576734250e+00  ,9.864103180598e+00  
  4.702078593269e-03  ,1.117411873916e+01  ,2.810197264065e+00  ,9.865756558487e+00  
  4.702090350285e-03  ,1.180041217666e+01  ,2.799771209611e+00  ,9.869071222251e+00  
  4.702102658644e-03  ,1.234971477817e+01  ,2.803963394806e+00  ,9.872541739818e+00  
  4.702127275362e-03  ,1.318361320802e+01  ,2.806189800294e+00  ,9.879482427351e+00  
  4.702176508799e-03  ,1.417126624392e+01  ,2.808613463486e+00  ,9.893362590801e+00  
  4.702274975672e-03  ,1.497967020165e+01  ,2.816547868674e+00  ,9.921117567427e+00  
  4.702403364077e-03  ,1.499978363819e+01  ,2.826833711288e+00  ,9.957295249713e+00  
  4.702629551783e-03  ,1.500012694413e+01  ,2.844895793498e+00  ,1.002099905984e+01  
  4.702869400874e-03  ,1.500011283798e+01  ,2.864072673364e+00  ,1.008850581536e+01  
  4.703349099055e-03  ,1.500019084589e+01  ,2.902364201856e+00  ,1.022338152769e+01  
  4.704308495417e-03  ,1.500023461133e+01  ,2.978790911881e+00  ,1.049258277403e+01  
  4.706227288142e-03  ,1.500031665895e+01  ,3.131021436633e+00  ,1.102879120149e+01  
  4.710064873591e-03  ,1.500033389793e+01  ,3.433008150142e+00  ,1.209249256905e+01  
  4.712010000020e-03  ,1.499978101826e+01  ,3.584820913009e+00  ,1.262722893842e+01  
  4.712011000018e-03  ,1.442104449609e+01  ,3.584752058311e+00  ,1.262750308257e+01  
  4.712013000126e-03  ,1.321338318873e+01  ,3.584521084399e+00  ,1.262805132348e+01  
  4.712017000343e-03  ,1.067213550923e+01  ,3.584077155902e+00  ,1.262914812154e+01  
  4.712020000020e-03  ,8.647272605685e+00  ,3.583804531165e+00  ,1.262997051423e+01  
  4.712020800063e-03  ,8.543598668130e+00  ,3.583859047055e+00  ,1.263018981385e+01  
  4.712022400076e-03  ,8.338747114029e+00  ,3.584054878676e+00  ,1.263062851296e+01  
  4.712025600100e-03  ,7.943606449965e+00  ,3.584580829282e+00  ,1.263150588080e+01  
  4.712032000149e-03  ,7.208199604598e+00  ,3.585675482569e+00  ,1.263326038517e+01  
  4.712044800246e-03  ,5.932614839786e+00  ,3.588630582764e+00  ,1.263676925461e+01  
  4.712058725381e-03  ,4.791989022661e+00  ,3.598497636243e+00  ,1.264058548260e+01  
  4.712067642236e-03  ,4.356469992477e+00  ,1.400947823065e+01  ,1.264238540835e+01  
  4.712076012218e-03  ,4.341994637463e+00  ,4.354012244834e+01  ,1.264244449440e+01  
  4.712082287097e-03  ,4.134575743326e+00  ,5.282885133986e+01  ,3.805028685453e-02  
  4.712085557530e-03  ,3.936745290257e+00  ,5.285807308745e+01  ,-2.057747079574e-01  
  4.712087127181e-03  ,3.843868376693e+00  ,5.283977692662e+01  ,-4.125493948780e-03  
  4.712090266483e-03  ,3.665242346613e+00  ,5.284295323430e+01  ,1.013446888018e-02  
  4.712096545087e-03  ,3.332092497573e+00  ,5.285273092849e+01  ,5.648506487802e-03  
  4.712109102296e-03  ,2.752947162960e+00  ,5.287156754312e+01  ,4.426786672559e-03  
  4.712134216713e-03  ,1.872627084766e+00  ,5.290905397021e+01  ,3.516297829817e-03  
  4.712173508095e-03  ,9.863467517477e-01  ,5.296762058741e+01  ,2.038079390203e-03  
  4.712218110250e-03  ,4.424779587792e-01  ,5.303388061403e+01  ,1.243006103898e-03  
  4.712263624357e-03  ,1.762222220438e-01  ,5.310130270884e+01  ,8.534141241815e-04  
  4.712332741903e-03  ,5.623258929469e-02  ,5.320335278610e+01  ,6.759735308661e-04  
  4.712413839983e-03  ,4.602639467409e-03  ,5.332261815419e+01  ,5.977014181504e-04  
  4.712510149168e-03  ,-7.865319499838e-03  ,5.346359812394e+01  ,5.759410579999e-04  
  4.712702767538e-03  ,-5.375750732247e-03  ,5.374343525577e+01  ,5.724100360440e-04  
  4.712993542837e-03  ,4.389752996473e-03  ,5.416050667345e+01  ,5.759415602687e-04  
  4.713575093435e-03  ,-2.647317901831e-05  ,5.497515063879e+01  ,5.483047322987e-04  
  4.714478985952e-03  ,1.129340667014e-03  ,5.618917839658e+01  ,5.176285004344e-04  
  4.715735356497e-03  ,1.471279777630e-03  ,5.776997528682e+01  ,4.745882044636e-04  
  4.718248097585e-03  ,1.202256012107e-03  ,6.055432005123e+01  ,3.919198458749e-04  
  4.722000000020e-03  ,8.921200775116e-04  ,6.376388676149e+01  ,2.764752504723e-04  
  4.722001000018e-03  ,5.775375329228e-01  ,6.376472288062e+01  ,-1.013500747172e-03  
  4.722001884961e-03  ,1.095232984503e+00  ,6.376546629307e+01  ,-2.188141457872e-03  
  4.722003654846e-03  ,2.160395381675e+00  ,6.376695026958e+01  ,-4.505811855437e-03  
  4.722007194617e-03  ,4.413016419645e+00  ,6.376990130456e+01  ,-8.960700230343e-03  
  4.722010000020e-03  ,6.312035898732e+00  ,6.377222453644e+01  ,-1.232539794268e-02  
  4.722010707974e-03  ,6.404345004862e+00  ,6.377271562692e+01  ,-1.224585510916e-02  
  4.722012123957e-03  ,6.585090767996e+00  ,6.377368725502e+01  ,-1.198565611482e-02  
  4.722014955923e-03  ,6.937499812303e+00  ,6.377563065169e+01  ,-1.147240018692e-02  
  4.722020619854e-03  ,7.601678679658e+00  ,6.377952089165e+01  ,-1.050458557152e-02  
  4.722031947717e-03  ,8.774858147283e+00  ,6.378731383146e+01  ,-8.795515241883e-03  
  4.722043359026e-03  ,9.772332278216e+00  ,6.379517770742e+01  ,-7.342371536920e-03  
  4.722051398203e-03  ,9.973429696914e+00  ,4.106160416587e+01  ,9.859236317943e+00  
  4.722059073791e-03  ,1.000024738740e+01  ,1.068543938819e+01  ,9.859408904754e+00  
  4.722063389167e-03  ,1.018844595225e+01  ,3.397560926040e+00  ,9.860325198863e+00  
  4.722067477300e-03  ,1.046833750140e+01  ,2.663209965476e+00  ,9.861404473910e+00  
  4.722069799274e-03  ,1.062574031666e+01  ,2.744838857080e+00  ,9.862053803462e+00  
  4.722072731822e-03  ,1.081656364916e+01  ,2.800210091398e+00  ,9.862877694480e+00  
  4.722078596920e-03  ,1.117311623844e+01  ,2.809897102661e+00  ,9.864527308007e+00  
  4.722090327114e-03  ,1.179984511044e+01  ,2.804892051403e+00  ,9.867831100986e+00  
  4.722110172480e-03  ,1.263708812002e+01  ,2.803538633704e+00  ,9.873426612506e+00  
  4.722149863213e-03  ,1.373050955648e+01  ,2.807676441831e+00  ,9.884617214450e+00  
  4.722229244679e-03  ,1.477082539615e+01  ,2.812667541702e+00  ,9.906994954598e+00  
  4.722346701592e-03  ,1.516360832438e+01  ,2.821865300540e+00  ,9.940097398132e+00  
  4.722519721955e-03  ,1.497797516386e+01  ,2.835790452615e+00  ,9.988839262548e+00  
  4.722676339119e-03  ,1.497086340209e+01  ,2.848310240493e+00  ,1.003293945091e+01  
  4.722989573449e-03  ,1.501195099383e+01  ,2.873315674922e+00  ,1.012108106136e+01  
  4.723616042107e-03  ,1.499229652979e+01  ,2.923304869981e+00  ,1.029712948180e+01  
  4.724715056389e-03  ,1.499816166728e+01  ,3.010768630822e+00  ,1.060521589411e+01  
  4.726913084954e-03  ,1.500018800749e+01  ,3.184884616992e+00  ,1.121851564574e+01  
  4.731309142083e-03  ,1.499992857331e+01  ,3.529877991425e+00  ,1.243370095607e+01  
  4.732010000020e-03  ,1.500001315967e+01  ,3.584482496552e+00  ,1.262603719246e+01  
  4.732011000018e-03  ,1.442323031276e+01  ,3.584412977724e+00  ,1.262631133891e+01  
  4.732013000126e-03  ,1.321550464424e+01  ,3.584181759305e+00  ,1.262685959281e+01  
  4.732017000343e-03  ,1.067413276772e+01  ,3.583737743337e+00  ,1.262795639933e+01  
  4.732020000020e-03  ,8.649181013342e+00  ,3.583465111429e+00  ,1.262877880221e+01  
  4.732020800063e-03  ,8.545484194806e+00  ,3.583519598784e+00  ,1.262899810460e+01  
  4.732022400076e-03  ,8.340587429501e+00  ,3.583715378597e+00  ,1.262943680909e+01  
  4.732025600100e-03  ,7.945359556454e+00  ,3.584241220897e+00  ,1.263031418771e+01  
  4.732032000149e-03  ,7.209790401781e+00  ,3.585335537333e+00  ,1.263206871391e+01  
  4.732044800246e-03  ,5.933924083141e+00  ,3.588288733694e+00  ,1.263557762699e+01  
  4.732058726871e-03  ,4.792935149216e+00  ,3.598134989137e+00  ,1.263939431286e+01  
  4.732067645216e-03  ,4.356522160689e+00  ,1.396909667747e+01  ,1.264119779666e+01  
  4.732076016689e-03  ,4.341950926372e+00  ,4.349830959378e+01  ,1.264125953693e+01  
  4.732082297528e-03  ,4.134769882977e+00  ,5.282294421741e+01  ,3.981520579360e-02  
  4.732085569078e-03  ,3.936870895229e+00  ,5.285240060374e+01  ,-2.062955959152e-01  
  4.732087138357e-03  ,3.844011893862e+00  ,5.283405388619e+01  ,-4.158426704405e-03  
  4.732090276914e-03  ,3.665420661519e+00  ,5.283722422393e+01  ,1.014584797212e-02  
  4.732096554028e-03  ,3.332330332598e+00  ,5.284700004783e+01  ,5.649446603926e-03  
  4.732109108256e-03  ,2.751674125338e+00  ,5.286578218861e+01  ,4.594223614935e-03  
  4.732134216713e-03  ,1.862071360178e+00  ,5.290326910483e+01  ,3.314382082248e-03  
  4.732175367759e-03  ,9.416161433844e-01  ,5.296456338031e+01  ,1.972088675392e-03  
  4.732221358703e-03  ,4.555467380036e-01  ,5.303286272208e+01  ,1.262011791210e-03  
  4.732269453691e-03  ,1.918494937109e-01  ,5.310408377439e+01  ,8.759578280515e-04  
  4.732324361490e-03  ,8.008750867463e-02  ,5.318515488600e+01  ,7.110388925295e-04  
  4.732413053201e-03  ,6.892438727059e-03  ,5.331561085399e+01  ,6.010580017142e-04  
  4.732507848429e-03  ,2.596444969510e-03  ,5.345437455955e+01  ,5.912672379038e-04  
  4.732697438883e-03  ,7.900041928754e-04  ,5.372984819576e+01  ,5.815836071113e-04  
  4.732919048952e-03  ,1.962107642348e-03  ,5.404836843066e+01  ,5.751386562924e-04  
  4.733362269090e-03  ,1.917289800672e-03  ,5.467409516599e+01  ,5.588203001297e-04  
  4.734248709368e-03  ,1.421307381987e-03  ,5.587995600231e+01  ,5.263649399018e-04  
  4.736021589922e-03  ,1.581118091941e-03  ,5.810662798978e+01  ,4.651266714500e-04  
  4.739567351030e-03  ,9.465722533312e-04  ,6.180617438857e+01  ,3.494030231775e-04  
  4.742000000020e-03  ,1.005854805790e-03  ,6.375739590081e+01  ,2.785877567188e-04  
  4.742001000018e-03  ,5.776496124245e-01  ,6.375823201241e+01  ,-1.012445963747e-03  
  4.742001884774e-03  ,1.095233328150e+00  ,6.375897529611e+01  ,-2.188108864160e-03  
  4.742003654287e-03  ,2.160159605690e+00  ,6.376045872621e+01  ,-4.505009553938e-03  
  4.742007193313e-03  ,4.412258389134e+00  ,6.376340873146e+01  ,-8.958978412184e-03  
  4.742010000020e-03  ,6.312132904455e+00  ,6.376573271927e+01  ,-1.232528699752e-02  
  4.742010707825e-03  ,6.404421755698e+00  ,6.376622362538e+01  ,-1.224577409121e-02  
  4.742012123435e-03  ,6.587038670988e+00  ,6.376719496978e+01  ,-1.198580978147e-02  
  4.742014954656e-03  ,6.940804792448e+00  ,6.376913710852e+01  ,-1.146761812549e-02  
  4.742020617097e-03  ,7.604543941818e+00  ,6.377302569545e+01  ,-1.050051112434e-02  
  4.742031941980e-03  ,8.776983695842e+00  ,6.378081531801e+01  ,-8.792423952136e-03  
  4.742043351799e-03  ,9.773994914220e+00  ,6.378867689592e+01  ,-7.339977979936e-03  
  4.742051390975e-03  ,9.973492102061e+00  ,4.097172525662e+01  ,9.857995201008e+00  
  4.742059066564e-03  ,1.000034223163e+01  ,1.059789039228e+01  ,9.858171465703e+00  
  4.742063370764e-03  ,1.018921993318e+01  ,3.392180787827e+00  ,9.859087657837e+00  
  4.742067442506e-03  ,1.046802051951e+01  ,2.664008185498e+00  ,9.860164658453e+00  
  4.742069764852e-03  ,1.062545142520e+01  ,2.744802680265e+00  ,9.860814084246e+00  
  4.742072702989e-03  ,1.081663926991e+01  ,2.799867247573e+00  ,9.861639542214e+00  
  4.742078579262e-03  ,1.117383624409e+01  ,2.809502653476e+00  ,9.863292331981e+00  
  4.742090331807e-03  ,1.180155004466e+01  ,2.804532422587e+00  ,9.866602474323e+00  
  4.742110269561e-03  ,1.264173117619e+01  ,2.803199291715e+00  ,9.872224105136e+00  
  4.742150145068e-03  ,1.373690468317e+01  ,2.807340212422e+00  ,9.883466937521e+00  
  4.742229896083e-03  ,1.477579003684e+01  ,2.812368074851e+00  ,9.905949105237e+00  
  4.742347352996e-03  ,1.516394479944e+01  ,2.821568389342e+00  ,9.939051899165e+00  
  4.742521017089e-03  ,1.497763104693e+01  ,2.835545355497e+00  ,9.987975580548e+00  
  4.742677777305e-03  ,1.497075952367e+01  ,2.848076626550e+00  ,1.003211642439e+01  
  4.742991297736e-03  ,1.501200447482e+01  ,2.873105046989e+00  ,1.012033923821e+01  
  4.743618338600e-03  ,1.499225851502e+01  ,2.923140266531e+00  ,1.029654963383e+01  
  4.744720023170e-03  ,1.499815428684e+01  ,3.010816714771e+00  ,1.060538525084e+01  
  4.746923392310e-03  ,1.500018851250e+01  ,3.185354135254e+00  ,1.122016945125e+01  
  4.751330130592e-03  ,1.499992807594e+01  ,3.531174695561e+00  ,1.243826839540e+01  
  4.752010000020e-03  ,1.500001287080e+01  ,3.584143032356e+00  ,1.262484148261e+01  
  4.752011000018e-03  ,1.442323111839e+01  ,3.584073516332e+00  ,1.262511563245e+01  
  4.752013000126e-03  ,1.321550542615e+01  ,3.583842299835e+00  ,1.262566389321e+01  
  4.752017000343e-03  ,1.067413350378e+01  ,3.583398281297e+00  ,1.262676071325e+01  
  4.752020000020e-03  ,8.649181716503e+00  ,3.583125642053e+00  ,1.262758312631e+01  
  4.752020800063e-03  ,8.545484889464e+00  ,3.583180124823e+00  ,1.262780243141e+01  
  4.752022400076e-03  ,8.340588107357e+00  ,3.583375896015e+00  ,1.262824114134e+01  
  4.752025600100e-03  ,7.945360201926e+00  ,3.583901724742e+00  ,1.262911853082e+01  
  4.752032000149e-03  ,7.209790986829e+00  ,3.584996005911e+00  ,1.263087307875e+01  
  4.752044800246e-03  ,5.933924562031e+00  ,3.587949050294e+00  ,1.263438203530e+01  
  4.752058726871e-03  ,4.792935521290e+00  ,3.597794405490e+00  ,1.263819876855e+01  
  4.752067645216e-03  ,4.356514780164e+00  ,1.396829252739e+01  ,1.264000234501e+01  
  4.752076016689e-03  ,4.341943567348e+00  ,4.349744465822e+01  ,1.264006411556e+01  
  4.752082296783e-03  ,4.134729197372e+00  ,5.281761149317e+01  ,3.955940237331e-02  
  4.752085568333e-03  ,3.936831237383e+00  ,5.284703683482e+01  ,-2.062505020339e-01  
  4.752088130215e-03  ,3.786700183849e+00  ,5.282986391771e+01  ,-1.741240793490e-03  
  4.752090905556e-03  ,3.630711154587e+00  ,5.283297645739e+01  ,7.843973048446e-03  
  4.752096456239e-03  ,3.337446585272e+00  ,5.284144115881e+01  ,5.600895955264e-03  
  4.752107557604e-03  ,2.819399891966e+00  ,5.285808588948e+01  ,4.578498431376e-03  
  4.752129760334e-03  ,2.007279240468e+00  ,5.289123701478e+01  ,3.658074045206e-03  
  4.752174165795e-03  ,9.673737567376e-01  ,5.295741908633e+01  ,2.010205407116e-03  
  4.752217456648e-03  ,4.397701050224e-01  ,5.302172055729e+01  ,1.239102358561e-03  
  4.752265033076e-03  ,1.637784291245e-01  ,5.309218457855e+01  ,8.351985274174e-04  
  4.752331206152e-03  ,5.550843379084e-02  ,5.318987091532e+01  ,6.749475574840e-04  
  4.752415117571e-03  ,1.370733856818e-02  ,5.331325324349e+01  ,6.108941609891e-04  
  4.752508410761e-03  ,-3.618940513051e-04  ,5.344979842790e+01  ,5.869125258564e-04  
  4.752694997141e-03  ,-3.213874016564e-03  ,5.372089773352e+01  ,5.758225409218e-04  
  4.753064832041e-03  ,5.975273983069e-05  ,5.425037906624e+01  ,5.669476604094e-04  
  4.753717145273e-03  ,2.740112150636e-03  ,5.515863713401e+01  ,5.472419480582e-04  
  4.755021771738e-03  ,6.318003089629e-04  ,5.687575540995e+01  ,4.979944988976e-04  
  4.757631024668e-03  ,2.081576934775e-03  ,5.990536018900e+01  ,4.125315451901e-04  
  4.762000000020e-03  ,1.211406768913e-04  ,6.375226367242e+01  ,2.752518551366e-04  
  4.762001000018e-03  ,5.767780456153e-01  ,6.375310021603e+01  ,-1.015123558949e-03  
  4.762001885426e-03  ,1.094759226964e+00  ,6.375384426209e+01  ,-2.189436407444e-03  
  4.762003656243e-03  ,2.160524469382e+00  ,6.375532971488e+01  ,-4.508484398612e-03  
  4.762007197877e-03  ,4.414475312697e+00  ,6.375828364437e+01  ,-8.965544737634e-03  
  4.762010000020e-03  ,6.310593107530e+00  ,6.376060535473e+01  ,-1.232735813251e-02  
  4.762010708347e-03  ,6.402965611714e+00  ,6.376109696815e+01  ,-1.224770890844e-02  
  4.762012125075e-03  ,6.583833505503e+00  ,6.376206963920e+01  ,-1.198733824411e-02  
  4.762014958530e-03  ,6.936476012371e+00  ,6.376401514674e+01  ,-1.147374145663e-02  
  4.762020625442e-03  ,7.600253957305e+00  ,6.376790965826e+01  ,-1.050658157856e-02  
  4.762031959265e-03  ,8.773582073446e+00  ,6.377571105264e+01  ,-8.797221513696e-03  
  4.762044029206e-03  ,9.824004113445e+00  ,6.378403381892e+01  ,-7.266940600552e-03  
  4.762052573532e-03  ,9.976784570209e+00  ,3.628385505136e+01  ,9.859953623787e+00  
  4.762060714036e-03  ,1.001057783837e+01  ,4.462410773521e+00  ,9.861019527740e+00  
  4.762064623356e-03  ,1.027361111477e+01  ,2.829383281062e+00  ,9.861479329284e+00  
  4.762066732615e-03  ,1.042114986701e+01  ,2.761927783284e+00  ,9.862062250831e+00  
  4.762069398805e-03  ,1.060268325683e+01  ,2.788617123844e+00  ,9.862805105421e+00  
  4.762074667856e-03  ,1.094075676604e+01  ,2.805937135279e+00  ,9.864283143499e+00  
  4.762083659216e-03  ,1.145982150134e+01  ,2.805454866384e+00  ,9.866812954657e+00  
  4.762101641938e-03  ,1.231455052442e+01  ,2.804386140073e+00  ,9.871878970042e+00  
  4.762137607380e-03  ,1.349195687011e+01  ,2.806199205224e+00  ,9.882015816366e+00  
  4.762209538266e-03  ,1.455656434058e+01  ,2.811438780474e+00  ,9.902293983885e+00  
  4.762334088132e-03  ,1.498741093222e+01  ,2.821148378768e+00  ,9.937396751071e+00  
  4.762466911122e-03  ,1.500010175384e+01  ,2.831825728074e+00  ,9.974817654882e+00  
  4.762711957738e-03  ,1.500289937628e+01  ,2.851385081088e+00  ,1.004381888342e+01  
  4.763109973713e-03  ,1.500102414907e+01  ,2.883174869183e+00  ,1.015579161681e+01  
  4.763906005665e-03  ,1.500139234486e+01  ,2.946645673798e+00  ,1.037935800180e+01  
  4.765498069569e-03  ,1.499982875664e+01  ,3.073159008799e+00  ,1.082497900291e+01  
  4.768682197377e-03  ,1.500000520807e+01  ,3.324477689725e+00  ,1.171021020508e+01  
  4.772010000020e-03  ,1.499989421591e+01  ,3.584722413511e+00  ,1.262688188795e+01  
  4.772011000018e-03  ,1.442325243384e+01  ,3.584652812335e+00  ,1.262715603162e+01  
  4.772013000126e-03  ,1.321552611368e+01  ,3.584421562893e+00  ,1.262770428297e+01  
  4.772017000343e-03  ,1.067415298024e+01  ,3.583977539349e+00  ,1.262880107805e+01  
  4.772020000020e-03  ,8.649200326820e+00  ,3.583704915461e+00  ,1.262962347374e+01  
  4.772020800063e-03  ,8.545503276771e+00  ,3.583759405217e+00  ,1.262984277420e+01  
  4.772022400076e-03  ,8.340606054016e+00  ,3.583955190221e+00  ,1.263028147486e+01  
  4.772025600100e-03  ,7.945377298579e+00  ,3.584481041258e+00  ,1.263115884581e+01  
  4.772032000149e-03  ,7.209806501746e+00  ,3.585575379399e+00  ,1.263291335665e+01  
  4.772044800246e-03  ,5.933937335460e+00  ,3.588528665007e+00  ,1.263642223903e+01  
  4.772058726871e-03  ,4.792945859545e+00  ,3.598375320409e+00  ,1.264023889145e+01  
  4.772067645216e-03  ,4.356528137300e+00  ,1.396914101485e+01  ,1.264204234744e+01  
  4.772076016689e-03  ,4.341955672399e+00  ,4.349831077496e+01  ,1.264210404688e+01  
  4.772082296038e-03  ,4.134681749424e+00  ,5.281217591321e+01  ,3.916990085719e-02  
  4.772085567215e-03  ,3.936806690687e+00  ,5.284155246924e+01  ,-2.061516622600e-01  
  4.772087136680e-03  ,3.843938598794e+00  ,5.282322040058e+01  ,-4.148995558966e-03  
  4.772090275610e-03  ,3.665330065415e+00  ,5.282639379059e+01  ,1.014295440089e-02  
  4.772096553469e-03  ,3.332210172322e+00  ,5.283617293245e+01  ,5.649329970273e-03  
  4.772109109187e-03  ,2.751511648437e+00  ,5.285496227881e+01  ,4.594215854109e-03  
  4.772134220624e-03  ,1.861870571319e+00  ,5.289246364526e+01  ,3.314305878550e-03  
  4.772175371671e-03  ,9.415084909361e-01  ,5.295377432788e+01  ,1.972147394030e-03  
  4.772221362615e-03  ,4.554950098658e-01  ,5.302209204211e+01  ,1.262151717517e-03  
  4.772269451642e-03  ,1.918535244624e-01  ,5.309332352433e+01  ,8.761788991973e-04  
  4.772324353481e-03  ,8.009801871098e-02  ,5.317440788633e+01  ,7.112692985407e-04  
  4.772413045192e-03  ,6.895564249946e-03  ,5.330489958112e+01  ,6.012771047522e-04  
  4.772507840419e-03  ,2.597361625799e-03  ,5.344370158592e+01  ,5.914825768907e-04  
  4.772697430873e-03  ,7.900014191081e-04  ,5.371925217058e+01  ,5.817964936833e-04  
  4.772919017101e-03  ,1.962677334138e-03  ,5.403782886004e+01  ,5.753520175037e-04  
  4.773362189556e-03  ,1.917919735801e-03  ,5.466367278043e+01  ,5.590330121855e-04  
  4.774248534465e-03  ,1.421745553497e-03  ,5.586978488004e+01  ,5.265761536845e-04  
  4.776021224285e-03  ,1.581756992237e-03  ,5.809702483232e+01  ,4.653362031579e-04  
  4.779566603923e-03  ,9.471407535565e-04  ,6.179794922015e+01  ,3.496100839117e-04  
  4.782000000020e-03  ,1.006493820874e-03  ,6.375099736315e+01  ,2.787656870578e-04  
  4.782001000018e-03  ,5.776502504607e-01  ,6.375183395314e+01  ,-1.012265809686e-03  
  4.782001884681e-03  ,1.095178842514e+00  ,6.375257758200e+01  ,-2.187805068717e-03  
  4.782003654008e-03  ,2.159988524952e+00  ,6.375406170340e+01  ,-4.504468593674e-03  
  4.782007192661e-03  ,4.411829002059e+00  ,6.375701309479e+01  ,-8.957999742035e-03  
  4.782010000020e-03  ,6.311349384498e+00  ,6.375933906923e+01  ,-1.232626058149e-02  
  4.782010707751e-03  ,6.403636951873e+00  ,6.375983026158e+01  ,-1.224674092025e-02  
  4.782012123175e-03  ,6.586246775774e+00  ,6.376080215448e+01  ,-1.198678682104e-02  
  4.782014954023e-03  ,6.940000630614e+00  ,6.376274539018e+01  ,-1.146861310277e-02  
  4.782020615719e-03  ,7.603722302583e+00  ,6.376663617061e+01  ,-1.050153156316e-02  
  4.782031939111e-03  ,8.776149677877e+00  ,6.377443017944e+01  ,-8.793462343639e-03  
  4.782043345950e-03  ,9.773052858037e+00  ,6.378229515417e+01  ,-7.341173804201e-03  
  4.782051382147e-03  ,9.973459589509e+00  ,4.102628650849e+01  ,9.859702115403e+00  
  4.782059054754e-03  ,1.000027560225e+01  ,1.066256655389e+01  ,9.859875562193e+00  
  4.782063364915e-03  ,1.018849642872e+01  ,3.396714917680e+00  ,9.860791997425e+00  
  4.782067447833e-03  ,1.046804464377e+01  ,2.663586986558e+00  ,9.861870188951e+00  
  4.782069768689e-03  ,1.062538182927e+01  ,2.745019342295e+00  ,9.862519213919e+00  
  4.782072701238e-03  ,1.081622032553e+01  ,2.800339407431e+00  ,9.863343103816e+00  
  4.782078566335e-03  ,1.117280221607e+01  ,2.810024144058e+00  ,9.864992714773e+00  
  4.782090296529e-03  ,1.179958262435e+01  ,2.805024123354e+00  ,9.868296496537e+00  
  4.782110153816e-03  ,1.263733146239e+01  ,2.803671968919e+00  ,9.873895342923e+00  
  4.782149868391e-03  ,1.373114500880e+01  ,2.807810658709e+00  ,9.885092613792e+00  
  4.782229297541e-03  ,1.477143405455e+01  ,2.812805991632e+00  ,9.907483687575e+00  
  4.782346742533e-03  ,1.516364964308e+01  ,2.822003038799e+00  ,9.940582609285e+00  
  4.782519858263e-03  ,1.497792533499e+01  ,2.835935780067e+00  ,9.989351094808e+00  
  4.782676451586e-03  ,1.497085330354e+01  ,2.848453585254e+00  ,1.003344434378e+01  
  4.782989638231e-03  ,1.501195325472e+01  ,2.873455078875e+00  ,1.012157209365e+01  
  4.783616011522e-03  ,1.499229557513e+01  ,2.923436425979e+00  ,1.029759286544e+01  
  4.784715407274e-03  ,1.499816113017e+01  ,3.010930089021e+00  ,1.060578460464e+01  
  4.786914198778e-03  ,1.500018795337e+01  ,3.185105318814e+00  ,1.121929303347e+01  
  4.791311781786e-03  ,1.499992862059e+01  ,3.530214959620e+00  ,1.243488787468e+01  
  4.792010000020e-03  ,1.500001313506e+01  ,3.584613338089e+00  ,1.262649806171e+01  
  4.792011000018e-03  ,1.442323055922e+01  ,3.584543818051e+00  ,1.262677220686e+01  
  4.792013000126e-03  ,1.321550488344e+01  ,3.584312598845e+00  ,1.262732045815e+01  
  4.792017000343e-03  ,1.067413299295e+01  ,3.583868583863e+00  ,1.262841725943e+01  
  4.792020000020e-03  ,8.649181228608e+00  ,3.583595954765e+00  ,1.262923965839e+01  
  4.792020800063e-03  ,8.545484407520e+00  ,3.583650443884e+00  ,1.262945895972e+01  
  4.792022400076e-03  ,8.340587637170e+00  ,3.583846227011e+00  ,1.262989766212e+01  
  4.792025600100e-03  ,7.945359754383e+00  ,3.584372074518e+00  ,1.263077503656e+01  
  4.792032000149e-03  ,7.209790581641e+00  ,3.585466404471e+00  ,1.263252955438e+01  
  4.792044800246e-03  ,5.933924232174e+00  ,3.588419658963e+00  ,1.263603845071e+01  
  4.792058726871e-03  ,4.792935275168e+00  ,3.598266255606e+00  ,1.263985511831e+01  
  4.792067645216e-03  ,4.356525024048e+00  ,1.396939376374e+01  ,1.264165856377e+01  
  4.792076016689e-03  ,4.341953751331e+00  ,4.349862797291e+01  ,1.264172024418e+01  
  4.792082296038e-03  ,4.134678902798e+00  ,5.281246398828e+01  ,3.916684465615e-02  
  4.792085567215e-03  ,3.936803962207e+00  ,5.284183983548e+01  ,-2.061501361734e-01  
  4.792087136680e-03  ,3.843935934942e+00  ,5.282350777492e+01  ,-4.148934607906e-03  
  4.792090275610e-03  ,3.665327520831e+00  ,5.282668091673e+01  ,1.014288462410e-02  
  4.792096553469e-03  ,3.332207849830e+00  ,5.283645953240e+01  ,5.649290576447e-03  
  4.792109109187e-03  ,2.751509713319e+00  ,5.285524783025e+01  ,4.594179279958e-03  
  4.792134220624e-03  ,1.861869229775e+00  ,5.289274709934e+01  ,3.314270033314e-03  
  4.792175371671e-03  ,9.415077635432e-01  ,5.295405434560e+01  ,1.972112505179e-03  
  4.792221362615e-03  ,4.554946068683e-01  ,5.302236822104e+01  ,1.262117376772e-03  
  4.792269451642e-03  ,1.918532974670e-01  ,5.309359569206e+01  ,8.761448928847e-04  
  4.792324353481e-03  ,8.009786636876e-02  ,5.317467547799e+01  ,7.112354887519e-04  
  4.792413045192e-03  ,6.895460880715e-03  ,5.330515978803e+01  ,6.012435085256e-04  
  4.792507840419e-03  ,2.597261257536e-03  ,5.344395391049e+01  ,5.914491341059e-04  
  4.792697430873e-03  ,7.899025272585e-04  ,5.371948876402e+01  ,5.817633515516e-04  
  4.792919017101e-03  ,1.962577983379e-03  ,5.403804712501e+01  ,5.753192136937e-04  
  4.793362189556e-03  ,1.917821086439e-03  ,5.466385458198e+01  ,5.590008824885e-04  
  4.794248534465e-03  ,1.421648674163e-03  ,5.586989456807e+01  ,5.265452953020e-04  
  4.796021224285e-03  ,1.581663249534e-03  ,5.809699389529e+01  ,4.653077042198e-04  
  4.799566603923e-03  ,9.470552354812e-04  ,6.179765392356e+01  ,3.495856411007e-04  
  4.802000000020e-03  ,1.006414539837e-03  ,6.375053531699e+01  ,2.787433789557e-04  
  4.802001000018e-03  ,5.776501711851e-01  ,6.375137184124e+01  ,-1.012287826982e-03  
  4.802001884681e-03  ,1.095178763243e+00  ,6.375211541196e+01  ,-2.187827046169e-03  
  4.802003654008e-03  ,2.159988445693e+00  ,6.375359941711e+01  ,-4.504490583477e-03  
  4.802007192661e-03  ,4.411828922821e+00  ,6.375655057598e+01  ,-8.958021741591e-03  
  4.802010000020e-03  ,6.311349305277e+00  ,6.375887636596e+01  ,-1.232628258652e-02  
  4.802010707751e-03  ,6.403636872654e+00  ,6.375936751174e+01  ,-1.224676314498e-02  
  4.802012123175e-03  ,6.586246696560e+00  ,6.376033931146e+01  ,-1.198680908985e-02  
  4.802014954023e-03  ,6.940000551409e+00  ,6.376228236079e+01  ,-1.146863534880e-02  
  4.802020615719e-03  ,7.603722223397e+00  ,6.376617276856e+01  ,-1.050155379812e-02  
  4.802031939111e-03  ,8.776149598727e+00  ,6.377396603233e+01  ,-8.793484565837e-03  
  4.802043345950e-03  ,9.773052778923e+00  ,6.378183025685e+01  ,-7.341196011124e-03  
  4.802051382147e-03  ,9.973457719742e+00  ,4.102567204368e+01  ,9.859328548351e+00  
  4.802059054754e-03  ,1.000027406099e+01  ,1.066196476115e+01  ,9.859502030981e+00  
  4.802063364915e-03  ,1.018850337693e+01  ,3.396575116686e+00  ,9.860418462641e+00  
  4.802067447088e-03  ,1.046800128891e+01  ,2.663526691838e+00  ,9.861496486565e+00  
  4.802069767944e-03  ,1.062533954347e+01  ,2.744918496951e+00  ,9.862145513099e+00  
  4.802072700493e-03  ,1.081617978688e+01  ,2.800230219819e+00  ,9.862969406012e+00  
  4.802078565590e-03  ,1.117276514420e+01  ,2.809916806700e+00  ,9.864619023238e+00  
  4.802090295784e-03  ,1.179955163238e+01  ,2.804918057037e+00  ,9.867922817485e+00  
  4.802110156052e-03  ,1.263741786005e+01  ,2.803565967382e+00  ,9.873522525224e+00  
  4.802149876587e-03  ,1.373131756379e+01  ,2.807705239459e+00  ,9.884721518592e+00  
  4.802229317657e-03  ,1.477158860408e+01  ,2.812701540947e+00  ,9.907116036264e+00  
  4.802346762649e-03  ,1.516366497269e+01  ,2.821898691897e+00  ,9.940215080590e+00  
  4.802519878380e-03  ,1.497792326150e+01  ,2.835831489399e+00  ,9.988983746706e+00  
  4.802676495544e-03  ,1.497084856780e+01  ,2.848351248158e+00  ,1.003308387082e+01  
  4.802989729874e-03  ,1.501195703863e+01  ,2.873356636929e+00  ,1.012122535290e+01  
  4.803616198532e-03  ,1.499229258703e+01  ,2.923345763557e+00  ,1.029727351681e+01  
  4.804715594284e-03  ,1.499816071011e+01  ,3.010839708079e+00  ,1.060546625120e+01  
  4.806914385788e-03  ,1.500018803133e+01  ,3.185015500117e+00  ,1.121897666118e+01  
  4.811311968796e-03  ,1.499992854751e+01  ,3.530126255443e+00  ,1.243457542774e+01  
  4.812010000020e-03  ,1.500001312576e+01  ,3.584510253854e+00  ,1.262613496336e+01  
  4.812011000018e-03  ,1.442323047573e+01  ,3.584440734744e+00  ,1.262640910954e+01  
  4.812013000126e-03  ,1.321550480241e+01  ,3.584209516149e+00  ,1.262695736289e+01  
  4.812017000343e-03  ,1.067413291664e+01  ,3.583765500390e+00  ,1.262805416829e+01  
  4.812020000020e-03  ,8.649181155646e+00  ,3.583492869074e+00  ,1.262887657034e+01  
  4.812020800063e-03  ,8.545484335411e+00  ,3.583547356803e+00  ,1.262909587250e+01  
  4.812022400076e-03  ,8.340587566746e+00  ,3.583743137317e+00  ,1.262953457655e+01  
  4.812025600100e-03  ,7.945359687216e+00  ,3.584268980717e+00  ,1.263041195428e+01  
  4.812032000149e-03  ,7.209790520491e+00  ,3.585363300005e+00  ,1.263216647870e+01  
  4.812044800246e-03  ,5.933924181054e+00  ,3.588316508609e+00  ,1.263567538823e+01  
  4.812058726871e-03  ,4.792935229464e+00  ,3.598162835285e+00  ,1.263949207022e+01  
  4.812067645216e-03  ,4.356522771844e+00  ,1.396915714684e+01  ,1.264129554357e+01  
  4.812076016689e-03  ,4.341951523264e+00  ,4.349837414536e+01  ,1.264135723747e+01  
  4.812082296038e-03  ,4.134673861187e+00  ,5.281207917338e+01  ,3.915192055803e-02  
  4.812085567215e-03  ,3.936799109315e+00  ,5.284145309839e+01  ,-2.061480155688e-01  
  4.812087136680e-03  ,3.843931197763e+00  ,5.282312113172e+01  ,-4.148829357029e-03  
  4.812090275610e-03  ,3.665322999524e+00  ,5.282629408624e+01  ,1.014282847979e-02  
  4.812096553469e-03  ,3.332203731623e+00  ,5.283607229159e+01  ,5.649260375028e-03  
  4.812109109187e-03  ,2.751506298860e+00  ,5.285485977200e+01  ,4.594151419333e-03  
  4.812134220624e-03  ,1.861866894206e+00  ,5.289235740613e+01  ,3.314243710275e-03  
  4.812175371671e-03  ,9.415065446107e-01  ,5.295366197517e+01  ,1.972087861324e-03  
  4.812221362615e-03  ,4.554939780248e-01  ,5.302197286226e+01  ,1.262093653707e-03  
  4.812269451642e-03  ,1.918529887787e-01  ,5.309319721350e+01  ,8.761217012029e-04  
  4.812324353481e-03  ,8.009769347733e-02  ,5.317427344382e+01  ,7.112125687436e-04  
  4.812413045192e-03  ,6.895377070974e-03  ,5.330475202374e+01  ,6.012208384380e-04  
  4.812507840419e-03  ,2.597182902356e-03  ,5.344354004071e+01  ,5.914265984752e-04  
  4.812697430873e-03  ,7.898268430018e-04  ,5.371906274233e+01  ,5.817410730343e-04  
  4.812919017101e-03  ,1.962501437577e-03  ,5.403760700095e+01  ,5.752972228262e-04  
  4.813362189556e-03  ,1.917745732759e-03  ,5.466338658206e+01  ,5.589794665278e-04  
  4.814248534465e-03  ,1.623518334827e-03  ,5.586931047160e+01  ,5.266391639180e-04  
  4.816021224285e-03  ,1.407638837988e-03  ,5.809632467568e+01  ,4.652240146118e-04  
  4.819566603923e-03  ,1.108502493938e-03  ,6.179683653049e+01  ,3.496254559708e-04  
  4.822000000020e-03  ,8.614860284268e-04  ,6.374963378465e+01  ,2.787068602668e-04  
  4.822001000018e-03  ,5.775074078048e-01  ,6.375047029530e+01  ,-1.012498381471e-03  
  4.822001884774e-03  ,1.095093020700e+00  ,6.375121391707e+01  ,-2.188167006898e-03  
  4.822003654287e-03  ,2.160023022800e+00  ,6.375269802140e+01  ,-4.505060325969e-03  
  4.822007193313e-03  ,4.412128968893e+00  ,6.375564937567e+01  ,-8.959018550687e-03  
  4.822010000020e-03  ,6.311225332674e+00  ,6.375797453488e+01  ,-1.232647233584e-02  
  4.822010707825e-03  ,6.403523828703e+00  ,6.375846570935e+01  ,-1.224693766937e-02  
  4.822012123435e-03  ,6.586159828718e+00  ,6.375943759184e+01  ,-1.198694499012e-02  
  4.822014954656e-03  ,6.939962921181e+00  ,6.376138080712e+01  ,-1.146869976207e-02  
  4.822020617097e-03  ,7.603771435880e+00  ,6.376527154781e+01  ,-1.050149154438e-02  
  4.822031941980e-03  ,8.776333717987e+00  ,6.377306548069e+01  ,-8.793225871342e-03  
  4.822043350309e-03  ,9.773328770730e+00  ,6.378093037557e+01  ,-7.340803424368e-03  
  4.822051387995e-03  ,9.973471375683e+00  ,4.100442971991e+01  ,9.859078634226e+00  
  4.822059062093e-03  ,1.000030540466e+01  ,1.063572901079e+01  ,9.859253429197e+00  
  4.822063370019e-03  ,1.018881598226e+01  ,3.394820444707e+00  ,9.860169647162e+00  
  4.822067448467e-03  ,1.046806458883e+01  ,2.663787918340e+00  ,9.861247409413e+00  
  4.822069770068e-03  ,1.062544804108e+01  ,2.744957165844e+00  ,9.861896634379e+00  
  4.822072705224e-03  ,1.081644820467e+01  ,2.800169288962e+00  ,9.862721254630e+00  
  4.822078575536e-03  ,1.117331439448e+01  ,2.809831230871e+00  ,9.864372345508e+00  
  4.822090316161e-03  ,1.179893699316e+01  ,2.799360122670e+00  ,9.867682432349e+00  
  4.822102587267e-03  ,1.234695969595e+01  ,2.803565960741e+00  ,9.871142494994e+00  
  4.822127129480e-03  ,1.317959495429e+01  ,2.805792068740e+00  ,9.878062273386e+00  
  4.822176213905e-03  ,1.416724958351e+01  ,2.808197984051e+00  ,9.891900626048e+00  
  4.822274382755e-03  ,1.497752030145e+01  ,2.816109923960e+00  ,9.919572016213e+00  
  4.822402699634e-03  ,1.499974868171e+01  ,2.826389479341e+00  ,9.955730109797e+00  
  4.822628243610e-03  ,1.500013574669e+01  ,2.844400174801e+00  ,1.001925367860e+01  
  4.822867758915e-03  ,1.500012021537e+01  ,2.863550826749e+00  ,1.008666770686e+01  
  4.823346789524e-03  ,1.500020842964e+01  ,2.901789808869e+00  ,1.022135834498e+01  
  4.824304850742e-03  ,1.500025799012e+01  ,2.978111861234e+00  ,1.049019096128e+01  
  4.826220973178e-03  ,1.500028644641e+01  ,3.130135202578e+00  ,1.102566949391e+01  
  4.830053218052e-03  ,1.500037053375e+01  ,3.431713467499e+00  ,1.208793235040e+01  
  4.832010000020e-03  ,1.499974880646e+01  ,3.584440626184e+00  ,1.262588934178e+01  
  4.832011000018e-03  ,1.442072048868e+01  ,3.584371863361e+00  ,1.262616348996e+01  
  4.832013000126e-03  ,1.321306872165e+01  ,3.584140924125e+00  ,1.262671173720e+01  
  4.832017000343e-03  ,1.067183945198e+01  ,3.583697003831e+00  ,1.262780855151e+01  
  4.832020000020e-03  ,8.646989718768e+00  ,3.583424371634e+00  ,1.262863095561e+01  
  4.832020800063e-03  ,8.543319172809e+00  ,3.583478885788e+00  ,1.262885025826e+01  
  4.832022400076e-03  ,8.338474320268e+00  ,3.583674714053e+00  ,1.262928896346e+01  
  4.832025600100e-03  ,7.943346583040e+00  ,3.584200663580e+00  ,1.263016634347e+01  
  4.832032000149e-03  ,7.207963796305e+00  ,3.585295322192e+00  ,1.263192087216e+01  
  4.832044800246e-03  ,5.932420763691e+00  ,3.588250512764e+00  ,1.263542979026e+01  
  4.832058725381e-03  ,4.791832304325e+00  ,3.598119949339e+00  ,1.263924607095e+01  
  4.832067642236e-03  ,4.356450814176e+00  ,1.401607831751e+01  ,1.264104549830e+01  
  4.832076010728e-03  ,4.341993624868e+00  ,4.354250888933e+01  ,1.264110425324e+01  
  4.832082282627e-03  ,4.134438821200e+00  ,5.281277420601e+01  ,3.700922782895e-02  
  4.832085552314e-03  ,3.936655083702e+00  ,5.284186488107e+01  ,-2.055384423756e-01  
  4.832087122338e-03  ,3.843758986352e+00  ,5.282359186687e+01  ,-4.110012296705e-03  
  4.832090262385e-03  ,3.665096594867e+00  ,5.282677159417e+01  ,1.012926483694e-02  
  4.832096542479e-03  ,3.331884340583e+00  ,5.283655145060e+01  ,5.648046575945e-03  
  4.832109102668e-03  ,2.751052535415e+00  ,5.285534473135e+01  ,4.593523956526e-03  
  4.832134223046e-03  ,1.861286870268e+00  ,5.289285412429e+01  ,3.313373757892e-03  
  4.832175362172e-03  ,9.414028925296e-01  ,5.295413835313e+01  ,1.971910301513e-03  
  4.832221359076e-03  ,4.553972022449e-01  ,5.302245524725e+01  ,1.261926103987e-03  
  4.832269448103e-03  ,1.918078910516e-01  ,5.309367661597e+01  ,8.760294229246e-04  
  4.832324361863e-03  ,8.006193912537e-02  ,5.317476702367e+01  ,7.111335460137e-04  
  4.832413053574e-03  ,6.888994904266e-03  ,5.330524003471e+01  ,6.011846928610e-04  
  4.832507860722e-03  ,2.595761785988e-03  ,5.344403951506e+01  ,5.913973785608e-04  
  4.832697475018e-03  ,7.907871820154e-04  ,5.371958463691e+01  ,5.817146297118e-04  
  4.832919085087e-03  ,1.962204994064e-03  ,5.403814849039e+01  ,5.752683345805e-04  
  4.833362305226e-03  ,1.917398155376e-03  ,5.466396487359e+01  ,5.589492684880e-04  
  4.834248745503e-03  ,1.421671881376e-03  ,5.587001443171e+01  ,5.264930562881e-04  
  4.836021626057e-03  ,1.581324564997e-03  ,5.809709951482e+01  ,4.652525051917e-04  
  4.839567387165e-03  ,9.470019980796e-04  ,6.179759812909e+01  ,3.495265370987e-04  
  4.842000000020e-03  ,1.006163314651e-03  ,6.374953232013e+01  ,2.787123358920e-04  
  4.842001000018e-03  ,5.776499220432e-01  ,6.375036874996e+01  ,-1.012318481207e-03  
  4.842001884681e-03  ,1.095178515910e+00  ,6.375111223726e+01  ,-2.187858272954e-03  
  4.842003654008e-03  ,2.159988201906e+00  ,6.375259607542e+01  ,-4.504521676101e-03  
  4.842007192661e-03  ,4.411828685858e+00  ,6.375554690037e+01  ,-8.958052818782e-03  
  4.842010000020e-03  ,6.311349073474e+00  ,6.375787242544e+01  ,-1.232631367025e-02  
  4.842010707751e-03  ,6.403636642109e+00  ,6.375836350435e+01  ,-1.224679467781e-02  
  4.842012123175e-03  ,6.586246468501e+00  ,6.375933517024e+01  ,-1.198684070862e-02  
  4.842014954023e-03  ,6.940000328168e+00  ,6.376127795191e+01  ,-1.146866691494e-02  
  4.842020615719e-03  ,7.603722009197e+00  ,6.376516782446e+01  ,-1.050158533340e-02  
  4.842031939111e-03  ,8.776149400504e+00  ,6.377296001822e+01  ,-8.793516054933e-03  
  4.842043345950e-03  ,9.773052594296e+00  ,6.378082316543e+01  ,-7.341227454580e-03  
  4.842051382147e-03  ,9.973454987545e+00  ,4.102444764422e+01  ,9.858756847071e+00  
  4.842059054754e-03  ,1.000027209847e+01  ,1.066077923141e+01  ,9.858930405654e+00  
  4.842063364915e-03  ,1.018851882633e+01  ,3.396340209043e+00  ,9.859846827840e+00  
  4.842067447088e-03  ,1.046801676267e+01  ,2.663373946299e+00  ,9.860924896155e+00  
  4.842069767944e-03  ,1.062535444082e+01  ,2.744759838181e+00  ,9.861573925896e+00  
  4.842072700865e-03  ,1.081621766788e+01  ,2.800069507488e+00  ,9.862397927691e+00  
  4.842078566707e-03  ,1.117284318943e+01  ,2.809753746311e+00  ,9.864047763953e+00  
  4.842090298392e-03  ,1.179810496546e+01  ,2.799258438078e+00  ,9.867355339910e+00  
  4.842102548636e-03  ,1.234541108238e+01  ,2.803471456432e+00  ,9.870809531969e+00  
  4.842127049125e-03  ,1.317733795090e+01  ,2.805697227899e+00  ,9.877717569624e+00  
  4.842176050104e-03  ,1.416499136430e+01  ,2.808093294703e+00  ,9.891532445031e+00  
  4.842274052061e-03  ,1.497630807371e+01  ,2.815992547709e+00  ,9.919156900327e+00  
  4.842402345098e-03  ,1.499972996719e+01  ,2.826269825201e+00  ,9.955308427623e+00  
  4.842627531446e-03  ,1.500014041147e+01  ,2.844251892776e+00  ,1.001873157352e+01  
  4.842866903700e-03  ,1.500012416655e+01  ,2.863391271730e+00  ,1.008610570704e+01  
  4.843345648207e-03  ,1.500021786340e+01  ,2.901607645908e+00  ,1.022071671876e+01  
  4.844303137220e-03  ,1.500027054213e+01  ,2.977884669444e+00  ,1.048939073363e+01  
  4.846218115248e-03  ,1.500036922774e+01  ,3.129818274616e+00  ,1.102455333767e+01  
  4.850048071302e-03  ,1.500039021098e+01  ,3.431220873356e+00  ,1.208619725704e+01  
  4.852010000020e-03  ,1.499973150759e+01  ,3.584351351881e+00  ,1.262557489670e+01  
  4.852011000018e-03  ,1.442054658448e+01  ,3.584282648945e+00  ,1.262584904591e+01  
  4.852013000126e-03  ,1.321289993807e+01  ,3.584051732230e+00  ,1.262639729415e+01  
  4.852017000343e-03  ,1.067168054953e+01  ,3.583607818737e+00  ,1.262749411267e+01  
  4.852020000020e-03  ,8.646837885260e+00  ,3.583335184403e+00  ,1.262831651945e+01  
  4.852020800063e-03  ,8.543169159694e+00  ,3.583389699303e+00  ,1.262853582281e+01  
  4.852022400076e-03  ,8.338327904122e+00  ,3.583585528777e+00  ,1.262897452944e+01  
  4.852025600100e-03  ,7.943207105182e+00  ,3.584111482281e+00  ,1.262985191231e+01  
  4.852032000149e-03  ,7.207837231614e+00  ,3.585206155677e+00  ,1.263160644670e+01  
  4.852044800246e-03  ,5.932316598683e+00  ,3.588161446030e+00  ,1.263511537621e+01  
  4.852058725381e-03  ,4.791748195029e+00  ,3.598032465035e+00  ,1.263893166916e+01  
  4.852067643726e-03  ,4.356436720733e+00  ,1.402538949324e+01  ,1.264073067538e+01  
  4.852076013708e-03  ,4.341997786958e+00  ,4.355852024385e+01  ,1.264078855295e+01  
  4.852082285607e-03  ,4.134178255661e+00  ,5.281304672600e+01  ,3.572887211647e-02  
  4.852085556040e-03  ,3.936358766254e+00  ,5.284197599393e+01  ,-2.052306902059e-01  
  4.852087126808e-03  ,3.843426802983e+00  ,5.282373301208e+01  ,-4.087097390024e-03  
  4.852090268346e-03  ,3.664697048178e+00  ,5.282691787133e+01  ,1.012128159766e-02  
  4.852096551420e-03  ,3.331369916684e+00  ,5.283670103664e+01  ,5.646801297388e-03  
  4.852109117569e-03  ,2.751973846309e+00  ,5.285555089441e+01  ,4.426194912577e-03  
  4.852134249868e-03  ,1.871438956000e+00  ,5.289306418555e+01  ,3.513931070883e-03  
  4.852173517408e-03  ,9.861198262703e-01  ,5.295159527700e+01  ,2.037838699007e-03  
  4.852218125524e-03  ,4.423473801953e-01  ,5.301786437326e+01  ,1.242909114519e-03  
  4.852263627710e-03  ,1.762331778606e-01  ,5.308526911824e+01  ,8.535236021512e-04  
  4.852332757177e-03  ,5.622243895443e-02  ,5.318733740754e+01  ,6.760519927355e-04  
  4.852413843336e-03  ,4.603682843679e-03  ,5.330658615650e+01  ,5.977968505125e-04  
  4.852510164441e-03  ,-7.865886296200e-03  ,5.344758493474e+01  ,5.760339644487e-04  
  4.852702806653e-03  ,-5.375849195163e-03  ,5.372746004857e+01  ,5.725032814953e-04  
  4.852993534269e-03  ,4.389333215584e-03  ,5.414447062442e+01  ,5.760369389806e-04  
  4.853574989499e-03  ,-2.598614422611e-05  ,5.495900732438e+01  ,5.484065079939e-04  
  4.854478691282e-03  ,1.129491936813e-03  ,5.617285082827e+01  ,5.177390422168e-04  
  4.855734680356e-03  ,1.471466184307e-03  ,5.775333754759e+01  ,4.747151618094e-04  
  4.858246658506e-03  ,1.202631247397e-03  ,6.053743063962e+01  ,3.920772889664e-04  
  4.862000000020e-03  ,8.924457409595e-04  ,6.374932858946e+01  ,2.765959441348e-04  
  4.862001000018e-03  ,5.775378587564e-01  ,6.375016499088e+01  ,-1.013372851094e-03  
  4.862001884774e-03  ,1.095123064184e+00  ,6.375090849720e+01  ,-2.187765751296e-03  
  4.862003654287e-03  ,2.160052272541e+00  ,6.375239266352e+01  ,-4.504961889876e-03  
  4.862007193313e-03  ,4.412156691062e+00  ,6.375534408520e+01  ,-8.958974916762e-03  
  4.862010000020e-03  ,6.312035465543e+00  ,6.375766919491e+01  ,-1.232527059647e-02  
  4.862010707825e-03  ,6.404325356854e+00  ,6.375816038415e+01  ,-1.224576072059e-02  
  4.862012123435e-03  ,6.586944330149e+00  ,6.375913229290e+01  ,-1.198579804093e-02  
  4.862014954656e-03  ,6.940714438458e+00  ,6.376107556476e+01  ,-1.146759813865e-02  
  4.862020617097e-03  ,7.604461067946e+00  ,6.376496641468e+01  ,-1.050047961812e-02  
  4.862031941980e-03  ,8.776914034983e+00  ,6.377276056436e+01  ,-8.792373032704e-03  
  4.862043351799e-03  ,9.773936489355e+00  ,6.378062670439e+01  ,-7.339911297519e-03  
  4.862051390975e-03  ,9.973499706355e+00  ,4.096733482401e+01  ,9.859137117255e+00  
  4.862059066564e-03  ,1.000035647763e+01  ,1.059401908159e+01  ,9.859313837049e+00  
  4.862063370764e-03  ,1.018930386862e+01  ,3.392154989887e+00  ,9.860229878429e+00  
  4.862067441761e-03  ,1.046805347128e+01  ,2.664407798072e+00  ,9.861306826765e+00  
  4.862069764480e-03  ,1.062550747085e+01  ,2.745154788642e+00  ,9.861956345682e+00  
  4.862072702989e-03  ,1.081671627676e+01  ,2.800193329335e+00  ,9.862781896729e+00  
  4.862078580007e-03  ,1.117395004199e+01  ,2.809823515093e+00  ,9.864434877331e+00  
  4.862090334043e-03  ,1.180012528114e+01  ,2.799395204876e+00  ,9.867748744812e+00  
  4.862102637931e-03  ,1.234929293490e+01  ,2.803587653221e+00  ,9.871218048149e+00  
  4.862127245709e-03  ,1.318306882002e+01  ,2.805813846303e+00  ,9.878156307361e+00  
  4.862176461264e-03  ,1.417075655760e+01  ,2.808235634052e+00  ,9.892031615058e+00  
  4.862274892375e-03  ,1.497941249579e+01  ,2.816167348113e+00  ,9.919776884316e+00  
  4.862403256938e-03  ,1.499977828461e+01  ,2.826451332870e+00  ,9.955948338016e+00  
  4.862629373118e-03  ,1.500012831461e+01  ,2.844507920231e+00  ,1.001963287439e+01  
  4.862869174525e-03  ,1.500011396842e+01  ,2.863681265159e+00  ,1.008712714346e+01  
  4.863348777339e-03  ,1.500019353108e+01  ,2.901965718245e+00  ,1.022197793569e+01  
  4.864307982966e-03  ,1.500023817690e+01  ,2.978378338015e+00  ,1.049112955268e+01  
  4.866226394221e-03  ,1.500032187210e+01  ,3.130580920634e+00  ,1.102723956096e+01  
  4.870063216731e-03  ,1.500033948087e+01  ,3.432512694641e+00  ,1.209074741286e+01  
  4.872010000020e-03  ,1.499977611596e+01  ,3.584457151071e+00  ,1.262594763461e+01  
  4.872011000018e-03  ,1.442099554925e+01  ,3.584388314021e+00  ,1.262622178242e+01  
  4.872013000126e-03  ,1.321333568312e+01  ,3.584157347574e+00  ,1.262677003047e+01  
  4.872017000343e-03  ,1.067209078467e+01  ,3.583713418164e+00  ,1.262786684319e+01  
  4.872020000020e-03  ,8.647229870594e+00  ,3.583440785618e+00  ,1.262868924680e+01  
  4.872020800063e-03  ,8.543556445333e+00  ,3.583495297127e+00  ,1.262890854932e+01  
  4.872022400076e-03  ,8.338705903493e+00  ,3.583691120481e+00  ,1.262934725426e+01  
  4.872025600100e-03  ,7.943567192029e+00  ,3.584217058695e+00  ,1.263022463373e+01  
  4.872032000149e-03  ,7.208163980586e+00  ,3.585311681034e+00  ,1.263197916138e+01  
  4.872044800246e-03  ,5.932585517978e+00  ,3.588266658154e+00  ,1.263548807740e+01  
  4.872058725381e-03  ,4.791965331818e+00  ,3.598133264618e+00  ,1.263930435610e+01  
  4.872067642236e-03  ,4.356460410169e+00  ,1.400976638000e+01  ,1.264110428594e+01  
  4.872076012218e-03  ,4.341987745825e+00  ,4.354053442188e+01  ,1.264116328151e+01  
  4.872082284862e-03  ,4.134420212182e+00  ,5.281276172462e+01  ,3.703768758345e-02  
  4.872085554922e-03  ,3.936615604075e+00  ,5.284185777960e+01  ,-2.055573143862e-01  
  4.872087124946e-03  ,3.843720408321e+00  ,5.282358294320e+01  ,-4.110788048058e-03  
  4.872090264993e-03  ,3.665059818201e+00  ,5.282676259489e+01  ,1.012965123868e-02  
  4.872096545087e-03  ,3.331850919487e+00  ,5.283654257338e+01  ,5.648018946876e-03  
  4.872109105276e-03  ,2.751024952450e+00  ,5.285533601027e+01  ,4.593486598010e-03  
  4.872134225653e-03  ,1.861268223839e+00  ,5.289284570816e+01  ,3.313351256540e-03  
  4.872175364779e-03  ,9.413934808663e-01  ,5.295413043458e+01  ,1.971901298252e-03  
  4.872221355723e-03  ,4.554393585693e-01  ,5.302243904321e+01  ,1.261992455434e-03  
  4.872269444751e-03  ,1.918300725968e-01  ,5.309366101644e+01  ,8.760666573920e-04  
  4.872324352549e-03  ,8.007965066972e-02  ,5.317474332358e+01  ,7.111644756018e-04  
  4.872413044261e-03  ,6.892154185796e-03  ,5.330521748422e+01  ,6.011943951911e-04  
  4.872507839488e-03  ,2.596605894639e-03  ,5.344400078017e+01  ,5.914041268645e-04  
  4.872697429942e-03  ,7.903539772147e-04  ,5.371951404357e+01  ,5.817203531791e-04  
  4.872919016169e-03  ,1.962292756998e-03  ,5.403804727748e+01  ,5.752756254081e-04  
  4.873362188624e-03  ,1.917539563520e-03  ,5.466380483394e+01  ,5.589582470220e-04  
  4.874248533534e-03  ,1.421625494954e-03  ,5.586974648418e+01  ,5.265048307674e-04  
  4.876021223353e-03  ,1.581443325631e-03  ,5.809665544110e+01  ,4.652702906318e-04  
  4.879566602992e-03  ,9.470293488112e-04  ,6.179696300840e+01  ,3.495542695059e-04  
  4.882000000020e-03  ,1.006233656123e-03  ,6.374962698482e+01  ,2.787148287794e-04  
  4.882001000018e-03  ,5.776499914742e-01  ,6.375046342376e+01  ,-1.012315867837e-03  
  4.882001884681e-03  ,1.095178584562e+00  ,6.375120691906e+01  ,-2.187855025868e-03  
  4.882003654008e-03  ,2.159988269032e+00  ,6.375269077337e+01  ,-4.504518580603e-03  
  4.882007192661e-03  ,4.411828750047e+00  ,6.375564163060e+01  ,-8.958049752008e-03  
  4.882010000020e-03  ,6.311349135443e+00  ,6.375796718128e+01  ,-1.232631060386e-02  
  4.882010707751e-03  ,6.403636703536e+00  ,6.375845826665e+01  ,-1.224679156865e-02  
  4.882012123175e-03  ,6.586246528856e+00  ,6.375942994547e+01  ,-1.198683759440e-02  
  4.882014954023e-03  ,6.940000386447e+00  ,6.376137275301e+01  ,-1.146866380711e-02  
  4.882020615719e-03  ,7.603722063580e+00  ,6.376526267729e+01  ,-1.050158223249e-02  
  4.882031939111e-03  ,8.776149448004e+00  ,6.377305497447e+01  ,-8.793512966280e-03  
  4.882043345950e-03  ,9.773052635943e+00  ,6.378091822580e+01  ,-7.341224377232e-03  
  4.882051382147e-03  ,9.973455252266e+00  ,4.102456247693e+01  ,9.858811865884e+00  
  4.882059054754e-03  ,1.000027229119e+01  ,1.066089047445e+01  ,9.858985417337e+00  
  4.882063364915e-03  ,1.018851739087e+01  ,3.396362590147e+00  ,9.859901840424e+00  
  4.882067447088e-03  ,1.046801532465e+01  ,2.663388670464e+00  ,9.860979904569e+00  
  4.882069767944e-03  ,1.062535305645e+01  ,2.744775121416e+00  ,9.861628934000e+00  
  4.882072700865e-03  ,1.081621634653e+01  ,2.800085143756e+00  ,9.862452935343e+00  
  4.882078566707e-03  ,1.117284198034e+01  ,2.809769410112e+00  ,9.864102770670e+00  
  4.882090298392e-03  ,1.179810395328e+01  ,2.799274041725e+00  ,9.867410344791e+00  
  4.882102548636e-03  ,1.234541024332e+01  ,2.803487077430e+00  ,9.870864534936e+00  
  4.882127049125e-03  ,1.317733737475e+01  ,2.805712847193e+00  ,9.877772568765e+00  
  4.882176050104e-03  ,1.416499110028e+01  ,2.808108906693e+00  ,9.891587436520e+00  
  4.882274052061e-03  ,1.497630806615e+01  ,2.816008155576e+00  ,9.919211876517e+00  
  4.882402345098e-03  ,1.499972996706e+01  ,2.826285427376e+00  ,9.955363383793e+00  
  4.882627531446e-03  ,1.500014041147e+01  ,2.844267484957e+00  ,1.001878649457e+01  
  4.882866903700e-03  ,1.500012416654e+01  ,2.863406853329e+00  ,1.008616059078e+01  
  4.883345648207e-03  ,1.500021786342e+01  ,2.901623206342e+00  ,1.022077152795e+01  
  4.884303137220e-03  ,1.500027054217e+01  ,2.977900187635e+00  ,1.048944539403e+01  
  4.886218115248e-03  ,1.500036922781e+01  ,3.129833708665e+00  ,1.102460770171e+01  
  4.890048071302e-03  ,1.500039021106e+01  ,3.431236140488e+00  ,1.208625103315e+01  
  4.892010000020e-03  ,1.499973150747e+01  ,3.584366534212e+00  ,1.262562837412e+01  
  4.892011000018e-03  ,1.442054658355e+01  ,3.584297831145e+00  ,1.262590252318e+01  
  4.892013000126e-03  ,1.321289993717e+01  ,3.584066914341e+00  ,1.262645077112e+01  
  4.892017000343e-03  ,1.067168054868e+01  ,3.583623000963e+00  ,1.262754758903e+01  
  4.892020000020e-03  ,8.646837884457e+00  ,3.583350366957e+00  ,1.262836999535e+01  
  4.892020800063e-03  ,8.543169158904e+00  ,3.583404882062e+00  ,1.262858929859e+01  
  4.892022400076e-03  ,8.338327903358e+00  ,3.583600711921e+00  ,1.262902800498e+01  
  4.892025600100e-03  ,7.943207104465e+00  ,3.584126666031e+00  ,1.262990538736e+01  
  4.892032000149e-03  ,7.207837230993e+00  ,3.585221341002e+00  ,1.263165992078e+01  
  4.892044800246e-03  ,5.932316598289e+00  ,3.588176638134e+00  ,1.263516884835e+01  
  4.892058725381e-03  ,4.791748195365e+00  ,3.598047697168e+00  ,1.263898513917e+01  
  4.892067643726e-03  ,4.356437052064e+00  ,1.402542465309e+01  ,1.264078414129e+01  
  4.892076013708e-03  ,4.341998115120e+00  ,4.355855796625e+01  ,1.264084201691e+01  
  4.892082285607e-03  ,4.134179360154e+00  ,5.281312497546e+01  ,3.573294245774e-02  
  4.892085556040e-03  ,3.936359831770e+00  ,5.284205475783e+01  ,-2.052314100732e-01  
  4.892087126808e-03  ,3.843427842518e+00  ,5.282381172241e+01  ,-4.087138173188e-03  
  4.892090268346e-03  ,3.664698040023e+00  ,5.282699660453e+01  ,1.012129699790e-02  
  4.892096551420e-03  ,3.331370819523e+00  ,5.283677982812e+01  ,5.646806230149e-03  
  4.892109117569e-03  ,2.751974593952e+00  ,5.285562980088e+01  ,4.426198548695e-03  
  4.892134249868e-03  ,1.871439467776e+00  ,5.289314332152e+01  ,3.513935419182e-03  
  4.892173517408e-03  ,9.861201008951e-01  ,5.295167477131e+01  ,2.037842167413e-03  
  4.892218125524e-03  ,4.423475091508e-01  ,5.301794427392e+01  ,1.242912360523e-03  
  4.892263627710e-03  ,1.762332355183e-01  ,5.308534943266e+01  ,8.535267357599e-04  
  4.892332757177e-03  ,5.622246443927e-02  ,5.318741834917e+01  ,6.760550661084e-04  
  4.892413843336e-03  ,4.603694469861e-03  ,5.330666783167e+01  ,5.977998880363e-04  
  4.892510164441e-03  ,-7.865878048644e-03  ,5.344766747823e+01  ,5.760369784603e-04  
  4.892702806653e-03  ,-5.375840358226e-03  ,5.372754431878e+01  ,5.725062595442e-04  
  4.892993534269e-03  ,4.389344550200e-03  ,5.414455747536e+01  ,5.760398661197e-04  
  4.893574989499e-03  ,-2.597623116635e-05  ,5.495909924496e+01  ,5.484093264735e-04  
  4.894478691282e-03  ,1.129501780651e-03  ,5.617295038051e+01  ,5.177417010140e-04  
  4.895734680356e-03  ,1.471475579746e-03  ,5.775344719513e+01  ,4.747176124788e-04  
  4.898246658506e-03  ,1.202639450695e-03  ,6.053755864152e+01  ,3.920793670667e-04  
  4.902000000020e-03  ,8.924521121916e-04  ,6.374947928369e+01  ,2.765975273777e-04  
  4.902001000018e-03  ,5.775378651267e-01  ,6.375031569038e+01  ,-1.013371323813e-03  
  4.902001884774e-03  ,1.095123070553e+00  ,6.375105920136e+01  ,-2.187764226587e-03  
  4.902003654287e-03  ,2.160052278909e+00  ,6.375254337699e+01  ,-4.504960363504e-03  
  4.902007193313e-03  ,4.412156697427e+00  ,6.375549481729e+01  ,-8.958973387390e-03  
  4.902010000020e-03  ,6.312035471906e+00  ,6.375781994177e+01  ,-1.232526906516e-02  
  4.902010707825e-03  ,6.404325363217e+00  ,6.375831113474e+01  ,-1.224575912668e-02  
  4.902012123435e-03  ,6.586944336512e+00  ,6.375928305096e+01  ,-1.198579643406e-02  
  4.902014954656e-03  ,6.940714444819e+00  ,6.376122633775e+01  ,-1.146759653826e-02  
  4.902020617097e-03  ,7.604461074304e+00  ,6.376511721754e+01  ,-1.050047801937e-02  
  4.902031941980e-03  ,8.776914041336e+00  ,6.377291142690e+01  ,-8.792371436511e-03  
  4.902043351799e-03  ,9.773936495702e+00  ,6.378077762700e+01  ,-7.339909703721e-03  
  4.902051390975e-03  ,9.973499870793e+00  ,4.096749974819e+01  ,9.859178831456e+00  
  4.902059066564e-03  ,1.000035651491e+01  ,1.059417598875e+01  ,9.859355540134e+00  
  4.902063370764e-03  ,1.018930145956e+01  ,3.392177759738e+00  ,9.860271583364e+00  
  4.902067441761e-03  ,1.046805106583e+01  ,2.664418340357e+00  ,9.861348525820e+00  
  4.902069764480e-03  ,1.062550515284e+01  ,2.745166004906e+00  ,9.861998044527e+00  
  4.902072702989e-03  ,1.081671406457e+01  ,2.800205130397e+00  ,9.862823595250e+00  
  4.902078580007e-03  ,1.117394801880e+01  ,2.809835420063e+00  ,9.864476575129e+00  
  4.902090334043e-03  ,1.180012358811e+01  ,2.799407012268e+00  ,9.867790441214e+00  
  4.902102637931e-03  ,1.234929153265e+01  ,2.803599492944e+00  ,9.871259743094e+00  
  4.902127245709e-03  ,1.318306785886e+01  ,2.805825689210e+00  ,9.878197999393e+00  
  4.902176461264e-03  ,1.417075611882e+01  ,2.808247466558e+00  ,9.892073301264e+00  
  4.902274892375e-03  ,1.497941248483e+01  ,2.816179179560e+00  ,9.919818558873e+00  
  4.902403256938e-03  ,1.499977828444e+01  ,2.826463160111e+00  ,9.955989997388e+00  
  4.902629373118e-03  ,1.500012831463e+01  ,2.844519739755e+00  ,1.001967450703e+01  
  4.902869174525e-03  ,1.500011396842e+01  ,2.863693076701e+00  ,1.008716874776e+01  
  4.903348777339e-03  ,1.500019353113e+01  ,2.901977513715e+00  ,1.022201948339e+01  
  4.904307982966e-03  ,1.500023817697e+01  ,2.978390101406e+00  ,1.049117098739e+01  
  4.906226394221e-03  ,1.500032187222e+01  ,3.130592620127e+00  ,1.102728077060e+01  
  4.910063216731e-03  ,1.500033948100e+01  ,3.432524267380e+00  ,1.209078817605e+01  
  4.912010000020e-03  ,1.499977611580e+01  ,3.584468660025e+00  ,1.262598817313e+01  
  4.912011000018e-03  ,1.442099554795e+01  ,3.584399822876e+00  ,1.262626232082e+01  
  4.912013000126e-03  ,1.321333568187e+01  ,3.584168856361e+00  ,1.262681056864e+01  
  4.912017000343e-03  ,1.067209078350e+01  ,3.583724927039e+00  ,1.262790738090e+01  
  4.912020000020e-03  ,8.647229869474e+00  ,3.583452294741e+00  ,1.262872978416e+01  
  4.912020800063e-03  ,8.543556444229e+00  ,3.583506806405e+00  ,1.262894908659e+01  
  4.912022400076e-03  ,8.338705902420e+00  ,3.583702630052e+00  ,1.262938779134e+01  
  4.912025600100e-03  ,7.943567191016e+00  ,3.584228568725e+00  ,1.263026517045e+01  
  4.912032000149e-03  ,7.208163979689e+00  ,3.585323192257e+00  ,1.263201969737e+01  
  4.912044800246e-03  ,5.932585517329e+00  ,3.588278174515e+00  ,1.263552861191e+01  
  4.912058725381e-03  ,4.791965331790e+00  ,3.598144811310e+00  ,1.263934488900e+01  
  4.912067642236e-03  ,4.356460661301e+00  ,1.400979304512e+01  ,1.264114481574e+01  
  4.912076012218e-03  ,4.341987994654e+00  ,4.354056303646e+01  ,1.264120381010e+01  
  4.912082284862e-03  ,4.134422138456e+00  ,5.281288497447e+01  ,3.704639579145e-02  
  4.912085554922e-03  ,3.936617467115e+00  ,5.284198211416e+01  ,-2.055590847819e-01  
  4.912087124946e-03  ,3.843722224843e+00  ,5.282370711774e+01  ,-4.110894837405e-03  
  4.912090264993e-03  ,3.665061550859e+00  ,5.282688677254e+01  ,1.012968437054e-02  
  4.912096545087e-03  ,3.331852495709e+00  ,5.283666678871e+01  ,5.648024156807e-03  
  4.912109105276e-03  ,2.751026255308e+00  ,5.285546029564e+01  ,4.593489832169e-03  
  4.912134225653e-03  ,1.861269107512e+00  ,5.289297013325e+01  ,3.313353975790e-03  
  4.912175364779e-03  ,9.413939308948e-01  ,5.295425508808e+01  ,1.971903384524e-03  
  4.912221355723e-03  ,4.554395792855e-01  ,5.302256395135e+01  ,1.261994201792e-03  
  4.912269444751e-03  ,1.918301689117e-01  ,5.309378619000e+01  ,8.760682165194e-04  
  4.912324358510e-03  ,8.007112976035e-02  ,5.317487758812e+01  ,7.111532469802e-04  
  4.912413050221e-03  ,6.889616349721e-03  ,5.330535219333e+01  ,6.011918742258e-04  
  4.912507857369e-03  ,2.595881347274e-03  ,5.344415337142e+01  ,5.914037925237e-04  
  4.912697471665e-03  ,7.906972331671e-04  ,5.371970187226e+01  ,5.817206685714e-04  
  4.912919081734e-03  ,1.962254458460e-03  ,5.403826964708e+01  ,5.752744963079e-04  
  4.913362301873e-03  ,1.917446825688e-03  ,5.466409378190e+01  ,5.589552698730e-04  
  4.914248742150e-03  ,1.421671481306e-03  ,5.587015847263e+01  ,5.264986837256e-04  
  4.916021622704e-03  ,1.581361108953e-03  ,5.809727228499e+01  ,4.652576212454e-04  
  4.919567383813e-03  ,9.470013362391e-04  ,6.179782186737e+01  ,3.495306130473e-04  
  4.922000000020e-03  ,1.006191447507e-03  ,6.374978817142e+01  ,2.787158093146e-04  
  4.922001000018e-03  ,5.776499499535e-01  ,6.375062461229e+01  ,-1.012315134081e-03  
  4.922001884681e-03  ,1.095178543625e+00  ,6.375136810935e+01  ,-2.187854932602e-03  
  4.922003654008e-03  ,2.159988229239e+00  ,6.375285196702e+01  ,-4.504518332874e-03  
  4.922007192661e-03  ,4.411828712453e+00  ,6.375580283101e+01  ,-8.958049471572e-03  
  4.922010000020e-03  ,6.311349099512e+00  ,6.375812838704e+01  ,-1.232631032049e-02  
  4.922010707751e-03  ,6.403636668011e+00  ,6.375861947376e+01  ,-1.224679122090e-02  
  4.922012123175e-03  ,6.586246494135e+00  ,6.375959115529e+01  ,-1.198683722971e-02  
  4.922014954023e-03  ,6.940000353282e+00  ,6.376153396826e+01  ,-1.146866344807e-02  
  4.922020615719e-03  ,7.603722033335e+00  ,6.376542390338e+01  ,-1.050158187096e-02  
  4.922031939111e-03  ,8.776149422917e+00  ,6.377321622220e+01  ,-8.793512599518e-03  
  4.922043345950e-03  ,9.773052615240e+00  ,6.378107949530e+01  ,-7.341224005723e-03  
  4.922051382147e-03  ,9.973455324881e+00  ,4.102473187934e+01  ,9.858838048132e+00  
  4.922059054754e-03  ,1.000027222372e+01  ,1.066105044747e+01  ,9.859011587782e+00  
  4.922063364915e-03  ,1.018851476069e+01  ,3.396381719959e+00  ,9.859928012829e+00  
  4.922067447088e-03  ,1.046801270264e+01  ,2.663394759285e+00  ,9.861006071156e+00  
  4.922069767944e-03  ,1.062535052885e+01  ,2.744781852923e+00  ,9.861655100477e+00  
  4.922072700493e-03  ,1.081619027222e+01  ,2.800090764112e+00  ,9.862478997433e+00  
  4.922078565590e-03  ,1.117277473963e+01  ,2.809777192587e+00  ,9.864128622986e+00  
  4.922090295784e-03  ,1.179955966295e+01  ,2.804778730770e+00  ,9.867432433715e+00  
  4.922110156052e-03  ,1.263742378920e+01  ,2.803426714783e+00  ,9.873032169119e+00  
  4.922149876587e-03  ,1.373132074816e+01  ,2.807566014468e+00  ,9.884231217792e+00  
  4.922229317657e-03  ,1.477158917800e+01  ,2.812562372798e+00  ,9.906625846044e+00  
  4.922346762649e-03  ,1.516366456250e+01  ,2.821759574011e+00  ,9.939725053792e+00  
  4.922519878380e-03  ,1.497792331728e+01  ,2.835692437973e+00  ,9.988493960685e+00  
  4.922676495544e-03  ,1.497084864135e+01  ,2.848212258455e+00  ,1.003259430253e+01  
  4.922989729874e-03  ,1.501195700905e+01  ,2.873217771218e+00  ,1.012073621978e+01  
  4.923616198532e-03  ,1.499229260677e+01  ,2.923207144411e+00  ,1.029678525288e+01  
  4.924715594284e-03  ,1.499816071514e+01  ,3.010701521002e+00  ,1.060497950886e+01  
  4.926914385788e-03  ,1.500018803126e+01  ,3.184878173032e+00  ,1.121849294784e+01  
  4.931311968796e-03  ,1.499992854809e+01  ,3.529990632269e+00  ,1.243409771601e+01  
  4.932010000020e-03  ,1.500001312606e+01  ,3.584374899187e+00  ,1.262565819738e+01  
  4.932011000018e-03  ,1.442323047640e+01  ,3.584305381261e+00  ,1.262593234491e+01  
  4.932013000126e-03  ,1.321550480306e+01  ,3.584074163456e+00  ,1.262648060097e+01  
  4.932017000343e-03  ,1.067413291721e+01  ,3.583630146671e+00  ,1.262757741179e+01  
  4.932020000020e-03  ,8.649181156139e+00  ,3.583357512444e+00  ,1.262839981790e+01  
  4.932020800063e-03  ,8.545484335868e+00  ,3.583411998346e+00  ,1.262861912114e+01  
  4.932022400076e-03  ,8.340587567134e+00  ,3.583607775427e+00  ,1.262905782735e+01  
  4.932025600100e-03  ,7.945359687482e+00  ,3.584133613429e+00  ,1.262993520942e+01  
  4.932032000149e-03  ,7.209790520468e+00  ,3.585227918699e+00  ,1.263168974250e+01  
  4.932044800246e-03  ,5.933924179994e+00  ,3.588181066962e+00  ,1.263519866937e+01  
  4.932058726871e-03  ,4.792935222792e+00  ,3.598027038012e+00  ,1.263901537025e+01  
  4.932067645216e-03  ,4.356519818265e+00  ,1.396884390940e+01  ,1.264081888039e+01  
  4.932076016689e-03  ,4.341948595463e+00  ,4.349803789029e+01  ,1.264088059172e+01  
  4.932082296038e-03  ,4.134665348099e+00  ,5.281145998739e+01  ,3.912255715818e-02  
  4.932085567215e-03  ,3.936790902665e+00  ,5.284083018295e+01  ,-2.061431149513e-01  
  4.932087136680e-03  ,3.843923189659e+00  ,5.282249854603e+01  ,-4.148560075588e-03  
  4.932090275610e-03  ,3.665315357814e+00  ,5.282567127936e+01  ,1.014271780508e-02  
  4.932096553469e-03  ,3.332196773869e+00  ,5.283544895762e+01  ,5.649218219718e-03  
  4.932109109187e-03  ,2.751500535548e+00  ,5.285423539483e+01  ,4.594114696722e-03  
  4.932134220624e-03  ,1.861862962241e+00  ,5.289173094297e+01  ,3.314209484623e-03  
  4.932175371671e-03  ,9.415045081754e-01  ,5.295303209661e+01  ,1.972056459647e-03  
  4.932221362615e-03  ,4.554929433677e-01  ,5.302133917189e+01  ,1.262063790330e-03  
  4.932269451642e-03  ,1.918524976227e-01  ,5.309255954430e+01  ,8.760927131837e-04  
  4.932324353481e-03  ,8.009743282538e-02  ,5.317363124068e+01  ,7.111840120330e-04  
  4.932413045192e-03  ,6.895267586457e-03  ,5.330410251553e+01  ,6.011926569654e-04  
  4.932507840419e-03  ,2.597082603424e-03  ,5.344288275115e+01  ,5.913985942411e-04  
  4.932697430873e-03  ,7.897309273680e-04  ,5.371838997244e+01  ,5.817134025843e-04  
  4.932919017101e-03  ,1.962403880288e-03  ,5.403691627797e+01  ,5.752699237448e-04  
  4.933362189556e-03  ,1.917649834479e-03  ,5.466266041019e+01  ,5.589529113747e-04  
  4.934248534465e-03  ,1.421484574486e-03  ,5.586857694042e+01  ,5.264998328514e-04  
  4.936021224285e-03  ,1.581510109575e-03  ,5.809544255005e+01  ,4.652669295799e-04  
  4.939566603923e-03  ,9.469285079103e-04  ,6.179569059764e+01  ,3.495530651795e-04  
  4.942000000020e-03  ,1.006305217291e-03  ,6.374833361253e+01  ,2.787153605507e-04  
  4.942001000018e-03  ,5.776500618796e-01  ,6.374917004656e+01  ,-1.012314780139e-03  
  4.942001884681e-03  ,1.095178653954e+00  ,6.374991353757e+01  ,-2.187853914156e-03  
  4.942003654008e-03  ,2.159988336434e+00  ,6.375139738333e+01  ,-4.504517487883e-03  
  4.942007192661e-03  ,4.411828813624e+00  ,6.375434822345e+01  ,-8.958048690631e-03  
  4.942010000020e-03  ,6.311349196126e+00  ,6.375667376057e+01  ,-1.232630956389e-02  
  4.942010707751e-03  ,6.403636763513e+00  ,6.375716484255e+01  ,-1.224679104439e-02  
  4.942012123175e-03  ,6.586246587436e+00  ,6.375813651447e+01  ,-1.198683718039e-02  
  4.942014954023e-03  ,6.940000442318e+00  ,6.376007930821e+01  ,-1.146866334366e-02  
  4.942020615719e-03  ,7.603722114370e+00  ,6.376396920497e+01  ,-1.050158176704e-02  
  4.942031939111e-03  ,8.776149489824e+00  ,6.377176144737e+01  ,-8.793512496245e-03  
  4.942043345950e-03  ,9.773052670142e+00  ,6.377962464390e+01  ,-7.341223903635e-03  
  4.942051382147e-03  ,9.973454952683e+00  ,4.102323341771e+01  ,9.858653749878e+00  
  4.942059054754e-03  ,1.000027312593e+01  ,1.065963939544e+01  ,9.858827395384e+00  
  4.942063364915e-03  ,1.018853846324e+01  ,3.396224485896e+00  ,9.859743802288e+00  
  4.942067447088e-03  ,1.046803632237e+01  ,2.663354344826e+00  ,9.860821911789e+00  
  4.942069768317e-03  ,1.062539796580e+01  ,2.744735774716e+00  ,9.861471043865e+00  
  4.942072701238e-03  ,1.081625924974e+01  ,2.800039093055e+00  ,9.862295046180e+00  
  4.942078567080e-03  ,1.117288124174e+01  ,2.809723561468e+00  ,9.863944884275e+00  
  4.942090298764e-03  ,1.179813681585e+01  ,2.799229835058e+00  ,9.867252463713e+00  
  4.942102550499e-03  ,1.234549865684e+01  ,2.803442349081e+00  ,9.870707079491e+00  
  4.942127053968e-03  ,1.317748341383e+01  ,2.805668197908e+00  ,9.877615964555e+00  
  4.942176060907e-03  ,1.416514558783e+01  ,2.808064916407e+00  ,9.891432534472e+00  
  4.942274074785e-03  ,1.497639465301e+01  ,2.815965109879e+00  ,9.919060377385e+00  
  4.942402367823e-03  ,1.499973115438e+01  ,2.826242428459e+00  ,9.955211939855e+00  
  4.942627578012e-03  ,1.500014011725e+01  ,2.844226426255e+00  ,1.001864186029e+01  
  4.942866950266e-03  ,1.500012391533e+01  ,2.863365819406e+00  ,1.008601605474e+01  
  4.943345694773e-03  ,1.500021726386e+01  ,2.901582228278e+00  ,1.022062718824e+01  
  4.944303183786e-03  ,1.500026974430e+01  ,2.977859320920e+00  ,1.048930144614e+01  
  4.946218161814e-03  ,1.500036806022e+01  ,3.129793063728e+00  ,1.102446453429e+01  
  4.950048117868e-03  ,1.500038896045e+01  ,3.431195935161e+00  ,1.208610941399e+01  
  4.952010000020e-03  ,1.499973260167e+01  ,3.584322926651e+00  ,1.262547477506e+01  
  4.952011000018e-03  ,1.442055721396e+01  ,3.584254220814e+00  ,1.262574892455e+01  
  4.952013000126e-03  ,1.321291025456e+01  ,3.584023303104e+00  ,1.262629717342e+01  
  4.952017000343e-03  ,1.067169026205e+01  ,3.583579389005e+00  ,1.262739399303e+01  
  4.952020000020e-03  ,8.646847165696e+00  ,3.583306754042e+00  ,1.262821640065e+01  
  4.952020800063e-03  ,8.543178328856e+00  ,3.583361268445e+00  ,1.262843570424e+01  
  4.952022400076e-03  ,8.338336853415e+00  ,3.583557096990e+00  ,1.262887441133e+01  
  4.952025600100e-03  ,7.943215630364e+00  ,3.584083048897e+00  ,1.262975179511e+01  
  4.952032000149e-03  ,7.207844967450e+00  ,3.585177717877e+00  ,1.263150633132e+01  
  4.952044800246e-03  ,5.932322965153e+00  ,3.588132987003e+00  ,1.263501526447e+01  
  4.952058725381e-03  ,4.791753334252e+00  ,3.598003819965e+00  ,1.263883156139e+01  
  4.952067643726e-03  ,4.356436457030e+00  ,1.402507829644e+01  ,1.264063059465e+01  
  4.952076013708e-03  ,4.341996961654e+00  ,4.355816404722e+01  ,1.264068849017e+01  
  4.952082285607e-03  ,4.134166615150e+00  ,5.281207049185e+01  ,3.567185378103e-02  
  4.952085556040e-03  ,3.936347497037e+00  ,5.284099281336e+01  ,-2.052195774167e-01  
  4.952087126808e-03  ,3.843415816707e+00  ,5.282275089436e+01  ,-4.086412947964e-03  
  4.952090268346e-03  ,3.664686570995e+00  ,5.282593584445e+01  ,1.012109284053e-02  
  4.952096551420e-03  ,3.331360389325e+00  ,5.283571899559e+01  ,5.646784396738e-03  
  4.952109117569e-03  ,2.751965976912e+00  ,5.285456885730e+01  ,4.426198036287e-03  
  4.952134249868e-03  ,1.871433606401e+00  ,5.289208216273e+01  ,3.513920403039e-03  
  4.952173517408e-03  ,9.861170101270e-01  ,5.295061327549e+01  ,2.037840398895e-03  
  4.952218125524e-03  ,4.423461201832e-01  ,5.301688240082e+01  ,1.242913117474e-03  
  4.952263627710e-03  ,1.762326794460e-01  ,5.308428717958e+01  ,8.535287157734e-04  
  4.952332757177e-03  ,5.622228410293e-02  ,5.318635552811e+01  ,6.760576177226e-04  
  4.952413843336e-03  ,4.603675872374e-03  ,5.330560435853e+01  ,5.978027037133e-04  
  4.952510164441e-03  ,-7.865857383535e-03  ,5.344660325030e+01  ,5.760398856832e-04  
  4.952702806653e-03  ,-5.375827006208e-03  ,5.372647864560e+01  ,5.725092248098e-04  
  4.952993534269e-03  ,4.389328063156e-03  ,5.414348978302e+01  ,5.760428913977e-04  
  4.953574989499e-03  ,-2.597747235135e-05  ,5.495802809519e+01  ,5.484125781686e-04  
  4.954478691282e-03  ,1.129499110425e-03  ,5.617187537674e+01  ,5.177452623522e-04  
  4.955734680356e-03  ,1.471474806874e-03  ,5.775236985466e+01  ,4.747216005426e-04  
  4.958246658506e-03  ,1.202645179113e-03  ,6.053648684502e+01  ,3.920841836331e-04  
  4.962000000020e-03  ,8.924678560422e-04  ,6.374843955629e+01  ,2.766034924027e-04  
  4.962001000018e-03  ,5.775378808760e-01  ,6.374927597516e+01  ,-1.013364880322e-03  
  4.962001884774e-03  ,1.095123086306e+00  ,6.375001949696e+01  ,-2.187757800840e-03  
  4.962003654287e-03  ,2.160052294668e+00  ,6.375150369424e+01  ,-4.504953941005e-03  
  4.962007193313e-03  ,4.412156713198e+00  ,6.375445517786e+01  ,-8.958966984556e-03  
  4.962010000020e-03  ,6.312035487084e+00  ,6.375678033670e+01  ,-1.232526267533e-02  
  4.962010707825e-03  ,6.404325378390e+00  ,6.375727153837e+01  ,-1.224575314156e-02  
  4.962012123435e-03  ,6.586944351674e+00  ,6.375824347192e+01  ,-1.198579053469e-02  
  4.962014954656e-03  ,6.940714459961e+00  ,6.376018679334e+01  ,-1.146759059678e-02  
  4.962020617097e-03  ,7.604461089409e+00  ,6.376407774245e+01  ,-1.050047207228e-02  
  4.962031941980e-03  ,8.776914056379e+00  ,6.377187209064e+01  ,-8.792365477086e-03  
  4.962043351799e-03  ,9.773936510695e+00  ,6.377973843086e+01  ,-7.339903735061e-03  
  4.962051390975e-03  ,9.973500073546e+00  ,4.096646835989e+01  ,9.859131636102e+00  
  4.962059066564e-03  ,1.000035765266e+01  ,1.059321139834e+01  ,9.859308419799e+00  
  4.962063370764e-03  ,1.018931851213e+01  ,3.392089373634e+00  ,9.860224448627e+00  
  4.962067441761e-03  ,1.046806804937e+01  ,2.664413160163e+00  ,9.861301426561e+00  
  4.962069764480e-03  ,1.062552153039e+01  ,2.745157317376e+00  ,9.861950945234e+00  
  4.962072702989e-03  ,1.081672969415e+01  ,2.800192356794e+00  ,9.862776496116e+00  
  4.962078580007e-03  ,1.117396230963e+01  ,2.809821637036e+00  ,9.864429476955e+00  
  4.962090334043e-03  ,1.180013554645e+01  ,2.799393902149e+00  ,9.867743344633e+00  
  4.962102637931e-03  ,1.234930143681e+01  ,2.803586138645e+00  ,9.871212648156e+00  
  4.962127245709e-03  ,1.318307464732e+01  ,2.805812282932e+00  ,9.878150907745e+00  
  4.962176461264e-03  ,1.417075921765e+01  ,2.808234124633e+00  ,9.892026216200e+00  
  4.962274892375e-03  ,1.497941256202e+01  ,2.816165816378e+00  ,9.919771486966e+00  
  4.962403256938e-03  ,1.499977828549e+01  ,2.826449800506e+00  ,9.955942942633e+00  
  4.962629373118e-03  ,1.500012831439e+01  ,2.844506390052e+00  ,1.001962748247e+01  
  4.962869174525e-03  ,1.500011396823e+01  ,2.863679735427e+00  ,1.008712175521e+01  
  4.963348777339e-03  ,1.500019353064e+01  ,2.901964190591e+00  ,1.022197255477e+01  
  4.964307982966e-03  ,1.500023817631e+01  ,2.978376814517e+00  ,1.049112418640e+01  
  4.966226394221e-03  ,1.500032187124e+01  ,3.130579405411e+00  ,1.102723422382e+01  
  4.970063216731e-03  ,1.500033947995e+01  ,3.432511195834e+00  ,1.209074213354e+01  
  4.972010000020e-03  ,1.499977611676e+01  ,3.584455660525e+00  ,1.262594238439e+01  
  4.972011000018e-03  ,1.442099555693e+01  ,3.584386823485e+00  ,1.262621653222e+01  
  4.972013000126e-03  ,1.321333569059e+01  ,3.584155857046e+00  ,1.262676478030e+01  
  4.972017000343e-03  ,1.067209079170e+01  ,3.583711927625e+00  ,1.262786159307e+01  
  4.972020000020e-03  ,8.647229877307e+00  ,3.583439295047e+00  ,1.262868399673e+01  
  4.972020800063e-03  ,8.543556451965e+00  ,3.583493806535e+00  ,1.262890329926e+01  
  4.972022400076e-03  ,8.338705909965e+00  ,3.583689629852e+00  ,1.262934200422e+01  
  4.972025600100e-03  ,7.943567198194e+00  ,3.584215568005e+00  ,1.263021938374e+01  
  4.972032000149e-03  ,7.208163986177e+00  ,3.585310190188e+00  ,1.263197391149e+01  
  4.972044800246e-03  ,5.932585522568e+00  ,3.588265166637e+00  ,1.263548282770e+01  
  4.972058725381e-03  ,4.791965335460e+00  ,3.598131769094e+00  ,1.263929910661e+01  
  4.972067642236e-03  ,4.356460377896e+00  ,1.400976275278e+01  ,1.264109903666e+01  
  4.972076012218e-03  ,4.341987713432e+00  ,4.354053051246e+01  ,1.264115802962e+01  
  4.972082284862e-03  ,4.134407966802e+00  ,5.281204149295e+01  ,3.697461582288e-02  
  4.972085554922e-03  ,3.936603737977e+00  ,5.284112975326e+01  ,-2.055435906618e-01  
  4.972087124946e-03  ,3.843708843829e+00  ,5.282285625338e+01  ,-4.109938118280e-03  
  4.972090264993e-03  ,3.665048790316e+00  ,5.282603606107e+01  ,1.012941051075e-02  
  4.972096545087e-03  ,3.331840892167e+00  ,5.283581610615e+01  ,5.648002068768e-03  
  4.972109105276e-03  ,2.751016674213e+00  ,5.285460972040e+01  ,4.593485061514e-03  
  4.972134225653e-03  ,1.861262628061e+00  ,5.289211977635e+01  ,3.313352806384e-03  
  4.972175364779e-03  ,9.413906602794e-01  ,5.295340509083e+01  ,1.971906850445e-03  
  4.972221361684e-03  ,4.553913133500e-01  ,5.302172319986e+01  ,1.261931873010e-03  
  4.972269450711e-03  ,1.918054425275e-01  ,5.309294584125e+01  ,8.760401861768e-04  
  4.972324364470e-03  ,8.006094910809e-02  ,5.317403770516e+01  ,7.111464123164e-04  
  4.972413056182e-03  ,6.888959934585e-03  ,5.330451307414e+01  ,6.011989161747e-04  
  4.972507863330e-03  ,2.595782842578e-03  ,5.344331508307e+01  ,5.914116469874e-04  
  4.972697477626e-03  ,7.908317763112e-04  ,5.371886528629e+01  ,5.817288603135e-04  
  4.972919087695e-03  ,1.962234269614e-03  ,5.403743511910e+01  ,5.752824618795e-04  
  4.973362307833e-03  ,1.917427941026e-03  ,5.466326358790e+01  ,5.589632353705e-04  
  4.974248748111e-03  ,1.421707925257e-03  ,5.586933780400e+01  ,5.265067371082e-04  
  4.976021628665e-03  ,1.581357858493e-03  ,5.809647395555e+01  ,4.652656487677e-04  
  4.979567389773e-03  ,9.470413309214e-04  ,6.179708019983e+01  ,3.495388319668e-04  
  4.982000000020e-03  ,1.006200305842e-03  ,6.374908953364e+01  ,2.787243575473e-04  
  4.982001000018e-03  ,5.776499590595e-01  ,6.374992599564e+01  ,-1.012306316616e-03  
  4.982001884681e-03  ,1.095178552948e+00  ,6.375066951141e+01  ,-2.187846117745e-03  
  4.982003654008e-03  ,2.159988238986e+00  ,6.375215340653e+01  ,-4.504509522342e-03  
  4.982007192661e-03  ,4.411828723018e+00  ,6.375510434539e+01  ,-8.958040673368e-03  
  4.982010000020e-03  ,6.311349110696e+00  ,6.375742996083e+01  ,-1.232630153096e-02  
  4.982010707751e-03  ,6.403636679346e+00  ,6.375792106257e+01  ,-1.224678269572e-02  
  4.982012123175e-03  ,6.586246505770e+00  ,6.375889277408e+01  ,-1.198682876064e-02  
  4.982014954023e-03  ,6.940000365496e+00  ,6.376083564700e+01  ,-1.146865495061e-02  
  4.982020615719e-03  ,7.603722046636e+00  ,6.376472570206e+01  ,-1.050157336957e-02  
  4.982031939111e-03  ,8.776149438141e+00  ,6.377251826085e+01  ,-8.793504088326e-03  
  4.982043345950e-03  ,9.773052632100e+00  ,6.378038177579e+01  ,-7.341215487984e-03  
  4.982051382147e-03  ,9.973455816578e+00  ,4.102406763507e+01  ,9.858870447529e+00  
  4.982059054754e-03  ,1.000027335601e+01  ,1.066043392160e+01  ,9.859044037083e+00  
  4.982063364915e-03  ,1.018852632789e+01  ,3.396340872044e+00  ,9.859960452559e+00  
  4.982067447088e-03  ,1.046802420810e+01  ,2.663409280663e+00  ,9.861038532857e+00  
  4.982069767944e-03  ,1.062536162682e+01  ,2.744794303141e+00  ,9.861687561761e+00  
  4.982072700865e-03  ,1.081622452616e+01  ,2.800102210328e+00  ,9.862511562470e+00  
  4.982078566707e-03  ,1.117284945947e+01  ,2.809785859175e+00  ,9.864161396903e+00  
  4.982090298392e-03  ,1.179811021371e+01  ,2.799290837289e+00  ,9.867468969080e+00  
  4.982102548636e-03  ,1.234541543257e+01  ,2.803503740052e+00  ,9.870923157184e+00  
  4.982127049125e-03  ,1.317734093743e+01  ,2.805729472632e+00  ,9.877831186934e+00  
  4.982176050104e-03  ,1.416499273270e+01  ,2.808125562801e+00  ,9.891646046535e+00  
  4.982274052061e-03  ,1.497630811253e+01  ,2.816024790886e+00  ,9.919270470227e+00  
  4.982402345098e-03  ,1.499972996766e+01  ,2.826302055760e+00  ,9.955421956165e+00  
  4.982627531446e-03  ,1.500014041127e+01  ,2.844284103562e+00  ,1.001884502951e+01  
  4.982866903700e-03  ,1.500012416638e+01  ,2.863423460224e+00  ,1.008621908595e+01  
  4.983345648207e-03  ,1.500021786307e+01  ,2.901639790676e+00  ,1.022082994368e+01  
  4.984303137220e-03  ,1.500027054171e+01  ,2.977916726948e+00  ,1.048950365118e+01  
  4.986218115248e-03  ,1.500036922716e+01  ,3.129850158299e+00  ,1.102466564299e+01  
  4.990048071302e-03  ,1.500039021037e+01  ,3.431252412222e+00  ,1.208630834783e+01  
  4.992010000020e-03  ,1.499973150801e+01  ,3.584382715563e+00  ,1.262568537044e+01  
  4.992011000018e-03  ,1.442054658908e+01  ,3.584314012355e+00  ,1.262595951934e+01  
  4.992013000126e-03  ,1.321289994253e+01  ,3.584083095457e+00  ,1.262650776695e+01  
  4.992017000343e-03  ,1.067168055374e+01  ,3.583639182202e+00  ,1.262760458422e+01  
  4.992020000020e-03  ,8.646837889294e+00  ,3.583366548544e+00  ,1.262842699005e+01  
  4.992020800063e-03  ,8.543169163687e+00  ,3.583421063867e+00  ,1.262864629316e+01  
  4.992022400076e-03  ,8.338327908033e+00  ,3.583616894137e+00  ,1.262908499929e+01  
  4.992025600100e-03  ,7.943207108931e+00  ,3.584142848892e+00  ,1.262996238116e+01  
  4.992032000149e-03  ,7.207837235078e+00  ,3.585237525540e+00  ,1.263171691354e+01  
  4.992044800246e-03  ,5.932316601776e+00  ,3.588192829892e+00  ,1.263522583903e+01  
  4.992058725381e-03  ,4.791748198878e+00  ,3.598063931521e+00  ,1.263904212760e+01  
  4.992067643726e-03  ,4.356437405414e+00  ,1.402546197586e+01  ,1.264084112520e+01  
  4.992076013708e-03  ,4.341998464733e+00  ,4.355859799460e+01  ,1.264089899672e+01  
  4.992082285607e-03  ,4.134171731057e+00  ,5.281269134329e+01  ,3.569180328695e-02  
  4.992085556040e-03  ,3.936352433580e+00  ,5.284161605430e+01  ,-2.052222683918e-01  
  4.992087126808e-03  ,3.843420633724e+00  ,5.282337392796e+01  ,-4.086567677922e-03  
  4.992090268346e-03  ,3.664691166525e+00  ,5.282655894931e+01  ,1.012113981754e-02  
  4.992096551420e-03  ,3.331364571109e+00  ,5.283634228751e+01  ,5.646799593236e-03  
  4.992109117569e-03  ,2.751969437149e+00  ,5.285519251896e+01  ,4.426209522900e-03  
  4.992134249868e-03  ,1.871435970039e+00  ,5.289270656218e+01  ,3.513932926665e-03  
  4.992173517408e-03  ,9.861182711887e-01  ,5.295123882580e+01  ,2.037849971181e-03  
  4.992218125524e-03  ,4.423467039852e-01  ,5.301750925480e+01  ,1.242921673546e-03  
  4.992263627710e-03  ,1.762329317565e-01  ,5.308491535947e+01  ,8.535367587650e-04  
  4.992332757177e-03  ,5.622238681536e-02  ,5.318698571492e+01  ,6.760653955933e-04  
  4.992413843336e-03  ,4.603714129906e-03  ,5.330623688790e+01  ,5.978103320086e-04  
  4.992510164441e-03  ,-7.865834861074e-03  ,5.344723854627e+01  ,5.760474251779e-04  
  4.992702806653e-03  ,-5.375801796799e-03  ,5.372711942228e+01  ,5.725166370854e-04  
  4.992993534269e-03  ,4.389364807150e-03  ,5.414413869824e+01  ,5.760501259230e-04  
  4.993574989499e-03  ,-2.594748322046e-05  ,5.495869280692e+01  ,5.484194210914e-04  
  4.994478691282e-03  ,1.129528576349e-03  ,5.617256336131e+01  ,5.177515312565e-04  
  4.995734680356e-03  ,1.471501958515e-03  ,5.775308758915e+01  ,4.747271136057e-04  
  4.998246658506e-03  ,1.202666501307e-03  ,6.053725499471e+01  ,3.920883203338e-04  
  5.002000000020e-03  ,8.924793682822e-04  ,6.374926057800e+01  ,2.766057830253e-04  
  5.002001000018e-03  ,5.775378923835e-01  ,6.375009700737e+01  ,-1.013362928569e-03  
  5.002001884774e-03  ,1.095123097810e+00  ,6.375084053844e+01  ,-2.187755850598e-03  
  5.002003654287e-03  ,2.160052306165e+00  ,6.375232475423e+01  ,-4.504951984807e-03  
  5.002007193313e-03  ,4.412156724682e+00  ,6.375527627488e+01  ,-8.958965012379e-03  
  5.002010000020e-03  ,6.312035499161e+00  ,6.375760146307e+01  ,-1.232526069335e-02  
  5.002010707825e-03  ,6.404325390472e+00  ,6.375809267214e+01  ,-1.224575082872e-02  
  5.002012123435e-03  ,6.586944363767e+00  ,6.375906462055e+01  ,-1.198578815233e-02  
  5.002014954656e-03  ,6.940714472075e+00  ,6.376100797170e+01  ,-1.146758824887e-02  
  5.002020617097e-03  ,7.604461101563e+00  ,6.376489898022e+01  ,-1.050046973116e-02  
  5.002031941980e-03  ,8.776914068598e+00  ,6.377269344703e+01  ,-8.792363147794e-03  
  5.002043351799e-03  ,9.773936522967e+00  ,6.378055990649e+01  ,-7.339901416172e-03  
  5.002051390975e-03  ,9.973500467779e+00  ,4.096732696492e+01  ,9.859268645966e+00  
  5.002059066564e-03  ,1.000035733246e+01  ,1.059402201507e+01  ,9.859445369730e+00  
  5.002063370764e-03  ,1.018930522501e+01  ,3.392187654657e+00  ,9.860361409259e+00  
  5.002067441761e-03  ,1.046805479849e+01  ,2.664445254950e+00  ,9.861438357061e+00  
  5.002069764480e-03  ,1.062550875691e+01  ,2.745192655517e+00  ,9.862087875146e+00  
  5.002072702989e-03  ,1.081671750391e+01  ,2.800230900379e+00  ,9.862913425042e+00  
  5.002078580007e-03  ,1.117395116215e+01  ,2.809860856497e+00  ,9.864566403451e+00  
  5.002090334043e-03  ,1.180012621825e+01  ,2.799432590095e+00  ,9.867880266540e+00  
  5.002102637931e-03  ,1.234929371089e+01  ,2.803625010661e+00  ,9.871349565281e+00  
  5.002127245709e-03  ,1.318306935171e+01  ,2.805851183556e+00  ,9.878287815302e+00  
  5.002176461264e-03  ,1.417075680024e+01  ,2.808272971366e+00  ,9.892163104623e+00  
  5.002274892375e-03  ,1.497941250172e+01  ,2.816204668057e+00  ,9.919908337139e+00  
  5.002403256938e-03  ,1.499977828461e+01  ,2.826488638813e+00  ,9.956079742943e+00  
  5.002629373118e-03  ,1.500012831452e+01  ,2.844545202575e+00  ,1.001976419499e+01  
  5.002869174525e-03  ,1.500011396833e+01  ,2.863718521959e+00  ,1.008725837468e+01  
  5.003348777339e-03  ,1.500019353096e+01  ,2.902002924346e+00  ,1.022210898836e+01  
  5.004307982966e-03  ,1.500023817677e+01  ,2.978415442930e+00  ,1.049126024895e+01  
  5.006226394221e-03  ,1.500032187195e+01  ,3.130617824000e+00  ,1.102736954733e+01  
  5.010063216731e-03  ,1.500033948072e+01  ,3.432549198191e+00  ,1.209087599099e+01  
  5.012010000020e-03  ,1.499977611596e+01  ,3.584493453423e+00  ,1.262607550405e+01  
  5.012011000018e-03  ,1.442099554987e+01  ,3.584424616059e+00  ,1.262634965150e+01  
  5.012013000126e-03  ,1.321333568373e+01  ,3.584193649400e+00  ,1.262689789882e+01  
  5.012017000343e-03  ,1.067209078525e+01  ,3.583749720266e+00  ,1.262799471009e+01  
  5.012020000020e-03  ,8.647229871165e+00  ,3.583477088501e+00  ,1.262881711261e+01  
  5.012020800063e-03  ,8.543556445905e+00  ,3.583531600500e+00  ,1.262903641484e+01  
  5.012022400076e-03  ,8.338705904066e+00  ,3.583727424776e+00  ,1.262947511920e+01  
  5.012025600100e-03  ,7.943567192604e+00  ,3.584253364438e+00  ,1.263035249751e+01  
  5.012032000149e-03  ,7.208163981178e+00  ,3.585347990541e+00  ,1.263210702284e+01  
  5.012044800246e-03  ,5.932585518745e+00  ,3.588302983864e+00  ,1.263561593421e+01  
  5.012058725381e-03  ,4.791965334002e+00  ,3.598169685953e+00  ,1.263943220784e+01  
  5.012067642236e-03  ,4.356461202462e+00  ,1.400985038038e+01  ,1.264123212778e+01  
  5.012076012218e-03  ,4.341988530593e+00  ,4.354062455281e+01  ,1.264129111778e+01  
  5.012082284862e-03  ,4.134418792194e+00  ,5.281271040548e+01  ,3.702644839333e-02  
  5.012085554922e-03  ,3.936614216518e+00  ,5.284180509901e+01  ,-2.055544663491e-01  
  5.012087124946e-03  ,3.843719058736e+00  ,5.282353058005e+01  ,-4.110602437414e-03  
  5.012090264993e-03  ,3.665058532613e+00  ,5.282671033933e+01  ,1.012960800300e-02  
  5.012096545087e-03  ,3.331849753026e+00  ,5.283649048130e+01  ,5.648025255202e-03  
  5.012109105276e-03  ,2.751023994567e+00  ,5.285528425562e+01  ,4.593496101033e-03  
  5.012134225653e-03  ,1.861267586019e+00  ,5.289279462928e+01  ,3.313361022243e-03  
  5.012175364779e-03  ,9.413931742753e-01  ,5.295408046210e+01  ,1.971911517145e-03  
  5.012221355723e-03  ,4.554392272251e-01  ,5.302239030695e+01  ,1.262002905915e-03  
  5.012269444751e-03  ,1.918300363030e-01  ,5.309361357176e+01  ,8.760772206507e-04  
  5.012324352549e-03  ,8.007965464960e-02  ,5.317469735231e+01  ,7.111750690156e-04  
  5.012413044261e-03  ,6.892184510183e-03  ,5.330517388994e+01  ,6.012049804269e-04  
  5.012507839488e-03  ,2.596637711519e-03  ,5.344395972233e+01  ,5.914146657892e-04  
  5.012697429942e-03  ,7.903863301577e-04  ,5.371947804565e+01  ,5.817307952113e-04  
  5.012919016169e-03  ,1.962324549931e-03  ,5.403801717122e+01  ,5.752859558474e-04  
  5.013362188624e-03  ,1.917571090449e-03  ,5.466378643695e+01  ,5.589683570879e-04  
  5.014248533534e-03  ,1.421656606443e-03  ,5.586975119737e+01  ,5.265145250414e-04  
  5.016021223353e-03  ,1.581473077143e-03  ,5.809670503425e+01  ,4.652792112908e-04  
  5.019566602992e-03  ,9.470563225289e-04  ,6.179709624578e+01  ,3.495618574716e-04  
  5.022000000020e-03  ,1.006258284386e-03  ,6.374981241337e+01  ,2.787217084437e-04  
  5.022001000018e-03  ,5.776500161017e-01  ,6.375064887278e+01  ,-1.012309096089e-03  
  5.022001884681e-03  ,1.095178609188e+00  ,6.375139238619e+01  ,-2.187848267761e-03  
  5.022003654008e-03  ,2.159988293657e+00  ,6.375287627671e+01  ,-4.504511818026e-03  
  5.022007192661e-03  ,4.411828774668e+00  ,6.375582720636e+01  ,-8.958042985540e-03  
  5.022010000020e-03  ,6.311349160061e+00  ,6.375815281448e+01  ,-1.232630383516e-02  
  5.022010707751e-03  ,6.403636728154e+00  ,6.375864391435e+01  ,-1.224678471504e-02  
  5.022012123175e-03  ,6.586246553474e+00  ,6.375961562219e+01  ,-1.198683072355e-02  
  5.022014954023e-03  ,6.940000411064e+00  ,6.376155848778e+01  ,-1.146865694508e-02  
  5.022020615719e-03  ,7.603722088195e+00  ,6.376544852812e+01  ,-1.050157537425e-02  
  5.022031939111e-03  ,8.776149472616e+00  ,6.377324105734e+01  ,-8.793506112533e-03  
  5.022043345950e-03  ,9.773052660550e+00  ,6.378110454231e+01  ,-7.341217528699e-03  
  5.022051382147e-03  ,9.973455839986e+00  ,4.102479611763e+01  ,9.858932516601e+00  
  5.022059054754e-03  ,1.000027274000e+01  ,1.066111762837e+01  ,9.859106053881e+00  
  5.022063364915e-03  ,1.018851455003e+01  ,3.396410340140e+00  ,9.860022478609e+00  
  5.022067447088e-03  ,1.046801247660e+01  ,2.663421103223e+00  ,9.861100534209e+00  
  5.022069767944e-03  ,1.062535031521e+01  ,2.744808720971e+00  ,9.861749562956e+00  
  5.022072700493e-03  ,1.081619006818e+01  ,2.800117701882e+00  ,9.862573459105e+00  
  5.022078565590e-03  ,1.117277455172e+01  ,2.809804038341e+00  ,9.864223083073e+00  
  5.022090295784e-03  ,1.179955950531e+01  ,2.804805554911e+00  ,9.867526890647e+00  
  5.022110156052e-03  ,1.263742367284e+01  ,2.803453545687e+00  ,9.873126620722e+00  
  5.022149876587e-03  ,1.373132068546e+01  ,2.807592822705e+00  ,9.884325658742e+00  
  5.022229317657e-03  ,1.477158916663e+01  ,2.812589178834e+00  ,9.906720265695e+00  
  5.022346762649e-03  ,1.516366457049e+01  ,2.821786370738e+00  ,9.939819441965e+00  
  5.022519878380e-03  ,1.497792331615e+01  ,2.835719221797e+00  ,9.988588302480e+00  
  5.022676495544e-03  ,1.497084863986e+01  ,2.848239030422e+00  ,1.003268860239e+01  
  5.022989729874e-03  ,1.501195700958e+01  ,2.873244519310e+00  ,1.012083043581e+01  
  5.023616198532e-03  ,1.499229260634e+01  ,2.923233845006e+00  ,1.029687930149e+01  
  5.024715594284e-03  ,1.499816071499e+01  ,3.010728138374e+00  ,1.060507326439e+01  
  5.026914385788e-03  ,1.500018803122e+01  ,3.184904624754e+00  ,1.121858611993e+01  
  5.031311968796e-03  ,1.499992854804e+01  ,3.530016755787e+00  ,1.243418973207e+01  
  5.032010000020e-03  ,1.500001312601e+01  ,3.584400970985e+00  ,1.262575003128e+01  
  5.032011000018e-03  ,1.442323047634e+01  ,3.584331452831e+00  ,1.262602417855e+01  
  5.032013000126e-03  ,1.321550480300e+01  ,3.584100234874e+00  ,1.262657243408e+01  
  5.032017000343e-03  ,1.067413291717e+01  ,3.583656218287e+00  ,1.262766924386e+01  
  5.032020000020e-03  ,8.649181156106e+00  ,3.583383584621e+00  ,1.262849164918e+01  
  5.032020800063e-03  ,8.545484335841e+00  ,3.583438070874e+00  ,1.262871095222e+01  
  5.032022400076e-03  ,8.340587567119e+00  ,3.583633848616e+00  ,1.262914965802e+01  
  5.032025600100e-03  ,7.945359687488e+00  ,3.584159687658e+00  ,1.263002703925e+01  
  5.032032000149e-03  ,7.209790520524e+00  ,3.585253995628e+00  ,1.263178157066e+01  
  5.032044800246e-03  ,5.933924180241e+00  ,3.588207155514e+00  ,1.263529049419e+01  
  5.032058726871e-03  ,4.792935224112e+00  ,3.598053195063e+00  ,1.263910719143e+01  
  5.032067645216e-03  ,4.356520387184e+00  ,1.396890424321e+01  ,1.264091069445e+01  
  5.032076016689e-03  ,4.341949159411e+00  ,4.349810265734e+01  ,1.264097240205e+01  
  5.032082296038e-03  ,4.134665336588e+00  ,5.281148232722e+01  ,3.911969348435e-02  
  5.032085567588e-03  ,3.936768932336e+00  ,5.284085433186e+01  ,-2.061586279154e-01  
  5.032087137053e-03  ,3.843901696112e+00  ,5.282252117948e+01  ,-4.148926811048e-03  
  5.032090275982e-03  ,3.665294860251e+00  ,5.282569390049e+01  ,1.014302660518e-02  
  5.032096553842e-03  ,3.332178141057e+00  ,5.283547172435e+01  ,5.649208061700e-03  
  5.032109109560e-03  ,2.753080680258e+00  ,5.285430703554e+01  ,4.426661533925e-03  
  5.032134220997e-03  ,1.864189679669e+00  ,5.289181089724e+01  ,3.316699547496e-03  
  5.032175866762e-03  ,9.348790310131e-01  ,5.295386452310e+01  ,1.962574148239e-03  
  5.032222125927e-03  ,3.971856053054e-01  ,5.302257477013e+01  ,1.177091299286e-03  
  5.032268438736e-03  ,1.916265209413e-01  ,5.309115943457e+01  ,8.758081818839e-04  
  5.032330630222e-03  ,5.758610995013e-02  ,5.318298493155e+01  ,6.781478307234e-04  
  5.032396743694e-03  ,2.030346324945e-02  ,5.328026613715e+01  ,6.213496694500e-04  
  5.032528970638e-03  ,1.730813303981e-03  ,5.347382554233e+01  ,5.893487912234e-04  
  5.032669089237e-03  ,-1.047109192372e-03  ,5.367748275903e+01  ,5.800952382520e-04  
  5.032949326435e-03  ,3.089361594878e-04  ,5.408029792129e+01  ,5.717174175702e-04  
  5.033395836750e-03  ,1.566973240674e-03  ,5.470965945539e+01  ,5.572204421248e-04  
  5.034288857380e-03  ,1.675467534705e-03  ,5.592210597119e+01  ,5.254583650846e-04  
  5.036074898640e-03  ,1.354266253844e-03  ,5.815913683397e+01  ,4.631253623770e-04  
  5.039646981159e-03  ,1.145369648238e-03  ,6.186803577967e+01  ,3.473700464404e-04  
  5.042000000020e-03  ,8.843615745387e-04  ,6.374876667327e+01  ,2.762294287064e-04  
  5.042001000018e-03  ,5.775299493149e-01  ,6.374960342946e+01  ,-1.012306023506e-03  
  5.042001884774e-03  ,1.095115270672e+00  ,6.375034750764e+01  ,-2.187943615487e-03  
  5.042003654287e-03  ,2.160044700559e+00  ,6.375183253203e+01  ,-4.504845245426e-03  
  5.042007193313e-03  ,4.412149546213e+00  ,6.375478572500e+01  ,-8.958806377841e-03  
  5.042010000020e-03  ,6.312028643581e+00  ,6.375711224075e+01  ,-1.232510830134e-02  
  5.042010707825e-03  ,6.404318613755e+00  ,6.375760378562e+01  ,-1.224559684041e-02  
  5.042012123435e-03  ,6.586937743130e+00  ,6.375857640714e+01  ,-1.198562967580e-02  
  5.042014954656e-03  ,6.940708153715e+00  ,6.376052109964e+01  ,-1.146743161744e-02  
  5.042020617097e-03  ,7.604455350383e+00  ,6.376441479437e+01  ,-1.050031298006e-02  
  5.042031941980e-03  ,8.776909319282e+00  ,6.377221463240e+01  ,-8.792205083511e-03  
  5.042043351799e-03  ,9.773932625598e+00  ,6.378008650192e+01  ,-7.339741499310e-03  
  5.042051390975e-03  ,9.973513270917e+00  ,4.096808680935e+01  ,9.861564671608e+00  
  5.042059066564e-03  ,1.000037106140e+01  ,1.059491882935e+01  ,9.861741406028e+00  
  5.042063370764e-03  ,1.018931360300e+01  ,3.392825196306e+00  ,9.862657420850e+00  
  5.042067442506e-03  ,1.046811306801e+01  ,2.665050981050e+00  ,9.863734518880e+00  
  5.042069765225e-03  ,1.062556551309e+01  ,2.745845698689e+00  ,9.864384023316e+00  
  5.042072704106e-03  ,1.081679550454e+01  ,2.800890770072e+00  ,9.865209657653e+00  
  5.042078581869e-03  ,1.117406583540e+01  ,2.810513796992e+00  ,9.866862806970e+00  
  5.042090337395e-03  ,1.180188893473e+01  ,2.805545028178e+00  ,9.870173669883e+00  
  5.042110287070e-03  ,1.264241736792e+01  ,2.804214831036e+00  ,9.875798459675e+00  
  5.042150186419e-03  ,1.373777475070e+01  ,2.808355382532e+00  ,9.887047609052e+00  
  5.042229985118e-03  ,1.477643567847e+01  ,2.813387894657e+00  ,9.909542406671e+00  
  5.042347442031e-03  ,1.516398167953e+01  ,2.822588175180e+00  ,9.942644002760e+00  
  5.042521177649e-03  ,1.497759288076e+01  ,2.836570387993e+00  ,9.991586057640e+00  
  5.042677961707e-03  ,1.497074741531e+01  ,2.849103104752e+00  ,1.003573200670e+01  
  5.042991529822e-03  ,1.501201126842e+01  ,2.874134408308e+00  ,1.012396501521e+01  
  5.043618666053e-03  ,1.499225355680e+01  ,2.924175404937e+00  ,1.030019573716e+01  
  5.044720541358e-03  ,1.499815338904e+01  ,3.011863773957e+00  ,1.060907335154e+01  
  5.046924291968e-03  ,1.500018860006e+01  ,3.186424786936e+00  ,1.122394065576e+01  
  5.051331793189e-03  ,1.499992798795e+01  ,3.532291532926e+00  ,1.244220228280e+01  
  5.052010000020e-03  ,1.500001284038e+01  ,3.585128312882e+00  ,1.262831198163e+01  
  5.052011000018e-03  ,1.442323111930e+01  ,3.585058788245e+00  ,1.262858612161e+01  
  5.052013000126e-03  ,1.321550542702e+01  ,3.584827566002e+00  ,1.262913436266e+01  
  5.052017000343e-03  ,1.067413350483e+01  ,3.584383554929e+00  ,1.263023114330e+01  
  5.052020000020e-03  ,8.649181717945e+00  ,3.584110936875e+00  ,1.263105352680e+01  
  5.052020800063e-03  ,8.545484891102e+00  ,3.584165432947e+00  ,1.263127282401e+01  
  5.052022400076e-03  ,8.340588109376e+00  ,3.584361229129e+00  ,1.263171151818e+01  
  5.052025600100e-03  ,7.945360204609e+00  ,3.584887097144e+00  ,1.263258887614e+01  
  5.052032000149e-03  ,7.209790991190e+00  ,3.585981480356e+00  ,1.263434336099e+01  
  5.052044800246e-03  ,5.933924573201e+00  ,3.588934963975e+00  ,1.263785219137e+01  
  5.052058726871e-03  ,4.792935572642e+00  ,3.598782907830e+00  ,1.264166878709e+01  
  5.052067645216e-03  ,4.356536279787e+00  ,1.397057250307e+01  ,1.264347209245e+01  
  5.052076016689e-03  ,4.341964878708e+00  ,4.349989213607e+01  ,1.264353369126e+01  
  5.052082296038e-03  ,4.134641480670e+00  ,5.281070788924e+01  ,3.891838433765e-02  
  5.052085567588e-03  ,3.936745584996e+00  ,5.284005557417e+01  ,-2.061068342028e-01  
  5.052087137239e-03  ,3.843868166472e+00  ,5.282172845956e+01  ,-4.144789635068e-03  
  5.052090276541e-03  ,3.665242218514e+00  ,5.282490394968e+01  ,1.014175444441e-02  
  5.052096555145e-03  ,3.332092541475e+00  ,5.283468608938e+01  ,5.649205223301e-03  
  5.052109112354e-03  ,2.752947326000e+00  ,5.285353031448e+01  ,4.426765442911e-03  
  5.052134226771e-03  ,1.872627424901e+00  ,5.289103175457e+01  ,3.516988190568e-03  
  5.052173524113e-03  ,9.862411179591e-01  ,5.294963091178e+01  ,2.038261659299e-03  
  5.052218132229e-03  ,4.423632235360e-01  ,5.301592662862e+01  ,1.243172685479e-03  
  5.052263634415e-03  ,1.762195214625e-01  ,5.308335849909e+01  ,8.537441943500e-04  
  5.052332751961e-03  ,5.623224544189e-02  ,5.318545038227e+01  ,6.763064088440e-04  
  5.052413838120e-03  ,4.608706054906e-03  ,5.330474744415e+01  ,5.980433803827e-04  
  5.052510135384e-03  ,-7.861400176036e-03  ,5.344576870965e+01  ,5.762795130948e-04  
  5.052702729912e-03  ,-5.375039326001e-03  ,5.372568959983e+01  ,5.727430724052e-04  
  5.052993457528e-03  ,4.390014494305e-03  ,5.414287374316e+01  ,5.762733163565e-04  
  5.053574912759e-03  ,-2.525562627616e-05  ,5.495775518862e+01  ,5.486366959000e-04  
  5.054478423806e-03  ,1.130212230952e-03  ,5.617187816582e+01  ,5.179666616519e-04  
  5.055734412881e-03  ,1.472178302024e-03  ,5.775310416368e+01  ,4.749304610028e-04  
  5.058246391030e-03  ,1.203279991325e-03  ,6.053861812995e+01  ,3.922709838492e-04  
  5.062000000020e-03  ,8.930228018641e-04  ,6.375265945344e+01  ,2.767536327809e-04  
  5.062001000018e-03  ,5.775384356063e-01  ,6.375349632455e+01  ,-1.013215837033e-03  
  5.062001884774e-03  ,1.095123640856e+00  ,6.375424024634e+01  ,-2.187608628171e-03  
  5.062003654287e-03  ,2.160052848864e+00  ,6.375572524359e+01  ,-4.504804775018e-03  
  5.062007193313e-03  ,4.412157266714e+00  ,6.375867832710e+01  ,-8.958817746863e-03  
  5.062010000020e-03  ,6.312036040688e+00  ,6.376100475474e+01  ,-1.232511338678e-02  
  5.062010707825e-03  ,6.404325931884e+00  ,6.376149627681e+01  ,-1.224560192934e-02  
  5.062012123435e-03  ,6.586944904957e+00  ,6.376246885157e+01  ,-1.198563893302e-02  
  5.062014954656e-03  ,6.940715012835e+00  ,6.376441345543e+01  ,-1.146743919495e-02  
  5.062020617097e-03  ,7.604461641506e+00  ,6.376830696888e+01  ,-1.050032075449e-02  
  5.062031941980e-03  ,8.776914607072e+00  ,6.377610644384e+01  ,-8.792214263119e-03  
  5.062043351799e-03  ,9.773937060151e+00  ,6.378397794660e+01  ,-7.339752639096e-03  
  5.062051390975e-03  ,9.973513070439e+00  ,4.097175505919e+01  ,9.861809786682e+00  
  5.062059066564e-03  ,1.000036745126e+01  ,1.059834569674e+01  ,9.861986248587e+00  
  5.062063370764e-03  ,1.018925375831e+01  ,3.393158212563e+00  ,9.862902318927e+00  
  5.062067442506e-03  ,1.046805345746e+01  ,2.665091432918e+00  ,9.863979290793e+00  
  5.062069764852e-03  ,1.062548336844e+01  ,2.745899018107e+00  ,9.864628692762e+00  
  5.062072702989e-03  ,1.081666975221e+01  ,2.800956603979e+00  ,9.865454117530e+00  
  5.062078579262e-03  ,1.117386406210e+01  ,2.810585777867e+00  ,9.867106843621e+00  
  5.062090331807e-03  ,1.180157329516e+01  ,2.805615380433e+00  ,9.870416858700e+00  
  5.062110275522e-03  ,1.264196650458e+01  ,2.804283195841e+00  ,9.876039954070e+00  
  5.062150162950e-03  ,1.373728205898e+01  ,2.808423862151e+00  ,9.887285715227e+00  
  5.062229937806e-03  ,1.477610271715e+01  ,2.813453746559e+00  ,9.909773738591e+00  
  5.062347394719e-03  ,1.516397074332e+01  ,2.822653828898e+00  ,9.942875257427e+00  
  5.062521106496e-03  ,1.497760541601e+01  ,2.836634101355e+00  ,9.991810483593e+00  
  5.062677866712e-03  ,1.497075253233e+01  ,2.849164883806e+00  ,1.003594962110e+01  
  5.062991387143e-03  ,1.501200732338e+01  ,2.874192328604e+00  ,1.012416902454e+01  
  5.063618428007e-03  ,1.499225665279e+01  ,2.924225617706e+00  ,1.030037260837e+01  
  5.064720112577e-03  ,1.499815383122e+01  ,3.011898675371e+00  ,1.060919628705e+01  
  5.066923481717e-03  ,1.500018854228e+01  ,3.186429348233e+00  ,1.122395672215e+01  
  5.071330219999e-03  ,1.499992804378e+01  ,3.532236540055e+00  ,1.244200857902e+01  
  5.072010000020e-03  ,1.500001286456e+01  ,3.585195870525e+00  ,1.262854994299e+01  
  5.072011000018e-03  ,1.442323108317e+01  ,3.585126345302e+00  ,1.262882408230e+01  
  5.072013000126e-03  ,1.321550539195e+01  ,3.584895122666e+00  ,1.262937232199e+01  
  5.072017000343e-03  ,1.067413347183e+01  ,3.584451112105e+00  ,1.263046909993e+01  
  5.072020000020e-03  ,8.649181686446e+00  ,3.584178495506e+00  ,1.263129148141e+01  
  5.072020800063e-03  ,8.545484859996e+00  ,3.584232992491e+00  ,1.263151077808e+01  
  5.072022400076e-03  ,8.340588079045e+00  ,3.584428790386e+00  ,1.263194947116e+01  
  5.072025600100e-03  ,7.945360175767e+00  ,3.584954661097e+00  ,1.263282682696e+01  
  5.072032000149e-03  ,7.209790965151e+00  ,3.586049051310e+00  ,1.263458130749e+01  
  5.072044800246e-03  ,5.933924552290e+00  ,3.589002565076e+00  ,1.263809012922e+01  
  5.072058726871e-03  ,4.792935558661e+00  ,3.598850686809e+00  ,1.264190671551e+01  
  5.072067645216e-03  ,4.356537752666e+00  ,1.397072966539e+01  ,1.264371000328e+01  
  5.072076016689e-03  ,4.341966340685e+00  ,4.350006092576e+01  ,1.264377160454e+01  
  5.072082296038e-03  ,4.134694302882e+00  ,5.281386891777e+01  ,3.918364568553e-02  
  5.072085567215e-03  ,3.936818701151e+00  ,5.284324728371e+01  ,-2.061474209107e-01  
  5.072087136680e-03  ,3.843950342365e+00  ,5.282491612589e+01  ,-4.148619103173e-03  
  5.072090275610e-03  ,3.665341281848e+00  ,5.282809049661e+01  ,1.014294446310e-02  
  5.072096553469e-03  ,3.332220402293e+00  ,5.283787150910e+01  ,5.649443611763e-03  
  5.072109109187e-03  ,2.751520158340e+00  ,5.285666463005e+01  ,4.594335511302e-03  
  5.072134220624e-03  ,1.861876445303e+00  ,5.289417354929e+01  ,3.314420872716e-03  
  5.072175371671e-03  ,9.415116373543e-01  ,5.295549659976e+01  ,1.972258135374e-03  
  5.072221362615e-03  ,4.554967153014e-01  ,5.302382811977e+01  ,1.262260080417e-03  
  5.072269451642e-03  ,1.918544479618e-01  ,5.309507401542e+01  ,8.762858221694e-04  
  5.072324359441e-03  ,8.009004427079e-02  ,5.317618359693e+01  ,7.113626924234e-04  
  5.072413051153e-03  ,6.893390617719e-03  ,5.330670172621e+01  ,6.013783982378e-04  
  5.072507846380e-03  ,2.597304444354e-03  ,5.344553189921e+01  ,5.915863732420e-04  
  5.072697436834e-03  ,7.908256464308e-04  ,5.372113855239e+01  ,5.819004079392e-04  
  5.072919023061e-03  ,1.962909974623e-03  ,5.403978031724e+01  ,5.754537404201e-04  
  5.073362195516e-03  ,1.918148919879e-03  ,5.466575289418e+01  ,5.591320923679e-04  
  5.074248540426e-03  ,1.422167907628e-03  ,5.587211622663e+01  ,5.266705070758e-04  
  5.076021230245e-03  ,1.581994522456e-03  ,5.809983342859e+01  ,4.654209287040e-04  
  5.079566609884e-03  ,9.474735994737e-04  ,6.180160563628e+01  ,3.496786298146e-04  
  5.082000000020e-03  ,1.006659828966e-03  ,6.375514562996e+01  ,2.788251520987e-04  
  5.082001000018e-03  ,5.776504173800e-01  ,6.375598240920e+01  ,-1.012208376607e-03  
  5.082001884774e-03  ,1.095234133055e+00  ,6.375672628355e+01  ,-2.187870957219e-03  
  5.082003654287e-03  ,2.160160410496e+00  ,6.375821089504e+01  ,-4.504771747347e-03  
  5.082007193313e-03  ,4.412259193750e+00  ,6.376116326311e+01  ,-8.958740668725e-03  
  5.082010000020e-03  ,6.312133708928e+00  ,6.376348912488e+01  ,-1.232504928872e-02  
  5.082010707825e-03  ,6.404422560150e+00  ,6.376398050436e+01  ,-1.224553689810e-02  
  5.082012123435e-03  ,6.587039475399e+00  ,6.376495279548e+01  ,-1.198557272271e-02  
  5.082014954656e-03  ,6.940805596779e+00  ,6.376689682759e+01  ,-1.146738101112e-02  
  5.082020617097e-03  ,7.604544745993e+00  ,6.377078920097e+01  ,-1.050027407399e-02  
  5.082031941980e-03  ,8.776984499723e+00  ,6.377858639532e+01  ,-8.792186940407e-03  
  5.082043351799e-03  ,9.773995717824e+00  ,6.378645560017e+01  ,-7.339741049053e-03  
  5.082051390975e-03  ,9.973510200501e+00  ,4.097089995626e+01  ,9.861070589048e+00  
  5.082059066564e-03  ,1.000036311473e+01  ,1.059736126351e+01  ,9.861246994040e+00  
  5.082063370764e-03  ,1.018926252795e+01  ,3.392897007401e+00  ,9.862163133590e+00  
  5.082067442506e-03  ,1.046806238231e+01  ,2.664889125362e+00  ,9.863240143528e+00  
  5.082069764852e-03  ,1.062549194085e+01  ,2.745691118519e+00  ,9.863889549658e+00  
  5.082072703361e-03  ,1.081670159050e+01  ,2.800747895738e+00  ,9.864715084780e+00  
  5.082078580379e-03  ,1.117393656636e+01  ,2.810375241746e+00  ,9.866368032662e+00  
  5.082090334415e-03  ,1.180170738236e+01  ,2.805405180956e+00  ,9.869678492129e+00  
  5.082110278129e-03  ,1.264206536641e+01  ,2.804073632991e+00  ,9.875301629370e+00  
  5.082150165558e-03  ,1.373733499867e+01  ,2.808214023908e+00  ,9.886547474160e+00  
  5.082229940414e-03  ,1.477611210711e+01  ,2.813244193627e+00  ,9.909035664747e+00  
  5.082347397327e-03  ,1.516396387200e+01  ,2.822444364059e+00  ,9.942137429678e+00  
  5.082521109104e-03  ,1.497760635756e+01  ,2.836424732484e+00  ,9.991073019626e+00  
  5.082677869320e-03  ,1.497075376119e+01  ,2.848955608537e+00  ,1.003521248527e+01  
  5.082991389751e-03  ,1.501200682275e+01  ,2.873983240907e+00  ,1.012343254453e+01  
  5.083618430614e-03  ,1.499225698014e+01  ,2.924016901248e+00  ,1.029963743829e+01  
  5.084720305919e-03  ,1.499815391386e+01  ,3.011705766657e+00  ,1.060851679642e+01  
  5.086924056530e-03  ,1.500018851515e+01  ,3.186267765460e+00  ,1.122338757183e+01  
  5.091331557750e-03  ,1.499992806853e+01  ,3.532136464007e+00  ,1.244165607657e+01  
  5.092010000020e-03  ,1.500001285174e+01  ,3.584991867067e+00  ,1.262783137225e+01  
  5.092011000018e-03  ,1.442323120847e+01  ,3.584922343595e+00  ,1.262810551360e+01  
  5.092013000126e-03  ,1.321550551356e+01  ,3.584691122137e+00  ,1.262865375738e+01  
  5.092017000343e-03  ,1.067413358627e+01  ,3.584247110027e+00  ,1.262975054347e+01  
  5.092020000020e-03  ,8.649181795706e+00  ,3.583974489038e+00  ,1.263057293107e+01  
  5.092020800063e-03  ,8.545484967901e+00  ,3.584028983268e+00  ,1.263079222938e+01  
  5.092022400076e-03  ,8.340588184276e+00  ,3.584224775987e+00  ,1.263123092572e+01  
  5.092025600100e-03  ,7.945360275855e+00  ,3.584750638558e+00  ,1.263210828805e+01  
  5.092032000149e-03  ,7.209791055573e+00  ,3.585845007626e+00  ,1.263386278163e+01  
  5.092044800246e-03  ,5.933924625139e+00  ,3.588798430345e+00  ,1.263737162949e+01  
  5.092058726871e-03  ,4.792935608715e+00  ,3.598646014773e+00  ,1.264118824425e+01  
  5.092067645216e-03  ,4.356533305558e+00  ,1.397025470905e+01  ,1.264299158854e+01  
  5.092076016689e-03  ,4.341961925879e+00  ,4.349955081659e+01  ,1.264305322780e+01  
  5.092082296783e-03  ,4.134686901335e+00  ,5.281587585574e+01  ,3.924992704937e-02  
  5.092085568333e-03  ,3.936789982478e+00  ,5.284526359844e+01  ,-2.061737704851e-01  
  5.092088130588e-03  ,3.786639289352e+00  ,5.282810022701e+01  ,-1.736133861878e-03  
  5.092090906301e-03  ,3.630632285660e+00  ,5.283121568060e+01  ,7.843233503770e-03  
  5.092096457729e-03  ,3.337336315705e+00  ,5.283968495589e+01  ,5.600900689440e-03  
  5.092107560584e-03  ,2.819242732886e+00  ,5.285633900951e+01  ,4.578617738847e-03  
  5.092129766295e-03  ,2.007074308725e+00  ,5.288950881992e+01  ,3.657942806089e-03  
  5.092174177716e-03  ,9.671635131740e-01  ,5.295572815938e+01  ,2.010155012539e-03  
  5.092217468569e-03  ,4.396619302453e-01  ,5.302005728454e+01  ,1.239200673922e-03  
  5.092265050957e-03  ,1.637037411027e-01  ,5.309056050280e+01  ,8.353447679843e-04  
  5.092331224034e-03  ,5.548417139589e-02  ,5.318828902703e+01  ,6.751664625438e-04  
  5.092415147373e-03  ,1.369891380791e-02  ,5.331174229076e+01  ,6.111346680226e-04  
  5.092508440563e-03  ,-3.611770862108e-04  ,5.344834671969e+01  ,5.871652171790e-04  
  5.092695026943e-03  ,-3.210419887072e-03  ,5.371956424350e+01  ,5.760769680439e-04  
  5.093064957211e-03  ,6.173646983652e-05  ,5.424941403583e+01  ,5.671920439380e-04  
  5.093717365811e-03  ,2.740086959729e-03  ,5.515820539026e+01  ,5.474726852017e-04  
  5.095022183010e-03  ,6.330803689542e-04  ,5.687634559354e+01  ,4.982067017266e-04  
  5.097631817410e-03  ,2.081666407994e-03  ,5.990780539804e+01  ,4.127056828472e-04  
  5.102000000020e-03  ,1.222364414787e-04  ,6.375620372481e+01  ,2.754195559078e-04  
  5.102001000018e-03  ,5.767791339626e-01  ,6.375704076443e+01  ,-1.014956460985e-03  
  5.102001885426e-03  ,1.094760308751e+00  ,6.375778524976e+01  ,-2.189271229288e-03  
  5.102003656243e-03  ,2.160525538280e+00  ,6.375927158065e+01  ,-4.508318768271e-03  
  5.102007197877e-03  ,4.414476356812e+00  ,6.376222726637e+01  ,-8.965378991211e-03  
  5.102010000020e-03  ,6.310594132949e+00  ,6.376455036623e+01  ,-1.232719237052e-02  
  5.102010708347e-03  ,6.402966632567e+00  ,6.376504233138e+01  ,-1.224754132064e-02  
  5.102012125075e-03  ,6.583834517424e+00  ,6.376601570633e+01  ,-1.198717047628e-02  
  5.102014958530e-03  ,6.936477006874e+00  ,6.376796262160e+01  ,-1.147357372176e-02  
  5.102020625442e-03  ,7.600254919015e+00  ,6.377185994813e+01  ,-1.050641397514e-02  
  5.102031959265e-03  ,8.773582977157e+00  ,6.377966697058e+01  ,-8.797054100182e-03  
  5.102044029206e-03  ,9.824004965178e+00  ,6.378799572716e+01  ,-7.266773403831e-03  
  5.102052573532e-03  ,9.976798606969e+00  ,3.628893503914e+01  ,9.862819794810e+00  
  5.102060714036e-03  ,1.001058542496e+01  ,4.467102773004e+00  ,9.863885533050e+00  
  5.102064623356e-03  ,1.027355365694e+01  ,2.830704300220e+00  ,9.864345134396e+00  
  5.102066733360e-03  ,1.042114054351e+01  ,2.762769866906e+00  ,9.864928194237e+00  
  5.102069400295e-03  ,1.060272315765e+01  ,2.789392747522e+00  ,9.865671248177e+00  
  5.102074668601e-03  ,1.094074785293e+01  ,2.806736615149e+00  ,9.867149032623e+00  
  5.102083648041e-03  ,1.145916851602e+01  ,2.806269319863e+00  ,9.869675416737e+00  
  5.102101606920e-03  ,1.231304544458e+01  ,2.805199531190e+00  ,9.874734569165e+00  
  5.102137524679e-03  ,1.348981558115e+01  ,2.807007501991e+00  ,9.884857684593e+00  
  5.102209360197e-03  ,1.455501963627e+01  ,2.812238550669e+00  ,9.905108389324e+00  
  5.102333933904e-03  ,1.498740944648e+01  ,2.821949025455e+00  ,9.940216879180e+00  
  5.102466637686e-03  ,1.500009608033e+01  ,2.832616529934e+00  ,9.977603141590e+00  
  5.102711588934e-03  ,1.500289934965e+01  ,2.852167715169e+00  ,1.004657558909e+01  
  5.103108794287e-03  ,1.500102550885e+01  ,2.883891913077e+00  ,1.015831729367e+01  
  5.103903204992e-03  ,1.500139510266e+01  ,2.947231978420e+00  ,1.038142317263e+01  
  5.105492026403e-03  ,1.499982856043e+01  ,3.073485591693e+00  ,1.082612934015e+01  
  5.108669669226e-03  ,1.500000502571e+01  ,3.324291780176e+00  ,1.170955536784e+01  
  5.112010000020e-03  ,1.499989408345e+01  ,3.585513377749e+00  ,1.262966793655e+01  
  5.112011000018e-03  ,1.442325230329e+01  ,3.585443769461e+00  ,1.262994207231e+01  
  5.112013000126e-03  ,1.321552598697e+01  ,3.585212515343e+00  ,1.263049030784e+01  
  5.112017000343e-03  ,1.067415286113e+01  ,3.584768497771e+00  ,1.263158707129e+01  
  5.112020000020e-03  ,8.649200213360e+00  ,3.584495890907e+00  ,1.263240944325e+01  
  5.112020800063e-03  ,8.545503164843e+00  ,3.584550391339e+00  ,1.263262873738e+01  
  5.112022400076e-03  ,8.340605945111e+00  ,3.584746196404e+00  ,1.263306742539e+01  
  5.112025600100e-03  ,7.945377195444e+00  ,3.585272078987e+00  ,1.263394477103e+01  
  5.112032000149e-03  ,7.209806409706e+00  ,3.586366499064e+00  ,1.263569923124e+01  
  5.112044800246e-03  ,5.933937265795e+00  ,3.589320137387e+00  ,1.263920801233e+01  
  5.112058726871e-03  ,4.792945837282e+00  ,3.599168872286e+00  ,1.264302455434e+01  
  5.112067645216e-03  ,4.356545391559e+00  ,1.397097431649e+01  ,1.264482779509e+01  
  5.112076016689e-03  ,4.341972782782e+00  ,4.350027905277e+01  ,1.264488939098e+01  
  5.112082296038e-03  ,4.134725396076e+00  ,5.281543929573e+01  ,3.931001215931e-02  
  5.112085567215e-03  ,3.936848735499e+00  ,5.284483375471e+01  ,-2.061734354055e-01  
  5.112087136680e-03  ,3.843979633641e+00  ,5.282650042832e+01  ,-4.150144016216e-03  
  5.112090275610e-03  ,3.665369226465e+00  ,5.282967519023e+01  ,1.014348075537e-02  
  5.112096553469e-03  ,3.332245834961e+00  ,5.283945744809e+01  ,5.649568009011e-03  
  5.112109109187e-03  ,2.751541202447e+00  ,5.285825298448e+01  ,4.594429825183e-03  
  5.112134220624e-03  ,1.861890759921e+00  ,5.289576673013e+01  ,3.314506792855e-03  
  5.112175371671e-03  ,9.415189861736e-01  ,5.295709768253e+01  ,1.972333800952e-03  
  5.112221362615e-03  ,4.555003824090e-01  ,5.302543802080e+01  ,1.262330196222e-03  
  5.112269451642e-03  ,1.918561177133e-01  ,5.309669312037e+01  ,8.763528351234e-04  
  5.112324359441e-03  ,8.009086701706e-02  ,5.317781319012e+01  ,7.114282485360e-04  
  5.112413051153e-03  ,6.893658218336e-03  ,5.330834821430e+01  ,6.014427851575e-04  
  5.112507846380e-03  ,2.597538737572e-03  ,5.344719638116e+01  ,5.916503293633e-04  
  5.112697436834e-03  ,7.910447161299e-04  ,5.372283882375e+01  ,5.819635801973e-04  
  5.112919023061e-03  ,1.963136110009e-03  ,5.404152208150e+01  ,5.755160522266e-04  
  5.113362195516e-03  ,1.918371054632e-03  ,5.466757654440e+01  ,5.591926714389e-04  
  5.114248540426e-03  ,1.422378820704e-03  ,5.587409918933e+01  ,5.267277844909e-04  
  5.116021230245e-03  ,1.582191208305e-03  ,5.810211667059e+01  ,4.654720363870e-04  
  5.119566609884e-03  ,9.476330249958e-04  ,6.180441289348e+01  ,3.497189210149e-04  
  5.122000000020e-03  ,1.006796317988e-03  ,6.375825165855e+01  ,2.788593942511e-04  
  5.122001000018e-03  ,5.776505538400e-01  ,6.375908855001e+01  ,-1.012175616038e-03  
  5.122001884774e-03  ,1.095234269488e+00  ,6.375983252351e+01  ,-2.187838308790e-03  
  5.122003654287e-03  ,2.160160546877e+00  ,6.376131733326e+01  ,-4.504739049333e-03  
  5.122007193313e-03  ,4.412259330029e+00  ,6.376427009781e+01  ,-8.958707907895e-03  
  5.122010000020e-03  ,6.312133845130e+00  ,6.376659627399e+01  ,-1.232501648820e-02  
  5.122010707825e-03  ,6.404422696335e+00  ,6.376708773283e+01  ,-1.224550280535e-02  
  5.122012123435e-03  ,6.587039611554e+00  ,6.376806018292e+01  ,-1.198553836155e-02  
  5.122014954656e-03  ,6.940805732875e+00  ,6.377000453299e+01  ,-1.146734678404e-02  
  5.122020617097e-03  ,7.604544881975e+00  ,6.377389754204e+01  ,-1.050023988181e-02  
  5.122031941980e-03  ,8.776984635489e+00  ,6.378169600686e+01  ,-8.792152801000e-03  
  5.122043351799e-03  ,9.773995853387e+00  ,6.378956649047e+01  ,-7.339706960923e-03  
  5.122051390975e-03  ,9.973513687461e+00  ,4.097430704795e+01  ,9.861947997471e+00  
  5.122059066564e-03  ,1.000036398629e+01  ,1.060060404170e+01  ,9.862124173216e+00  
  5.122063370764e-03  ,1.018921290500e+01  ,3.393371302598e+00  ,9.863040350554e+00  
  5.122067443251e-03  ,1.046806316829e+01  ,2.665070441227e+00  ,9.864117429646e+00  
  5.122069765597e-03  ,1.062549319238e+01  ,2.745923654661e+00  ,9.864766831914e+00  
  5.122072703361e-03  ,1.081665564634e+01  ,2.800995613686e+00  ,9.865592151905e+00  
  5.122078578889e-03  ,1.117380778232e+01  ,2.810627236465e+00  ,9.867244666020e+00  
  5.122090329945e-03  ,1.179986040781e+01  ,2.800189844712e+00  ,9.870557599092e+00  
  5.122102627873e-03  ,1.234882820960e+01  ,2.804384897061e+00  ,9.874025123771e+00  
  5.122127223730e-03  ,1.318240980072e+01  ,2.806610848578e+00  ,9.880959825806e+00  
  5.122176415443e-03  ,1.417010716142e+01  ,2.809029507059e+00  ,9.894828020463e+00  
  5.122274798870e-03  ,1.497906921018e+01  ,2.816957352090e+00  ,9.922559069516e+00  
  5.122403163433e-03  ,1.499977367176e+01  ,2.827240930031e+00  ,9.958729509393e+00  
  5.122629160404e-03  ,1.500012945793e+01  ,2.845287449425e+00  ,1.002237869793e+01  
  5.122868914127e-03  ,1.500011494042e+01  ,2.864456469845e+00  ,1.008985768222e+01  
  5.123348421573e-03  ,1.500019585576e+01  ,2.902732260281e+00  ,1.022467796342e+01  
  5.124307436466e-03  ,1.500024127141e+01  ,2.979127621590e+00  ,1.049376879193e+01  
  5.126225466251e-03  ,1.500032640174e+01  ,3.131295951482e+00  ,1.102975815351e+01  
  5.130061525821e-03  ,1.500034433391e+01  ,3.433160267126e+00  ,1.209302839526e+01  
  5.132010000020e-03  ,1.499977184510e+01  ,3.585232765153e+00  ,1.262867960837e+01  
  5.132011000018e-03  ,1.442095256747e+01  ,3.585163934155e+00  ,1.262895374846e+01  
  5.132013000126e-03  ,1.321329396693e+01  ,3.584932967895e+00  ,1.262950198078e+01  
  5.132017000343e-03  ,1.067205151086e+01  ,3.584489045957e+00  ,1.263059876265e+01  
  5.132020000020e-03  ,8.647192344279e+00  ,3.584216430163e+00  ,1.263142114299e+01  
  5.132020800063e-03  ,8.543519369109e+00  ,3.584270952607e+00  ,1.263164043931e+01  
  5.132022400076e-03  ,8.338669716611e+00  ,3.584466796487e+00  ,1.263207913184e+01  
  5.132025600100e-03  ,7.943532720568e+00  ,3.584992767524e+00  ,1.263295648650e+01  
  5.132032000149e-03  ,7.208132702128e+00  ,3.586087476209e+00  ,1.263471096449e+01  
  5.132044800246e-03  ,5.932559781393e+00  ,3.589042834046e+00  ,1.263821978119e+01  
  5.132058725381e-03  ,4.791944584862e+00  ,3.598911932831e+00  ,1.264203595158e+01  
  5.132067642236e-03  ,4.356475893601e+00  ,1.401255365259e+01  ,1.264383559323e+01  
  5.132076012218e-03  ,4.342005366180e+00  ,4.354361543308e+01  ,1.264389443178e+01  
  5.132082285607e-03  ,4.134470325134e+00  ,5.282009551791e+01  ,3.729573946117e-02  
  5.132085556040e-03  ,3.936642302890e+00  ,5.284922489429e+01  ,-2.056106171813e-01  
  5.132088119412e-03  ,3.786433807459e+00  ,5.283211755875e+01  ,-1.704242615953e-03  
  5.132090895126e-03  ,3.630435151922e+00  ,5.283523715018e+01  ,7.836740050893e-03  
  5.132096446553e-03  ,3.337154938797e+00  ,5.284370629893e+01  ,5.600135174597e-03  
  5.132107549408e-03  ,2.817973645550e+00  ,5.286031905125e+01  ,4.700179889633e-03  
  5.132129755119e-03  ,1.999018715654e+00  ,5.289349389504e+01  ,3.514497821928e-03  
  5.132174166540e-03  ,9.575595691673e-01  ,5.295968488646e+01  ,1.995607985982e-03  
  5.132219561437e-03  ,4.680105899143e-01  ,5.302713264877e+01  ,1.280498374845e-03  
  5.132268306116e-03  ,2.163402972680e-01  ,5.309934839239e+01  ,9.119479077165e-04  
  5.132322379449e-03  ,9.153846963599e-02  ,5.317922806731e+01  ,7.280361899654e-04  
  5.132414003709e-03  ,1.792822245280e-02  ,5.331405566862e+01  ,6.173615198946e-04  
  5.132525547842e-03  ,-5.697745229351e-03  ,5.347732646656e+01  ,5.787601537283e-04  
  5.132711800436e-03  ,-6.524104609576e-03  ,5.374783332094e+01  ,5.706363101868e-04  
  5.133028706411e-03  ,-5.161602103356e-04  ,5.420199999628e+01  ,5.676984880705e-04  
  5.133596619466e-03  ,3.046799033812e-03  ,5.499658025938e+01  ,5.522776681218e-04  
  5.134732445577e-03  ,4.532839839154e-04  ,5.651054057232e+01  ,5.080702452821e-04  
  5.137004097799e-03  ,2.314621237211e-03  ,5.923268667299e+01  ,4.336210999434e-04  
  5.141547402242e-03  ,-2.757452916662e-05  ,6.343348115638e+01  ,2.880226286187e-04  
  5.142000000020e-03  ,1.384297308105e-03  ,6.376063691470e+01  ,2.806595946159e-04  
  5.142001000018e-03  ,5.780224502191e-01  ,6.376147411846e+01  ,-1.010917441490e-03  
  5.142001884588e-03  ,1.095490981343e+00  ,6.376221825274e+01  ,-2.187212466189e-03  
  5.142003653729e-03  ,2.160174373534e+00  ,6.376370318574e+01  ,-4.503446707021e-03  
  5.142007192009e-03  ,4.411737902445e+00  ,6.376665624228e+01  ,-8.956531062381e-03  
  5.142010000020e-03  ,6.311673604993e+00  ,6.376898432421e+01  ,-1.232561376040e-02  
  5.142010707676e-03  ,6.403948124159e+00  ,6.376947586120e+01  ,-1.224611026378e-02  
  5.142012122914e-03  ,6.586527578151e+00  ,6.377044841924e+01  ,-1.198619687956e-02  
  5.142014953389e-03  ,6.940224070694e+00  ,6.377239298098e+01  ,-1.146810861341e-02  
  5.142020614341e-03  ,7.603843654525e+00  ,6.377628641449e+01  ,-1.050117662135e-02  
  5.142031936243e-03  ,8.776109187796e+00  ,6.378408572260e+01  ,-8.793343325294e-03  
  5.142043341592e-03  ,9.772897587631e+00  ,6.379195603482e+01  ,-7.341221688359e-03  
  5.142051376298e-03  ,9.973466353279e+00  ,4.105157466445e+01  ,9.863466362873e+00  
  5.142059047416e-03  ,1.000025962480e+01  ,1.069258579099e+01  ,9.863638079660e+00  
  5.142063359812e-03  ,1.018815018143e+01  ,3.399630339932e+00  ,9.864554880429e+00  
  5.142067446455e-03  ,1.046794744538e+01  ,2.664294598848e+00  ,9.865633192448e+00  
  5.142069766193e-03  ,1.062521613347e+01  ,2.745974137948e+00  ,9.866281895679e+00  
  5.142072696134e-03  ,1.081589724877e+01  ,2.801403380176e+00  ,9.867105028546e+00  
  5.142078556016e-03  ,1.117220284274e+01  ,2.811109379177e+00  ,9.868753106806e+00  
  5.142090275779e-03  ,1.179856646688e+01  ,2.806096219802e+00  ,9.872053821733e+00  
  5.142110100284e-03  ,1.263537852298e+01  ,2.804735578961e+00  ,9.877643213037e+00  
  5.142149749294e-03  ,1.372870673401e+01  ,2.808873216173e+00  ,9.888821576919e+00  
  5.142229047313e-03  ,1.476963379100e+01  ,2.813854860618e+00  ,9.911174848773e+00  
  5.142346480384e-03  ,1.516352275657e+01  ,2.823049688424e+00  ,9.944269180348e+00  
  5.142519357696e-03  ,1.497805308936e+01  ,2.836962790345e+00  ,9.992968708458e+00  
  5.142675879493e-03  ,1.497089377179e+01  ,2.849474444383e+00  ,1.003704021470e+01  
  5.142988923087e-03  ,1.501193120764e+01  ,2.874463632495e+00  ,1.012512453485e+01  
  5.143615010276e-03  ,1.499231150995e+01  ,2.924420368110e+00  ,1.030105867009e+01  
  5.144713452354e-03  ,1.499816407969e+01  ,3.011835191709e+00  ,1.060897269184e+01  
  5.146910336509e-03  ,1.500018770776e+01  ,3.185854174061e+00  ,1.122193075963e+01  
  5.151304104820e-03  ,1.499992885615e+01  ,3.530657020392e+00  ,1.243644496621e+01  
  5.152010000020e-03  ,1.500001324114e+01  ,3.585652033429e+00  ,1.263015670597e+01  
  5.152011000018e-03  ,1.442323033746e+01  ,3.585582504343e+00  ,1.263043084073e+01  
  5.152013000126e-03  ,1.321550466820e+01  ,3.585351279091e+00  ,1.263097907120e+01  
  5.152017000343e-03  ,1.067413279055e+01  ,3.584907271974e+00  ,1.263207583098e+01  
  5.152020000020e-03  ,8.649181035682e+00  ,3.584634665230e+00  ,1.263289819877e+01  
  5.152020800063e-03  ,8.545484217132e+00  ,3.584689168371e+00  ,1.263311749179e+01  
  5.152022400076e-03  ,8.340587451791e+00  ,3.584884977843e+00  ,1.263355617758e+01  
  5.152025600100e-03  ,7.945359578589e+00  ,3.585410866778e+00  ,1.263443351878e+01  
  5.152032000149e-03  ,7.209790424153e+00  ,3.586505304337e+00  ,1.263618797011e+01  
  5.152044800246e-03  ,5.933924110552e+00  ,3.589459022062e+00  ,1.263969673343e+01  
  5.152058726871e-03  ,4.792935221599e+00  ,3.599308350112e+00  ,1.264351325604e+01  
  5.152067645216e-03  ,4.356547680694e+00  ,1.397180242203e+01  ,1.264531641983e+01  
  5.152076016689e-03  ,4.341976221605e+00  ,4.350121406490e+01  ,1.264537797842e+01  
  5.152082296783e-03  ,4.134753545556e+00  ,5.282039234956e+01  ,3.952271808367e-02  
  5.152085568333e-03  ,3.936854353653e+00  ,5.284981428160e+01  ,-2.062258035879e-01  
  5.152088130588e-03  ,3.786701169363e+00  ,5.283264690665e+01  ,-1.739100591441e-03  
  5.152090905929e-03  ,3.630712146974e+00  ,5.283576249784e+01  ,7.843657403207e-03  
  5.152096456611e-03  ,3.337447587534e+00  ,5.284423274486e+01  ,5.601233384122e-03  
  5.152107557977e-03  ,2.819400927508e+00  ,5.286088873194e+01  ,4.578915403139e-03  
  5.152129760707e-03  ,2.007280328510e+00  ,5.289406238535e+01  ,3.658411993571e-03  
  5.152174166167e-03  ,9.673749111685e-01  ,5.296028945330e+01  ,2.010581525574e-03  
  5.152217457021e-03  ,4.397712925157e-01  ,5.302463474441e+01  ,1.239477853796e-03  
  5.152265033448e-03  ,1.637796331070e-01  ,5.309514686553e+01  ,8.355730516703e-04  
  5.152331206525e-03  ,5.550964269853e-02  ,5.319290000140e+01  ,6.753207327199e-04  
  5.152415117944e-03  ,1.370854746592e-02  ,5.331636686299e+01  ,6.112656197121e-04  
  5.152508411134e-03  ,-3.606872991114e-04  ,5.345300580530e+01  ,5.872820838789e-04  
  5.152694997514e-03  ,-3.212673256261e-03  ,5.372429190510e+01  ,5.761883274693e-04  
  5.153064832414e-03  ,6.094086199549e-05  ,5.425414060427e+01  ,5.673060929978e-04  
  5.153717145646e-03  ,2.741277625072e-03  ,5.516303712857e+01  ,5.475879555675e-04  
  5.155021772111e-03  ,6.329189534660e-04  ,5.688139446558e+01  ,4.983168667439e-04  
  5.157631025040e-03  ,2.082594333606e-03  ,5.991331596382e+01  ,4.128117015478e-04  
  5.162000000020e-03  ,1.219719426820e-04  ,6.376357420396e+01  ,2.754724525518e-04  
  5.162001000018e-03  ,5.767788768053e-01  ,6.376441143652e+01  ,-1.014906259384e-03  
  5.162001885613e-03  ,1.094870308268e+00  ,6.376515624885e+01  ,-2.189465768879e-03  
  5.162003656802e-03  ,2.160868757223e+00  ,6.376664323239e+01  ,-4.508988343846e-03  
  5.162007199180e-03  ,4.415336287893e+00  ,6.376960021632e+01  ,-8.966924042083e-03  
  5.162010000020e-03  ,6.311376837142e+00  ,6.377192266949e+01  ,-1.232598238704e-02  
  5.162010708496e-03  ,6.403760243649e+00  ,6.377241487635e+01  ,-1.224632967958e-02  
  5.162012125410e-03  ,6.586169803147e+00  ,6.377338872509e+01  ,-1.198571020485e-02  
  5.162014959238e-03  ,6.939982563434e+00  ,6.377533615271e+01  ,-1.146841759996e-02  
  5.162020626895e-03  ,7.604526560536e+00  ,6.377923503492e+01  ,-1.050018621897e-02  
  5.162031962208e-03  ,8.778087301652e+00  ,6.378704528394e+01  ,-8.790420303573e-03  
  5.162044033639e-03  ,9.828164672134e+00  ,6.379537749387e+01  ,-7.260655861333e-03  
  5.162052580945e-03  ,9.976990608260e+00  ,3.607356172759e+01  ,9.864552764996e+00  
  5.162060725920e-03  ,1.001105445245e+01  ,4.253585039873e+00  ,9.865508682660e+00  
  5.162064606927e-03  ,1.027555259708e+01  ,2.804477969228e+00  ,9.866089689140e+00  
  5.162066672973e-03  ,1.042031055661e+01  ,2.761812031880e+00  ,9.866542462505e+00  
  5.162069297440e-03  ,1.059913752373e+01  ,2.792078812779e+00  ,9.867393649556e+00  
  5.162074546374e-03  ,1.093633836296e+01  ,2.817693715959e+00  ,9.868874226626e+00  
  5.162084556974e-03  ,1.151071790694e+01  ,2.808177638250e+00  ,9.871696335214e+00  
  5.162104578174e-03  ,1.243059430904e+01  ,2.803394857821e+00  ,9.877344461773e+00  
  5.162144620575e-03  ,1.362766849690e+01  ,2.810257460227e+00  ,9.888630368441e+00  
  5.162224705375e-03  ,1.476013095988e+01  ,2.813908357190e+00  ,9.911205362187e+00  
  5.162336976684e-03  ,1.516639625606e+01  ,2.822639229869e+00  ,9.942845237115e+00  
  5.162485153831e-03  ,1.514837128519e+01  ,2.834506144114e+00  ,9.984588728917e+00  
  5.162731106437e-03  ,1.495526681126e+01  ,2.854250569468e+00  ,1.005383819899e+01  
  5.163140185035e-03  ,1.502300844147e+01  ,2.886889212159e+00  ,1.016890963788e+01  
  5.163631422676e-03  ,1.500893226922e+01  ,2.926075782198e+00  ,1.030691560286e+01  
  5.164613897957e-03  ,1.499327895136e+01  ,3.004279357281e+00  ,1.058235083082e+01  
  5.166578848518e-03  ,1.500597870529e+01  ,3.160014192672e+00  ,1.113092284463e+01  
  5.170508749641e-03  ,1.500049167835e+01  ,3.468908806256e+00  ,1.221894725341e+01  
  5.172010000020e-03  ,1.499965862894e+01  ,3.585999135677e+00  ,1.263137895497e+01  
  5.172011000018e-03  ,1.442175565215e+01  ,3.585930018843e+00  ,1.263165308650e+01  
  5.172013000126e-03  ,1.321407340471e+01  ,3.585698944663e+00  ,1.263220130851e+01  
  5.172017000343e-03  ,1.067278531796e+01  ,3.585254993830e+00  ,1.263329805562e+01  
  5.172020000020e-03  ,8.647893507346e+00  ,3.584982395147e+00  ,1.263412041298e+01  
  5.172020800063e-03  ,8.544212125728e+00  ,3.585036919008e+00  ,1.263433970318e+01  
  5.172022400076e-03  ,8.339345862674e+00  ,3.585232766343e+00  ,1.263477838344e+01  
  5.172025600100e-03  ,7.944176826067e+00  ,3.585758733124e+00  ,1.263565571357e+01  
  5.172032000149e-03  ,7.208717175616e+00  ,3.586853410251e+00  ,1.263741014257e+01  
  5.172044800246e-03  ,5.933040816268e+00  ,3.589808465426e+00  ,1.264091886124e+01  
  5.172058725381e-03  ,4.792333017681e+00  ,3.599671197379e+00  ,1.264473492560e+01  
  5.172067642236e-03  ,4.356519588361e+00  ,1.399578718438e+01  ,1.264653584012e+01  
  5.172076012218e-03  ,4.342005972942e+00  ,4.352393739244e+01  ,1.264659590896e+01  
  5.172082288587e-03  ,4.134689013191e+00  ,5.282386303710e+01  ,3.867651314195e-02  
  5.172085559392e-03  ,3.936833557348e+00  ,5.285317168333e+01  ,-2.059679585151e-01  
  5.172088121647e-03  ,3.786681422601e+00  ,5.283602970282e+01  ,-1.725544301479e-03  
  5.172090896988e-03  ,3.630693166189e+00  ,5.283914738454e+01  ,7.841369681744e-03  
  5.172096447671e-03  ,3.337430078175e+00  ,5.284761837580e+01  ,5.601045852403e-03  
  5.172107549036e-03  ,2.819386169118e+00  ,5.286427625982e+01  ,4.579148592842e-03  
  5.172129751766e-03  ,2.007269885138e+00  ,5.289745383064e+01  ,3.658239715772e-03  
  5.172174157226e-03  ,9.673699911732e-01  ,5.296368861345e+01  ,2.010621239047e-03  
  5.172217448080e-03  ,4.397691748167e-01  ,5.302804142653e+01  ,1.239522500132e-03  
  5.172265024507e-03  ,1.637789809762e-01  ,5.309856179186e+01  ,8.356195475171e-04  
  5.172331197584e-03  ,5.550956487992e-02  ,5.319632635508e+01  ,6.753677986505e-04  
  5.172415109003e-03  ,1.370869061272e-02  ,5.331980764095e+01  ,6.113126715452e-04  
  5.172508402193e-03  ,-3.604706357208e-04  ,5.345646253305e+01  ,5.873288679657e-04  
  5.172694988573e-03  ,-3.212443897967e-03  ,5.372778025642e+01  ,5.762343857607e-04  
  5.173064823473e-03  ,6.114794498543e-05  ,5.425769054640e+01  ,5.673506641973e-04  
  5.173717136705e-03  ,2.741461807748e-03  ,5.516669215738e+01  ,5.476300141785e-04  
  5.175021763170e-03  ,6.330968712909e-04  ,5.688524598591e+01  ,4.983541688849e-04  
  5.177631016100e-03  ,2.082729283756e-03  ,5.991750526979e+01  ,4.128403052199e-04  
  5.182000000020e-03  ,1.220576416262e-04  ,6.376817057678e+01  ,2.754882053498e-04  
  5.182001000018e-03  ,5.767789624179e-01  ,6.376900787667e+01  ,-1.014892405380e-03  
  5.182001885613e-03  ,1.094870393813e+00  ,6.376975274844e+01  ,-2.189451858271e-03  
  5.182003656802e-03  ,2.160868842635e+00  ,6.377123985084e+01  ,-4.508974418027e-03  
  5.182007199180e-03  ,4.415336373049e+00  ,6.377419707244e+01  ,-8.966910028714e-03  
  5.182010000020e-03  ,6.311376922104e+00  ,6.377651971347e+01  ,-1.232596831343e-02  
  5.182010708496e-03  ,6.403760328563e+00  ,6.377701196784e+01  ,-1.224631375132e-02  
  5.182012125410e-03  ,6.586169887974e+00  ,6.377798591196e+01  ,-1.198569394604e-02  
  5.182014959238e-03  ,6.939982648090e+00  ,6.377993353036e+01  ,-1.146840147286e-02  
  5.182020626895e-03  ,7.604526644868e+00  ,6.378383279383e+01  ,-1.050017013048e-02  
  5.182031962208e-03  ,8.775509205815e+00  ,6.379164414639e+01  ,-8.794140320603e-03  
  5.182044033639e-03  ,9.825030938778e+00  ,6.379997719702e+01  ,-7.265208241570e-03  
  5.182052577965e-03  ,9.976842066078e+00  ,3.625956789494e+01  ,9.865349524917e+00  
  5.182060719959e-03  ,1.001066774066e+01  ,4.434437380747e+00  ,9.866385879263e+00  
  5.182064624808e-03  ,1.027386923578e+01  ,2.827323555790e+00  ,9.866876503613e+00  
  5.182066728107e-03  ,1.042102471997e+01  ,2.763290998720e+00  ,9.867458065396e+00  
  5.182069388337e-03  ,1.060217147155e+01  ,2.790457808549e+00  ,9.868199145881e+00  
  5.182074668564e-03  ,1.094110110384e+01  ,2.819111158309e+00  ,9.869651767450e+00  
  5.182083907284e-03  ,1.147340127437e+01  ,2.808709885778e+00  ,9.872293064425e+00  
  5.182102384723e-03  ,1.234564378754e+01  ,2.805653450034e+00  ,9.877502470978e+00  
  5.182139339603e-03  ,1.350778211916e+01  ,2.808120875261e+00  ,9.887921212065e+00  
  5.182213249363e-03  ,1.466371794087e+01  ,2.813197098807e+00  ,9.908755870785e+00  
  5.182322683491e-03  ,1.514882134431e+01  ,2.821731691547e+00  ,9.939597036253e+00  
  5.182484855808e-03  ,1.516442616929e+01  ,2.834696827906e+00  ,9.985283728001e+00  
  5.182707562603e-03  ,1.495794061870e+01  ,2.852588803402e+00  ,1.004798981686e+01  
  5.183128132976e-03  ,1.502206528517e+01  ,2.886148640791e+00  ,1.016629887385e+01  
  5.183535876430e-03  ,1.500832020134e+01  ,2.918680232724e+00  ,1.028086494941e+01  
  5.184351363338e-03  ,1.499409099930e+01  ,2.983624786260e+00  ,1.050959969815e+01  
  5.185982337154e-03  ,1.500512680478e+01  ,3.113046230958e+00  ,1.096548402719e+01  
  5.189244284786e-03  ,1.500050739221e+01  ,3.370113168276e+00  ,1.187095495440e+01  
  5.192010000020e-03  ,1.499961303245e+01  ,3.586212582281e+00  ,1.263213059680e+01  
  5.192011000018e-03  ,1.441996784739e+01  ,3.586144016196e+00  ,1.263240472701e+01  
  5.192013000126e-03  ,1.321233824172e+01  ,3.585913144627e+00  ,1.263295294014e+01  
  5.192017000343e-03  ,1.067115173714e+01  ,3.585469265794e+00  ,1.263404968247e+01  
  5.192020000020e-03  ,8.646332598613e+00  ,3.585196671127e+00  ,1.263487203340e+01  
  5.192020800063e-03  ,8.542669931601e+00  ,3.585251217605e+00  ,1.263509132184e+01  
  5.192022400076e-03  ,8.337840647291e+00  ,3.585447105840e+00  ,1.263552999872e+01  
  5.192025600100e-03  ,7.942742939875e+00  ,3.585973158767e+00  ,1.263640732206e+01  
  5.192032000149e-03  ,7.207416043977e+00  ,3.587068105219e+00  ,1.263816173725e+01  
  5.192044800246e-03  ,5.931969970353e+00  ,3.590024691670e+00  ,1.264167042834e+01  
  5.192058725381e-03  ,4.791468398961e+00  ,3.599906674562e+00  ,1.264548646084e+01  
  5.192067642236e-03  ,4.356464226329e+00  ,1.403755587448e+01  ,1.264728402492e+01  
  5.192076010728e-03  ,4.342046851480e+00  ,4.356713198634e+01  ,1.264734133507e+01  
  5.192082281882e-03  ,4.134411048208e+00  ,5.282905491471e+01  ,3.658919433435e-02  
  5.192085551569e-03  ,3.936627113614e+00  ,5.285808726150e+01  ,-2.053634362814e-01  
  5.192087121779e-03  ,3.843721149802e+00  ,5.283983275699e+01  ,-4.098043477940e-03  
  5.192090262199e-03  ,3.665039871723e+00  ,5.284301752316e+01  ,1.012528163003e-02  
  5.192096543038e-03  ,3.331795055345e+00  ,5.285280382397e+01  ,5.647929871728e-03  
  5.192109104717e-03  ,2.752513424891e+00  ,5.287165941854e+01  ,4.427051638100e-03  
  5.192134228075e-03  ,1.872069319654e+00  ,5.290918406932e+01  ,3.515353099092e-03  
  5.192173501575e-03  ,9.863591474815e-01  ,5.296776269899e+01  ,2.038475200613e-03  
  5.192218103731e-03  ,4.425088173042e-01  ,5.303406670026e+01  ,1.243430392794e-03  
  5.192263611877e-03  ,1.762762935313e-01  ,5.310152480538e+01  ,8.538713311234e-04  
  5.192332741344e-03  ,5.623670054984e-02  ,5.320366049995e+01  ,6.763561522147e-04  
  5.192413839424e-03  ,4.600135607601e-03  ,5.332300549059e+01  ,5.980728128196e-04  
  5.192510160530e-03  ,-7.868747007104e-03  ,5.346409725154e+01  ,5.763088002767e-04  
  5.192702802742e-03  ,-5.375960988816e-03  ,5.374415683809e+01  ,5.727778962188e-04  
  5.192993530357e-03  ,4.390934902176e-03  ,5.416144203544e+01  ,5.763077873305e-04  
  5.193574985588e-03  ,-2.519382519401e-05  ,5.497651427031e+01  ,5.486638923121e-04  
  5.194478878105e-03  ,1.130427602997e-03  ,5.619140310075e+01  ,5.179714164038e-04  
  5.195734867180e-03  ,1.472385496947e-03  ,5.777290213294e+01  ,4.749237111443e-04  
  5.198246845329e-03  ,1.203402085330e-03  ,6.055875607577e+01  ,3.922425812199e-04  
  5.202000000020e-03  ,8.929631354654e-04  ,6.377249390476e+01  ,2.767086742362e-04  
  5.202001000018e-03  ,5.775383761765e-01  ,6.377333074053e+01  ,-1.013269306512e-03  
  5.202001885054e-03  ,1.095288951324e+00  ,6.377407486508e+01  ,-2.188032020946e-03  
  5.202003655126e-03  ,2.160567945426e+00  ,6.377556026516e+01  ,-4.505939996208e-03  
  5.202007195269e-03  ,4.413447300180e+00  ,6.377851414369e+01  ,-8.961266093326e-03  
  5.202010000020e-03  ,6.311254164624e+00  ,6.378083894480e+01  ,-1.232632049542e-02  
  5.202010708049e-03  ,6.403581197222e+00  ,6.378133059178e+01  ,-1.224673407812e-02  
  5.202012124032e-03  ,6.586263541221e+00  ,6.378230336895e+01  ,-1.198667382398e-02  
  5.202014955997e-03  ,6.940153468364e+00  ,6.378424837925e+01  ,-1.146830195946e-02  
  5.202020619929e-03  ,7.604113824326e+00  ,6.378814270654e+01  ,-1.050087183404e-02  
  5.202031947791e-03  ,8.776907322247e+00  ,6.379594381255e+01  ,-8.792269834688e-03  
  5.202043360591e-03  ,9.774173634410e+00  ,6.380381694585e+01  ,-7.339453068897e-03  
  5.202051401257e-03  ,9.973527575019e+00  ,4.097348761152e+01  ,9.863684937256e+00  
  5.202059078335e-03  ,1.000038111310e+01  ,1.059379711761e+01  ,9.863861155155e+00  
  5.202063382536e-03  ,1.018934974180e+01  ,3.393268791453e+00  ,9.864777430091e+00  
  5.202067453533e-03  ,1.046809851392e+01  ,2.665707846526e+00  ,9.865854365518e+00  
  5.202069776252e-03  ,1.062555107466e+01  ,2.746465984376e+00  ,9.866503853435e+00  
  5.202072715133e-03  ,1.081678151465e+01  ,2.801494175091e+00  ,9.867329468223e+00  
  5.202078592896e-03  ,1.117405300033e+01  ,2.811114091404e+00  ,9.868982582002e+00  
  5.202090348422e-03  ,1.180187821240e+01  ,2.806146781360e+00  ,9.872293374162e+00  
  5.202110304057e-03  ,1.264262759357e+01  ,2.804817385294e+00  ,9.877919724372e+00  
  5.202150215327e-03  ,1.373813849958e+01  ,2.808958061260e+00  ,9.889171994171e+00  
  5.202230037868e-03  ,1.477674562194e+01  ,2.813992632972e+00  ,9.911673030649e+00  
  5.202347494781e-03  ,1.516400931676e+01  ,2.823192846415e+00  ,9.944773916453e+00  
  5.202521278083e-03  ,1.497756701874e+01  ,2.837178598418e+00  ,9.993728350143e+00  
  5.202678062141e-03  ,1.497074012297e+01  ,2.849711039519e+00  ,1.003787334584e+01  
  5.202991630256e-03  ,1.501201424156e+01  ,2.874741795887e+00  ,1.012610444893e+01  
  5.203618766486e-03  ,1.499225161473e+01  ,2.924781714941e+00  ,1.030233136500e+01  
  5.204720832526e-03  ,1.499815291728e+01  ,3.012483344560e+00  ,1.061125569133e+01  
  5.206924964606e-03  ,1.500018861023e+01  ,3.187070614842e+00  ,1.122621548430e+01  
  5.211333228767e-03  ,1.499992797448e+01  ,3.532988825533e+00  ,1.244465838856e+01  
  5.212010000020e-03  ,1.500001282097e+01  ,3.585712532694e+00  ,1.263036980602e+01  
  5.212011000018e-03  ,1.442323120191e+01  ,3.585643002926e+00  ,1.263064394016e+01  
  5.212013000126e-03  ,1.321550550719e+01  ,3.585411777268e+00  ,1.263119216952e+01  
  5.212017000343e-03  ,1.067413358045e+01  ,3.584967770621e+00  ,1.263228892679e+01  
  5.212020000020e-03  ,8.649181790460e+00  ,3.584695165130e+00  ,1.263311129277e+01  
  5.212020800063e-03  ,8.545484962874e+00  ,3.584749669089e+00  ,1.263333058531e+01  
  5.212022400076e-03  ,8.340588179677e+00  ,3.584945480085e+00  ,1.263376927013e+01  
  5.212025600100e-03  ,7.945360272029e+00  ,3.585471371393e+00  ,1.263464660940e+01  
  5.212032000149e-03  ,7.209791053510e+00  ,3.586565815100e+00  ,1.263640105684e+01  
  5.212044800246e-03  ,5.933924628987e+00  ,3.589519559102e+00  ,1.263990981242e+01  
  5.212058726871e-03  ,4.792935642787e+00  ,3.599369037122e+00  ,1.264372632659e+01  
  5.212067645216e-03  ,4.356549029790e+00  ,1.397192246125e+01  ,1.264552947828e+01  
  5.212076016689e-03  ,4.341977513063e+00  ,4.350134112611e+01  ,1.264559106720e+01  
  5.212082298273e-03  ,4.134828037594e+00  ,5.283004576089e+01  ,4.006528754991e-02  
  5.212085570196e-03  ,3.936905247846e+00  ,5.285953531604e+01  ,-2.063462162058e-01  
  5.212088132078e-03  ,3.786771345443e+00  ,5.284235544070e+01  ,-1.746292262409e-03  
  5.212090907419e-03  ,3.630779460504e+00  ,5.284546971294e+01  ,7.845005054519e-03  
  5.212096458102e-03  ,3.337509494883e+00  ,5.285393919454e+01  ,5.601307250787e-03  
  5.212107559467e-03  ,2.819453190651e+00  ,5.287059341129e+01  ,4.578772762480e-03  
  5.212129762197e-03  ,2.007317471500e+00  ,5.290376345578e+01  ,3.658447798243e-03  
  5.212174167657e-03  ,9.673926936524e-01  ,5.296998333158e+01  ,2.010489820860e-03  
  5.212217458511e-03  ,4.397792518178e-01  ,5.303432156939e+01  ,1.239371514161e-03  
  5.212265040899e-03  ,1.637547607561e-01  ,5.310483472460e+01  ,8.354187810737e-04  
  5.212331213975e-03  ,5.550126025641e-02  ,5.320257693584e+01  ,6.751905992666e-04  
  5.212415137315e-03  ,1.370290080340e-02  ,5.332604734515e+01  ,6.111391528859e-04  
  5.212508430505e-03  ,-3.615993943266e-04  ,5.346267055852e+01  ,5.871626541816e-04  
  5.212695016885e-03  ,-3.211737592832e-03  ,5.373392478540e+01  ,5.760718574166e-04  
  5.213064947152e-03  ,6.144065486263e-05  ,5.426384394436e+01  ,5.671859806923e-04  
  5.213717355752e-03  ,2.740624072014e-03  ,5.517274665444e+01  ,5.474636079654e-04  
  5.215022172952e-03  ,6.329443455057e-04  ,5.689106793588e+01  ,4.981884531671e-04  
  5.217631807351e-03  ,2.081963912434e-03  ,5.992272714447e+01  ,4.126726786426e-04  
  5.222000000020e-03  ,1.218876892876e-04  ,6.377100580097e+01  ,2.753620394080e-04  
  5.222001000018e-03  ,5.767787886843e-01  ,6.377184274682e+01  ,-1.015020923139e-03  
  5.222001885706e-03  ,1.094925342505e+00  ,6.377258738321e+01  ,-2.189704447924e-03  
  5.222003657081e-03  ,2.161040389224e+00  ,6.377407401381e+01  ,-4.509464142010e-03  
  5.222007199832e-03  ,4.415766256673e+00  ,6.377703028832e+01  ,-8.967837459172e-03  
  5.222010000020e-03  ,6.311377094995e+00  ,6.377935139501e+01  ,-1.232609690975e-02  
  5.222010708570e-03  ,6.403770107211e+00  ,6.377984344910e+01  ,-1.224642774712e-02  
  5.222012125671e-03  ,6.586203132041e+00  ,6.378081701833e+01  ,-1.198577312203e-02  
  5.222014959872e-03  ,6.940059986920e+00  ,6.378276388733e+01  ,-1.146841664656e-02  
  5.222020628273e-03  ,7.604681404547e+00  ,6.378666165295e+01  ,-1.050007239902e-02  
  5.222031965077e-03  ,8.778360270050e+00  ,6.379446967071e+01  ,-8.790134539350e-03  
  5.222043388307e-03  ,9.776284767573e+00  ,6.380235079339e+01  ,-7.336351792340e-03  
  5.222051500499e-03  ,9.973793747867e+00  ,4.055986059848e+01  ,9.863873556563e+00  
  5.222059210360e-03  ,1.000108021529e+01  ,1.007370352947e+01  ,9.864080224821e+00  
  5.222063484013e-03  ,1.019659889871e+01  ,3.356588721606e+00  ,9.864987801551e+00  
  5.222067481249e-03  ,1.047039365890e+01  ,2.672947384861e+00  ,9.866062863478e+00  
  5.222069827065e-03  ,1.062925393412e+01  ,2.749020353989e+00  ,9.866718512948e+00  
  5.222072827413e-03  ,1.082419889191e+01  ,2.801784301173e+00  ,9.867561198237e+00  
  5.222078828111e-03  ,1.118797532907e+01  ,2.810837074508e+00  ,9.869248932256e+00  
  5.222090829506e-03  ,1.182557944596e+01  ,2.806128699123e+00  ,9.872629026157e+00  
  5.222111607685e-03  ,1.268981570087e+01  ,2.804998122503e+00  ,9.878487274849e+00  
  5.222153164044e-03  ,1.379704448994e+01  ,2.809159312610e+00  ,9.890203264213e+00  
  5.222236276760e-03  ,1.481942923656e+01  ,2.814526743695e+00  ,9.913631434996e+00  
  5.222353972092e-03  ,1.516678173371e+01  ,2.823766965072e+00  ,9.946798859762e+00  
  5.222512568131e-03  ,1.513351478526e+01  ,2.836467695878e+00  ,9.991475063815e+00  
  5.222774113312e-03  ,1.495606091550e+01  ,2.857449563326e+00  ,1.006510797869e+01  
  5.223227156296e-03  ,1.502421363321e+01  ,2.893592985726e+00  ,1.019252391800e+01  
  5.223796976700e-03  ,1.500842491841e+01  ,2.939031847084e+00  ,1.035255061042e+01  
  5.224936617508e-03  ,1.499342132477e+01  ,3.029682147467e+00  ,1.067182826425e+01  
  5.227215899124e-03  ,1.500596286492e+01  ,3.210086413869e+00  ,1.130729461660e+01  
  5.231774462357e-03  ,1.500042922147e+01  ,3.567433808423e+00  ,1.256598622464e+01  
  5.232010000020e-03  ,1.499992479899e+01  ,3.585771774379e+00  ,1.263057865366e+01  
  5.232011000018e-03  ,1.442348540332e+01  ,3.585702193983e+00  ,1.263085278681e+01  
  5.232013000126e-03  ,1.321575222378e+01  ,3.585470950522e+00  ,1.263140101711e+01  
  5.232017000343e-03  ,1.067436585349e+01  ,3.585026938728e+00  ,1.263249777027e+01  
  5.232020000020e-03  ,8.649403730538e+00  ,3.584754332301e+00  ,1.263332013448e+01  
  5.232020800063e-03  ,8.545704242013e+00  ,3.584808834735e+00  ,1.263353942654e+01  
  5.232022400076e-03  ,8.340802200982e+00  ,3.585004642563e+00  ,1.263397811041e+01  
  5.232025600100e-03  ,7.945564151354e+00  ,3.585530525111e+00  ,1.263485544778e+01  
  5.232032000149e-03  ,7.209976057101e+00  ,3.586624939941e+00  ,1.263660989145e+01  
  5.232044800246e-03  ,5.934076889712e+00  ,3.589578506624e+00  ,1.264011863947e+01  
  5.232058726871e-03  ,4.793058581837e+00  ,3.599425496211e+00  ,1.264393514565e+01  
  5.232067645216e-03  ,4.356558870764e+00  ,1.396619211632e+01  ,1.264573874920e+01  
  5.232076016689e-03  ,4.341973730483e+00  ,4.349465662170e+01  ,1.264580073462e+01  
  5.232082298273e-03  ,4.134871317835e+00  ,5.282623129369e+01  ,4.028319888399e-02  
  5.232085569823e-03  ,3.936969172543e+00  ,5.285574857002e+01  ,-2.064005212372e-01  
  5.232088131333e-03  ,3.786854118844e+00  ,5.283856336204e+01  ,-1.750395768317e-03  
  5.232090906301e-03  ,3.630879341628e+00  ,5.284167691288e+01  ,7.845942022682e-03  
  5.232096456239e-03  ,3.337639149884e+00  ,5.285014602980e+01  ,5.601652055912e-03  
  5.232107556114e-03  ,2.819626873838e+00  ,5.286679939447e+01  ,4.579010026773e-03  
  5.232129755864e-03  ,2.007534444898e+00  ,5.289996769770e+01  ,3.658917328030e-03  
  5.232174155364e-03  ,9.676092399126e-01  ,5.296618418284e+01  ,2.010875164403e-03  
  5.232217452178e-03  ,4.398325366337e-01  ,5.303053663406e+01  ,1.239518108209e-03  
  5.232265022645e-03  ,1.638277857022e-01  ,5.310103802222e+01  ,8.355945566824e-04  
  5.232331207642e-03  ,5.551259175794e-02  ,5.319880606407e+01  ,6.752759064749e-04  
  5.232415107140e-03  ,1.371279332734e-02  ,5.332225188438e+01  ,6.112231078569e-04  
  5.232508412251e-03  ,-3.611072301977e-04  ,5.345890430154e+01  ,5.872323010471e-04  
  5.232695022473e-03  ,-3.213850192218e-03  ,5.373021655453e+01  ,5.761365017162e-04  
  5.233064857373e-03  ,6.058765494946e-05  ,5.426004692401e+01  ,5.672553660479e-04  
  5.233717170605e-03  ,2.741402074948e-03  ,5.516890751590e+01  ,5.475377098556e-04  
  5.235021797070e-03  ,6.326748541878e-04  ,5.688717956345e+01  ,4.982655946642e-04  
  5.237631050000e-03  ,2.082621220587e-03  ,5.991887979913e+01  ,4.127596223517e-04  
  5.242000000020e-03  ,1.216800127736e-04  ,6.376861542489e+01  ,2.754182471521e-04  
  5.242001000018e-03  ,5.767785868577e-01  ,6.376945252603e+01  ,-1.014963114295e-03  
  5.242001885613e-03  ,1.094870020075e+00  ,6.377019722169e+01  ,-2.189522341922e-03  
  5.242003656802e-03  ,2.160868472477e+00  ,6.377168397195e+01  ,-4.509044943807e-03  
  5.242007199180e-03  ,4.415336009773e+00  ,6.377464048922e+01  ,-8.966980542957e-03  
  5.242010000020e-03  ,6.311376564015e+00  ,6.377696257335e+01  ,-1.232603881111e-02  
  5.242010708496e-03  ,6.403759971740e+00  ,6.377745468662e+01  ,-1.224638418185e-02  
  5.242012125410e-03  ,6.586169533651e+00  ,6.377842834854e+01  ,-1.198576435838e-02  
  5.242014959238e-03  ,6.939982298616e+00  ,6.378037540255e+01  ,-1.146847188052e-02  
  5.242020626895e-03  ,7.604526304504e+00  ,6.378427353734e+01  ,-1.050024050671e-02  
  5.242031962208e-03  ,8.775508881509e+00  ,6.379208263292e+01  ,-8.794210658827e-03  
  5.242044033639e-03  ,9.825030628877e+00  ,6.380041328069e+01  ,-7.265278524786e-03  
  5.242052577965e-03  ,9.976836588533e+00  ,3.625958249440e+01  ,9.864410298170e+00  
  5.242060719959e-03  ,1.001066162870e+01  ,4.434376086655e+00  ,9.865446627121e+00  
  5.242064624808e-03  ,1.027386021739e+01  ,2.827089051152e+00  ,9.865937251852e+00  
  5.242066728107e-03  ,1.042101566544e+01  ,2.763026321929e+00  ,9.866518817376e+00  
  5.242069388337e-03  ,1.060216271129e+01  ,2.790187297920e+00  ,9.867259905322e+00  
  5.242074668564e-03  ,1.094109307499e+01  ,2.818846094044e+00  ,9.868712549742e+00  
  5.242083905793e-03  ,1.147331392742e+01  ,2.808443740786e+00  ,9.871353442608e+00  
  5.242102380253e-03  ,1.234545306113e+01  ,2.805386512113e+00  ,9.876562058209e+00  
  5.242139329172e-03  ,1.350752847122e+01  ,2.807853614770e+00  ,9.886979217549e+00  
  5.242213227011e-03  ,1.466351436992e+01  ,2.812928857423e+00  ,9.907810713725e+00  
  5.242322661139e-03  ,1.514880033874e+01  ,2.821463453884e+00  ,9.938652172736e+00  
  5.242484809614e-03  ,1.516445067954e+01  ,2.834426788837e+00  ,9.984332584215e+00  
  5.242707516409e-03  ,1.495793433937e+01  ,2.852318944534e+00  ,1.004703927425e+01  
  5.243127991415e-03  ,1.502206509583e+01  ,2.885871490504e+00  ,1.016532265381e+01  
  5.243535687186e-03  ,1.500832203182e+01  ,2.918399600437e+00  ,1.027987646834e+01  
  5.244351078726e-03  ,1.499408991104e+01  ,2.983337218425e+00  ,1.050858678422e+01  
  5.245981861807e-03  ,1.500512763475e+01  ,3.112744890065e+00  ,1.096442260161e+01  
  5.249243427969e-03  ,1.500050752116e+01  ,3.369784680737e+00  ,1.186979790800e+01  
  5.252010000020e-03  ,1.499961290389e+01  ,3.585953350344e+00  ,1.263121749196e+01  
  5.252011000018e-03  ,1.441996573434e+01  ,3.585884787124e+00  ,1.263149162477e+01  
  5.252013000126e-03  ,1.321233619089e+01  ,3.585653917297e+00  ,1.263203984308e+01  
  5.252017000343e-03  ,1.067114980632e+01  ,3.585210036580e+00  ,1.263313659577e+01  
  5.252020000020e-03  ,8.646330753566e+00  ,3.584937436330e+00  ,1.263395895448e+01  
  5.252020800063e-03  ,8.542668108619e+00  ,3.584991979329e+00  ,1.263417824500e+01  
  5.252022400076e-03  ,8.337838867909e+00  ,3.585187861027e+00  ,1.263461692603e+01  
  5.252025600100e-03  ,7.942741244615e+00  ,3.585713903696e+00  ,1.263549425765e+01  
  5.252032000149e-03  ,7.207414505162e+00  ,3.586808823552e+00  ,1.263724868944e+01  
  5.252044800246e-03  ,5.931968701892e+00  ,3.589765295921e+00  ,1.264075741373e+01  
  5.252058725381e-03  ,4.791467363589e+00  ,3.599646617025e+00  ,1.264457348241e+01  
  5.252067642236e-03  ,4.356458498318e+00  ,1.403700473499e+01  ,1.264637111307e+01  
  5.252076010728e-03  ,4.342041292088e+00  ,4.356654521694e+01  ,1.264642845960e+01  
  5.252082281882e-03  ,4.134419728120e+00  ,5.282938884977e+01  ,3.666189999555e-02  
  5.252085551569e-03  ,3.936635606692e+00  ,5.285842996094e+01  ,-2.053819278104e-01  
  5.252087121779e-03  ,3.843729408024e+00  ,5.284017336763e+01  ,-4.099255144364e-03  
  5.252090262199e-03  ,3.665047736880e+00  ,5.284335738272e+01  ,1.012555578607e-02  
  5.252096543038e-03  ,3.331802188955e+00  ,5.285314251716e+01  ,5.647881812157e-03  
  5.252109104717e-03  ,2.752519277639e+00  ,5.287199570923e+01  ,4.426966926794e-03  
  5.252134228075e-03  ,1.872073225450e+00  ,5.290951554567e+01  ,3.515300120346e-03  
  5.252173501575e-03  ,9.863610948614e-01  ,5.296808666077e+01  ,2.038402408500e-03  
  5.252218103731e-03  ,4.425095622237e-01  ,5.303438213196e+01  ,1.243355939145e-03  
  5.252263611877e-03  ,1.762764499065e-01  ,5.310183154048e+01  ,8.537962015565e-04  
  5.252332741344e-03  ,5.623659176686e-02  ,5.320395403774e+01  ,6.762808926533e-04  
  5.252413839424e-03  ,4.599912984427e-03  ,5.332328356695e+01  ,5.979976895330e-04  
  5.252510160530e-03  ,-7.868996787444e-03  ,5.346435699358e+01  ,5.762339924622e-04  
  5.252702802742e-03  ,-5.376204413870e-03  ,5.374438000851e+01  ,5.727038012608e-04  
  5.252993530357e-03  ,4.390714373576e-03  ,5.416161026211e+01  ,5.762347621691e-04  
  5.253574985588e-03  ,-2.542142992978e-05  ,5.497657353760e+01  ,5.485928843464e-04  
  5.254478878105e-03  ,1.130206973477e-03  ,5.619129558400e+01  ,5.179034388375e-04  
  5.255734867180e-03  ,1.472172225235e-03  ,5.777256846594e+01  ,4.748596336391e-04  
  5.258246845329e-03  ,1.203202903009e-03  ,6.055799148478e+01  ,3.921853511827e-04  
  5.262000000020e-03  ,8.927882598216e-04  ,6.377114569208e+01  ,2.766604407205e-04  
  5.262001000018e-03  ,5.775382013110e-01  ,6.377198238275e+01  ,-1.013317229826e-03  
  5.262001885054e-03  ,1.095288776469e+00  ,6.377272637890e+01  ,-2.188079845188e-03  
  5.262003655126e-03  ,2.160567770592e+00  ,6.377421152222e+01  ,-4.505987851641e-03  
  5.262007195269e-03  ,4.413447125386e+00  ,6.377716488724e+01  ,-8.961313977708e-03  
  5.262010000020e-03  ,6.311253989861e+00  ,6.377948928152e+01  ,-1.232636839613e-02  
  5.262010708049e-03  ,6.403581022463e+00  ,6.377998082567e+01  ,-1.224678259338e-02  
  5.262012124032e-03  ,6.586263366470e+00  ,6.378095339705e+01  ,-1.198672246402e-02  
  5.262014955997e-03  ,6.940153293628e+00  ,6.378289799575e+01  ,-1.146835053563e-02  
  5.262020619929e-03  ,7.604113649620e+00  ,6.378679150002e+01  ,-1.050092038358e-02  
  5.262031947791e-03  ,8.776907147604e+00  ,6.379459096061e+01  ,-8.792318351546e-03  
  5.262043360591e-03  ,9.774173459835e+00  ,6.380246243701e+01  ,-7.339501548482e-03  
  5.262051401257e-03  ,9.973523406038e+00  ,4.097179713843e+01  ,9.862826220004e+00  
  5.262059078335e-03  ,1.000037796529e+01  ,1.059215519530e+01  ,9.863002540747e+00  
  5.262063381791e-03  ,1.018931900845e+01  ,3.393051916502e+00  ,9.863918739479e+00  
  5.262067452788e-03  ,1.046806928060e+01  ,2.665444237447e+00  ,9.864995653649e+00  
  5.262069775134e-03  ,1.062549832529e+01  ,2.746213661524e+00  ,9.865645046659e+00  
  5.262072714016e-03  ,1.081673116368e+01  ,2.801251020510e+00  ,9.866470669916e+00  
  5.262078591779e-03  ,1.117400695913e+01  ,2.810871474574e+00  ,9.868123798544e+00  
  5.262090347305e-03  ,1.180183972098e+01  ,2.805903058157e+00  ,9.871434619748e+00  
  5.262110299960e-03  ,1.264249015703e+01  ,2.804573284900e+00  ,9.877060178357e+00  
  5.262150205269e-03  ,1.373793932954e+01  ,2.808713782961e+00  ,9.888310865165e+00  
  5.262230015889e-03  ,1.477658760608e+01  ,2.813747334029e+00  ,9.910808736688e+00  
  5.262347472802e-03  ,1.516399774877e+01  ,2.822947559752e+00  ,9.943909910609e+00  
  5.262521232262e-03  ,1.497757964114e+01  ,2.836931515543e+00  ,9.992858055862e+00  
  5.262678016320e-03  ,1.497074336664e+01  ,2.849464069316e+00  ,1.003700343886e+01  
  5.262991584435e-03  ,1.501201291903e+01  ,2.874495048148e+00  ,1.012523531601e+01  
  5.263618720665e-03  ,1.499225247854e+01  ,2.924535404880e+00  ,1.030146377820e+01  
  5.264720786705e-03  ,1.499815312820e+01  ,3.012237804369e+00  ,1.061039081475e+01  
  5.266924918785e-03  ,1.500018859590e+01  ,3.186826606532e+00  ,1.122535600288e+01  
  5.271333182946e-03  ,1.499992798891e+01  ,3.532747852099e+00  ,1.244380959678e+01  
  5.272010000020e-03  ,1.500001282343e+01  ,3.585475588135e+00  ,1.262953520529e+01  
  5.272011000018e-03  ,1.442323121748e+01  ,3.585406060435e+00  ,1.262980934180e+01  
  5.272013000126e-03  ,1.321550552230e+01  ,3.585174836157e+00  ,1.263035757589e+01  
  5.272017000343e-03  ,1.067413359462e+01  ,3.584730827714e+00  ,1.263145434264e+01  
  5.272020000020e-03  ,8.649181803897e+00  ,3.584458217127e+00  ,1.263227671573e+01  
  5.272020800063e-03  ,8.545484976099e+00  ,3.584512717886e+00  ,1.263249601016e+01  
  5.272022400076e-03  ,8.340588192484e+00  ,3.584708522874e+00  ,1.263293469877e+01  
  5.272025600100e-03  ,7.945360284046e+00  ,3.585234404733e+00  ,1.263381204562e+01  
  5.272032000149e-03  ,7.209791063951e+00  ,3.586328823898e+00  ,1.263556650824e+01  
  5.272044800246e-03  ,5.933924635757e+00  ,3.589282462255e+00  ,1.263907529416e+01  
  5.272058726871e-03  ,4.792935638072e+00  ,3.599131317539e+00  ,1.264289184140e+01  
  5.272067645216e-03  ,4.356543860463e+00  ,1.397137382611e+01  ,1.264469505747e+01  
  5.272076016689e-03  ,4.341972388173e+00  ,4.350075215344e+01  ,1.264475667683e+01  
  5.272082298273e-03  ,4.134812584859e+00  ,5.282892917808e+01  ,4.001107148246e-02  
  5.272085570196e-03  ,3.936890348794e+00  ,5.285841185730e+01  ,-2.063370267292e-01  
  5.272088132078e-03  ,3.786757016513e+00  ,5.284123247960e+01  ,-1.745781251707e-03  
  5.272090907419e-03  ,3.630765712715e+00  ,5.284434641712e+01  ,7.844878494958e-03  
  5.272096458102e-03  ,3.337496841002e+00  ,5.285281509222e+01  ,5.601232878252e-03  
  5.272107559467e-03  ,2.819442474961e+00  ,5.286946769898e+01  ,4.578713973496e-03  
  5.272129762197e-03  ,2.007309794335e+00  ,5.290263452929e+01  ,3.658380883429e-03  
  5.272174167657e-03  ,9.673889073057e-01  ,5.296884798164e+01  ,2.010434969528e-03  
  5.272217458511e-03  ,4.397774396380e-01  ,5.303317996810e+01  ,1.239319691105e-03  
  5.272265040899e-03  ,1.637539815253e-01  ,5.310368626387e+01  ,8.353686043672e-04  
  5.272331213975e-03  ,5.550088642321e-02  ,5.320141895585e+01  ,6.751412147215e-04  
  5.272415137315e-03  ,1.370268385573e-02  ,5.332487732623e+01  ,6.110902526768e-04  
  5.272508430505e-03  ,-3.617631551565e-04  ,5.346148720098e+01  ,5.871141142310e-04  
  5.272695016885e-03  ,-3.211889547290e-03  ,5.373271489159e+01  ,5.760238958849e-04  
  5.273064947152e-03  ,6.127874272704e-05  ,5.426258199917e+01  ,5.671391000452e-04  
  5.273717355752e-03  ,2.740456236226e-03  ,5.517139474616e+01  ,5.474185743603e-04  
  5.275022172952e-03  ,6.327928235310e-04  ,5.688954329749e+01  ,4.981469810207e-04  
  5.277631807351e-03  ,2.081824605604e-03  ,5.992088694526e+01  ,4.126375782331e-04  
  5.282000000020e-03  ,1.217869610572e-04  ,6.376873083825e+01  ,2.753360336929e-04  
  5.282001000018e-03  ,5.767786879279e-01  ,6.376956769836e+01  ,-1.015046126792e-03  
  5.282001885613e-03  ,1.094870115952e+00  ,6.377031218064e+01  ,-2.189606520034e-03  
  5.282003656802e-03  ,2.160868558151e+00  ,6.377179850385e+01  ,-4.509128859114e-03  
  5.282007199180e-03  ,4.415336075831e+00  ,6.377475416709e+01  ,-8.967064434723e-03  
  5.282010000020e-03  ,6.311376615289e+00  ,6.377707557595e+01  ,-1.232612272656e-02  
  5.282010708496e-03  ,6.403760019389e+00  ,6.377756751813e+01  ,-1.224646818776e-02  
  5.282012125410e-03  ,6.586169574139e+00  ,6.377854083785e+01  ,-1.198584838692e-02  
  5.282014959238e-03  ,6.939982325217e+00  ,6.378048720748e+01  ,-1.146855592042e-02  
  5.282020626895e-03  ,7.604526305022e+00  ,6.378438397366e+01  ,-1.050032455971e-02  
  5.282031962208e-03  ,8.775508836077e+00  ,6.379219033253e+01  ,-8.794294754964e-03  
  5.282043380968e-03  ,9.772603644813e+00  ,6.380006744370e+01  ,-7.341742196884e-03  
  5.282051487200e-03  ,9.973619818754e+00  ,4.077886163393e+01  ,9.863201894182e+00  
  5.282059189610e-03  ,1.000077823121e+01  ,1.031470869171e+01  ,9.863397206801e+00  
  5.282063488595e-03  ,1.019403755715e+01  ,3.371868257234e+00  ,9.864307345433e+00  
  5.282067527555e-03  ,1.047061018093e+01  ,2.669519399107e+00  ,9.865386241816e+00  
  5.282069867782e-03  ,1.062911303865e+01  ,2.747817155979e+00  ,9.866040414769e+00  
  5.282072846152e-03  ,1.082267987265e+01  ,2.801526438506e+00  ,9.866876984937e+00  
  5.282078802891e-03  ,1.118403641744e+01  ,2.810777995432e+00  ,9.868552338662e+00  
  5.282090716369e-03  ,1.181798529651e+01  ,2.805963318797e+00  ,9.871907661834e+00  
  5.282111163743e-03  ,1.267234754364e+01  ,2.804759817638e+00  ,9.877672681865e+00  
  5.282152058489e-03  ,1.377439184314e+01  ,2.808909019538e+00  ,9.889202244465e+00  
  5.282233847983e-03  ,1.480281774281e+01  ,2.814145176723e+00  ,9.912257685835e+00  
  5.282351483710e-03  ,1.516571086016e+01  ,2.823372620285e+00  ,9.945408769351e+00  
  5.282509412177e-03  ,1.513607872167e+01  ,2.836018748216e+00  ,9.989897583313e+00  
  5.282768763907e-03  ,1.495572697185e+01  ,2.856826942732e+00  ,1.006291436331e+01  
  5.283215464957e-03  ,1.502417792631e+01  ,2.892464959125e+00  ,1.018855057662e+01  
  5.283769263632e-03  ,1.500853967603e+01  ,2.936629118762e+00  ,1.034408753873e+01  
  5.284876860983e-03  ,1.499337587680e+01  ,3.024742387679e+00  ,1.065442868828e+01  
  5.287092055686e-03  ,1.500598342280e+01  ,3.200120895507e+00  ,1.127219262528e+01  
  5.291522445090e-03  ,1.500044162838e+01  ,3.547607885475e+00  ,1.249615249826e+01  
  5.292010000020e-03  ,1.499980537515e+01  ,3.585580705007e+00  ,1.262990542040e+01  
  5.292011000018e-03  ,1.442317704901e+01  ,3.585511185511e+00  ,1.263017955558e+01  
  5.292013000126e-03  ,1.321545294879e+01  ,3.585279964411e+00  ,1.263072778902e+01  
  5.292017000343e-03  ,1.067408409895e+01  ,3.584835958597e+00  ,1.263182455038e+01  
  5.292020000020e-03  ,8.649134510154e+00  ,3.584563349875e+00  ,1.263264692031e+01  
  5.292020800063e-03  ,8.545438249409e+00  ,3.584617852729e+00  ,1.263286621390e+01  
  5.292022400076e-03  ,8.340542586249e+00  ,3.584813661515e+00  ,1.263330490083e+01  
  5.292025600100e-03  ,7.945316839078e+00  ,3.585339549895e+00  ,1.263418224432e+01  
  5.292032000149e-03  ,7.209751641473e+00  ,3.586433987432e+00  ,1.263593670020e+01  
  5.292044800246e-03  ,5.933892191373e+00  ,3.589387716049e+00  ,1.263944547265e+01  
  5.292058726871e-03  ,4.792909446740e+00  ,3.599237411115e+00  ,1.264326200516e+01  
  5.292067645216e-03  ,4.356544332574e+00  ,1.397286737827e+01  ,1.264506509141e+01  
  5.292076016689e-03  ,4.341975740311e+00  ,4.350246900404e+01  ,1.264512659019e+01  
  5.292082297528e-03  ,4.134764494538e+00  ,5.282493985647e+01  ,3.966910694038e-02  
  5.292085569078e-03  ,3.936865315113e+00  ,5.285437840835e+01  ,-2.062466617797e-01  
  5.292087138357e-03  ,3.844006545052e+00  ,5.283603761192e+01  ,-4.155133800842e-03  
  5.292090276914e-03  ,3.665415601679e+00  ,5.283921066963e+01  ,1.014513604720e-02  
  5.292096554028e-03  ,3.332325803263e+00  ,5.284899102310e+01  ,5.649661725047e-03  
  5.292109108256e-03  ,2.751670533788e+00  ,5.286778242682e+01  ,4.594496577274e-03  
  5.292134216713e-03  ,1.862069212310e+00  ,5.290528788682e+01  ,3.314652872690e-03  
  5.292175367759e-03  ,9.416154932652e-01  ,5.296661253744e+01  ,1.972360882979e-03  
  5.292221358703e-03  ,4.555468817924e-01  ,5.303494579489e+01  ,1.262284485593e-03  
  5.292269453691e-03  ,1.918500676551e-01  ,5.310620227030e+01  ,8.762304221524e-04  
  5.292324361490e-03  ,8.008826411062e-02  ,5.318731376712e+01  ,7.113109385346e-04  
  5.292413053201e-03  ,6.893311764297e-03  ,5.331783484275e+01  ,6.013288902003e-04  
  5.292507848429e-03  ,2.597322762303e-03  ,5.345666796358e+01  ,5.915367429575e-04  
  5.292697438883e-03  ,7.908803561943e-04  ,5.373227988963e+01  ,5.818503150892e-04  
  5.292919048952e-03  ,1.962976472607e-03  ,5.405096085002e+01  ,5.754021744109e-04  
  5.293362269090e-03  ,1.918147694426e-03  ,5.467700600505e+01  ,5.590774916000e-04  
  5.294248709368e-03  ,1.422143362628e-03  ,5.588349127005e+01  ,5.266101443964e-04  
  5.296021589922e-03  ,1.581905744710e-03  ,5.811135998054e+01  ,4.653495119781e-04  
  5.299567351030e-03  ,9.472559713096e-04  ,6.181307447232e+01  ,3.495870181938e-04  
  5.302000000020e-03  ,1.006462085839e-03  ,6.376559899977e+01  ,2.787505861057e-04  
  5.302001000018e-03  ,5.776502196611e-01  ,6.376643561403e+01  ,-1.012287341670e-03  
  5.302001884868e-03  ,1.095289058292e+00  ,6.376717942031e+01  ,-2.188073785900e-03  
  5.302003654567e-03  ,2.160331929573e+00  ,6.376866389461e+01  ,-4.505211659899e-03  
  5.302007193965e-03  ,4.412689020227e+00  ,6.377161598473e+01  ,-8.959618206042e-03  
  5.302010000020e-03  ,6.311350526002e+00  ,6.377394094140e+01  ,-1.232628046013e-02  
  5.302010707900e-03  ,6.403657306147e+00  ,6.377443225242e+01  ,-1.224672765814e-02  
  5.302012123696e-03  ,6.584394260217e+00  ,6.377540429983e+01  ,-1.198653905663e-02  
  5.302014955289e-03  ,6.936787293640e+00  ,6.377734852999e+01  ,-1.147330661991e-02  
  5.302020618476e-03  ,7.600941110908e+00  ,6.378124044006e+01  ,-1.050552926584e-02  
  5.302031944848e-03  ,8.774094835789e+00  ,6.378903671750e+01  ,-8.796496447468e-03  
  5.302043354667e-03  ,9.771569926613e+00  ,6.379690395933e+01  ,-7.343350842194e-03  
  5.302051392354e-03  ,9.973406532331e+00  ,4.110878559941e+01  ,9.861325467176e+00  
  5.302059064962e-03  ,1.000019094624e+01  ,1.074280942387e+01  ,9.861495470347e+00  
  5.302063385553e-03  ,1.018780376180e+01  ,3.401703667681e+00  ,9.862411998800e+00  
  5.302067483373e-03  ,1.046834359698e+01  ,2.663009747810e+00  ,9.863492287802e+00  
  5.302069803856e-03  ,1.062565260871e+01  ,2.745198619050e+00  ,9.864141212075e+00  
  5.302072731562e-03  ,1.081617437282e+01  ,2.800793965369e+00  ,9.864963739124e+00  
  5.302078586973e-03  ,1.117219596037e+01  ,2.810522841334e+00  ,9.866610587514e+00  
  5.302090297796e-03  ,1.179654127427e+01  ,2.799957103180e+00  ,9.869912193916e+00  
  5.302102497376e-03  ,1.234202683322e+01  ,2.804192755916e+00  ,9.873352012762e+00  
  5.302126896538e-03  ,1.317210724378e+01  ,2.806418730898e+00  ,9.880231304798e+00  
  5.302175694860e-03  ,1.415960495558e+01  ,2.808789779073e+00  ,9.893988699089e+00  
  5.302273291506e-03  ,1.497334307701e+01  ,2.816658415320e+00  ,9.921498239971e+00  
  5.302401489176e-03  ,1.499967938147e+01  ,2.826926829767e+00  ,9.957622045864e+00  
  5.302625817217e-03  ,1.500015296156e+01  ,2.844839561332e+00  ,1.002080205551e+01  
  5.302864760317e-03  ,1.500013483624e+01  ,2.863944400215e+00  ,1.008805403589e+01  
  5.303342646517e-03  ,1.500024337560e+01  ,2.902091550391e+00  ,1.022242123512e+01  
  5.304298418916e-03  ,1.500030450227e+01  ,2.978230691637e+00  ,1.049060959678e+01  
  5.306209963716e-03  ,1.500033969478e+01  ,3.129891184306e+00  ,1.102481005571e+01  
  5.310033053316e-03  ,1.499978842287e+01  ,3.430755795972e+00  ,1.208455812587e+01  
  5.312010000020e-03  ,1.500001028444e+01  ,3.585059165616e+00  ,1.262806834272e+01  
  5.312011000018e-03  ,1.442284304512e+01  ,3.584989754458e+00  ,1.262834248423e+01  
  5.312013000126e-03  ,1.321512877963e+01  ,3.584758574134e+00  ,1.262889072194e+01  
  5.312017000343e-03  ,1.067377890757e+01  ,3.584314575668e+00  ,1.262998750922e+01  
  5.312020000020e-03  ,8.648842895408e+00  ,3.584041958058e+00  ,1.263080989479e+01  
  5.312020800063e-03  ,8.545150130868e+00  ,3.584096457045e+00  ,1.263102919255e+01  
  5.312022400076e-03  ,8.340261375973e+00  ,3.584292258834e+00  ,1.263146788783e+01  
  5.312025600100e-03  ,7.945048954370e+00  ,3.584818141006e+00  ,1.263234524801e+01  
  5.312032000149e-03  ,7.209508557435e+00  ,3.585912570553e+00  ,1.263409973725e+01  
  5.312044800246e-03  ,5.933692126156e+00  ,3.588866334381e+00  ,1.263760857644e+01  
  5.312058726871e-03  ,4.792747890134e+00  ,3.598718135057e+00  ,1.264142518137e+01  
  5.312067645216e-03  ,4.356521724879e+00  ,1.397937028146e+01  ,1.264322779347e+01  
  5.312076016689e-03  ,4.341971112626e+00  ,4.351014981737e+01  ,1.264328881511e+01  
  5.312082296038e-03  ,4.134710715319e+00  ,5.282449226177e+01  ,3.928141833164e-02  
  5.312085567215e-03  ,3.936834569037e+00  ,5.285387818051e+01  ,-2.061336476594e-01  
  5.312087136680e-03  ,3.843965856346e+00  ,5.283554783523e+01  ,-4.147907406718e-03  
  5.312090275610e-03  ,3.665356067398e+00  ,5.283872133842e+01  ,1.014226922878e-02  
  5.312096553469e-03  ,3.332233814202e+00  ,5.284850028606e+01  ,5.649242125907e-03  
  5.312109109187e-03  ,2.751531169629e+00  ,5.286728936729e+01  ,4.594169758283e-03  
  5.312134220624e-03  ,1.861883773236e+00  ,5.290479020777e+01  ,3.314246515065e-03  
  5.312175365711e-03  ,9.416195652791e-01  ,5.296609113124e+01  ,1.972230707449e-03  
  5.312221356654e-03  ,4.555486243553e-01  ,5.303440782923e+01  ,1.262151282564e-03  
  5.312269451642e-03  ,1.918505467179e-01  ,5.310564700695e+01  ,8.760957064054e-04  
  5.312324359441e-03  ,8.008820804079e-02  ,5.318673878007e+01  ,7.111758406474e-04  
  5.312413051153e-03  ,6.892905799687e-03  ,5.331722805174e+01  ,6.011939181606e-04  
  5.312507846380e-03  ,2.596897240821e-03  ,5.345602725591e+01  ,5.914024201549e-04  
  5.312697436834e-03  ,7.904482623940e-04  ,5.373157158673e+01  ,5.817173254374e-04  
  5.312919046903e-03  ,1.962552466692e-03  ,5.405017394136e+01  ,5.752707304024e-04  
  5.313362267042e-03  ,1.917728507399e-03  ,5.467606322499e+01  ,5.589490968007e-04  
  5.314248707319e-03  ,1.421732229217e-03  ,5.588224225355e+01  ,5.264875195879e-04  
  5.316021587873e-03  ,1.581517594299e-03  ,5.810952179572e+01  ,4.652376480232e-04  
  5.319567348981e-03  ,9.469138561743e-04  ,6.181015992227e+01  ,3.494937998603e-04  
  5.322000000020e-03  ,1.006155346109e-03  ,6.376203169896e+01  ,2.786673972853e-04  
  5.322001000018e-03  ,5.776499129334e-01  ,6.376286805934e+01  ,-1.012368650873e-03  
  5.322001884868e-03  ,1.095288751578e+00  ,6.376361164115e+01  ,-2.188154904379e-03  
  5.322003654567e-03  ,2.160331622886e+00  ,6.376509566656e+01  ,-4.505292848780e-03  
  5.322007193965e-03  ,4.412688713594e+00  ,6.376804685894e+01  ,-8.959699468442e-03  
  5.322010000020e-03  ,6.311350220010e+00  ,6.377037110392e+01  ,-1.232636176831e-02  
  5.322010707900e-03  ,6.403657000169e+00  ,6.377086223518e+01  ,-1.224681052011e-02  
  5.322012123696e-03  ,6.584393954260e+00  ,6.377183392273e+01  ,-1.198662208016e-02  
  5.322014955289e-03  ,6.936786987723e+00  ,6.377377743321e+01  ,-1.147338964005e-02  
  5.322020618476e-03  ,7.600940805072e+00  ,6.377766790423e+01  ,-1.050561222315e-02  
  5.322031944848e-03  ,8.774094530119e+00  ,6.378546130487e+01  ,-8.796579341019e-03  
  5.322043354667e-03  ,9.771569621114e+00  ,6.379332565054e+01  ,-7.343433655652e-03  
  5.322051392354e-03  ,9.973399079824e+00  ,4.110459787335e+01  ,9.859698410054e+00  
  5.322059064962e-03  ,1.000018631372e+01  ,1.073877819311e+01  ,9.859868681299e+00  
  5.322063385553e-03  ,1.018785966845e+01  ,3.400984761422e+00  ,9.860785176244e+00  
  5.322067482628e-03  ,1.046834916073e+01  ,2.662621736064e+00  ,9.861865422135e+00  
  5.322069803484e-03  ,1.062568210637e+01  ,2.744753863451e+00  ,9.862514456757e+00  
  5.322072731562e-03  ,1.081622605255e+01  ,2.800329106750e+00  ,9.863337100967e+00  
  5.322078587718e-03  ,1.117228667202e+01  ,2.810057528918e+00  ,9.864984186270e+00  
  5.322090300031e-03  ,1.179826863205e+01  ,2.805028953084e+00  ,9.868282920742e+00  
  5.322110082812e-03  ,1.264096999815e+01  ,2.804464173950e+00  ,9.873858467642e+00  
  5.322149648376e-03  ,1.372993445626e+01  ,2.807026873896e+00  ,9.885013687592e+00  
  5.322228779502e-03  ,1.476812685315e+01  ,2.812738079686e+00  ,9.907320796666e+00  
  5.322342600532e-03  ,1.515449317201e+01  ,2.821673684682e+00  ,9.939398612564e+00  
  5.322518028922e-03  ,1.514283061180e+01  ,2.835709713126e+00  ,9.988818952680e+00  
  5.322756876655e-03  ,1.495885003471e+01  ,2.854881165934e+00  ,1.005606580964e+01  
  5.323234572120e-03  ,1.502343345114e+01  ,2.892996854323e+00  ,1.019042268355e+01  
  5.323720087714e-03  ,1.500775120945e+01  ,2.931719421457e+00  ,1.032679265523e+01  
  5.324691118903e-03  ,1.499419938041e+01  ,3.008996954386e+00  ,1.059896920345e+01  
  5.326633181281e-03  ,1.500516589876e+01  ,3.162897473662e+00  ,1.114107752093e+01  
  5.330517306037e-03  ,1.500043618406e+01  ,3.468181765523e+00  ,1.221638627601e+01  
  5.332010000020e-03  ,1.499970549861e+01  ,3.584609177854e+00  ,1.262648311795e+01  
  5.332011000018e-03  ,1.442197539966e+01  ,3.584540015161e+00  ,1.262675726341e+01  
  5.332013000126e-03  ,1.321428668183e+01  ,3.584308927855e+00  ,1.262730551309e+01  
  5.332017000343e-03  ,1.067298610882e+01  ,3.583864958911e+00  ,1.262840231591e+01  
  5.332020000020e-03  ,8.648085365134e+00  ,3.583592330176e+00  ,1.262922471497e+01  
  5.332020800063e-03  ,8.544401682929e+00  ,3.583646832888e+00  ,1.262944401630e+01  
  5.332022400076e-03  ,8.339530874090e+00  ,3.583842640637e+00  ,1.262988271879e+01  
  5.332025600100e-03  ,7.944353069103e+00  ,3.584368542422e+00  ,1.263076009338e+01  
  5.332032000149e-03  ,7.208877098746e+00  ,3.585463045159e+00  ,1.263251461138e+01  
  5.332044800246e-03  ,5.933172424298e+00  ,3.588417303908e+00  ,1.263602350807e+01  
  5.332058725381e-03  ,4.792439221593e+00  ,3.598274086809e+00  ,1.263983976669e+01  
  5.332067642236e-03  ,4.356496642026e+00  ,1.398749792173e+01  ,1.264164146450e+01  
  5.332076012218e-03  ,4.341971547648e+00  ,4.351457991125e+01  ,1.264170209128e+01  
  5.332082289332e-03  ,4.134714685657e+00  ,5.282122868124e+01  ,3.904207976182e-02  
  5.332085560137e-03  ,3.936859260754e+00  ,5.285058315246e+01  ,-2.060768130780e-01  
  5.332087129416e-03  ,3.844000853065e+00  ,5.283225764182e+01  ,-4.145346237081e-03  
  5.332090267973e-03  ,3.665410091688e+00  ,5.283543013705e+01  ,1.014159460455e-02  
  5.332096545087e-03  ,3.332320655601e+00  ,5.284520633308e+01  ,5.649278720748e-03  
  5.332109099315e-03  ,2.751666104366e+00  ,5.286399003956e+01  ,4.594288853094e-03  
  5.332134207772e-03  ,1.862065938306e+00  ,5.290148014580e+01  ,3.314434165765e-03  
  5.332175358819e-03  ,9.416134495240e-01  ,5.296277965465e+01  ,1.972144025552e-03  
  5.332221349763e-03  ,4.555455163844e-01  ,5.303108485153e+01  ,1.262069219076e-03  
  5.332269444751e-03  ,1.918490708167e-01  ,5.310231202918e+01  ,8.760162843752e-04  
  5.332324352549e-03  ,8.008742432995e-02  ,5.318339013628e+01  ,7.110977303770e-04  
  5.332413044261e-03  ,6.892576146303e-03  ,5.331385740989e+01  ,6.011169560355e-04  
  5.332507839488e-03  ,2.596595477656e-03  ,5.345263320657e+01  ,5.913260207334e-04  
  5.332697429942e-03  ,7.901603054931e-04  ,5.372813104718e+01  ,5.816419793109e-04  
  5.332919040011e-03  ,1.962260346440e-03  ,5.404667961019e+01  ,5.751965641751e-04  
  5.333362260150e-03  ,1.917442881012e-03  ,5.467246310264e+01  ,5.588772905865e-04  
  5.334248700427e-03  ,1.421462252462e-03  ,5.587843777900e+01  ,5.264202227484e-04  
  5.336021580981e-03  ,1.581272292092e-03  ,5.810533804025e+01  ,4.651788096046e-04  
  5.339567342089e-03  ,9.467251266489e-04  ,6.180533803657e+01  ,3.494498830837e-04  
  5.342000000020e-03  ,1.006002451278e-03  ,6.375687103109e+01  ,2.786317881835e-04  
  5.342001000018e-03  ,5.776497600715e-01  ,6.375770726570e+01  ,-1.012401886988e-03  
  5.342001884774e-03  ,1.095233475797e+00  ,6.375845065824e+01  ,-2.188064828822e-03  
  5.342003654287e-03  ,2.160159753336e+00  ,6.375993430602e+01  ,-4.504965514194e-03  
  5.342007193313e-03  ,4.412258536779e+00  ,6.376288474663e+01  ,-8.958934381968e-03  
  5.342010000020e-03  ,6.312133052099e+00  ,6.376520907973e+01  ,-1.232524297566e-02  
  5.342010707825e-03  ,6.404421903344e+00  ,6.376570007307e+01  ,-1.224573020789e-02  
  5.342012123435e-03  ,6.587038818639e+00  ,6.376667159190e+01  ,-1.198576593174e-02  
  5.342014954656e-03  ,6.940804940108e+00  ,6.376861407951e+01  ,-1.146757426112e-02  
  5.342020617097e-03  ,7.604544089494e+00  ,6.377250336411e+01  ,-1.050046727105e-02  
  5.342031941980e-03  ,8.776983843542e+00  ,6.378029438182e+01  ,-8.792380104385e-03  
  5.342043351799e-03  ,9.773995061938e+00  ,6.378815736508e+01  ,-7.339934145608e-03  
  5.342051390975e-03  ,9.973495422630e+00  ,4.097146100724e+01  ,9.858550427972e+00  
  5.342059066564e-03  ,1.000034616285e+01  ,1.059768748737e+01  ,9.858726726523e+00  
  5.342063370764e-03  ,1.018922957780e+01  ,3.392301550958e+00  ,9.859642907494e+00  
  5.342067442506e-03  ,1.046803002309e+01  ,2.664168149380e+00  ,9.860719913716e+00  
  5.342069764852e-03  ,1.062546061640e+01  ,2.744963623847e+00  ,9.861369335922e+00  
  5.342072702989e-03  ,1.081664804066e+01  ,2.800026005841e+00  ,9.862194788979e+00  
  5.342078579262e-03  ,1.117384425556e+01  ,2.809660198239e+00  ,9.863847569522e+00  
  5.342090331807e-03  ,1.180155674310e+01  ,2.804690025946e+00  ,9.867157693387e+00  
  5.342110272541e-03  ,1.264184520942e+01  ,2.803357171254e+00  ,9.872780133058e+00  
  5.342150154009e-03  ,1.373709144082e+01  ,2.807498371780e+00  ,9.884024582957e+00  
  5.342229916945e-03  ,1.477594605460e+01  ,2.812527234972e+00  ,9.906509984653e+00  
  5.342347373858e-03  ,1.516395802782e+01  ,2.821727564782e+00  ,9.939612591626e+00  
  5.342521061793e-03  ,1.497761819721e+01  ,2.835706369886e+00  ,9.988542711539e+00  
  5.342677822008e-03  ,1.497075598306e+01  ,2.848237566376e+00  ,1.003268330304e+01  
  5.342991342440e-03  ,1.501200591850e+01  ,2.873265840988e+00  ,1.012090561250e+01  
  5.343618383303e-03  ,1.499225757250e+01  ,2.923300775778e+00  ,1.029711500073e+01  
  5.344720067873e-03  ,1.499815405682e+01  ,3.010976722375e+00  ,1.060594885224e+01  
  5.346923437014e-03  ,1.500018852835e+01  ,3.185513144902e+00  ,1.122072953808e+01  
  5.351330175295e-03  ,1.499992806040e+01  ,3.531331728197e+00  ,1.243882151865e+01  
  5.352010000020e-03  ,1.500001286840e+01  ,3.584296282701e+00  ,1.262538128336e+01  
  5.352011000018e-03  ,1.442323110123e+01  ,3.584226765341e+00  ,1.262565543166e+01  
  5.352013000126e-03  ,1.321550540949e+01  ,3.583995547952e+00  ,1.262620368936e+01  
  5.352017000343e-03  ,1.067413348813e+01  ,3.583551530576e+00  ,1.262730050327e+01  
  5.352020000020e-03  ,8.649181701620e+00  ,3.583278894627e+00  ,1.262812291173e+01  
  5.352020800063e-03  ,8.545484874792e+00  ,3.583333379467e+00  ,1.262834221561e+01  
  5.352022400076e-03  ,8.340588093102e+00  ,3.583529154547e+00  ,1.262878092308e+01  
  5.352025600100e-03  ,7.945360188465e+00  ,3.584054989385e+00  ,1.262965830766e+01  
  5.352032000149e-03  ,7.209790974914e+00  ,3.585149286428e+00  ,1.263141284578e+01  
  5.352044800246e-03  ,5.933924553404e+00  ,3.588102399143e+00  ,1.263492178271e+01  
  5.352058726871e-03  ,4.792935520909e+00  ,3.597948157147e+00  ,1.263873849457e+01  
  5.352067645216e-03  ,4.356518123763e+00  ,1.396864756177e+01  ,1.264054202901e+01  
  5.352076016689e-03  ,4.341946882625e+00  ,4.349782581516e+01  ,1.264060377542e+01  
  5.352082296783e-03  ,4.134719914256e+00  ,5.281720231353e+01  ,3.949503283777e-02  
  5.352085568333e-03  ,3.936822193228e+00  ,5.284661981682e+01  ,-2.062347956524e-01  
  5.352088130588e-03  ,3.786670175319e+00  ,5.282944919537e+01  ,-1.739765174546e-03  
  5.352090905929e-03  ,3.630682382939e+00  ,5.283256226703e+01  ,7.843417652417e-03  
  5.352096456611e-03  ,3.337420140607e+00  ,5.284102756484e+01  ,5.600876050715e-03  
  5.352107557977e-03  ,2.819377576124e+00  ,5.285767359590e+01  ,4.578542574237e-03  
  5.352129760707e-03  ,2.007263397545e+00  ,5.289082733940e+01  ,3.658070195039e-03  
  5.352174166167e-03  ,9.673662019890e-01  ,5.295701463093e+01  ,2.010241979939e-03  
  5.352217457021e-03  ,4.397667553176e-01  ,5.302132119109e+01  ,1.239145095842e-03  
  5.352265033448e-03  ,1.637772790286e-01  ,5.309179080214e+01  ,8.352443478727e-04  
  5.352331206525e-03  ,5.550814646034e-02  ,5.318948490766e+01  ,6.749944856473e-04  
  5.352415117944e-03  ,1.370738417566e-02  ,5.331287707656e+01  ,6.109413860726e-04  
  5.352508411134e-03  ,-3.617365651837e-04  ,5.344943318790e+01  ,5.869597059714e-04  
  5.352694997514e-03  ,-3.213694321126e-03  ,5.372055430222e+01  ,5.758693412989e-04  
  5.353064832414e-03  ,5.990528309821e-05  ,5.425007867901e+01  ,5.669936189917e-04  
  5.353717145646e-03  ,2.740241378112e-03  ,5.515841205027e+01  ,5.472865228875e-04  
  5.355021772111e-03  ,6.319421331223e-04  ,5.687567836042e+01  ,4.980365326634e-04  
  5.357631025040e-03  ,2.081697676376e-03  ,5.990556743967e+01  ,4.125690224171e-04  
  5.362000000020e-03  ,1.212585608128e-04  ,6.375290482417e+01  ,2.752830443863e-04  
  5.362001000018e-03  ,5.767781634036e-01  ,6.375374146058e+01  ,-1.015092415112e-03  
  5.362001885426e-03  ,1.094759344667e+00  ,6.375448558880e+01  ,-2.189405351045e-03  
  5.362003656243e-03  ,2.160524586916e+00  ,6.375597120589e+01  ,-4.508453318780e-03  
  5.362007197877e-03  ,4.414475429907e+00  ,6.375892546398e+01  ,-8.965513642853e-03  
  5.362010000020e-03  ,6.310593224495e+00  ,6.376124743432e+01  ,-1.232732703073e-02  
  5.362010708347e-03  ,6.402965728621e+00  ,6.376173911356e+01  ,-1.224767750171e-02  
  5.362012125075e-03  ,6.583833622298e+00  ,6.376271191630e+01  ,-1.198730680558e-02  
  5.362014958530e-03  ,6.936476128946e+00  ,6.376465768723e+01  ,-1.147371001984e-02  
  5.362020625442e-03  ,7.600254073464e+00  ,6.376855272545e+01  ,-1.050655015714e-02  
  5.362031959265e-03  ,8.773582188866e+00  ,6.377635517286e+01  ,-8.797190112000e-03  
  5.362044029206e-03  ,9.824004228193e+00  ,6.378467905998e+01  ,-7.266909225117e-03  
  5.362052573532e-03  ,9.976787187668e+00  ,3.628471036430e+01  ,9.860479934697e+00  
  5.362060714036e-03  ,1.001057939906e+01  ,4.463204271823e+00  ,9.861545813256e+00  
  5.362064623356e-03  ,1.027360184884e+01  ,2.829616731009e+00  ,9.862005579719e+00  
  5.362066732987e-03  ,1.042116570930e+01  ,2.762075939877e+00  ,9.862588589830e+00  
  5.362069399178e-03  ,1.060269839497e+01  ,2.788759391342e+00  ,9.863331442928e+00  
  5.362074668973e-03  ,1.094094943323e+01  ,2.817915333772e+00  ,9.864782156886e+00  
  5.362083806365e-03  ,1.146779770826e+01  ,2.807385345630e+00  ,9.867394063357e+00  
  5.362102081150e-03  ,1.233290255707e+01  ,2.804255227093e+00  ,9.872546585646e+00  
  5.362138630718e-03  ,1.349059147436e+01  ,2.806696589190e+00  ,9.882851572828e+00  
  5.362211729854e-03  ,1.464976712939e+01  ,2.811699878195e+00  ,9.903458791551e+00  
  5.362321163982e-03  ,1.514735576604e+01  ,2.820228895326e+00  ,9.934301597753e+00  
  5.362481929630e-03  ,1.516613618211e+01  ,2.833080936036e+00  ,9.979594512056e+00  
  5.362704088062e-03  ,1.495769382631e+01  ,2.850930928869e+00  ,1.004214983658e+01  
  5.363118984073e-03  ,1.502198439374e+01  ,2.884039739702e+00  ,1.015887047478e+01  
  5.363521673053e-03  ,1.500840536959e+01  ,2.916170706355e+00  ,1.027202565745e+01  
  5.364327051013e-03  ,1.499405462171e+01  ,2.980316971390e+00  ,1.049794839546e+01  
  5.365937806934e-03  ,1.500514734059e+01  ,3.108152755360e+00  ,1.094824753757e+01  
  5.369159318775e-03  ,1.500051508535e+01  ,3.362092083155e+00  ,1.184270193737e+01  
  5.372010000020e-03  ,1.499960483782e+01  ,3.584868223005e+00  ,1.262739527652e+01  
  5.372011000018e-03  ,1.441979504555e+01  ,3.584799721200e+00  ,1.262766942023e+01  
  5.372013000126e-03  ,1.321217052803e+01  ,3.584568876894e+00  ,1.262821765996e+01  
  5.372017000343e-03  ,1.067099384164e+01  ,3.584124994630e+00  ,1.262931445629e+01  
  5.372020000020e-03  ,8.646181726702e+00  ,3.583852370935e+00  ,1.263013684755e+01  
  5.372020800063e-03  ,8.542520868281e+00  ,3.583906901162e+00  ,1.263035614675e+01  
  5.372022400076e-03  ,8.337695157629e+00  ,3.584102758708e+00  ,1.263079484514e+01  
  5.372025600100e-03  ,7.942604343628e+00  ,3.584628765466e+00  ,1.263167221148e+01  
  5.372032000149e-03  ,7.207290276818e+00  ,3.585723596381e+00  ,1.263342671273e+01  
  5.372044800246e-03  ,5.931866452052e+00  ,3.588679721269e+00  ,1.263693557595e+01  
  5.372058725381e-03  ,4.791384757733e+00  ,3.598559966889e+00  ,1.264075179589e+01  
  5.372067642236e-03  ,4.356429090390e+00  ,1.403843435606e+01  ,1.264254940313e+01  
  5.372076010728e-03  ,4.342021227525e+00  ,4.356843753442e+01  ,1.264260657775e+01  
  5.372082280392e-03  ,4.134233796641e+00  ,5.281657201662e+01  ,3.565149766829e-02  
  5.372085550079e-03  ,3.936455050670e+00  ,5.284548710371e+01  ,-2.051710379280e-01  
  5.372088114196e-03  ,3.786211484396e+00  ,5.282842264507e+01  ,-1.679309351645e-03  
  5.372090890283e-03  ,3.630201392168e+00  ,5.283154530365e+01  ,7.831964697254e-03  
  5.372096442455e-03  ,3.336902109436e+00  ,5.284001413625e+01  ,5.599318027687e-03  
  5.372107546801e-03  ,2.817695467206e+00  ,5.285662703606e+01  ,4.699744992675e-03  
  5.372129755491e-03  ,2.005880297439e+00  ,5.288982419125e+01  ,3.533734637273e-03  
  5.372174172873e-03  ,9.664765951182e-01  ,5.295603560784e+01  ,2.008579591716e-03  
  5.372216730589e-03  ,4.465201352282e-01  ,5.301927249592e+01  ,1.249242987946e-03  
  5.372264515633e-03  ,2.099193925002e-01  ,5.309006844783e+01  ,9.026792120049e-04  
  5.372334491486e-03  ,6.559106680131e-02  ,5.319340299057e+01  ,6.897259803320e-04  
  5.372398006195e-03  ,2.409282617388e-02  ,5.328686325448e+01  ,6.268902769317e-04  
  5.372525035614e-03  ,-3.284409656962e-03  ,5.347285718815e+01  ,5.822469047520e-04  
  5.372684203858e-03  ,-5.036430061916e-03  ,5.370417005555e+01  ,5.737802881846e-04  
  5.373002540344e-03  ,-3.827473317912e-04  ,5.416098627840e+01  ,5.688068578283e-04  
  5.373550903076e-03  ,2.946367159691e-03  ,5.492963991241e+01  ,5.537367426674e-04  
  5.374647628540e-03  ,5.523215490307e-04  ,5.639689909677e+01  ,5.111460958263e-04  
  5.376841079468e-03  ,2.245196701765e-03  ,5.904666507651e+01  ,4.388787905968e-04  
  5.381227981323e-03  ,8.517095410307e-05  ,6.318761180136e+01  ,2.976727266650e-04  
  5.382000000020e-03  ,1.474800499796e-03  ,6.375550100410e+01  ,2.806284843505e-04  
  5.382001000018e-03  ,5.781115957340e-01  ,6.375633799618e+01  ,-1.010886832780e-03  
  5.382001884402e-03  ,1.095468694489e+00  ,6.375708178700e+01  ,-2.186883986159e-03  
  5.382003653170e-03  ,2.159916574109e+00  ,6.375856604701e+01  ,-4.502659612873e-03  
  5.382007190705e-03  ,4.410959035524e+00  ,6.376151776211e+01  ,-8.954877034301e-03  
  5.382010000020e-03  ,6.311750180161e+00  ,6.376384635230e+01  ,-1.232556305698e-02  
  5.382010707527e-03  ,6.404004659675e+00  ,6.376433764162e+01  ,-1.224609009194e-02  
  5.382012122579e-03  ,6.584641209733e+00  ,6.376530964570e+01  ,-1.198604822374e-02  
  5.382014952682e-03  ,6.936843136010e+00  ,6.376725378421e+01  ,-1.147309431054e-02  
  5.382020612888e-03  ,7.600657265877e+00  ,6.377114551055e+01  ,-1.050581269540e-02  
  5.382031933300e-03  ,8.773284955973e+00  ,6.377894140980e+01  ,-8.797545861452e-03  
  5.382043335668e-03  ,9.770283713148e+00  ,6.378680725939e+01  ,-7.345093802266e-03  
  5.382051367394e-03  ,9.973348674496e+00  ,4.118946124850e+01  ,9.861909320629e+00  
  5.382059034042e-03  ,1.000007237145e+01  ,1.084417988900e+01  ,9.862074888459e+00  
  5.382063362829e-03  ,1.018656705155e+01  ,3.408379537724e+00  ,9.862991618095e+00  
  5.382067476295e-03  ,1.046815651304e+01  ,2.661804885604e+00  ,9.864073297391e+00  
  5.382069794170e-03  ,1.062530769312e+01  ,2.744931043654e+00  ,9.864721535647e+00  
  5.382072712563e-03  ,1.081525678321e+01  ,2.800927953925e+00  ,9.865541470495e+00  
  5.382078549348e-03  ,1.117027115475e+01  ,2.810746734402e+00  ,9.867183060316e+00  
  5.382090222917e-03  ,1.179310366069e+01  ,2.800080381186e+00  ,9.870474140852e+00  
  5.382102342032e-03  ,1.233585101730e+01  ,2.804345942485e+00  ,9.873891253316e+00  
  5.382126580260e-03  ,1.316322451977e+01  ,2.806571249206e+00  ,9.880725134177e+00  
  5.382175056718e-03  ,1.415073510439e+01  ,2.808903320863e+00  ,9.894391722233e+00  
  5.382272009633e-03  ,1.496855331927e+01  ,2.816723172238e+00  ,9.921719725992e+00  
  5.382400088094e-03  ,1.499959727588e+01  ,2.826980408670e+00  ,9.957809865071e+00  
  5.382623009465e-03  ,1.500017292943e+01  ,2.844780183573e+00  ,1.002059370459e+01  
  5.382861261151e-03  ,1.500015214771e+01  ,2.863830050260e+00  ,1.008765128950e+01  
  5.383337764524e-03  ,1.500028493988e+01  ,2.901867037429e+00  ,1.022163048642e+01  
  5.384290771268e-03  ,1.500035991543e+01  ,2.977786756547e+00  ,1.048904599331e+01  
  5.386196784757e-03  ,1.500050009021e+01  ,3.129011549561e+00  ,1.102171197534e+01  
  5.390008811734e-03  ,1.499963881114e+01  ,3.429019889718e+00  ,1.207844337502e+01  
  5.392010000020e-03  ,1.500000222772e+01  ,3.585219758704e+00  ,1.262863399181e+01  
  5.392011000018e-03  ,1.442253089439e+01  ,3.585150445998e+00  ,1.262890813172e+01  
  5.392013000126e-03  ,1.321482582016e+01  ,3.584919301650e+00  ,1.262945636620e+01  
  5.392017000343e-03  ,1.067349368439e+01  ,3.584475317395e+00  ,1.263055314707e+01  
  5.392020000020e-03  ,8.648570360822e+00  ,3.584202702584e+00  ,1.263137552782e+01  
  5.392020800063e-03  ,8.544880863879e+00  ,3.584257207293e+00  ,1.263159482428e+01  
  5.392022400076e-03  ,8.339998565524e+00  ,3.584453019429e+00  ,1.263203351699e+01  
  5.392025600100e-03  ,7.944798598084e+00  ,3.584978921513e+00  ,1.263291087204e+01  
  5.392032000149e-03  ,7.209281380312e+00  ,3.586073410802e+00  ,1.263466535098e+01  
  5.392044800246e-03  ,5.933505157779e+00  ,3.589027496472e+00  ,1.263817416956e+01  
  5.392058725381e-03  ,4.792707905551e+00  ,3.598880097922e+00  ,1.264199034359e+01  
  5.392067643726e-03  ,4.356522312114e+00  ,1.398159006134e+01  ,1.264379277307e+01  
  5.392076013708e-03  ,4.341977123868e+00  ,4.350735354246e+01  ,1.264385381830e+01  
  5.392082292313e-03  ,4.134673447535e+00  ,5.281648210402e+01  ,3.894494724918e-02  
  5.392085563490e-03  ,3.936797931909e+00  ,5.284582909266e+01  ,-2.060806408421e-01  
  5.392087132955e-03  ,3.843930152620e+00  ,5.282750425104e+01  ,-4.144331800152e-03  
  5.392090271885e-03  ,3.665322015291e+00  ,5.283067907629e+01  ,1.014155413532e-02  
  5.392096549744e-03  ,3.332202859796e+00  ,5.284045971723e+01  ,5.649314742371e-03  
  5.392109105462e-03  ,2.751505649974e+00  ,5.285925234931e+01  ,4.594290580255e-03  
  5.392134216899e-03  ,1.861866603167e+00  ,5.289676031048e+01  ,3.314377212989e-03  
  5.392175367946e-03  ,9.415066336789e-01  ,5.295808178769e+01  ,1.972221336280e-03  
  5.392221358890e-03  ,4.554942756470e-01  ,5.302641154309e+01  ,1.262227055918e-03  
  5.392269453878e-03  ,1.918279798120e-01  ,5.309766440253e+01  ,8.762175705762e-04  
  5.392324361676e-03  ,8.007911116060e-02  ,5.317877182706e+01  ,7.113171008040e-04  
  5.392413053388e-03  ,6.892630757883e-03  ,5.330928644621e+01  ,6.013476559915e-04  
  5.392507848615e-03  ,2.597140071741e-03  ,5.344811283065e+01  ,5.915565300614e-04  
  5.392697439069e-03  ,7.909089857061e-04  ,5.372371178929e+01  ,5.818709766777e-04  
  5.392919049138e-03  ,1.962872075187e-03  ,5.404237844478e+01  ,5.754233110178e-04  
  5.393362269277e-03  ,1.918053655434e-03  ,5.466839773201e+01  ,5.590999633853e-04  
  5.394248709554e-03  ,1.422116771188e-03  ,5.587484214792e+01  ,5.266353209096e-04  
  5.396021590108e-03  ,1.581879535527e-03  ,5.810267187581e+01  ,4.653797274583e-04  
  5.399567351216e-03  ,9.473359043250e-04  ,6.180447157116e+01  ,3.496268346863e-04  
  5.402000000020e-03  ,1.006555719270e-03  ,6.375717397442e+01  ,2.787967987742e-04  
  5.402001000018e-03  ,5.776503135366e-01  ,6.375801068074e+01  ,-1.012237676722e-03  
  5.402001884774e-03  ,1.095234029428e+00  ,6.375875449054e+01  ,-2.187900859299e-03  
  5.402003654287e-03  ,2.160160307292e+00  ,6.376023897280e+01  ,-4.504801489812e-03  
  5.402007193313e-03  ,4.412259091359e+00  ,6.376319108239e+01  ,-8.958770345682e-03  
  5.402010000020e-03  ,6.312133607152e+00  ,6.376551673914e+01  ,-1.232507894019e-02  
  5.402010707825e-03  ,6.404422458522e+00  ,6.376600806680e+01  ,-1.224556578702e-02  
  5.402012123435e-03  ,6.587039374066e+00  ,6.376698025441e+01  ,-1.198560144604e-02  
  5.402014954656e-03  ,6.940805496018e+00  ,6.376892407953e+01  ,-1.146740981390e-02  
  5.402020617097e-03  ,7.604544646303e+00  ,6.377281603885e+01  ,-1.050030288081e-02  
  5.402031941980e-03  ,8.776984401922e+00  ,6.378061240486e+01  ,-8.792215763861e-03  
  5.402043351799e-03  ,9.773995621625e+00  ,6.378848077484e+01  ,-7.339769880268e-03  
  5.402051390975e-03  ,9.973508450666e+00  ,4.097280455286e+01  ,9.860919029166e+00  
  5.402059066564e-03  ,1.000035948299e+01  ,1.059912395968e+01  ,9.861095289480e+00  
  5.402063370764e-03  ,1.018922881785e+01  ,3.392999855073e+00  ,9.862011458641e+00  
  5.402067442506e-03  ,1.046802885210e+01  ,2.664830817819e+00  ,9.863088404654e+00  
  5.402069764852e-03  ,1.062545959571e+01  ,2.745638505769e+00  ,9.863737812353e+00  
  5.402072702616e-03  ,1.081662340422e+01  ,2.800699851213e+00  ,9.864563140866e+00  
  5.402078578144e-03  ,1.117377831120e+01  ,2.810333488067e+00  ,9.866215672346e+00  
  5.402090329200e-03  ,1.179983578634e+01  ,2.799898780610e+00  ,9.869528639849e+00  
  5.402102628618e-03  ,1.234886890572e+01  ,2.804092868215e+00  ,9.872996620573e+00  
  5.402127227455e-03  ,1.318252282215e+01  ,2.806318865647e+00  ,9.879932234694e+00  
  5.402176425129e-03  ,1.417024592378e+01  ,2.808738300919e+00  ,9.893802253199e+00  
  5.402274820477e-03  ,1.497915448233e+01  ,2.816667135698e+00  ,9.921536948468e+00  
  5.402403185039e-03  ,1.499977481778e+01  ,2.826950849595e+00  ,9.957707760792e+00  
  5.402629205852e-03  ,1.500012917099e+01  ,2.844999468399e+00  ,1.002136431736e+01  
  5.402868959576e-03  ,1.500011469855e+01  ,2.864168681325e+00  ,1.008884399187e+01  
  5.403348467022e-03  ,1.500019527923e+01  ,2.902444863409e+00  ,1.022366565209e+01  
  5.404307481914e-03  ,1.500024050474e+01  ,2.978841006274e+00  ,1.049275923304e+01  
  5.406225511700e-03  ,1.500032528001e+01  ,3.131010892888e+00  ,1.102875407705e+01  
  5.410061571270e-03  ,1.500034313259e+01  ,3.432878296329e+00  ,1.209203519460e+01  
  5.412010000020e-03  ,1.499977289601e+01  ,3.584948811415e+00  ,1.262767942686e+01  
  5.412011000018e-03  ,1.442096269792e+01  ,3.584879979873e+00  ,1.262795356978e+01  
  5.412013000126e-03  ,1.321330379909e+01  ,3.584649014161e+00  ,1.262850180784e+01  
  5.412017000343e-03  ,1.067206076735e+01  ,3.584205089697e+00  ,1.262959860102e+01  
  5.412020000020e-03  ,8.647201188854e+00  ,3.583932467777e+00  ,1.263042098988e+01  
  5.412020800063e-03  ,8.543528107580e+00  ,3.583986986278e+00  ,1.263064028846e+01  
  5.412022400076e-03  ,8.338678245431e+00  ,3.584182822753e+00  ,1.263107898554e+01  
  5.412025600100e-03  ,7.943540845006e+00  ,3.584708782017e+00  ,1.263195634928e+01  
  5.412032000149e-03  ,7.208140073822e+00  ,3.585803459865e+00  ,1.263371084546e+01  
  5.412044800246e-03  ,5.932565846201e+00  ,3.588758682817e+00  ,1.263721969851e+01  
  5.412058725381e-03  ,4.791949469508e+00  ,3.598626927673e+00  ,1.264103590855e+01  
  5.412067642236e-03  ,4.356470037011e+00  ,1.401166263984e+01  ,1.264283564588e+01  
  5.412076012218e-03  ,4.341999026946e+00  ,4.354263811238e+01  ,1.264289453966e+01  
  5.412082285607e-03  ,4.134463533134e+00  ,5.281919090338e+01  ,3.729126450179e-02  
  5.412085556040e-03  ,3.936635813020e+00  ,5.284831962818e+01  ,-2.056137194604e-01  
  5.412088119412e-03  ,3.786427550811e+00  ,5.283121150690e+01  ,-1.704438998766e-03  
  5.412090894753e-03  ,3.630449644927e+00  ,5.283433004343e+01  ,7.836570951201e-03  
  5.412096445436e-03  ,3.337206053285e+00  ,5.284279705662e+01  ,5.600161646853e-03  
  5.412107546801e-03  ,2.819196814712e+00  ,5.285944769376e+01  ,4.578981259786e-03  
  5.412129749531e-03  ,2.007134886268e+00  ,5.289261098385e+01  ,3.657493421699e-03  
  5.412174154991e-03  ,9.673045912047e-01  ,5.295881707700e+01  ,2.010303459608e-03  
  5.412217445845e-03  ,4.397390871898e-01  ,5.302314200097e+01  ,1.239258304091e-03  
  5.412265022272e-03  ,1.637673659293e-01  ,5.309363176944e+01  ,8.353827540267e-04  
  5.412331195349e-03  ,5.550519756580e-02  ,5.319135386655e+01  ,6.751424602315e-04  
  5.412415106768e-03  ,1.370712280811e-02  ,5.331478145164e+01  ,6.110925528314e-04  
  5.412508399958e-03  ,-3.610947490137e-04  ,5.345137683411e+01  ,5.871113821225e-04  
  5.412694986338e-03  ,-3.212872975742e-03  ,5.372257615705e+01  ,5.760196813685e-04  
  5.413064821238e-03  ,6.050809856281e-05  ,5.425225422179e+01  ,5.671405255280e-04  
  5.413717134470e-03  ,2.740657526808e-03  ,5.516085428884e+01  ,5.474278904456e-04  
  5.415021760935e-03  ,6.324645604185e-04  ,5.687863664262e+01  ,4.981680300790e-04  
  5.417631013865e-03  ,2.082064962885e-03  ,5.990948448481e+01  ,4.126823697209e-04  
  5.422000000020e-03  ,1.216422551140e-04  ,6.375819998302e+01  ,2.753707423434e-04  
  5.422001000018e-03  ,5.767785463347e-01  ,6.375903689697e+01  ,-1.015006378011e-03  
  5.422001885520e-03  ,1.094814851958e+00  ,6.375978134901e+01  ,-2.189442566548e-03  
  5.422003656523e-03  ,2.160696696036e+00  ,6.376126761288e+01  ,-4.508727849547e-03  
  5.422007198529e-03  ,4.414905878190e+00  ,6.376422316100e+01  ,-8.966225869498e-03  
  5.422010000020e-03  ,6.310594182404e+00  ,6.376654536632e+01  ,-1.232724006887e-02  
  5.422010708421e-03  ,6.402976292809e+00  ,6.376703729337e+01  ,-1.224757461791e-02  
  5.422012125149e-03  ,6.585378793543e+00  ,6.376801055983e+01  ,-1.198696477977e-02  
  5.422014958605e-03  ,6.939179282204e+00  ,6.376995682301e+01  ,-1.146969030792e-02  
  5.422020625517e-03  ,7.603705629147e+00  ,6.377385337637e+01  ,-1.050148453171e-02  
  5.422031959340e-03  ,8.774676333138e+00  ,6.378165931058e+01  ,-8.795471801488e-03  
  5.422044029280e-03  ,9.824218344857e+00  ,6.378998665682e+01  ,-7.266510162210e-03  
  5.422052572116e-03  ,9.976792746203e+00  ,3.629540576677e+01  ,9.862403314069e+00  
  5.422060711130e-03  ,1.001055713527e+01  ,4.478180515883e+00  ,9.863462656504e+00  
  5.422064621195e-03  ,1.027339384247e+01  ,2.831989058515e+00  ,9.863927849764e+00  
  5.422066733062e-03  ,1.042110019064e+01  ,2.762721480708e+00  ,9.864511290091e+00  
  5.422069402232e-03  ,1.060283113343e+01  ,2.789155715008e+00  ,9.865255013230e+00  
  5.422074666068e-03  ,1.094057247630e+01  ,2.806572669480e+00  ,9.866731546829e+00  
  5.422083608255e-03  ,1.145699809278e+01  ,2.806152593038e+00  ,9.869247461843e+00  
  5.422101492628e-03  ,1.230823894178e+01  ,2.805079593195e+00  ,9.874285646990e+00  
  5.422137261376e-03  ,1.348305334290e+01  ,2.806872413415e+00  ,9.884366811015e+00  
  5.422208798870e-03  ,1.455014919356e+01  ,2.812077683262e+00  ,9.904533607735e+00  
  5.422333372578e-03  ,1.498727105220e+01  ,2.821785957132e+00  ,9.939642299360e+00  
  5.422465718731e-03  ,1.500007927271e+01  ,2.832424878515e+00  ,9.976928043011e+00  
  5.422710336193e-03  ,1.500292903444e+01  ,2.851949500547e+00  ,1.004580700557e+01  
  5.423105061993e-03  ,1.500103993234e+01  ,2.883476024635e+00  ,1.015685241426e+01  
  5.423894513592e-03  ,1.500141773407e+01  ,2.946422058895e+00  ,1.037857039287e+01  
  5.425473416790e-03  ,1.499982559016e+01  ,3.071892932258e+00  ,1.082051944136e+01  
  5.428631223187e-03  ,1.500000394298e+01  ,3.321154643627e+00  ,1.169850528985e+01  
  5.432010000020e-03  ,1.499989230564e+01  ,3.585398414078e+00  ,1.262926298858e+01  
  5.432011000018e-03  ,1.442325055205e+01  ,3.585328806149e+00  ,1.262953712549e+01  
  5.432013000126e-03  ,1.321552428728e+01  ,3.585097552498e+00  ,1.263008536332e+01  
  5.432017000343e-03  ,1.067415126092e+01  ,3.584653533989e+00  ,1.263118213136e+01  
  5.432020000020e-03  ,8.649198684289e+00  ,3.584380924705e+00  ,1.263200450677e+01  
  5.432020800063e-03  ,8.545501654080e+00  ,3.584435423594e+00  ,1.263222380182e+01  
  5.432022400076e-03  ,8.340604470523e+00  ,3.584631225769e+00  ,1.263266249167e+01  
  5.432025600100e-03  ,7.945375790645e+00  ,3.585157103846e+00  ,1.263353984099e+01  
  5.432032000149e-03  ,7.209805134744e+00  ,3.586251512256e+00  ,1.263529430856e+01  
  5.432044800246e-03  ,5.933936215601e+00  ,3.589205100733e+00  ,1.263880310437e+01  
  5.432058726871e-03  ,4.792944984408e+00  ,3.599053551789e+00  ,1.264261966242e+01  
  5.432067645216e-03  ,4.356542824244e+00  ,1.397074871506e+01  ,1.264442293179e+01  
  5.432076016689e-03  ,4.341970331224e+00  ,4.350004055221e+01  ,1.264448454785e+01  
  5.432082296783e-03  ,4.134708707733e+00  ,5.281702703430e+01  ,3.931879045188e-02  
  5.432085568333e-03  ,3.936810988873e+00  ,5.284642381081e+01  ,-2.061861061109e-01  
  5.432088130588e-03  ,3.786659494434e+00  ,5.282925995431e+01  ,-1.736784116594e-03  
  5.432090905929e-03  ,3.630672176467e+00  ,5.283237551796e+01  ,7.843301190996e-03  
  5.432096456611e-03  ,3.337410824957e+00  ,5.284084513683e+01  ,5.601127801824e-03  
  5.432107557977e-03  ,2.819369853905e+00  ,5.285749990570e+01  ,4.578876414400e-03  
  5.432129760707e-03  ,2.007258173674e+00  ,5.289067114400e+01  ,3.658328342680e-03  
  5.432174166167e-03  ,9.673641765660e-01  ,5.295689338136e+01  ,2.010543252645e-03  
  5.432217457021e-03  ,4.397663522918e-01  ,5.302123398389e+01  ,1.239448247974e-03  
  5.432265033448e-03  ,1.637777241944e-01  ,5.309174097241e+01  ,8.355479748224e-04  
  5.432331206525e-03  ,5.550892342520e-02  ,5.318948700421e+01  ,6.752975684726e-04  
  5.432415117944e-03  ,1.370828807275e-02  ,5.331294491511e+01  ,6.112433551169e-04  
  5.432508411134e-03  ,-3.607912589944e-04  ,5.344957398164e+01  ,5.872603005223e-04  
  5.432694997514e-03  ,-3.212744035606e-03  ,5.372084056877e+01  ,5.761670993800e-04  
  5.433064832414e-03  ,6.083782246103e-05  ,5.425065153347e+01  ,5.672858102503e-04  
  5.433717145646e-03  ,2.741151656849e-03  ,5.515948455441e+01  ,5.475693390883e-04  
  5.435021772111e-03  ,6.328291218820e-04  ,5.687772656934e+01  ,4.983015697339e-04  
  5.437631025040e-03  ,2.082514279526e-03  ,5.990946390714e+01  ,4.128024227617e-04  
  5.442000000020e-03  ,1.219552038349e-04  ,6.375954942338e+01  ,2.754720880495e-04  
  5.442001000018e-03  ,5.767788599647e-01  ,6.376038663561e+01  ,-1.014904860160e-03  
  5.442001885520e-03  ,1.094815166179e+00  ,6.376113135183e+01  ,-2.189341355024e-03  
  5.442003656523e-03  ,2.160697011415e+00  ,6.376261814396e+01  ,-4.508626558617e-03  
  5.442007198529e-03  ,4.414906195795e+00  ,6.376557474859e+01  ,-8.966124538729e-03  
  5.442010000020e-03  ,6.310594501688e+00  ,6.376789778955e+01  ,-1.232713872148e-02  
  5.442010708421e-03  ,6.402976612509e+00  ,6.376838992821e+01  ,-1.224747257109e-02  
  5.442012125149e-03  ,6.585379114068e+00  ,6.376936361804e+01  ,-1.198686261098e-02  
  5.442014958605e-03  ,6.939179604330e+00  ,6.377131072795e+01  ,-1.146958818936e-02  
  5.442020625517e-03  ,7.603705954275e+00  ,6.377520897450e+01  ,-1.050138244965e-02  
  5.442031959340e-03  ,8.774676663539e+00  ,6.378301829414e+01  ,-8.795369762575e-03  
  5.442044029280e-03  ,9.824218679958e+00  ,6.379134924404e+01  ,-7.266408189107e-03  
  5.442052572116e-03  ,9.976801106579e+00  ,3.629743537668e+01  ,9.864021521823e+00  
  5.442060711130e-03  ,1.001056323666e+01  ,4.480093222485e+00  ,9.865080814629e+00  
  5.442064621195e-03  ,1.027337530008e+01  ,2.832635539190e+00  ,9.865545923302e+00  
  5.442066733435e-03  ,1.042110604511e+01  ,2.763189270690e+00  ,9.866129435586e+00  
  5.442069402605e-03  ,1.060283649168e+01  ,2.789601441847e+00  ,9.866873153303e+00  
  5.442074666440e-03  ,1.094057748767e+01  ,2.807027898809e+00  ,9.868349661963e+00  
  5.442083604157e-03  ,1.145676038239e+01  ,2.806612412239e+00  ,9.870864278179e+00  
  5.442101479590e-03  ,1.230767906828e+01  ,2.805538900581e+00  ,9.875899862448e+00  
  5.442137230456e-03  ,1.348225017975e+01  ,2.807329795399e+00  ,9.885975822860e+00  
  5.442208732187e-03  ,1.454956491303e+01  ,2.812531823027e+00  ,9.906132211985e+00  
  5.442333305895e-03  ,1.498725444874e+01  ,2.822239651653e+00  ,9.941240338148e+00  
  5.442465628206e-03  ,1.500007814924e+01  ,2.832876487782e+00  ,9.978518765899e+00  
  5.442710197985e-03  ,1.500293248537e+01  ,2.852396984277e+00  ,1.004738320230e+01  
  5.443104637682e-03  ,1.500104152256e+01  ,2.883900170698e+00  ,1.015834640482e+01  
  5.443893517077e-03  ,1.500142011005e+01  ,2.946799682502e+00  ,1.037990051678e+01  
  5.445471275866e-03  ,1.499982527546e+01  ,3.072178129852e+00  ,1.082152400502e+01  
  5.448626793444e-03  ,1.500000382434e+01  ,3.321257432579e+00  ,1.169886734809e+01  
  5.452010000020e-03  ,1.499989212024e+01  ,3.585845001696e+00  ,1.263083602408e+01  
  5.452011000018e-03  ,1.442325036938e+01  ,3.585775389793e+00  ,1.263111015653e+01  
  5.452013000126e-03  ,1.321552410998e+01  ,3.585544133517e+00  ,1.263165838541e+01  
  5.452017000343e-03  ,1.067415109411e+01  ,3.585100118385e+00  ,1.263275513561e+01  
  5.452020000020e-03  ,8.649198525098e+00  ,3.584827518712e+00  ,1.263357749762e+01  
  5.452020800063e-03  ,8.545501496894e+00  ,3.584882023630e+00  ,1.263379678909e+01  
  5.452022400076e-03  ,8.340604317297e+00  ,3.585077837134e+00  ,1.263423547179e+01  
  5.452025600100e-03  ,7.945375645024e+00  ,3.585603733026e+00  ,1.263511280683e+01  
  5.452032000149e-03  ,7.209805003478e+00  ,3.586698187714e+00  ,1.263686724580e+01  
  5.452044800246e-03  ,5.933936111004e+00  ,3.589651975427e+00  ,1.264037598443e+01  
  5.452058726871e-03  ,4.792944919143e+00  ,3.599501601767e+00  ,1.264419248014e+01  
  5.452067645216e-03  ,4.356552562070e+00  ,1.397178630572e+01  ,1.264599562762e+01  
  5.452076016689e-03  ,4.341979993558e+00  ,4.350115475465e+01  ,1.264605718223e+01  
  5.452082296783e-03  ,4.134721262612e+00  ,5.281816276900e+01  ,3.933553167661e-02  
  5.452085568333e-03  ,3.936823013540e+00  ,5.284756194694e+01  ,-2.061848104985e-01  
  5.452088130588e-03  ,3.786671078381e+00  ,5.283039899499e+01  ,-1.736662294679e-03  
  5.452090906301e-03  ,3.630662795963e+00  ,5.283351590599e+01  ,7.843529165183e-03  
  5.452096457729e-03  ,3.337364418874e+00  ,5.284198827455e+01  ,5.601150816809e-03  
  5.452107560584e-03  ,2.819266575031e+00  ,5.285864852934e+01  ,4.578848393777e-03  
  5.452129766295e-03  ,2.007091471087e+00  ,5.289183073232e+01  ,3.658176553881e-03  
  5.452174177716e-03  ,9.671721224099e-01  ,5.295807483544e+01  ,2.010369299705e-03  
  5.452217468569e-03  ,4.396662004550e-01  ,5.302242806747e+01  ,1.239408134877e-03  
  5.452265050957e-03  ,1.637057409147e-01  ,5.309295774664e+01  ,8.355483812165e-04  
  5.452331224034e-03  ,5.548527994873e-02  ,5.319072300795e+01  ,6.753680225914e-04  
  5.452415147373e-03  ,1.369967711556e-02  ,5.331422275871e+01  ,6.113347687894e-04  
  5.452508440563e-03  ,-3.605311982702e-04  ,5.345087872728e+01  ,5.873640899901e-04  
  5.452695026943e-03  ,-3.209801034300e-03  ,5.372219889316e+01  ,5.762737051925e-04  
  5.453064957211e-03  ,6.237499736269e-05  ,5.425225044316e+01  ,5.673847210874e-04  
  5.453717365811e-03  ,2.740734463927e-03  ,5.516139188162e+01  ,5.476584634100e-04  
  5.455022183010e-03  ,6.336834016062e-04  ,5.688020952561e+01  ,4.983792593746e-04  
  5.457631817410e-03  ,2.082223382646e-03  ,5.991292813058e+01  ,4.128546542425e-04  
  5.462000000020e-03  ,1.226715812322e-04  ,6.376312548718e+01  ,2.755351178362e-04  
  5.462001000018e-03  ,5.767795691507e-01  ,6.376396289253e+01  ,-1.014843064416e-03  
  5.462001885520e-03  ,1.094815869011e+00  ,6.376470777977e+01  ,-2.189281154043e-03  
  5.462003656523e-03  ,2.160697701766e+00  ,6.376619491358e+01  ,-4.508565980208e-03  
  5.462007198529e-03  ,4.414906862145e+00  ,6.376915220162e+01  ,-8.966063860987e-03  
  5.462010000020e-03  ,6.310595149939e+00  ,6.377147578306e+01  ,-1.232707802829e-02  
  5.462010708421e-03  ,6.402977256333e+00  ,6.377196805855e+01  ,-1.224741036396e-02  
  5.462012125149e-03  ,6.585379749157e+00  ,6.377294202233e+01  ,-1.198680014741e-02  
  5.462014958605e-03  ,6.939180222473e+00  ,6.377488968012e+01  ,-1.146952585972e-02  
  5.462020625517e-03  ,7.603706540586e+00  ,6.377878902213e+01  ,-1.050132021110e-02  
  5.462031959340e-03  ,8.774677193738e+00  ,6.378660053153e+01  ,-8.795307677440e-03  
  5.462044029280e-03  ,9.824219159833e+00  ,6.379493381153e+01  ,-7.266346253677e-03  
  5.462052572116e-03  ,9.976806724521e+00  ,3.630147622421e+01  ,9.865348607329e+00  
  5.462060711130e-03  ,1.001056311549e+01  ,4.483751071302e+00  ,9.866407739553e+00  
  5.462064621195e-03  ,1.027332068560e+01  ,2.833445826426e+00  ,9.866872693599e+00  
  5.462066734180e-03  ,1.042110018577e+01  ,2.763586222978e+00  ,9.867456356476e+00  
  5.462069404095e-03  ,1.060287985523e+01  ,2.789943680400e+00  ,9.868200286215e+00  
  5.462074666440e-03  ,1.094052580285e+01  ,2.807391583334e+00  ,9.869676355851e+00  
  5.462083593726e-03  ,1.145615011441e+01  ,2.806989885581e+00  ,9.872188003840e+00  
  5.462101448297e-03  ,1.230632987922e+01  ,2.805915324297e+00  ,9.877217643865e+00  
  5.462137157440e-03  ,1.348035077312e+01  ,2.807701805645e+00  ,9.887281711416e+00  
  5.462208575725e-03  ,1.454819215492e+01  ,2.812896479116e+00  ,9.907414313857e+00  
  5.462333149433e-03  ,1.498721544073e+01  ,2.822603532176e+00  ,9.942521986237e+00  
  5.462465376377e-03  ,1.500007358816e+01  ,2.833232588311e+00  ,9.979773070649e+00  
  5.462709850788e-03  ,1.500294081729e+01  ,2.852745212222e+00  ,1.004860979312e+01  
  5.463103622913e-03  ,1.500104554974e+01  ,2.884194724199e+00  ,1.015938392966e+01  
  5.463891167164e-03  ,1.500142641544e+01  ,2.946987241016e+00  ,1.038056117221e+01  
  5.465466255665e-03  ,1.499982444649e+01  ,3.072153130962e+00  ,1.082143594918e+01  
  5.468616432667e-03  ,1.500000352190e+01  ,3.320812971123e+00  ,1.169730180143e+01  
  5.472010000020e-03  ,1.499989161889e+01  ,3.586211195150e+00  ,1.263212588249e+01  
  5.472011000018e-03  ,1.442324987549e+01  ,3.586141579872e+00  ,1.263240001127e+01  
  5.472013000126e-03  ,1.321552363063e+01  ,3.585910321409e+00  ,1.263294823283e+01  
  5.472017000343e-03  ,1.067415064291e+01  ,3.585466309035e+00  ,1.263404496838e+01  
  5.472020000020e-03  ,8.649198094129e+00  ,3.585193717254e+00  ,1.263486731940e+01  
  5.472020800063e-03  ,8.545501071172e+00  ,3.585248227117e+00  ,1.263508660795e+01  
  5.472022400076e-03  ,8.340603901939e+00  ,3.585444049914e+00  ,1.263552528479e+01  
  5.472025600100e-03  ,7.945375249632e+00  ,3.585969960431e+00  ,1.263640260811e+01  
  5.472032000149e-03  ,7.209804645408e+00  ,3.587064453113e+00  ,1.263815702364e+01  
  5.472044800246e-03  ,5.933935819125e+00  ,3.590018404475e+00  ,1.264166571538e+01  
  5.472058726871e-03  ,4.792944699213e+00  ,3.599868998130e+00  ,1.264548215997e+01  
  5.472067645216e-03  ,4.356560535024e+00  ,1.397264503449e+01  ,1.264728520749e+01  
  5.472076016689e-03  ,4.341987923031e+00  ,4.350207760621e+01  ,1.264734671895e+01  
  5.472082296783e-03  ,4.134765385981e+00  ,5.282108835530e+01  ,3.952376089297e-02  
  5.472085568333e-03  ,3.936865654441e+00  ,5.285051105848e+01  ,-2.062217095716e-01  
  5.472088130588e-03  ,3.786712063647e+00  ,5.283334509033e+01  ,-1.738776532021e-03  
  5.472090905929e-03  ,3.630722611792e+00  ,5.283646176083e+01  ,7.843766950955e-03  
  5.472096456611e-03  ,3.337457243693e+00  ,5.284493412176e+01  ,5.601387225583e-03  
  5.472107557977e-03  ,2.819409155362e+00  ,5.286159435952e+01  ,4.579075447641e-03  
  5.472129760707e-03  ,2.007286317274e+00  ,5.289477651362e+01  ,3.658560367371e-03  
  5.472174166167e-03  ,9.673780326043e-01  ,5.296102056667e+01  ,2.010729459888e-03  
  5.472217457021e-03  ,4.397729589688e-01  ,5.302538239901e+01  ,1.239623361789e-03  
  5.472265033448e-03  ,1.637805381758e-01  ,5.309591267827e+01  ,8.357170820547e-04  
  5.472331206525e-03  ,5.551024855044e-02  ,5.319369103400e+01  ,6.754638191669e-04  
  5.472415117944e-03  ,1.370903713851e-02  ,5.331718981545e+01  ,6.114078938269e-04  
  5.472508411134e-03  ,-3.602374665138e-04  ,5.345386416667e+01  ,5.874235894691e-04  
  5.472694997514e-03  ,-3.212233412500e-03  ,5.372522083030e+01  ,5.763284097329e-04  
  5.473064832414e-03  ,6.138544681510e-05  ,5.425520837986e+01  ,5.674434363781e-04  
  5.473717145646e-03  ,2.741721827664e-03  ,5.516434645304e+01  ,5.477206625145e-04  
  5.475021772111e-03  ,6.333410163524e-04  ,5.688317347063e+01  ,4.984407275544e-04  
  5.477631025040e-03  ,2.082984915488e-03  ,5.991597673732e+01  ,4.129198084413e-04  
  5.482000000020e-03  ,1.222908799771e-04  ,6.376752265425e+01  ,2.755583533898e-04  
  5.482001000018e-03  ,5.767791957473e-01  ,6.376836015295e+01  ,-1.014821440991e-03  
  5.482001885613e-03  ,1.094870627214e+00  ,6.376910520087e+01  ,-2.189381144591e-03  
  5.482003656802e-03  ,2.160869076175e+00  ,6.377059265552e+01  ,-4.508903651447e-03  
  5.482007199180e-03  ,4.415336606857e+00  ,6.377355058165e+01  ,-8.966839266038e-03  
  5.482010000020e-03  ,6.311377156114e+00  ,6.377587377975e+01  ,-1.232589756236e-02  
  5.482010708496e-03  ,6.403760562627e+00  ,6.377636617526e+01  ,-1.224624314577e-02  
  5.482012125410e-03  ,6.586170122144e+00  ,6.377734040166e+01  ,-1.198562336914e-02  
  5.482014959238e-03  ,6.939982882466e+00  ,6.377928858459e+01  ,-1.146833088764e-02  
  5.482020626895e-03  ,7.604526879628e+00  ,6.378318897706e+01  ,-1.050009956147e-02  
  5.482031962208e-03  ,8.775509441246e+00  ,6.379100258726e+01  ,-8.794069762419e-03  
  5.482044033639e-03  ,9.825031174801e+00  ,6.379933804150e+01  ,-7.265137714162e-03  
  5.482052577965e-03  ,9.976847527193e+00  ,3.625935117978e+01  ,9.866267976841e+00  
  5.482060719959e-03  ,1.001067415658e+01  ,4.434319587179e+00  ,9.867304367857e+00  
  5.482064624808e-03  ,1.027388140966e+01  ,2.827528893479e+00  ,9.867794997482e+00  
  5.482066727735e-03  ,1.042101141961e+01  ,2.763556529952e+00  ,9.868376458554e+00  
  5.482069387965e-03  ,1.060215872717e+01  ,2.790725547184e+00  ,9.869117531294e+00  
  5.482074668191e-03  ,1.094108923268e+01  ,2.819368494490e+00  ,9.870570127132e+00  
  5.482083908401e-03  ,1.147347134166e+01  ,2.808969680243e+00  ,9.873211831830e+00  
  5.482102388821e-03  ,1.234582150210e+01  ,2.805914510655e+00  ,9.878422030420e+00  
  5.482139349662e-03  ,1.350802842082e+01  ,2.808382190576e+00  ,9.888842355407e+00  
  5.482213271342e-03  ,1.466391980374e+01  ,2.813459421367e+00  ,9.909680180980e+00  
  5.482322705470e-03  ,1.514884306859e+01  ,2.821994012446e+00  ,9.940521059381e+00  
  5.482484877787e-03  ,1.516439543161e+01  ,2.834959049364e+00  ,9.986207325818e+00  
  5.482707608424e-03  ,1.495794027496e+01  ,2.852852754975e+00  ,1.004891954173e+01  
  5.483128226481e-03  ,1.502206719924e+01  ,2.886416081172e+00  ,1.016724089488e+01  
  5.483536065303e-03  ,1.500831993430e+01  ,2.918954967792e+00  ,1.028183266085e+01  
  5.484351742945e-03  ,1.499409072792e+01  ,2.983914057010e+00  ,1.051061860820e+01  
  5.485983098231e-03  ,1.500512722749e+01  ,3.113364366101e+00  ,1.096660460991e+01  
  5.489245808802e-03  ,1.500050732088e+01  ,3.370488219071e+00  ,1.187227601274e+01  
  5.492010000020e-03  ,1.499961311826e+01  ,3.586466087631e+00  ,1.263302353062e+01  
  5.492011000018e-03  ,1.441997040577e+01  ,3.586397518583e+00  ,1.263329765830e+01  
  5.492013000126e-03  ,1.321234072476e+01  ,3.586166645252e+00  ,1.263384586636e+01  
  5.492017000343e-03  ,1.067115407488e+01  ,3.585722768240e+00  ,1.263494259854e+01  
  5.492020000020e-03  ,8.646334832471e+00  ,3.585450179033e+00  ,1.263576494187e+01  
  5.492020800063e-03  ,8.542672138730e+00  ,3.585504728907e+00  ,1.263598422828e+01  
  5.492022400076e-03  ,8.337842801606e+00  ,3.585700623525e+00  ,1.263642290111e+01  
  5.492025600100e-03  ,7.942744992298e+00  ,3.586226686463e+00  ,1.263730021633e+01  
  5.492032000149e-03  ,7.207417906875e+00  ,3.587321658855e+00  ,1.263905461530e+01  
  5.492044800246e-03  ,5.931971505496e+00  ,3.590278356474e+00  ,1.264256327392e+01  
  5.492058725381e-03  ,4.791469649410e+00  ,3.600160981387e+00  ,1.264637927105e+01  
  5.492067642236e-03  ,4.356469844174e+00  ,1.403808347083e+01  ,1.264817677088e+01  
  5.492076010728e-03  ,4.342052278160e+00  ,4.356769256345e+01  ,1.264823404557e+01  
  5.492082281882e-03  ,4.134399825869e+00  ,5.282855547724e+01  ,3.650397810355e-02  
  5.492085551569e-03  ,3.936616158650e+00  ,5.285757751451e+01  ,-2.053423237941e-01  
  5.492087121965e-03  ,3.843699662761e+00  ,5.283932553959e+01  ,-4.095927505954e-03  
  5.492090262758e-03  ,3.664998697875e+00  ,5.284251174977e+01  ,1.012446412858e-02  
  5.492096544342e-03  ,3.331719857011e+00  ,5.285230027651e+01  ,5.647837837781e-03  
  5.492109107511e-03  ,2.752388609733e+00  ,5.287116048636e+01  ,4.427004338486e-03  
  5.492134233849e-03  ,1.871896807057e+00  ,5.290869438703e+01  ,3.515120646936e-03  
  5.492173507350e-03  ,9.862640923406e-01  ,5.296728047900e+01  ,2.038412608569e-03  
  5.492218109505e-03  ,4.424641353835e-01  ,5.303359296097e+01  ,1.243441373117e-03  
  5.492263623612e-03  ,1.762293484071e-01  ,5.310106854161e+01  ,8.538785861935e-04  
  5.492332753079e-03  ,5.622220503668e-02  ,5.320321733386e+01  ,6.764104405134e-04  
  5.492413851159e-03  ,4.599597254853e-03  ,5.332257767417e+01  ,5.981471422898e-04  
  5.492510172265e-03  ,-7.865917247536e-03  ,5.346368764121e+01  ,5.763876879971e-04  
  5.492702814477e-03  ,-5.373810616080e-03  ,5.374378355305e+01  ,5.728551007662e-04  
  5.492993589776e-03  ,4.390933185251e-03  ,5.416119126398e+01  ,5.763790783935e-04  
  5.493575140374e-03  ,3.331635728293e-03  ,5.497648349385e+01  ,5.535682172722e-04  
  5.494738241570e-03  ,2.227721962891e-04  ,5.652823410091e+01  ,5.077963416423e-04  
  5.496940084832e-03  ,2.522440632441e-03  ,5.917313377666e+01  ,4.361537394460e-04  
  5.501343771355e-03  ,-1.950648761221e-04  ,6.329426006879e+01  ,2.940272137137e-04  
  5.502000000020e-03  ,1.618199117560e-03  ,6.377419412483e+01  ,2.809006346833e-04  
  5.502001000018e-03  ,5.782528604417e-01  ,6.377503155378e+01  ,-1.010551361974e-03  
  5.502001884588e-03  ,1.095718331890e+00  ,6.377577589559e+01  ,-2.186817494335e-03  
  5.502003653729e-03  ,2.160395717340e+00  ,6.377726125124e+01  ,-4.503068261417e-03  
  5.502007192009e-03  ,4.411947694655e+00  ,6.378021515134e+01  ,-8.956170572282e-03  
  5.502010000020e-03  ,6.311874657239e+00  ,6.378254390257e+01  ,-1.232526574075e-02  
  5.502010707676e-03  ,6.404147044368e+00  ,6.378303560821e+01  ,-1.224575974026e-02  
  5.502012122914e-03  ,6.586722279808e+00  ,6.378400850452e+01  ,-1.198585158678e-02  
  5.502014953389e-03  ,6.940410600093e+00  ,6.378595374311e+01  ,-1.146777566925e-02  
  5.502020614341e-03  ,7.604014850787e+00  ,6.378984852908e+01  ,-1.050086612433e-02  
  5.502031936243e-03  ,8.776253298440e+00  ,6.379765053835e+01  ,-8.793072482759e-03  
  5.502043341592e-03  ,9.773018667043e+00  ,6.380552356677e+01  ,-7.340984616099e-03  
  5.502051376298e-03  ,9.973479486384e+00  ,4.105985762749e+01  ,9.866052375879e+00  
  5.502059047416e-03  ,1.000026308678e+01  ,1.070024135147e+01  ,9.866223332585e+00  
  5.502063359812e-03  ,1.018803607446e+01  ,3.400872056541e+00  ,9.867140364829e+00  
  5.502067447945e-03  ,1.046793426252e+01  ,2.664883510768e+00  ,9.868218777285e+00  
  5.502069767311e-03  ,1.062517978149e+01  ,2.746672994495e+00  ,9.868867365569e+00  
  5.502072696134e-03  ,1.081579187184e+01  ,2.802138965115e+00  ,9.869690165463e+00  
  5.502078553781e-03  ,1.117197620464e+01  ,2.811849988332e+00  ,9.871337571637e+00  
  5.502090269074e-03  ,1.179815621696e+01  ,2.806831664322e+00  ,9.874636940769e+00  
  5.502110081658e-03  ,1.263463795000e+01  ,2.805468044049e+00  ,9.880222825562e+00  
  5.502149706825e-03  ,1.372780289472e+01  ,2.809604935988e+00  ,9.891394177603e+00  
  5.502228957161e-03  ,1.476897468738e+01  ,2.814581591953e+00  ,9.913733430257e+00  
  5.502346390232e-03  ,1.516348835153e+01  ,2.823775833270e+00  ,9.946826908699e+00  
  5.502519172176e-03  ,1.497810199463e+01  ,2.837680938553e+00  ,9.995498324071e+00  
  5.502675693974e-03  ,1.497090464145e+01  ,2.850192284829e+00  ,1.003956870650e+01  
  5.502988737568e-03  ,1.501192677905e+01  ,2.875180839807e+00  ,1.012765078047e+01  
  5.503614824757e-03  ,1.499231439531e+01  ,2.925136299524e+00  ,1.030358042941e+01  
  5.504712885365e-03  ,1.499816477820e+01  ,3.012518583953e+00  ,1.061137983512e+01  
  5.506909006580e-03  ,1.500018770051e+01  ,3.186473072099e+00  ,1.122411073199e+01  
  5.511301249012e-03  ,1.499992886347e+01  ,3.531149246636e+00  ,1.243817875740e+01  
  5.512010000020e-03  ,1.500001327142e+01  ,3.586365538708e+00  ,1.263266991840e+01  
  5.512011000018e-03  ,1.442323014906e+01  ,3.586296003428e+00  ,1.263294404603e+01  
  5.512013000126e-03  ,1.321550448533e+01  ,3.586064774032e+00  ,1.263349226221e+01  
  5.512017000343e-03  ,1.067413261857e+01  ,3.585620772323e+00  ,1.263458899346e+01  
  5.512020000020e-03  ,8.649180871661e+00  ,3.585348180932e+00  ,1.263541133985e+01  
  5.512020800063e-03  ,8.545484055233e+00  ,3.585402693705e+00  ,1.263563062716e+01  
  5.512022400076e-03  ,8.340587294078e+00  ,3.585598521274e+00  ,1.263606930153e+01  
  5.512025600100e-03  ,7.945359428900e+00  ,3.586124438668e+00  ,1.263694661991e+01  
  5.512032000149e-03  ,7.209790289717e+00  ,3.587218950151e+00  ,1.263870102555e+01  
  5.512044800246e-03  ,5.933924005400e+00  ,3.590172986118e+00  ,1.264220969751e+01  
  5.512058726871e-03  ,4.792935167357e+00  ,3.600024190920e+00  ,1.264602612052e+01  
  5.512067645216e-03  ,4.356563241602e+00  ,1.397345774444e+01  ,1.264782909254e+01  
  5.512076016689e-03  ,4.341991656354e+00  ,4.350299139293e+01  ,1.264789058937e+01  
  5.512082298273e-03  ,4.134842201660e+00  ,5.283148009546e+01  ,4.006812650528e-02  
  5.512085570196e-03  ,3.936918766264e+00  ,5.286097047923e+01  ,-2.063395370928e-01  
  5.512088132078e-03  ,3.786784380091e+00  ,5.284379239881e+01  ,-1.745836096593e-03  
  5.512090907419e-03  ,3.630791980515e+00  ,5.284690790645e+01  ,7.845101584871e-03  
  5.512096458102e-03  ,3.337521045214e+00  ,5.285537978228e+01  ,5.601476505719e-03  
  5.512107559467e-03  ,2.819463028041e+00  ,5.287203881813e+01  ,4.578953505794e-03  
  5.512129762197e-03  ,2.007324623606e+00  ,5.290521850098e+01  ,3.658610580740e-03  
  5.512174167657e-03  ,9.673964070185e-01  ,5.297145763196e+01  ,2.010654065397e-03  
  5.512217458511e-03  ,4.397812202313e-01  ,5.303581461948e+01  ,1.239532881466e-03  
  5.512265040899e-03  ,1.637558159339e-01  ,5.310634835696e+01  ,8.355783948774e-04  
  5.512331225896e-03  ,5.548897185505e-02  ,5.320413672886e+01  ,6.753297386756e-04  
  5.512415149236e-03  ,1.370057233457e-02  ,5.332764322828e+01  ,6.112920698960e-04  
  5.512508454347e-03  ,-3.618625342740e-04  ,5.346432388116e+01  ,5.873173209414e-04  
  5.512695064569e-03  ,-3.210505159973e-03  ,5.373569215623e+01  ,5.762262051016e-04  
  5.513065042520e-03  ,6.253978373194e-05  ,5.426583471323e+01  ,5.673352433406e-04  
  5.513717546487e-03  ,2.740773186410e-03  ,5.517513594025e+01  ,5.476028002085e-04  
  5.515022554422e-03  ,6.336288780275e-04  ,5.689420804364e+01  ,4.983118747368e-04  
  5.517632570291e-03  ,2.082114304446e-03  ,5.992717741434e+01  ,4.127656604319e-04  
  5.522000000020e-03  ,1.224416418628e-04  ,6.377606893563e+01  ,2.754558551126e-04  
  5.522001000018e-03  ,5.767793396068e-01  ,6.377690617156e+01  ,-1.014928793464e-03  
  5.522001885706e-03  ,1.094925890728e+00  ,6.377765106485e+01  ,-2.189613887032e-03  
  5.522003657081e-03  ,2.161040932138e+00  ,6.377913820888e+01  ,-4.509373189603e-03  
  5.522007199832e-03  ,4.415766789380e+00  ,6.378209551025e+01  ,-8.967746359759e-03  
  5.522010000020e-03  ,6.311377620012e+00  ,6.378441742852e+01  ,-1.232600576568e-02  
  5.522010708570e-03  ,6.403770630347e+00  ,6.378490968821e+01  ,-1.224633443988e-02  
  5.522012125671e-03  ,6.586203651473e+00  ,6.378588366907e+01  ,-1.198567943725e-02  
  5.522014959872e-03  ,6.940060499167e+00  ,6.378783136133e+01  ,-1.146832312790e-02  
  5.522020628273e-03  ,7.604681903291e+00  ,6.379173077303e+01  ,-1.049997896514e-02  
  5.522031965077e-03  ,8.778360744920e+00  ,6.379954208125e+01  ,-8.790041242986e-03  
  5.522043388307e-03  ,9.776285222104e+00  ,6.380742651708e+01  ,-7.336258625879e-03  
  5.522051500499e-03  ,9.973802371336e+00  ,4.056564361973e+01  ,9.865835206912e+00  
  5.522059210360e-03  ,1.000108449837e+01  ,1.007922902396e+01  ,9.866041498180e+00  
  5.522063484013e-03  ,1.019651916268e+01  ,3.357525760330e+00  ,9.866949174238e+00  
  5.522067481994e-03  ,1.047036408232e+01  ,2.673419657424e+00  ,9.868024178702e+00  
  5.522069827437e-03  ,1.062920129018e+01  ,2.749552921590e+00  ,9.868679715700e+00  
  5.522072827041e-03  ,1.082410160336e+01  ,2.802341637591e+00  ,9.869522176615e+00  
  5.522078826248e-03  ,1.118780002917e+01  ,2.811398147556e+00  ,9.871209457732e+00  
  5.522090824663e-03  ,1.182528745628e+01  ,2.806686456441e+00  ,9.874588644855e+00  
  5.522111593902e-03  ,1.268928187962e+01  ,2.805553842856e+00  ,9.880444257110e+00  
  5.522153132379e-03  ,1.379640413438e+01  ,2.809714309488e+00  ,9.892154974523e+00  
  5.522236209333e-03  ,1.481898256111e+01  ,2.815078074286e+00  ,9.915572604951e+00  
  5.522353904664e-03  ,1.516676173430e+01  ,2.824317881580e+00  ,9.948739381029e+00  
  5.522512476861e-03  ,1.513358714396e+01  ,2.837016423345e+00  ,9.993407996937e+00  
  5.522773974359e-03  ,1.495604791229e+01  ,2.857994117272e+00  ,1.006702605791e+01  
  5.523226826608e-03  ,1.502421429939e+01  ,2.894121611546e+00  ,1.019438592406e+01  
  5.523796265542e-03  ,1.500842893409e+01  ,2.939529228069e+00  ,1.035430256403e+01  
  5.524935143411e-03  ,1.499341918308e+01  ,3.030117341940e+00  ,1.067336116543e+01  
  5.527212899148e-03  ,1.500596431136e+01  ,3.210398414127e+00  ,1.130839359134e+01  
  5.531768410623e-03  ,1.500042956846e+01  ,3.567504104144e+00  ,1.256623383155e+01  
  5.532010000020e-03  ,1.499992022225e+01  ,3.586313023752e+00  ,1.263248511293e+01  
  5.532011000018e-03  ,1.442347822319e+01  ,3.586243439382e+00  ,1.263275924067e+01  
  5.532013000126e-03  ,1.321574525505e+01  ,3.586012193022e+00  ,1.263330746012e+01  
  5.532017000343e-03  ,1.067435929287e+01  ,3.585568185420e+00  ,1.263440419165e+01  
  5.532020000020e-03  ,8.649397462013e+00  ,3.585295590710e+00  ,1.263522653962e+01  
  5.532020800063e-03  ,8.545698048763e+00  ,3.585350100513e+00  ,1.263544582735e+01  
  5.532022400076e-03  ,8.340796156463e+00  ,3.585545922195e+00  ,1.263588450256e+01  
  5.532025600100e-03  ,7.945558393690e+00  ,3.586071826638e+00  ,1.263676182262e+01  
  5.532032000149e-03  ,7.209970833559e+00  ,3.587166298508e+00  ,1.263851623163e+01  
  5.532044800246e-03  ,5.934072594836e+00  ,3.590120112208e+00  ,1.264202491034e+01  
  5.532058726871e-03  ,4.793055137369e+00  ,3.599968598163e+00  ,1.264584134097e+01  
  5.532067645216e-03  ,4.356570437957e+00  ,1.396761021392e+01  ,1.264764478475e+01  
  5.532076016689e-03  ,4.341985579963e+00  ,4.349619404073e+01  ,1.264770669521e+01  
  5.532082298273e-03  ,4.134931163901e+00  ,5.283040284955e+01  ,4.053360164458e-02  
  5.532085569823e-03  ,3.937026992214e+00  ,5.285995138625e+01  ,-2.064483855062e-01  
  5.532088131333e-03  ,3.786909698569e+00  ,5.284276237075e+01  ,-1.753139808488e-03  
  5.532090906301e-03  ,3.630932655290e+00  ,5.284587640856e+01  ,7.846437406940e-03  
  5.532096456239e-03  ,3.337688198619e+00  ,5.285434719488e+01  ,5.601849140410e-03  
  5.532107556114e-03  ,2.819668361378e+00  ,5.287100385934e+01  ,4.579126139556e-03  
  5.532129755864e-03  ,2.007564078196e+00  ,5.290417873531e+01  ,3.659085245013e-03  
  5.532174155364e-03  ,9.676236932826e-01  ,5.297040836075e+01  ,2.010986348424e-03  
  5.532217452178e-03  ,4.398392855999e-01  ,5.303477359387e+01  ,1.239617655874e-03  
  5.532265022645e-03  ,1.638305051866e-01  ,5.310528899323e+01  ,8.356879413060e-04  
  5.532331207642e-03  ,5.551372913797e-02  ,5.320307647294e+01  ,6.753665529945e-04  
  5.532415107140e-03  ,1.371331920165e-02  ,5.332654684046e+01  ,6.113123124267e-04  
  5.532508412251e-03  ,-3.607883182262e-04  ,5.346322643419e+01  ,5.873205939388e-04  
  5.532695022473e-03  ,-3.213575994655e-03  ,5.373459265245e+01  ,5.762235176008e-04  
  5.533064857373e-03  ,6.090352372039e-05  ,5.426452843857e+01  ,5.673400759076e-04  
  5.533717170605e-03  ,2.741746178157e-03  ,5.517356996016e+01  ,5.476184371634e-04  
  5.535021797070e-03  ,6.329660677261e-04  ,5.689218445637e+01  ,4.983385544583e-04  
  5.537631050000e-03  ,2.082888429301e-03  ,5.992449048331e+01  ,4.128186323521e-04  
  5.542000000020e-03  ,1.218413184259e-04  ,6.377500035644e+01  ,2.754570946521e-04  
  5.542001000018e-03  ,5.767787482909e-01  ,6.377583759996e+01  ,-1.014926773891e-03  
  5.542001885706e-03  ,1.094925307400e+00  ,6.377658249977e+01  ,-2.189609092783e-03  
  5.542003657081e-03  ,2.161040364506e+00  ,6.377806965745e+01  ,-4.509369033147e-03  
  5.542007199832e-03  ,4.415766251929e+00  ,6.378102698603e+01  ,-8.967742294189e-03  
  5.542010000020e-03  ,6.311377105296e+00  ,6.378334892581e+01  ,-1.232600166664e-02  
  5.542010708570e-03  ,6.403770121203e+00  ,6.378384119097e+01  ,-1.224633075726e-02  
  5.542012125671e-03  ,6.586203153328e+00  ,6.378481518269e+01  ,-1.198567581412e-02  
  5.542014959872e-03  ,6.940060022357e+00  ,6.378676289669e+01  ,-1.146831944416e-02  
  5.542020628273e-03  ,7.604681466554e+00  ,6.379066235188e+01  ,-1.049997521659e-02  
  5.542031965077e-03  ,8.778360378952e+00  ,6.379847374730e+01  ,-8.790037377690e-03  
  5.542043388307e-03  ,9.776284916314e+00  ,6.380635827127e+01  ,-7.336254662382e-03  
  5.542051500499e-03  ,9.973802436967e+00  ,4.056458894059e+01  ,9.865762421399e+00  
  5.542059210360e-03  ,1.000108555123e+01  ,1.007824422458e+01  ,9.865968789520e+00  
  5.542063484013e-03  ,1.019653634992e+01  ,3.357426929750e+00  ,9.866876443223e+00  
  5.542067481994e-03  ,1.047038124257e+01  ,2.673407306937e+00  ,9.867951491371e+00  
  5.542069827437e-03  ,1.062921783423e+01  ,2.749537160602e+00  ,9.868607028512e+00  
  5.542072827041e-03  ,1.082411737623e+01  ,2.802321624463e+00  ,9.869449489858e+00  
  5.542078826248e-03  ,1.118781442419e+01  ,2.811377091143e+00  ,9.871136772393e+00  
  5.542090824663e-03  ,1.182529945124e+01  ,2.806665705837e+00  ,9.874515962170e+00  
  5.542111593902e-03  ,1.268929061185e+01  ,2.805533271113e+00  ,9.880371578719e+00  
  5.542153132379e-03  ,1.379640868185e+01  ,2.809693601598e+00  ,9.892082304703e+00  
  5.542236209333e-03  ,1.481898324539e+01  ,2.815057445489e+00  ,9.915499952274e+00  
  5.542353904664e-03  ,1.516676110445e+01  ,2.824297262983e+00  ,9.948666752625e+00  
  5.542512476861e-03  ,1.513358663944e+01  ,2.836995813689e+00  ,9.993335401222e+00  
  5.542773974359e-03  ,1.495604807861e+01  ,2.857973522359e+00  ,1.006695351607e+01  
  5.543226826608e-03  ,1.502421420814e+01  ,2.894101043320e+00  ,1.019431347543e+01  
  5.543796265542e-03  ,1.500842890249e+01  ,2.939508693014e+00  ,1.035423023243e+01  
  5.544935143411e-03  ,1.499341920820e+01  ,3.030096873132e+00  ,1.067328906732e+01  
  5.547212899148e-03  ,1.500596428907e+01  ,3.210378077298e+00  ,1.130832195795e+01  
  5.551768410623e-03  ,1.500042956708e+01  ,3.567484028640e+00  ,1.256616311867e+01  
  5.552010000020e-03  ,1.499992022270e+01  ,3.586292962008e+00  ,1.263241444853e+01  
  5.552011000018e-03  ,1.442347822293e+01  ,3.586223377815e+00  ,1.263268857647e+01  
  5.552013000126e-03  ,1.321574525479e+01  ,3.585992131573e+00  ,1.263323679632e+01  
  5.552017000343e-03  ,1.067435929262e+01  ,3.585548123819e+00  ,1.263433352865e+01  
  5.552020000020e-03  ,8.649397461768e+00  ,3.585275528678e+00  ,1.263515587723e+01  
  5.552020800063e-03  ,8.545698048516e+00  ,3.585330038210e+00  ,1.263537516512e+01  
  5.552022400076e-03  ,8.340796156214e+00  ,3.585525859383e+00  ,1.263581384065e+01  
  5.552025600100e-03  ,7.945558393437e+00  ,3.586051763026e+00  ,1.263669116135e+01  
  5.552032000149e-03  ,7.209970833291e+00  ,3.587146232819e+00  ,1.263844557165e+01  
  5.552044800246e-03  ,5.934072594460e+00  ,3.590100037576e+00  ,1.264195425293e+01  
  5.552058726871e-03  ,4.793055136204e+00  ,3.599948470837e+00  ,1.264577068635e+01  
  5.552067645216e-03  ,4.356570000262e+00  ,1.396756380069e+01  ,1.264757413536e+01  
  5.552076016689e-03  ,4.341985146057e+00  ,4.349614421438e+01  ,1.264763604536e+01  
  5.552082298273e-03  ,4.134916685967e+00  ,5.282953532713e+01  ,4.046109699620e-02  
  5.552085569823e-03  ,3.937012969056e+00  ,5.285907489103e+01  ,-2.064328235256e-01  
  5.552088131333e-03  ,3.786896227401e+00  ,5.284188738100e+01  ,-1.752234597396e-03  
  5.552090906301e-03  ,3.630919736903e+00  ,5.284500153588e+01  ,7.846310486801e-03  
  5.552096456239e-03  ,3.337676320328e+00  ,5.285347233483e+01  ,5.601826510371e-03  
  5.552107556114e-03  ,2.819658328348e+00  ,5.287012904275e+01  ,4.579129957574e-03  
  5.552129755864e-03  ,2.007556938148e+00  ,5.290330401361e+01  ,3.659069768538e-03  
  5.552174155364e-03  ,9.676202577739e-01  ,5.296953382556e+01  ,2.010987929559e-03  
  5.552217452178e-03  ,4.398377302454e-01  ,5.303389924512e+01  ,1.239622027529e-03  
  5.552265022645e-03  ,1.638299331149e-01  ,5.310441485308e+01  ,8.356937420649e-04  
  5.552331207642e-03  ,5.551354302523e-02  ,5.320220262945e+01  ,6.753729201305e-04  
  5.552415107140e-03  ,1.371328213194e-02  ,5.332567338358e+01  ,6.113189026577e-04  
  5.552508412251e-03  ,-3.607750965449e-04  ,5.346235342105e+01  ,5.873272641671e-04  
  5.552695022473e-03  ,-3.213552299445e-03  ,5.373372057015e+01  ,5.762302170018e-04  
  5.553064857373e-03  ,6.091616530973e-05  ,5.426365837070e+01  ,5.673467874959e-04  
  5.553717170605e-03  ,2.741750327090e-03  ,5.517270398932e+01  ,5.476251908687e-04  
  5.555021797070e-03  ,6.329797632665e-04  ,5.689132871020e+01  ,4.983454354153e-04  
  5.557631050000e-03  ,2.082900697560e-03  ,5.992366288630e+01  ,4.128257636735e-04  
  5.562000000020e-03  ,1.218658912798e-04  ,6.377424050083e+01  ,2.754647026363e-04  
  5.562001000018e-03  ,5.767787728273e-01  ,6.377507776261e+01  ,-1.014918775681e-03  
  5.562001885706e-03  ,1.094925331902e+00  ,6.377582267863e+01  ,-2.189601133044e-03  
  5.562003657081e-03  ,2.161040388941e+00  ,6.377730986872e+01  ,-4.509361069526e-03  
  5.562007199832e-03  ,4.415766276234e+00  ,6.378026726214e+01  ,-8.967734344385e-03  
  5.562010000020e-03  ,6.311377129504e+00  ,6.378258925318e+01  ,-1.232599372743e-02  
  5.562010708570e-03  ,6.403770145388e+00  ,6.378308153134e+01  ,-1.224632310834e-02  
  5.562012125671e-03  ,6.586203177466e+00  ,6.378405554902e+01  ,-1.198566821732e-02  
  5.562014959872e-03  ,6.940060046405e+00  ,6.378600331492e+01  ,-1.146831182732e-02  
  5.562020628273e-03  ,7.604681490431e+00  ,6.378990287397e+01  ,-1.049996759674e-02  
  5.562031965077e-03  ,8.778360402531e+00  ,6.379771447718e+01  ,-8.790029750194e-03  
  5.562043388307e-03  ,9.776284939640e+00  ,6.380559921068e+01  ,-7.336247029815e-03  
  5.562051500499e-03  ,9.973802846518e+00  ,4.056385591601e+01  ,9.865774305100e+00  
  5.562059210360e-03  ,1.000108668136e+01  ,1.007756417406e+01  ,9.865980727971e+00  
  5.562063484013e-03  ,1.019654888076e+01  ,3.357373979385e+00  ,9.866888365477e+00  
  5.562067481249e-03  ,1.047034340641e+01  ,2.673456303233e+00  ,9.867963252628e+00  
  5.562069826692e-03  ,1.062918091469e+01  ,2.749547634541e+00  ,9.868618788953e+00  
  5.562072826296e-03  ,1.082408199682e+01  ,2.802322682868e+00  ,9.869461249927e+00  
  5.562078825503e-03  ,1.118778213088e+01  ,2.811379203441e+00  ,9.871148532337e+00  
  5.562090823918e-03  ,1.182527256678e+01  ,2.806669058355e+00  ,9.874527721780e+00  
  5.562111596137e-03  ,1.268937815202e+01  ,2.805536785241e+00  ,9.880384177861e+00  
  5.562153140574e-03  ,1.379657507757e+01  ,2.809697551649e+00  ,9.892096582691e+00  
  5.562236229449e-03  ,1.481912510338e+01  ,2.815062384706e+00  ,9.915517586821e+00  
  5.562353912860e-03  ,1.516674970927e+01  ,2.824301319907e+00  ,9.948681022542e+00  
  5.562512485057e-03  ,1.513356231352e+01  ,2.836999873514e+00  ,9.993349664723e+00  
  5.562773982554e-03  ,1.495605609559e+01  ,2.857977565237e+00  ,1.006696776898e+01  
  5.563226882487e-03  ,1.502421142523e+01  ,2.894108890612e+00  ,1.019434111197e+01  
  5.563796416789e-03  ,1.500842699132e+01  ,2.939524124632e+00  ,1.035428458504e+01  
  5.564935485393e-03  ,1.499342046191e+01  ,3.030127399320e+00  ,1.067339659281e+01  
  5.567213622600e-03  ,1.500596328733e+01  ,3.210438504005e+00  ,1.130853480028e+01  
  5.571769897014e-03  ,1.500042943936e+01  ,3.567603101837e+00  ,1.256658253537e+01  
  5.572010000020e-03  ,1.499992134608e+01  ,3.586296270358e+00  ,1.263242610371e+01  
  5.572011000018e-03  ,1.442347997799e+01  ,3.586226685945e+00  ,1.263270023161e+01  
  5.572013000126e-03  ,1.321574695818e+01  ,3.585995439619e+00  ,1.263324845140e+01  
  5.572017000343e-03  ,1.067436089629e+01  ,3.585551431867e+00  ,1.263434518359e+01  
  5.572020000020e-03  ,8.649398994093e+00  ,3.585278836779e+00  ,1.263516753207e+01  
  5.572020800063e-03  ,8.545699562470e+00  ,3.585333346340e+00  ,1.263538681993e+01  
  5.572022400076e-03  ,8.340797633867e+00  ,3.585529167565e+00  ,1.263582549541e+01  
  5.572025600100e-03  ,7.945559801071e+00  ,3.586055071263e+00  ,1.263670281600e+01  
  5.572032000149e-03  ,7.209972110607e+00  ,3.587149541157e+00  ,1.263845722609e+01  
  5.572044800246e-03  ,5.934073645733e+00  ,3.590103345982e+00  ,1.264196590695e+01  
  5.572058726871e-03  ,4.793055985152e+00  ,3.599951769680e+00  ,1.264578233991e+01  
  5.572067645216e-03  ,4.356570131468e+00  ,1.396753094637e+01  ,1.264758579107e+01  
  5.572076016689e-03  ,4.341985182637e+00  ,4.349610526417e+01  ,1.264764770106e+01  
  5.572082298273e-03  ,4.134906848786e+00  ,5.282891659116e+01  ,4.041001886545e-02  
  5.572085569823e-03  ,3.937003435875e+00  ,5.285844986700e+01  ,-2.064218336148e-01  
  5.572088131333e-03  ,3.786887070503e+00  ,5.284126345316e+01  ,-1.751591071773e-03  
  5.572090906301e-03  ,3.630910956316e+00  ,5.284437772530e+01  ,7.846226075692e-03  
  5.572096456239e-03  ,3.337668247810e+00  ,5.285284860264e+01  ,5.601815878270e-03  
  5.572107556114e-03  ,2.819651512235e+00  ,5.286950548065e+01  ,4.579137931459e-03  
  5.572129755864e-03  ,2.007552091815e+00  ,5.290268079724e+01  ,3.659064005155e-03  
  5.572174155364e-03  ,9.676179337882e-01  ,5.296891129800e+01  ,2.010994064100e-03  
  5.572217452178e-03  ,4.398366864151e-01  ,5.303327739199e+01  ,1.239630052554e-03  
  5.572265022645e-03  ,1.638295587737e-01  ,5.310379374306e+01  ,8.357027282677e-04  
  5.572331207642e-03  ,5.551343146048e-02  ,5.320158255690e+01  ,6.753822756530e-04  
  5.572415107140e-03  ,1.371327202671e-02  ,5.332505463201e+01  ,6.113283894481e-04  
  5.572508412251e-03  ,-3.607509833059e-04  ,5.346173614616e+01  ,5.873367828233e-04  
  5.572695022473e-03  ,-3.213521103861e-03  ,5.373310627240e+01  ,5.762397105261e-04  
  5.573064857373e-03  ,6.093973516410e-05  ,5.426305006567e+01  ,5.673562018292e-04  
  5.573717170605e-03  ,2.741767930818e-03  ,5.517210654737e+01  ,5.476344863987e-04  
  5.575021797070e-03  ,6.330034700255e-04  ,5.689075405972e+01  ,4.983545377399e-04  
  5.577631050000e-03  ,2.082922528059e-03  ,5.992313764035e+01  ,4.128345402804e-04  
  5.582000000020e-03  ,1.218943062845e-04  ,6.377380708332e+01  ,2.754731108842e-04  
  5.582001000018e-03  ,5.767788012168e-01  ,6.377464436722e+01  ,-1.014910113409e-03  
  5.582001885706e-03  ,1.094925360268e+00  ,6.377538930286e+01  ,-2.189592506456e-03  
  5.582003657081e-03  ,2.161040417259e+00  ,6.377687653219e+01  ,-4.509352437647e-03  
  5.582007199832e-03  ,4.415766304461e+00  ,6.377983400409e+01  ,-8.967725719942e-03  
  5.582010000020e-03  ,6.311377157663e+00  ,6.378215605716e+01  ,-1.232598510925e-02  
  5.582010708570e-03  ,6.403770173531e+00  ,6.378264835106e+01  ,-1.224631464917e-02  
  5.582012125671e-03  ,6.586203205577e+00  ,6.378362240017e+01  ,-1.198565978697e-02  
  5.582014959872e-03  ,6.940060074452e+00  ,6.378557022893e+01  ,-1.146830338606e-02  
  5.582020628273e-03  ,7.604681518361e+00  ,6.378946991371e+01  ,-1.049995915514e-02  
  5.582031965077e-03  ,8.778360430253e+00  ,6.379728176843e+01  ,-8.790021305661e-03  
  5.582043388307e-03  ,9.776284967187e+00  ,6.380516675539e+01  ,-7.336238584190e-03  
  5.582051500499e-03  ,9.973803402899e+00  ,4.056346351923e+01  ,9.865839132080e+00  
  5.582059210360e-03  ,1.000108766184e+01  ,1.007720470659e+01  ,9.866045585827e+00  
  5.582063484013e-03  ,1.019655613254e+01  ,3.357360404783e+00  ,9.866953213843e+00  
  5.582067481249e-03  ,1.047035062944e+01  ,2.673477846357e+00  ,9.868028116760e+00  
  5.582069826692e-03  ,1.062918788251e+01  ,2.749568204917e+00  ,9.868683652548e+00  
  5.582072826296e-03  ,1.082408863975e+01  ,2.802341483369e+00  ,9.869526112870e+00  
  5.582078825503e-03  ,1.118778819224e+01  ,2.811397464154e+00  ,9.871213394241e+00  
  5.582090823918e-03  ,1.182527761713e+01  ,2.806687430178e+00  ,9.874592581542e+00  
  5.582111596137e-03  ,1.268938182848e+01  ,2.805555239984e+00  ,9.880449033799e+00  
  5.582153140574e-03  ,1.379657699174e+01  ,2.809715925459e+00  ,9.892161430978e+00  
  5.582236229449e-03  ,1.481912539114e+01  ,2.815080789867e+00  ,9.915582419813e+00  
  5.582353912860e-03  ,1.516674944403e+01  ,2.824319720020e+00  ,9.948745833876e+00  
  5.582512485057e-03  ,1.513356210109e+01  ,2.837018265226e+00  ,9.993414446887e+00  
  5.582773982554e-03  ,1.495605616556e+01  ,2.857995943391e+00  ,1.006703250307e+01  
  5.583226882487e-03  ,1.502421138676e+01  ,2.894127245120e+00  ,1.019440576288e+01  
  5.583796416789e-03  ,1.500842697796e+01  ,2.939542449489e+00  ,1.035434913149e+01  
  5.584935485393e-03  ,1.499342047243e+01  ,3.030145665018e+00  ,1.067346093087e+01  
  5.587213622600e-03  ,1.500596327789e+01  ,3.210456651936e+00  ,1.130859872356e+01  
  5.591769897014e-03  ,1.500042943873e+01  ,3.567621016520e+00  ,1.256664563709e+01  
  5.592010000020e-03  ,1.499992134622e+01  ,3.586314172836e+00  ,1.263248916242e+01  
  5.592011000018e-03  ,1.442347997782e+01  ,3.586244588266e+00  ,1.263276329015e+01  
  5.592013000126e-03  ,1.321574695802e+01  ,3.586013341834e+00  ,1.263331150958e+01  
  5.592017000343e-03  ,1.067436089614e+01  ,3.585569334218e+00  ,1.263440824106e+01  
  5.592020000020e-03  ,8.649398993959e+00  ,3.585296739515e+00  ,1.263523058900e+01  
  5.592020800063e-03  ,8.545699562341e+00  ,3.585351249318e+00  ,1.263544987672e+01  
  5.592022400076e-03  ,8.340797633750e+00  ,3.585547070997e+00  ,1.263588855191e+01  
  5.592025600100e-03  ,7.945559800972e+00  ,3.586072975408e+00  ,1.263676587193e+01  
  5.592032000149e-03  ,7.209972110553e+00  ,3.587167447156e+00  ,1.263852028087e+01  
  5.592044800246e-03  ,5.934073645826e+00  ,3.590121259962e+00  ,1.264202895943e+01  
  5.592058726871e-03  ,4.793055985997e+00  ,3.599969730686e+00  ,1.264584538990e+01  
  5.592067645216e-03  ,4.356570522039e+00  ,1.396757237326e+01  ,1.264764883607e+01  
  5.592076016689e-03  ,4.341985569823e+00  ,4.349614973640e+01  ,1.264771074206e+01  
  5.592082298273e-03  ,4.134900630970e+00  ,5.282856742627e+01  ,4.037602888237e-02  
  5.592085569823e-03  ,3.936997404978e+00  ,5.285809651616e+01  ,-2.064142371593e-01  
  5.592088131333e-03  ,3.786881279020e+00  ,5.284091088534e+01  ,-1.751146291670e-03  
  5.592090906301e-03  ,3.630905403332e+00  ,5.284402526432e+01  ,7.846170470595e-03  
  5.592096456239e-03  ,3.337663143526e+00  ,5.285249624796e+01  ,5.601812338496e-03  
  5.592107556114e-03  ,2.819647204308e+00  ,5.286915334842e+01  ,4.579147306721e-03  
  5.592129755864e-03  ,2.007549032416e+00  ,5.290232911365e+01  ,3.659063559551e-03  
  5.592174155364e-03  ,9.676164731469e-01  ,5.296856050926e+01  ,2.011001700252e-03  
  5.592217452178e-03  ,4.398360371769e-01  ,5.303292747710e+01  ,1.239638880905e-03  
  5.592265022645e-03  ,1.638293338699e-01  ,5.310344478896e+01  ,8.357121554732e-04  
  5.592331207642e-03  ,5.551337309175e-02  ,5.320123494065e+01  ,6.753919229693e-04  
  5.592415107140e-03  ,1.371327793663e-02  ,5.332470871347e+01  ,6.113381022944e-04  
  5.592508412251e-03  ,-3.607234186912e-04  ,5.346139211791e+01  ,5.873464961654e-04  
  5.592695022473e-03  ,-3.213489119605e-03  ,5.373276603172e+01  ,5.762493690583e-04  
  5.593064857373e-03  ,6.096674649280e-05  ,5.426271735764e+01  ,5.673657341901e-04  
  5.593717170605e-03  ,2.741790909248e-03  ,5.517178720485e+01  ,5.476438151551e-04  
  5.595021797070e-03  ,6.330297946844e-04  ,5.689046170192e+01  ,4.983634996746e-04  
  5.597631050000e-03  ,2.082946550344e-03  ,5.992289989269e+01  ,4.128428586167e-04  
  5.602000000020e-03  ,1.219217587041e-04  ,6.377366083322e+01  ,2.754805772610e-04  
  5.602001000018e-03  ,5.767788286526e-01  ,6.377449813791e+01  ,-1.014902526538e-03  
  5.602001885706e-03  ,1.094925387688e+00  ,6.377524309197e+01  ,-2.189584946011e-03  
  5.602003657081e-03  ,2.161040444649e+00  ,6.377673035815e+01  ,-4.509344872192e-03  
  5.602007199832e-03  ,4.415766331792e+00  ,6.377968790373e+01  ,-8.967718156587e-03  
  5.602010000020e-03  ,6.311377184347e+00  ,6.378201001506e+01  ,-1.232597754720e-02  
  5.602010708570e-03  ,6.403770200197e+00  ,6.378250232371e+01  ,-1.224630713341e-02  
  5.602012125671e-03  ,6.586203232208e+00  ,6.378347640235e+01  ,-1.198565227987e-02  
  5.602014959872e-03  ,6.940060101014e+00  ,6.378542429016e+01  ,-1.146829587599e-02  
  5.602020628273e-03  ,7.604681544794e+00  ,6.378932409301e+01  ,-1.049995164651e-02  
  5.602031965077e-03  ,8.778360456458e+00  ,6.379713618388e+01  ,-8.790013797788e-03  
  5.602043388307e-03  ,9.776284993198e+00  ,6.380502140877e+01  ,-7.336231078238e-03  
  5.602051500499e-03  ,9.973803957869e+00  ,4.056336034181e+01  ,9.865927046857e+00  
  5.602059210360e-03  ,1.000108837480e+01  ,1.007711572682e+01  ,9.866133510622e+00  
  5.602063484013e-03  ,1.019655869861e+01  ,3.357374740153e+00  ,9.867041135153e+00  
  5.602067481249e-03  ,1.047035317336e+01  ,2.673503665501e+00  ,9.868116041826e+00  
  5.602069826692e-03  ,1.062919033938e+01  ,2.749593996013e+00  ,9.868771577017e+00  
  5.602072826296e-03  ,1.082409098201e+01  ,2.802366665017e+00  ,9.869614036540e+00  
  5.602078825503e-03  ,1.118779032856e+01  ,2.811422387299e+00  ,9.871301316431e+00  
  5.602090823918e-03  ,1.182527939684e+01  ,2.806712380457e+00  ,9.874680500756e+00  
  5.602111596137e-03  ,1.268938312405e+01  ,2.805580224644e+00  ,9.880536947828e+00  
  5.602153140574e-03  ,1.379657766614e+01  ,2.809740865533e+00  ,9.892249334635e+00  
  5.602236229449e-03  ,1.481912549247e+01  ,2.815105739647e+00  ,9.915670302736e+00  
  5.602353912860e-03  ,1.516674935051e+01  ,2.824344661654e+00  ,9.948833687441e+00  
  5.602512485057e-03  ,1.513356202620e+01  ,2.837043195608e+00  ,9.993502260910e+00  
  5.602773982554e-03  ,1.495605619018e+01  ,2.858020855524e+00  ,1.006712025192e+01  
  5.603226882487e-03  ,1.502421137317e+01  ,2.894152125144e+00  ,1.019449339898e+01  
  5.603796416789e-03  ,1.500842697322e+01  ,2.939567289335e+00  ,1.035443662600e+01  
  5.604935485393e-03  ,1.499342047610e+01  ,3.030170424683e+00  ,1.067354814289e+01  
  5.607213622600e-03  ,1.500596327453e+01  ,3.210481251958e+00  ,1.130868537335e+01  
  5.611769897014e-03  ,1.500042943847e+01  ,3.567645300371e+00  ,1.256673117322e+01  
  5.612010000020e-03  ,1.499992134623e+01  ,3.586338440142e+00  ,1.263257464027e+01  
  5.612011000018e-03  ,1.442347997773e+01  ,3.586268855358e+00  ,1.263284876775e+01  
  5.612013000126e-03  ,1.321574695792e+01  ,3.586037608785e+00  ,1.263339698669e+01  
  5.612017000343e-03  ,1.067436089606e+01  ,3.585593601353e+00  ,1.263449371721e+01  
  5.612020000020e-03  ,8.649398993892e+00  ,3.585321007171e+00  ,1.263531606441e+01  
  5.612020800063e-03  ,8.545699562281e+00  ,3.585375517301e+00  ,1.263553535194e+01  
  5.612022400076e-03  ,8.340797633701e+00  ,3.585571339596e+00  ,1.263597402675e+01  
  5.612025600100e-03  ,7.945559800945e+00  ,3.586097244975e+00  ,1.263685134599e+01  
  5.612032000149e-03  ,7.209972110575e+00  ,3.587191719236e+00  ,1.263860575338e+01  
  5.612044800246e-03  ,5.934073646031e+00  ,3.590145542859e+00  ,1.264211442883e+01  
  5.612058726871e-03  ,4.793055987205e+00  ,3.599994077329e+00  ,1.264593085591e+01  
  5.612067645216e-03  ,4.356571051472e+00  ,1.396762852550e+01  ,1.264773429543e+01  
  5.612076016689e-03  ,4.341986094668e+00  ,4.349621001680e+01  ,1.264779619740e+01  
  5.612082298273e-03  ,4.134898291001e+00  ,5.282845149819e+01  ,4.036135258842e-02  
  5.612085569823e-03  ,3.936995129803e+00  ,5.285797879304e+01  ,-2.064107748217e-01  
  5.612088131333e-03  ,3.786879095499e+00  ,5.284079354712e+01  ,-1.750941883172e-03  
  5.612090906301e-03  ,3.630903310293e+00  ,5.284390800370e+01  ,7.846148820452e-03  
  5.612096456239e-03  ,3.337661220677e+00  ,5.285237909402e+01  ,5.601815091193e-03  
  5.612107556114e-03  ,2.819645583717e+00  ,5.286903641291e+01  ,4.579155948351e-03  
  5.612129755864e-03  ,2.007547885707e+00  ,5.290221261661e+01  ,3.659067491154e-03  
  5.612174155364e-03  ,9.676159332437e-01  ,5.296844488758e+01  ,2.011009172945e-03  
  5.612217452178e-03  ,4.398358052336e-01  ,5.303281270901e+01  ,1.239646798067e-03  
  5.612265022645e-03  ,1.638292629697e-01  ,5.310333095835e+01  ,8.357202882431e-04  
  5.612331207642e-03  ,5.551336537849e-02  ,5.320112241370e+01  ,6.754001232561e-04  
  5.612415107140e-03  ,1.371329459162e-02  ,5.332459783793e+01  ,6.113463072059e-04  
  5.612508412251e-03  ,-3.606985772225e-04  ,5.346128307735e+01  ,5.873546788942e-04  
  5.612695022473e-03  ,-3.213462666714e-03  ,5.373266065605e+01  ,5.762574866020e-04  
  5.613064857373e-03  ,6.099117867949e-05  ,5.426261922435e+01  ,5.673737174241e-04  
  5.613717170605e-03  ,2.741813568838e-03  ,5.517170177357e+01  ,5.476515752116e-04  
  5.615021797070e-03  ,6.330532153110e-04  ,5.689040136141e+01  ,4.983708430608e-04  
  5.617631050000e-03  ,2.082967987733e-03  ,5.992288821234e+01  ,4.128494632996e-04  
  5.622000000020e-03  ,1.219406589792e-04  ,6.377372483920e+01  ,2.754861628683e-04  
  5.622001000018e-03  ,5.767788475453e-01  ,6.377456216028e+01  ,-1.014896926680e-03  
  5.622001885706e-03  ,1.094925406573e+00  ,6.377530712885e+01  ,-2.189579362700e-03  
  5.622003657081e-03  ,2.161040463520e+00  ,6.377679442404e+01  ,-4.509339284816e-03  
  5.622007199832e-03  ,4.415766350637e+00  ,6.377975202767e+01  ,-8.967712567436e-03  
  5.622010000020e-03  ,6.311377203774e+00  ,6.378207418487e+01  ,-1.232597195850e-02  
  5.622010708570e-03  ,6.403770219626e+00  ,6.378256650515e+01  ,-1.224630151030e-02  
  5.622012125671e-03  ,6.586203251642e+00  ,6.378354060704e+01  ,-1.198564665077e-02  
  5.622014959872e-03  ,6.940060120460e+00  ,6.378548854136e+01  ,-1.146829024954e-02  
  5.622020628273e-03  ,7.604681564260e+00  ,6.378938843724e+01  ,-1.049994602217e-02  
  5.622031965077e-03  ,8.778360475959e+00  ,6.379720071409e+01  ,-8.790008176244e-03  
  5.622043388307e-03  ,9.776285012727e+00  ,6.380508612630e+01  ,-7.336225459869e-03  
  5.622051499009e-03  ,9.973800650390e+00  ,4.056982770056e+01  ,9.866014758641e+00  
  5.622059207380e-03  ,1.000107244717e+01  ,1.008894068268e+01  ,9.866220503718e+00  
  5.622063481778e-03  ,1.019639778105e+01  ,3.358231783061e+00  ,9.867128439187e+00  
  5.622067480504e-03  ,1.047029203958e+01  ,2.673376351658e+00  ,9.868203315313e+00  
  5.622069825202e-03  ,1.062908287753e+01  ,2.749563035107e+00  ,9.868858649673e+00  
  5.622072823688e-03  ,1.082391794623e+01  ,2.802387828006e+00  ,9.869700798054e+00  
  5.622078820660e-03  ,1.118750266083e+01  ,2.811454514230e+00  ,9.871387446733e+00  
  5.622090814605e-03  ,1.182314076146e+01  ,2.801580938409e+00  ,9.874768740573e+00  
  5.622103614703e-03  ,1.238856794595e+01  ,2.805616047806e+00  ,9.878377696238e+00  
  5.622129214897e-03  ,1.323773120154e+01  ,2.807854804889e+00  ,9.885595247914e+00  
  5.622180415287e-03  ,1.422353476166e+01  ,2.810509647370e+00  ,9.900029036466e+00  
  5.622282816067e-03  ,1.500633708216e+01  ,2.818744264258e+00  ,9.928890788165e+00  
  5.622412110463e-03  ,1.500011728577e+01  ,2.829110859627e+00  ,9.965320871209e+00  
  5.622647071972e-03  ,1.500003795977e+01  ,2.847875289199e+00  ,1.003148957249e+01  
  5.622891451016e-03  ,1.500004232113e+01  ,2.867410768120e+00  ,1.010026358815e+01  
  5.623380209103e-03  ,1.500002490115e+01  ,2.906420395731e+00  ,1.023766858582e+01  
  5.624357725277e-03  ,1.500001502561e+01  ,2.984277340562e+00  ,1.051190751624e+01  
  5.626312757626e-03  ,1.499999606648e+01  ,3.139344718477e+00  ,1.105810814848e+01  
  5.630222822323e-03  ,1.499999082906e+01  ,3.446911604788e+00  ,1.214146476342e+01  
  5.632010000020e-03  ,1.500007993502e+01  ,3.586357356345e+00  ,1.263264134255e+01  
  5.632011000018e-03  ,1.442386678272e+01  ,3.586287658289e+00  ,1.263291547061e+01  
  5.632013000126e-03  ,1.321612237350e+01  ,3.586056369700e+00  ,1.263346368492e+01  
  5.632017000343e-03  ,1.067471433358e+01  ,3.585612346228e+00  ,1.263456041819e+01  
  5.632020000020e-03  ,8.649736708311e+00  ,3.585339754656e+00  ,1.263538276483e+01  
  5.632020800063e-03  ,8.546033227663e+00  ,3.585394260349e+00  ,1.263560205222e+01  
  5.632022400076e-03  ,8.341123298476e+00  ,3.585590075133e+00  ,1.263604072672e+01  
  5.632025600100e-03  ,7.945870033159e+00  ,3.586115964598e+00  ,1.263691804535e+01  
  5.632032000149e-03  ,7.210253620458e+00  ,3.587210387382e+00  ,1.263867245155e+01  
  5.632044800246e-03  ,5.934305332333e+00  ,3.590163909560e+00  ,1.264218112464e+01  
  5.632058726871e-03  ,4.793243053384e+00  ,3.600008472026e+00  ,1.264599754952e+01  
  5.632067645216e-03  ,4.356584473629e+00  ,1.395874422862e+01  ,1.264780169897e+01  
  5.632076016689e-03  ,4.341978794687e+00  ,4.348586131482e+01  ,1.264786425309e+01  
  5.632082300508e-03  ,4.134998532152e+00  ,5.283247679085e+01  ,4.112470338903e-02  
  5.632085572431e-03  ,3.937071405586e+00  ,5.286210254337e+01  ,-2.066092384625e-01  
  5.632087141151e-03  ,3.844239739096e+00  ,5.284372709886e+01  ,-4.179435685989e-03  
  5.632090278590e-03  ,3.665700137829e+00  ,5.284689638812e+01  ,1.015370488682e-02  
  5.632096553469e-03  ,3.332698017733e+00  ,5.285667663792e+01  ,5.650773732300e-03  
  5.632109103227e-03  ,2.753761417584e+00  ,5.287551502706e+01  ,4.427341122650e-03  
  5.632134202743e-03  ,1.873620103650e+00  ,5.291300444908e+01  ,3.519106261114e-03  
  5.632173512006e-03  ,9.865730825706e-01  ,5.297163762570e+01  ,2.038780570867e-03  
  5.632218114162e-03  ,4.425597872912e-01  ,5.303794270873e+01  ,1.243491037255e-03  
  5.632263628269e-03  ,1.762447769754e-01  ,5.310541070886e+01  ,8.538122709052e-04  
  5.632332733894e-03  ,5.625404225941e-02  ,5.320751279134e+01  ,6.763690740760e-04  
  5.632413831973e-03  ,4.608735909127e-03  ,5.332685970022e+01  ,5.980729205542e-04  
  5.632510117317e-03  ,-7.862312932555e-03  ,5.346790141300e+01  ,5.763069772090e-04  
  5.632702688003e-03  ,-5.375912617339e-03  ,5.374786225031e+01  ,5.727691857459e-04  
  5.632993415618e-03  ,4.390962841210e-03  ,5.416515556906e+01  ,5.762986426176e-04  
  5.633574870849e-03  ,-2.516365096235e-05  ,5.498024200597e+01  ,5.486540243357e-04  
  5.634478381896e-03  ,1.130480454864e-03  ,5.619464837473e+01  ,5.179740213074e-04  
  5.635734561706e-03  ,1.472444564772e-03  ,5.777642857465e+01  ,4.749175820166e-04  
  5.638246921325e-03  ,1.203336894580e-03  ,6.056269458580e+01  ,3.922205525596e-04  
  5.642000000020e-03  ,8.929337836256e-04  ,6.377622110882e+01  ,2.766859320665e-04  
  5.642001000018e-03  ,5.775383463745e-01  ,6.377705789587e+01  ,-1.013294219907e-03  
  5.642001885147e-03  ,1.095344045108e+00  ,6.377780205533e+01  ,-2.188179880066e-03  
  5.642003655405e-03  ,2.160739635364e+00  ,6.377928752444e+01  ,-4.506325235405e-03  
  5.642007195921e-03  ,4.413877309476e+00  ,6.378224153750e+01  ,-8.962089102165e-03  
  5.642010000020e-03  ,6.312037470560e+00  ,6.378456555762e+01  ,-1.232518890146e-02  
  5.642010708123e-03  ,6.404365791459e+00  ,6.378505722342e+01  ,-1.224561346243e-02  
  5.642012124292e-03  ,6.587055235828e+00  ,6.378603006140e+01  ,-1.198554353606e-02  
  5.642014956631e-03  ,6.940957446041e+00  ,6.378797519321e+01  ,-1.146715344725e-02  
  5.642020621307e-03  ,7.604935307631e+00  ,6.379186976386e+01  ,-1.049969787129e-02  
  5.642031950660e-03  ,8.777741227572e+00  ,6.379967135686e+01  ,-8.791077846698e-03  
  5.642043364949e-03  ,9.774995243398e+00  ,6.380754497388e+01  ,-7.338279015543e-03  
  5.642051408596e-03  ,9.973566900470e+00  ,4.092327827969e+01  ,9.863830406412e+00  
  5.642059088655e-03  ,1.000045538311e+01  ,1.053358971104e+01  ,9.864009429779e+00  
  5.642063386894e-03  ,1.019001429463e+01  ,3.389523720987e+00  ,9.864925265524e+00  
  5.642067448206e-03  ,1.046811624125e+01  ,2.666537381067e+00  ,9.866001251459e+00  
  5.642069772042e-03  ,1.062563737703e+01  ,2.746754662493e+00  ,9.866651043342e+00  
  5.642072716139e-03  ,1.081719300326e+01  ,2.801554013723e+00  ,9.867478088849e+00  
  5.642078604333e-03  ,1.117503652527e+01  ,2.811123093580e+00  ,9.869134145483e+00  
  5.642090380721e-03  ,1.180372890727e+01  ,2.806181517072e+00  ,9.872450816114e+00  
  5.642110410861e-03  ,1.264671545344e+01  ,2.804870074732e+00  ,9.878098164405e+00  
  5.642150471143e-03  ,1.374345826669e+01  ,2.809012245238e+00  ,9.889392423563e+00  
  5.642230591707e-03  ,1.478074245718e+01  ,2.814076987584e+00  ,9.911977411800e+00  
  5.642348060541e-03  ,1.516427753605e+01  ,2.823280111162e+00  ,9.945081556409e+00  
  5.642522368364e-03  ,1.497728747609e+01  ,2.837307916393e+00  ,9.994183557894e+00  
  5.642679295473e-03  ,1.497065446190e+01  ,2.849851686528e+00  ,1.003836862005e+01  
  5.642993149690e-03  ,1.501206035105e+01  ,2.874905104645e+00  ,1.012667974865e+01  
  5.643620858125e-03  ,1.499221838368e+01  ,2.924990375498e+00  ,1.030306628769e+01  
  5.644725022249e-03  ,1.499814671105e+01  ,3.012858048223e+00  ,1.061257551702e+01  
  5.646933350496e-03  ,1.500018909716e+01  ,3.187774313503e+00  ,1.122869415393e+01  
  5.651350006990e-03  ,1.499992749745e+01  ,3.534338201966e+00  ,1.244941135817e+01  
  5.652010000020e-03  ,1.500001256679e+01  ,3.585753495055e+00  ,1.263051409001e+01  
  5.652011000018e-03  ,1.442323174554e+01  ,3.585683964821e+00  ,1.263078822373e+01  
  5.652013000126e-03  ,1.321550603481e+01  ,3.585452738886e+00  ,1.263133645232e+01  
  5.652017000343e-03  ,1.067413407719e+01  ,3.585008732553e+00  ,1.263243320791e+01  
  5.652020000020e-03  ,8.649182265121e+00  ,3.584736127916e+00  ,1.263325557266e+01  
  5.652020800063e-03  ,8.545485431853e+00  ,3.584790632427e+00  ,1.263347486487e+01  
  5.652022400076e-03  ,8.340588637428e+00  ,3.584986444456e+00  ,1.263391354904e+01  
  5.652025600100e-03  ,7.945360708120e+00  ,3.585512337372e+00  ,1.263479088700e+01  
  5.652032000149e-03  ,7.209791449307e+00  ,3.586606785248e+00  ,1.263654533182e+01  
  5.652044800246e-03  ,5.933924955047e+00  ,3.589560547075e+00  ,1.264005408215e+01  
  5.652058726871e-03  ,4.792935907810e+00  ,3.599410127069e+00  ,1.264387059060e+01  
  5.652067645216e-03  ,4.356549941812e+00  ,1.397200469739e+01  ,1.264567373301e+01  
  5.652076016689e-03  ,4.341978388214e+00  ,4.350142826848e+01  ,1.264573532865e+01  
  5.652082298273e-03  ,4.134879105835e+00  ,5.283306580273e+01  ,4.032423659954e-02  
  5.652085570196e-03  ,3.936954721255e+00  ,5.286258738786e+01  ,-2.064021899852e-01  
  5.652088131705e-03  ,3.786840202715e+00  ,5.284540156933e+01  ,-1.750094269140e-03  
  5.652090907047e-03  ,3.630845490929e+00  ,5.284851526291e+01  ,7.845922290501e-03  
  5.652096457729e-03  ,3.337570206445e+00  ,5.285698463193e+01  ,5.601424478227e-03  
  5.652107559094e-03  ,2.819504467092e+00  ,5.287363847359e+01  ,4.578757505343e-03  
  5.652129761824e-03  ,2.007353956164e+00  ,5.290680772917e+01  ,3.658528434435e-03  
  5.652174167285e-03  ,9.674102381225e-01  ,5.297302604768e+01  ,2.010484638334e-03  
  5.652217458138e-03  ,4.397871866744e-01  ,5.303736275014e+01  ,1.239352083241e-03  
  5.652265040526e-03  ,1.637576681591e-01  ,5.310787420541e+01  ,8.353920650113e-04  
  5.652331225524e-03  ,5.548921078565e-02  ,5.320563160843e+01  ,6.751416540389e-04  
  5.652415148864e-03  ,1.370018912763e-02  ,5.332909888160e+01  ,6.111038301497e-04  
  5.652508453974e-03  ,-3.624544746189e-04  ,5.346573597995e+01  ,5.871296070338e-04  
  5.652695064196e-03  ,-3.211137751830e-03  ,5.373701732839e+01  ,5.760400760189e-04  
  5.653065042147e-03  ,6.195967729096e-05  ,5.426698828216e+01  ,5.671523928054e-04  
  5.653717546115e-03  ,2.740239838746e-03  ,5.517598935602e+01  ,5.474254045791e-04  
  5.655022554049e-03  ,6.330789630144e-04  ,5.689447152156e+01  ,4.981446693818e-04  
  5.657632569918e-03  ,2.081620010638e-03  ,5.992630836427e+01  ,4.126165995399e-04  
  5.662000000020e-03  ,1.219856275840e-04  ,6.377347299138e+01  ,2.753319495884e-04  
  5.662001000018e-03  ,5.767788837823e-01  ,6.377430985830e+01  ,-1.015052495602e-03  
  5.662001885706e-03  ,1.094925435077e+00  ,6.377505442477e+01  ,-2.189737247231e-03  
  5.662003657081e-03  ,2.161040476829e+00  ,6.377654091524e+01  ,-4.509496642327e-03  
  5.662007199832e-03  ,4.415766334728e+00  ,6.377949690950e+01  ,-8.967869873582e-03  
  5.662010000020e-03  ,6.311377165855e+00  ,6.378181779466e+01  ,-1.232612930764e-02  
  5.662010708570e-03  ,6.403770176306e+00  ,6.378230979255e+01  ,-1.224645921301e-02  
  5.662012125671e-03  ,6.586203197653e+00  ,6.378328324957e+01  ,-1.198580442508e-02  
  5.662014959872e-03  ,6.940060045778e+00  ,6.378522989417e+01  ,-1.146844802424e-02  
  5.662020628273e-03  ,7.604681450716e+00  ,6.378912721088e+01  ,-1.050010380345e-02  
  5.662031965077e-03  ,8.778360293807e+00  ,6.379693433052e+01  ,-8.790166000465e-03  
  5.662043388307e-03  ,9.776284772267e+00  ,6.380481454783e+01  ,-7.336383295985e-03  
  5.662051500499e-03  ,9.973791879927e+00  ,4.056219224836e+01  ,9.863737443029e+00  
  5.662059210360e-03  ,1.000107598714e+01  ,1.007585872363e+01  ,9.863943934337e+00  
  5.662063484013e-03  ,1.019655812751e+01  ,3.356732317815e+00  ,9.864851564185e+00  
  5.662067481249e-03  ,1.047035300722e+01  ,2.672890216229e+00  ,9.865926530963e+00  
  5.662069826692e-03  ,1.062919008405e+01  ,2.748969992197e+00  ,9.866582079863e+00  
  5.662072826668e-03  ,1.082411435748e+01  ,2.801743821262e+00  ,9.867424662709e+00  
  5.662078826621e-03  ,1.118785492604e+01  ,2.810799988052e+00  ,9.869112189421e+00  
  5.662090826526e-03  ,1.182540618020e+01  ,2.806090433180e+00  ,9.872491868079e+00  
  5.662111598745e-03  ,1.268947540399e+01  ,2.804958658932e+00  ,9.878348444309e+00  
  5.662153143182e-03  ,1.379662573138e+01  ,2.809119498494e+00  ,9.890061089296e+00  
  5.662236232057e-03  ,1.481913272082e+01  ,2.814484629846e+00  ,9.913482573591e+00  
  5.662353927389e-03  ,1.516676728430e+01  ,2.823724721185e+00  ,9.946650047986e+00  
  5.662512499585e-03  ,1.513356123558e+01  ,2.836423541057e+00  ,9.991319604297e+00  
  5.662774044767e-03  ,1.495604560341e+01  ,2.857405467551e+00  ,1.006495263455e+01  
  5.663226944700e-03  ,1.502421718732e+01  ,2.893537523631e+00  ,1.019232856693e+01  
  5.663796574369e-03  ,1.500842899666e+01  ,2.938961279352e+00  ,1.035230205264e+01  
  5.664935833707e-03  ,1.499341861392e+01  ,3.029581518512e+00  ,1.067147381071e+01  
  5.667214352384e-03  ,1.500596505001e+01  ,3.209926238278e+00  ,1.130673042589e+01  
  5.671771389737e-03  ,1.500042948836e+01  ,3.567156845036e+00  ,1.256501066436e+01  
  5.672010000020e-03  ,1.499992243266e+01  ,3.585734139210e+00  ,1.263044608535e+01  
  5.672011000018e-03  ,1.442348178010e+01  ,3.585664559526e+00  ,1.263072021887e+01  
  5.672013000126e-03  ,1.321574870724e+01  ,3.585433316414e+00  ,1.263126844991e+01  
  5.672017000343e-03  ,1.067436254281e+01  ,3.584989304381e+00  ,1.263236520459e+01  
  5.672020000020e-03  ,8.649400567121e+00  ,3.584716697183e+00  ,1.263318756992e+01  
  5.672020800063e-03  ,8.545701116516e+00  ,3.584771199141e+00  ,1.263340686229e+01  
  5.672022400076e-03  ,8.340799150411e+00  ,3.584967006080e+00  ,1.263384554676e+01  
  5.672025600100e-03  ,7.945561245315e+00  ,3.585492887286e+00  ,1.263472288533e+01  
  5.672032000149e-03  ,7.209973420040e+00  ,3.586587298718e+00  ,1.263647733141e+01  
  5.672044800246e-03  ,5.934074719088e+00  ,3.589540851528e+00  ,1.263998608425e+01  
  5.672058726871e-03  ,4.793056827641e+00  ,3.599387779937e+00  ,1.264380259568e+01  
  5.672067645216e-03  ,4.356557927774e+00  ,1.396618866158e+01  ,1.264560620340e+01  
  5.672076016689e-03  ,4.341972988698e+00  ,4.349466051302e+01  ,1.264566819621e+01  
  5.672082298273e-03  ,4.134904428940e+00  ,5.282823294173e+01  ,4.045798626877e-02  
  5.672085569823e-03  ,3.937001269274e+00  ,5.285777174310e+01  ,-2.064386428930e-01  
  5.672088131333e-03  ,3.786884946331e+00  ,5.284058269091e+01  ,-1.752627410813e-03  
  5.672090906301e-03  ,3.630908901408e+00  ,5.284369579259e+01  ,7.846230535472e-03  
  5.672096456239e-03  ,3.337666324459e+00  ,5.285216455185e+01  ,5.601682708597e-03  
  5.672107556114e-03  ,2.819649815782e+00  ,5.286881715387e+01  ,4.578976027548e-03  
  5.672129755864e-03  ,2.007550750948e+00  ,5.290198391275e+01  ,3.658931563467e-03  
  5.672174155364e-03  ,9.676170485674e-01  ,5.296819731943e+01  ,2.010848367389e-03  
  5.672217452178e-03  ,4.398360326574e-01  ,5.303254676031e+01  ,1.239484952106e-03  
  5.672265022645e-03  ,1.638290263438e-01  ,5.310304483503e+01  ,8.355581797925e-04  
  5.672331207642e-03  ,5.551294718567e-02  ,5.320080825683e+01  ,6.752383085989e-04  
  5.672415107140e-03  ,1.371280700605e-02  ,5.332424820420e+01  ,6.111850970810e-04  
  5.672508412251e-03  ,-3.612087689266e-04  ,5.346089406884e+01  ,5.871942157280e-04  
  5.672695022473e-03  ,-3.213975470231e-03  ,5.373219315064e+01  ,5.760985656560e-04  
  5.673064857373e-03  ,6.048830777409e-05  ,5.426199716116e+01  ,5.672178231692e-04  
  5.673717170605e-03  ,2.741323260378e-03  ,5.517081045726e+01  ,5.475007805752e-04  
  5.675021797070e-03  ,6.325763780235e-04  ,5.688898505031e+01  ,4.982297228512e-04  
  5.677631050000e-03  ,2.082530972667e-03  ,5.992048055932e+01  ,4.127255758733e-04  
  5.682000000020e-03  ,1.215710232690e-04  ,6.376985246452e+01  ,2.753864732497e-04  
  5.682001000018e-03  ,5.767784779555e-01  ,6.377068948013e+01  ,-1.014995670560e-03  
  5.682001885613e-03  ,1.094869911255e+00  ,6.377143409998e+01  ,-2.189554773627e-03  
  5.682003656802e-03  ,2.160868363818e+00  ,6.377292069862e+01  ,-4.509077395640e-03  
  5.682007199180e-03  ,4.415335901425e+00  ,6.377587691265e+01  ,-8.967012974266e-03  
  5.682010000020e-03  ,6.311376455900e+00  ,6.377819875699e+01  ,-1.232607122412e-02  
  5.682010708496e-03  ,6.403759863680e+00  ,6.377869080948e+01  ,-1.224641615337e-02  
  5.682012125410e-03  ,6.586169425701e+00  ,6.377966434994e+01  ,-1.198579624965e-02  
  5.682014959238e-03  ,6.939982190881e+00  ,6.378161116102e+01  ,-1.146850380152e-02  
  5.682020626895e-03  ,7.604526197169e+00  ,6.378550880996e+01  ,-1.050027242640e-02  
  5.682031962208e-03  ,8.775508774880e+00  ,6.379331693376e+01  ,-8.794242586105e-03  
  5.682044033639e-03  ,9.825030522880e+00  ,6.380164654663e+01  ,-7.265310448005e-03  
  5.682052577965e-03  ,9.976834307753e+00  ,3.626064754488e+01  ,9.864114348954e+00  
  5.682060719959e-03  ,1.001065740612e+01  ,4.435288513436e+00  ,9.865150618884e+00  
  5.682064624808e-03  ,1.027383979458e+01  ,2.827140878004e+00  ,9.865641203280e+00  
  5.682066728107e-03  ,1.042099455544e+01  ,2.762953927380e+00  ,9.866222761339e+00  
  5.682069388710e-03  ,1.060216700137e+01  ,2.790092369400e+00  ,9.866963956873e+00  
  5.682074667446e-03  ,1.094100531737e+01  ,2.818767667382e+00  ,9.868416237015e+00  
  5.682083901696e-03  ,1.147307662763e+01  ,2.808362141830e+00  ,9.871056246388e+00  
  5.682102370195e-03  ,1.234502420889e+01  ,2.805302021691e+00  ,9.876263196977e+00  
  5.682139307193e-03  ,1.350699442319e+01  ,2.807768219172e+00  ,9.886677026783e+00  
  5.682213181190e-03  ,1.466310102960e+01  ,2.812841368046e+00  ,9.907501865914e+00  
  5.682322615318e-03  ,1.514876094886e+01  ,2.821375814978e+00  ,9.938343420722e+00  
  5.682484716110e-03  ,1.516450262324e+01  ,2.834335339785e+00  ,9.984010543863e+00  
  5.682707399063e-03  ,1.495792925579e+01  ,2.852225671230e+00  ,1.004671072645e+01  
  5.683127731018e-03  ,1.502206254180e+01  ,2.885766909752e+00  ,1.016495428028e+01  
  5.683535236053e-03  ,1.500832398441e+01  ,2.918279932412e+00  ,1.027945495910e+01  
  5.684350246124e-03  ,1.499408942997e+01  ,2.983187485752e+00  ,1.050805937406e+01  
  5.685980266265e-03  ,1.500512765800e+01  ,3.112535444668e+00  ,1.096368486226e+01  
  5.689240306549e-03  ,1.500050774088e+01  ,3.369457465550e+00  ,1.186864534354e+01  
  5.692010000020e-03  ,1.499961265962e+01  ,3.585871637976e+00  ,1.263092967202e+01  
  5.692011000018e-03  ,1.441995992370e+01  ,3.585803077235e+00  ,1.263120380565e+01  
  5.692013000126e-03  ,1.321233055134e+01  ,3.585572208539e+00  ,1.263175202559e+01  
  5.692017000343e-03  ,1.067114449690e+01  ,3.585128327431e+00  ,1.263284878156e+01  
  5.692020000020e-03  ,8.646325680313e+00  ,3.584855725419e+00  ,1.263367114272e+01  
  5.692020800063e-03  ,8.542663096173e+00  ,3.584910267378e+00  ,1.263389043389e+01  
  5.692022400076e-03  ,8.337833975617e+00  ,3.585106147117e+00  ,1.263432911622e+01  
  5.692025600100e-03  ,7.942736584095e+00  ,3.585632186777e+00  ,1.263520645046e+01  
  5.692032000149e-03  ,7.207410275969e+00  ,3.586727098962e+00  ,1.263696088749e+01  
  5.692044800246e-03  ,5.931965220583e+00  ,3.589683539505e+00  ,1.264046962223e+01  
  5.692058725381e-03  ,4.791464549170e+00  ,3.599564705886e+00  ,1.264428570231e+01  
  5.692067642236e-03  ,4.356456520179e+00  ,1.403694979035e+01  ,1.264608334475e+01  
  5.692076010728e-03  ,4.342039641679e+00  ,4.356649849177e+01  ,1.264614069775e+01  
  5.692082281882e-03  ,4.134435425656e+00  ,5.283038453245e+01  ,3.675172964431e-02  
  5.692085551569e-03  ,3.936650843399e+00  ,5.285943661604e+01  ,-2.054018524593e-01  
  5.692087121779e-03  ,3.843744252098e+00  ,5.284117798485e+01  ,-4.100511902826e-03  
  5.692090262199e-03  ,3.665061888886e+00  ,5.284436158993e+01  ,1.012588377529e-02  
  5.692096543038e-03  ,3.331815050756e+00  ,5.285414626119e+01  ,5.647881627066e-03  
  5.692109104717e-03  ,2.752529885549e+00  ,5.287299846122e+01  ,4.426928710050e-03  
  5.692134228075e-03  ,1.872080407489e+00  ,5.291051630263e+01  ,3.515291390305e-03  
  5.692173501575e-03  ,9.863648306586e-01  ,5.296908430555e+01  ,2.038371618430e-03  
  5.692218103731e-03  ,4.425111819079e-01  ,5.303537623942e+01  ,1.243322060448e-03  
  5.692263611877e-03  ,1.762770336823e-01  ,5.310282203788e+01  ,8.537608888583e-04  
  5.692332741344e-03  ,5.623670846665e-02  ,5.320493904976e+01  ,6.762449953470e-04  
  5.692413839424e-03  ,4.599828764002e-03  ,5.332426214189e+01  ,5.979616127126e-04  
  5.692510160530e-03  ,-7.869129526047e-03  ,5.346532792046e+01  ,5.761979772621e-04  
  5.692702802742e-03  ,-5.376327451454e-03  ,5.374533563135e+01  ,5.726680617531e-04  
  5.692993530357e-03  ,4.390629355594e-03  ,5.416254277068e+01  ,5.761994617216e-04  
  5.693574985588e-03  ,-2.552354577088e-05  ,5.497745976931e+01  ,5.485583079121e-04  
  5.694478878105e-03  ,1.130109621114e-03  ,5.619210982607e+01  ,5.178699788143e-04  
  5.695734867180e-03  ,1.472076839920e-03  ,5.777328277446e+01  ,4.748275872380e-04  
  5.698246845329e-03  ,1.203108633053e-03  ,6.055850735045e+01  ,3.921557227887e-04  
  5.702000000020e-03  ,8.926979270916e-04  ,6.377137308975e+01  ,2.766339410623e-04  
  5.702001000018e-03  ,5.775381109787e-01  ,6.377220970532e+01  ,-1.013343973443e-03  
  5.702001885054e-03  ,1.095288686139e+00  ,6.377295363499e+01  ,-2.188106530164e-03  
  5.702003655126e-03  ,2.160567680267e+00  ,6.377443864534e+01  ,-4.506014547995e-03  
  5.702007195269e-03  ,4.413447035071e+00  ,6.377739174443e+01  ,-8.961340671304e-03  
  5.702010000020e-03  ,6.311253899552e+00  ,6.377971592800e+01  ,-1.232639508581e-02  
  5.702010708049e-03  ,6.403580932155e+00  ,6.378020741887e+01  ,-1.224680923514e-02  
  5.702012124032e-03  ,6.586263276162e+00  ,6.378117988370e+01  ,-1.198674909333e-02  
  5.702014955997e-03  ,6.940153203320e+00  ,6.378312426931e+01  ,-1.146837716990e-02  
  5.702020619929e-03  ,7.604113559314e+00  ,6.378701734743e+01  ,-1.050094701043e-02  
  5.702031947791e-03  ,8.776907057303e+00  ,6.379481595586e+01  ,-8.792344973716e-03  
  5.702043360591e-03  ,9.774173369542e+00  ,6.380268657389e+01  ,-7.339528161332e-03  
  5.702051401257e-03  ,9.973521366469e+00  ,4.097186374331e+01  ,9.862477515012e+00  
  5.702059078335e-03  ,1.000037563517e+01  ,1.059219005593e+01  ,9.862653821832e+00  
  5.702063381791e-03  ,1.018931463637e+01  ,3.392968709621e+00  ,9.863570026149e+00  
  5.702067452788e-03  ,1.046806498935e+01  ,2.665344565476e+00  ,9.864646940175e+00  
  5.702069775134e-03  ,1.062549417062e+01  ,2.746113052982e+00  ,9.865296335407e+00  
  5.702072714016e-03  ,1.081672719923e+01  ,2.801151382273e+00  ,9.866121961723e+00  
  5.702078591779e-03  ,1.117400333933e+01  ,2.810772493232e+00  ,9.867775096162e+00  
  5.702090347305e-03  ,1.180183669501e+01  ,2.805804068670e+00  ,9.871085928990e+00  
  5.702110299960e-03  ,1.264248792591e+01  ,2.804474216593e+00  ,9.876711507357e+00  
  5.702150205269e-03  ,1.373793813625e+01  ,2.808614842993e+00  ,9.887962233673e+00  
  5.702230015889e-03  ,1.477658739506e+01  ,2.813648379692e+00  ,9.910460184188e+00  
  5.702347472802e-03  ,1.516399790415e+01  ,2.822848638809e+00  ,9.943561474321e+00  
  5.702521232262e-03  ,1.497757962005e+01  ,2.836832642661e+00  ,9.992509791417e+00  
  5.702678016320e-03  ,1.497074333908e+01  ,2.849365240177e+00  ,1.003665532940e+01  
  5.702991584435e-03  ,1.501201293055e+01  ,2.874396307216e+00  ,1.012488751631e+01  
  5.703618720665e-03  ,1.499225247134e+01  ,2.924436839481e+00  ,1.030111659720e+01  
  5.704720786705e-03  ,1.499815312660e+01  ,3.012139546930e+00  ,1.061004471829e+01  
  5.706924918785e-03  ,1.500018859622e+01  ,3.186728962066e+00  ,1.122501206540e+01  
  5.711333182946e-03  ,1.499992798898e+01  ,3.532651422099e+00  ,1.244346993696e+01  
  5.712010000020e-03  ,1.500001282361e+01  ,3.585379343251e+00  ,1.262919619750e+01  
  5.712011000018e-03  ,1.442323121751e+01  ,3.585309816393e+00  ,1.262947033497e+01  
  5.712013000126e-03  ,1.321550552233e+01  ,3.585078592676e+00  ,1.263001857099e+01  
  5.712017000343e-03  ,1.067413359462e+01  ,3.584634583503e+00  ,1.263111534159e+01  
  5.712020000020e-03  ,8.649181803857e+00  ,3.584361970846e+00  ,1.263193771757e+01  
  5.712020800063e-03  ,8.545484976038e+00  ,3.584416470307e+00  ,1.263215701277e+01  
  5.712022400076e-03  ,8.340588192384e+00  ,3.584612272853e+00  ,1.263259570292e+01  
  5.712025600100e-03  ,7.945360283877e+00  ,3.585138150874e+00  ,1.263347305285e+01  
  5.712032000149e-03  ,7.209791063609e+00  ,3.586232560071e+00  ,1.263522752163e+01  
  5.712044800246e-03  ,5.933924634735e+00  ,3.589186155522e+00  ,1.263873631987e+01  
  5.712058726871e-03  ,4.792935633111e+00  ,3.599034757925e+00  ,1.264255288055e+01  
  5.712067645216e-03  ,4.356541760482e+00  ,1.397115111860e+01  ,1.264435612293e+01  
  5.712076016689e-03  ,4.341970306588e+00  ,4.350051308553e+01  ,1.264441775712e+01  
  5.712082298273e-03  ,4.134816999813e+00  ,5.282910336912e+01  ,4.004418628170e-02  
  5.712085570196e-03  ,3.936894657445e+00  ,5.285859006748e+01  ,-2.063452969283e-01  
  5.712088132078e-03  ,3.786761147738e+00  ,5.284140970383e+01  ,-1.746273456296e-03  
  5.712090907419e-03  ,3.630769671114e+00  ,5.284452338732e+01  ,7.844921427595e-03  
  5.712096458102e-03  ,3.337500474432e+00  ,5.285299166911e+01  ,5.601215926086e-03  
  5.712107559467e-03  ,2.819445530672e+00  ,5.286964347590e+01  ,4.578682952146e-03  
  5.712129762197e-03  ,2.007311944310e+00  ,5.290280870258e+01  ,3.658361665119e-03  
  5.712174167657e-03  ,9.673898975795e-01  ,5.296901895262e+01  ,2.010407633103e-03  
  5.712217458511e-03  ,4.397778415520e-01  ,5.303334781860e+01  ,1.239291528087e-03  
  5.712265040899e-03  ,1.637540756721e-01  ,5.310385068703e+01  ,8.353400629293e-04  
  5.712331213975e-03  ,5.550085993905e-02  ,5.320157861697e+01  ,6.751125899518e-04  
  5.712415137315e-03  ,1.370261088316e-02  ,5.332503095539e+01  ,6.110616767722e-04  
  5.712508430505e-03  ,-3.618516701278e-04  ,5.346163413465e+01  ,5.870856445284e-04  
  5.712695016885e-03  ,-3.211980950601e-03  ,5.373284846600e+01  ,5.759956771719e-04  
  5.713064947152e-03  ,6.119158033127e-05  ,5.426268921540e+01  ,5.671113847113e-04  
  5.713717355752e-03  ,2.740373150326e-03  ,5.517145590659e+01  ,5.473917019209e-04  
  5.715022172952e-03  ,6.327097374632e-04  ,5.688951411456e+01  ,4.981216964635e-04  
  5.717631807351e-03  ,2.081748475909e-03  ,5.992068502166e+01  ,4.126151162631e-04  
  5.722000000020e-03  ,1.217191663404e-04  ,6.376826741863e+01  ,2.753175038623e-04  
  5.722001000018e-03  ,5.767786201493e-01  ,6.376910422320e+01  ,-1.015064592830e-03  
  5.722001885613e-03  ,1.094870048188e+00  ,6.376984865629e+01  ,-2.189624937149e-03  
  5.722003656802e-03  ,2.160868490418e+00  ,6.377133488115e+01  ,-4.509147290064e-03  
  5.722007199180e-03  ,4.415336008154e+00  ,6.377429034766e+01  ,-8.967082876296e-03  
  5.722010000020e-03  ,6.311376547656e+00  ,6.377661160100e+01  ,-1.232614117340e-02  
  5.722010708496e-03  ,6.403759951765e+00  ,6.377710350378e+01  ,-1.224648684869e-02  
  5.722012125410e-03  ,6.586169506534e+00  ,6.377807674466e+01  ,-1.198586708532e-02  
  5.722014959238e-03  ,6.939982257647e+00  ,6.378002295662e+01  ,-1.146857460305e-02  
  5.722020626895e-03  ,7.604526237520e+00  ,6.378391940751e+01  ,-1.050034323320e-02  
  5.722031962208e-03  ,8.778086948210e+00  ,6.379172479394e+01  ,-8.790577375156e-03  
  5.722044033639e-03  ,9.828164291475e+00  ,6.380005182596e+01  ,-7.260812945719e-03  
  5.722052580945e-03  ,9.976979078415e+00  ,3.607736501246e+01  ,9.862916638930e+00  
  5.722060725920e-03  ,1.001103547058e+01  ,4.256786888535e+00  ,9.863872308625e+00  
  5.722064607672e-03  ,1.027552592096e+01  ,2.804464287588e+00  ,9.864453353670e+00  
  5.722066674463e-03  ,1.042033163966e+01  ,2.761373363835e+00  ,9.864900999505e+00  
  5.722069299675e-03  ,1.059920669425e+01  ,2.791573100332e+00  ,9.865757718229e+00  
  5.722074550099e-03  ,1.093649490814e+01  ,2.817254445863e+00  ,9.867238741728e+00  
  5.722084541328e-03  ,1.150870095956e+01  ,2.796276936893e+00  ,9.870055137168e+00  
  5.722104523785e-03  ,1.243345997176e+01  ,2.804165761375e+00  ,9.875691180765e+00  
  5.722141287930e-03  ,1.355263061909e+01  ,2.808391048571e+00  ,9.886054554762e+00  
  5.722214816220e-03  ,1.458896023601e+01  ,2.811646814187e+00  ,9.906782117585e+00  
  5.722328816063e-03  ,1.509468832586e+01  ,2.821543613017e+00  ,9.938910504354e+00  
  5.722475109704e-03  ,1.513562093915e+01  ,2.833247233760e+00  ,9.980125126809e+00  
  5.722736988671e-03  ,1.495528957798e+01  ,2.854254032729e+00  ,1.005386038846e+01  
  5.723123608239e-03  ,1.502205141587e+01  ,2.885106145583e+00  ,1.016261769968e+01  
  5.723590336449e-03  ,1.500911003087e+01  ,2.922338257147e+00  ,1.029375104239e+01  
  5.724523792870e-03  ,1.499324188273e+01  ,2.996655500592e+00  ,1.055549688344e+01  
  5.726390705712e-03  ,1.499897046544e+01  ,3.144684288099e+00  ,1.107691426473e+01  
  5.730124531395e-03  ,1.500015427092e+01  ,3.438407135207e+00  ,1.211150927012e+01  
  5.732010000020e-03  ,1.499993823750e+01  ,3.585547139069e+00  ,1.262978731696e+01  
  5.732011000018e-03  ,1.442407407064e+01  ,3.585477349089e+00  ,1.263006145365e+01  
  5.732013000126e-03  ,1.321632355772e+01  ,3.585246028303e+00  ,1.263060968117e+01  
  5.732017000343e-03  ,1.067490373956e+01  ,3.584801984857e+00  ,1.263170644932e+01  
  5.732020000020e-03  ,8.649917687998e+00  ,3.584529379421e+00  ,1.263252882027e+01  
  5.732020800063e-03  ,8.546212037305e+00  ,3.584583871171e+00  ,1.263274811416e+01  
  5.732022400076e-03  ,8.341297820279e+00  ,3.584779660753e+00  ,1.263318680161e+01  
  5.732025600100e-03  ,7.946036284114e+00  ,3.585305509100e+00  ,1.263406414615e+01  
  5.732032000149e-03  ,7.210404477743e+00  ,3.586399819299e+00  ,1.263581860425e+01  
  5.732044800246e-03  ,5.934429483535e+00  ,3.589352814452e+00  ,1.263932738112e+01  
  5.732058726871e-03  ,4.793343259299e+00  ,3.599193096393e+00  ,1.264314391935e+01  
  5.732067645216e-03  ,4.356573769613e+00  ,1.395208502867e+01  ,1.264494867143e+01  
  5.732076016689e-03  ,4.341957132449e+00  ,4.347827719131e+01  ,1.264501166725e+01  
  5.732082300508e-03  ,4.135015121357e+00  ,5.282751056955e+01  ,4.129825519197e-02  
  5.732085572431e-03  ,3.937087780025e+00  ,5.285715952285e+01  ,-2.066755055351e-01  
  5.732087141151e-03  ,3.844255605748e+00  ,5.283877693347e+01  ,-4.183687135640e-03  
  5.732090278590e-03  ,3.665715240179e+00  ,5.284194418987e+01  ,1.015493596252e-02  
  5.732096553469e-03  ,3.332711708006e+00  ,5.285172162255e+01  ,5.650715501162e-03  
  5.732109103227e-03  ,2.753772630277e+00  ,5.287055410551e+01  ,4.427129222335e-03  
  5.732134202743e-03  ,1.873627549034e+00  ,5.290803167795e+01  ,3.519037475976e-03  
  5.732173517967e-03  ,9.864705450097e-01  ,5.296665522501e+01  ,2.038478070905e-03  
  5.732218120122e-03  ,4.425030969108e-01  ,5.303293931685e+01  ,1.243255445027e-03  
  5.732263634229e-03  ,1.762164987365e-01  ,5.310038593964e+01  ,8.536185633855e-04  
  5.732332739854e-03  ,5.624482537089e-02  ,5.320245564638e+01  ,6.762038389811e-04  
  5.732413837934e-03  ,4.607723724003e-03  ,5.332176468499e+01  ,5.979204673556e-04  
  5.732510123277e-03  ,-7.861343149241e-03  ,5.346276160805e+01  ,5.761583855671e-04  
  5.732702693963e-03  ,-5.375335941604e-03  ,5.374263342725e+01  ,5.726219530120e-04  
  5.732993421579e-03  ,4.389990869131e-03  ,5.415979377616e+01  ,5.761520118534e-04  
  5.733574876809e-03  ,-2.542836080601e-05  ,5.497461945654e+01  ,5.485140269838e-04  
  5.734478483224e-03  ,1.130032951729e-03  ,5.618875933012e+01  ,5.178387422930e-04  
  5.735734663034e-03  ,1.471948547809e-03  ,5.777001475780e+01  ,4.747933035059e-04  
  5.738247022653e-03  ,1.202923583628e-03  ,6.055533341381e+01  ,3.921162204969e-04  
  5.742000000020e-03  ,8.926159743588e-04  ,6.376763466389e+01  ,2.766109766745e-04  
  5.742001000018e-03  ,5.775380287315e-01  ,6.376847119429e+01  ,-1.013365862834e-03  
  5.742001885054e-03  ,1.095288603628e+00  ,6.376921504869e+01  ,-2.188128443063e-03  
  5.742003655126e-03  ,2.160567597240e+00  ,6.377069990852e+01  ,-4.506036481500e-03  
  5.742007195269e-03  ,4.413446951050e+00  ,6.377365270661e+01  ,-8.961362677426e-03  
  5.742010000020e-03  ,6.311253814781e+00  ,6.377597665177e+01  ,-1.232641714218e-02  
  5.742010708049e-03  ,6.403580847201e+00  ,6.377646808242e+01  ,-1.224683281847e-02  
  5.742012124032e-03  ,6.586263190839e+00  ,6.377744042653e+01  ,-1.198677299578e-02  
  5.742014955997e-03  ,6.940153117283e+00  ,6.377938457068e+01  ,-1.146840091506e-02  
  5.742020619929e-03  ,7.604113471940e+00  ,6.378327716614e+01  ,-1.050097072156e-02  
  5.742031947791e-03  ,8.776906967585e+00  ,6.379107481019e+01  ,-8.792368630319e-03  
  5.742043360591e-03  ,9.774173277851e+00  ,6.379894445793e+01  ,-7.339551767213e-03  
  5.742051401257e-03  ,9.973518542529e+00  ,4.096787172015e+01  ,9.861668372392e+00  
  5.742059078335e-03  ,1.000037602056e+01  ,1.058840774901e+01  ,9.861844953485e+00  
  5.742063381791e-03  ,1.018937481346e+01  ,3.392468172268e+00  ,9.862761110226e+00  
  5.742067452043e-03  ,1.046807469979e+01  ,2.665187316568e+00  ,9.863837974966e+00  
  5.742069774762e-03  ,1.062552771042e+01  ,2.745902781604e+00  ,9.864487475528e+00  
  5.742072714016e-03  ,1.081678272703e+01  ,2.800920053618e+00  ,9.865313211964e+00  
  5.742078592524e-03  ,1.117409752231e+01  ,2.810539492111e+00  ,9.866966569738e+00  
  5.742090349540e-03  ,1.180039446053e+01  ,2.800116359730e+00  ,9.870281193150e+00  
  5.742102659389e-03  ,1.234976117519e+01  ,2.804307294735e+00  ,9.873752088518e+00  
  5.742127279088e-03  ,1.318373007272e+01  ,2.806533446438e+00  ,9.880693531683e+00  
  5.742176518485e-03  ,1.417140662307e+01  ,2.808957839838e+00  ,9.894575206159e+00  
  5.742274997279e-03  ,1.497975531733e+01  ,2.816892959378e+00  ,9.922333203531e+00  
  5.742403385684e-03  ,1.499978477293e+01  ,2.827178700583e+00  ,9.958510442826e+00  
  5.742629597231e-03  ,1.500012665765e+01  ,2.845242479404e+00  ,1.002222018549e+01  
  5.742869446322e-03  ,1.500011259697e+01  ,2.864419117459e+00  ,1.008972610978e+01  
  5.743349144503e-03  ,1.500019027347e+01  ,2.902710174524e+00  ,1.022460016135e+01  
  5.744308540866e-03  ,1.500023385072e+01  ,2.979135943544e+00  ,1.049379809295e+01  
  5.746227333590e-03  ,1.500031554677e+01  ,3.131364593948e+00  ,1.102999991795e+01  
  5.750064919039e-03  ,1.500033270701e+01  ,3.433347588950e+00  ,1.209368818791e+01  
  5.752010000020e-03  ,1.499978205752e+01  ,3.585154944093e+00  ,1.262840551322e+01  
  5.752011000018e-03  ,1.442105450710e+01  ,3.585086083550e+00  ,1.262867965402e+01  
  5.752013000126e-03  ,1.321339290496e+01  ,3.584855106603e+00  ,1.262922788828e+01  
  5.752017000343e-03  ,1.067214465673e+01  ,3.584411180267e+00  ,1.263032467295e+01  
  5.752020000020e-03  ,8.647281346390e+00  ,3.584138562707e+00  ,1.263114705563e+01  
  5.752020800063e-03  ,8.543607304110e+00  ,3.584193083002e+00  ,1.263136635256e+01  
  5.752022400076e-03  ,8.338755543079e+00  ,3.584388922903e+00  ,1.263180504634e+01  
  5.752025600100e-03  ,7.943614479837e+00  ,3.584914886405e+00  ,1.263268240349e+01  
  5.752032000149e-03  ,7.208206891690e+00  ,3.586009572937e+00  ,1.263443688647e+01  
  5.752044800246e-03  ,5.932620839728e+00  ,3.588964814189e+00  ,1.263794571314e+01  
  5.752058725381e-03  ,4.791993881555e+00  ,3.598832643012e+00  ,1.264176189452e+01  
  5.752067642236e-03  ,4.356477618232e+00  ,1.401002014105e+01  ,1.264356174746e+01  
  5.752076012218e-03  ,4.342001659343e+00  ,4.354068289265e+01  ,1.264362079615e+01  
  5.752082287097e-03  ,4.134555538677e+00  ,5.282770791519e+01  ,3.791010972314e-02  
  5.752085557530e-03  ,3.936725607159e+00  ,5.285691270755e+01  ,-2.057414408287e-01  
  5.752087127367e-03  ,3.843838387736e+00  ,5.283862035665e+01  ,-4.122601519089e-03  
  5.752090267042e-03  ,3.665193066941e+00  ,5.284179842870e+01  ,1.013345986715e-02  
  5.752096546391e-03  ,3.332009930298e+00  ,5.285157877146e+01  ,5.648424149881e-03  
  5.752109105090e-03  ,2.751219623501e+00  ,5.287037226004e+01  ,4.593738284643e-03  
  5.752134222487e-03  ,1.861490984910e+00  ,5.290788201676e+01  ,3.313658365547e-03  
  5.752175361613e-03  ,9.415126049559e-01  ,5.296917408921e+01  ,1.972057779218e-03  
  5.752221352557e-03  ,4.554969831475e-01  ,5.303749083814e+01  ,1.262059057429e-03  
  5.752269453505e-03  ,1.918034982742e-01  ,5.310873887584e+01  ,8.760098691215e-04  
  5.752324367264e-03  ,8.006025999936e-02  ,5.318983944615e+01  ,7.111176008833e-04  
  5.752413070897e-03  ,6.882571132072e-03  ,5.332034615093e+01  ,6.011608328116e-04  
  5.752507878045e-03  ,2.594890943510e-03  ,5.345916255888e+01  ,5.913809976563e-04  
  5.752697492341e-03  ,7.922270248343e-04  ,5.373474061356e+01  ,5.817004129158e-04  
  5.752919150094e-03  ,1.962181303424e-03  ,5.405340954741e+01  ,5.752488221015e-04  
  5.753362465600e-03  ,1.917250419559e-03  ,5.467942618846e+01  ,5.589233381051e-04  
  5.754249096611e-03  ,1.422006293022e-03  ,5.588583656521e+01  ,5.264557752050e-04  
  5.756022358635e-03  ,1.581143840798e-03  ,5.811348421237e+01  ,4.651915988684e-04  
  5.759568882683e-03  ,9.469684313467e-04  ,6.181447798251e+01  ,3.494248085142e-04  
  5.762000000020e-03  ,1.005856811826e-03  ,6.376485431665e+01  ,2.786451864742e-04  
  5.762001000018e-03  ,5.776496179573e-01  ,6.376569062444e+01  ,-1.012392342377e-03  
  5.762001884868e-03  ,1.095288459686e+00  ,6.376643415970e+01  ,-2.188179866655e-03  
  5.762003654567e-03  ,2.160331337042e+00  ,6.376791809172e+01  ,-4.505317478121e-03  
  5.762007193965e-03  ,4.412688439381e+00  ,6.377086909731e+01  ,-8.959723973807e-03  
  5.762010000020e-03  ,6.311349954588e+00  ,6.377319319417e+01  ,-1.232638622586e-02  
  5.762010707900e-03  ,6.403656736892e+00  ,6.377368428795e+01  ,-1.224683388934e-02  
  5.762012123696e-03  ,6.584393695186e+00  ,6.377465590076e+01  ,-1.198664532297e-02  
  5.762014955289e-03  ,6.936786736844e+00  ,6.377659926174e+01  ,-1.147341286984e-02  
  5.762020618476e-03  ,7.600940569635e+00  ,6.378048943367e+01  ,-1.050563545269e-02  
  5.762031944848e-03  ,8.774094321953e+00  ,6.378828223568e+01  ,-8.796602554172e-03  
  5.762043354667e-03  ,9.771569436125e+00  ,6.379614597770e+01  ,-7.343456858231e-03  
  5.762051392354e-03  ,9.973397991158e+00  ,4.110736134081e+01  ,9.859729668605e+00  
  5.762059064962e-03  ,1.000018268713e+01  ,1.074135745507e+01  ,9.859899736902e+00  
  5.762063385553e-03  ,1.018781308180e+01  ,3.401195610350e+00  ,9.860816267143e+00  
  5.762067483373e-03  ,1.046835314248e+01  ,2.662567466575e+00  ,9.861896612719e+00  
  5.762069804229e-03  ,1.062568640437e+01  ,2.744746193077e+00  ,9.862545648635e+00  
  5.762072731934e-03  ,1.081620667332e+01  ,2.800337335741e+00  ,9.863368189154e+00  
  5.762078587346e-03  ,1.117222555102e+01  ,2.810068761465e+00  ,9.865015064232e+00  
  5.762090298168e-03  ,1.179814394181e+01  ,2.805038275902e+00  ,9.868313377694e+00  
  5.762110074989e-03  ,1.263331582482e+01  ,2.803668265432e+00  ,9.873889534778e+00  
  5.762149628632e-03  ,1.372557308381e+01  ,2.807804660215e+00  ,9.885041434068e+00  
  5.762228735916e-03  ,1.476708108046e+01  ,2.812767944685e+00  ,9.907341793499e+00  
  5.762346180908e-03  ,1.516334969293e+01  ,2.821962853080e+00  ,9.940440761033e+00  
  5.762518724434e-03  ,1.497823134147e+01  ,2.835849683501e+00  ,9.989048159574e+00  
  5.762675198547e-03  ,1.497094523381e+01  ,2.848358051704e+00  ,1.003310798391e+01  
  5.762988146774e-03  ,1.501190655373e+01  ,2.873340652537e+00  ,1.012116897354e+01  
  5.763614043228e-03  ,1.499232862740e+01  ,2.923284159490e+00  ,1.029705658167e+01  
  5.764711150162e-03  ,1.499816762755e+01  ,3.010596433236e+00  ,1.060460936442e+01  
  5.766905364029e-03  ,1.500018751607e+01  ,3.184412246621e+00  ,1.121685179397e+01  
  5.771293791763e-03  ,1.499992905214e+01  ,3.528816437619e+00  ,1.242996179743e+01  
  5.772010000020e-03  ,1.500001337262e+01  ,3.584617849846e+00  ,1.262651395321e+01  
  5.772011000018e-03  ,1.442322987868e+01  ,3.584548329903e+00  ,1.262678809832e+01  
  5.772013000126e-03  ,1.321550422293e+01  ,3.584317110719e+00  ,1.262733634946e+01  
  5.772017000343e-03  ,1.067413237111e+01  ,3.583873095769e+00  ,1.262843315061e+01  
  5.772020000020e-03  ,8.649180634438e+00  ,3.583600466798e+00  ,1.262925554943e+01  
  5.772020800063e-03  ,8.545483820475e+00  ,3.583654955980e+00  ,1.262947485073e+01  
  5.772022400076e-03  ,8.340587064203e+00  ,3.583850739229e+00  ,1.262991355306e+01  
  5.772025600100e-03  ,7.945359208571e+00  ,3.584376586947e+00  ,1.263079092735e+01  
  5.772032000149e-03  ,7.209790086371e+00  ,3.585470917460e+00  ,1.263254544488e+01  
  5.772044800246e-03  ,5.933923824596e+00  ,3.588424174509e+00  ,1.263605434063e+01  
  5.772058726871e-03  ,4.792934946280e+00  ,3.598270790085e+00  ,1.263987100760e+01  
  5.772067645216e-03  ,4.356525099633e+00  ,1.396941991399e+01  ,1.264167445387e+01  
  5.772076016689e-03  ,4.341953862747e+00  ,4.349865749149e+01  ,1.264173617669e+01  
  5.772082297528e-03  ,4.134781293884e+00  ,5.282374442797e+01  ,3.985950408535e-02  
  5.772085569078e-03  ,3.936881909796e+00  ,5.285320638392e+01  ,-2.063037065051e-01  
  5.772087138170e-03  ,3.844033468518e+00  ,5.283485883264e+01  ,-4.159641392651e-03  
  5.772090276355e-03  ,3.665461936626e+00  ,5.283802867985e+01  ,1.014651389093e-02  
  5.772096552724e-03  ,3.332405658817e+00  ,5.284780394582e+01  ,5.649628302481e-03  
  5.772109105462e-03  ,2.753394131139e+00  ,5.286663352090e+01  ,4.426809428024e-03  
  5.772134210939e-03  ,1.873194324632e+00  ,5.290410552377e+01  ,3.517775076956e-03  
  5.772173514241e-03  ,9.864459431169e-01  ,5.296268850068e+01  ,2.038240019991e-03  
  5.772218116397e-03  ,4.425081490660e-01  ,5.302894684133e+01  ,1.243063133598e-03  
  5.772263624543e-03  ,1.762549199126e-01  ,5.309635841309e+01  ,8.534754401030e-04  
  5.772332742089e-03  ,5.624276701636e-02  ,5.319840597325e+01  ,6.760021227099e-04  
  5.772413828248e-03  ,4.608524746500e-03  ,5.331765095737e+01  ,5.977243397236e-04  
  5.772510125512e-03  ,-7.864166564275e-03  ,5.345861026718e+01  ,5.759576857053e-04  
  5.772702720040e-03  ,-5.377289428474e-03  ,5.373840690213e+01  ,5.724239327792e-04  
  5.772993447656e-03  ,4.389790331998e-03  ,5.415540262983e+01  ,5.759599567093e-04  
  5.773574902886e-03  ,-2.639198014918e-05  ,5.496990434169e+01  ,5.483275167565e-04  
  5.774478413934e-03  ,1.129321897694e-03  ,5.618343031339e+01  ,5.176659611736e-04  
  5.775734403009e-03  ,1.471370666480e-03  ,5.776381429336e+01  ,4.746400933796e-04  
  5.778246381158e-03  ,1.202449597311e-03  ,6.054761255308e+01  ,3.919976765298e-04  
  5.782000000020e-03  ,8.921915595860e-04  ,6.375906351740e+01  ,2.765017936749e-04  
  5.782001000018e-03  ,5.775376043166e-01  ,6.375989969520e+01  ,-1.013471810754e-03  
  5.782001884868e-03  ,1.095177932654e+00  ,6.376064308136e+01  ,-2.187987132551e-03  
  5.782003654567e-03  ,2.160223734760e+00  ,6.376212700664e+01  ,-4.505420734181e-03  
  5.782007193965e-03  ,4.412586460484e+00  ,6.376507794261e+01  ,-8.959871451154e-03  
  5.782010000020e-03  ,6.311252226035e+00  ,6.376740198317e+01  ,-1.232652437724e-02  
  5.782010707900e-03  ,6.403560046222e+00  ,6.376789306198e+01  ,-1.224697099045e-02  
  5.782012123696e-03  ,6.584299036673e+00  ,6.376886464351e+01  ,-1.198678157623e-02  
  5.782014955289e-03  ,6.936696040632e+00  ,6.377080794708e+01  ,-1.147354318432e-02  
  5.782020618476e-03  ,7.600857341107e+00  ,6.377469800064e+01  ,-1.050575409270e-02  
  5.782031944848e-03  ,8.774024284273e+00  ,6.378249056758e+01  ,-8.796701933035e-03  
  5.782043354667e-03  ,9.771510613992e+00  ,6.379035407460e+01  ,-7.343540440358e-03  
  5.782051392354e-03  ,9.973394323884e+00  ,4.110436070817e+01  ,9.859026707023e+00  
  5.782059064962e-03  ,1.000018312449e+01  ,1.073863500313e+01  ,9.859197087984e+00  
  5.782063385553e-03  ,1.018785630331e+01  ,3.400808388937e+00  ,9.860113508241e+00  
  5.782067482628e-03  ,1.046834586382e+01  ,2.662431652162e+00  ,9.861193761851e+00  
  5.782069803484e-03  ,1.062567889689e+01  ,2.744561134533e+00  ,9.861842800853e+00  
  5.782072731562e-03  ,1.081622299274e+01  ,2.800137320824e+00  ,9.862665450944e+00  
  5.782078587718e-03  ,1.117228388377e+01  ,2.809866785106e+00  ,9.864312547456e+00  
  5.782090300031e-03  ,1.179826630129e+01  ,2.804838263673e+00  ,9.867611304280e+00  
  5.782110079832e-03  ,1.264085716312e+01  ,2.804273334761e+00  ,9.873186049058e+00  
  5.782149639435e-03  ,1.372974750887e+01  ,2.806835588325e+00  ,9.884339664082e+00  
  5.782228758640e-03  ,1.476796906614e+01  ,2.812545880496e+00  ,9.906643564345e+00  
  5.782342591591e-03  ,1.515450504194e+01  ,2.821482429608e+00  ,9.938724958125e+00  
  5.782517996140e-03  ,1.514285579938e+01  ,2.835516641249e+00  ,9.988138918742e+00  
  5.782756843872e-03  ,1.495884276596e+01  ,2.854688236523e+00  ,1.005538623667e+01  
  5.783234539337e-03  ,1.502343757571e+01  ,2.892804182212e+00  ,1.018974403157e+01  
  5.783719959564e-03  ,1.500775263971e+01  ,2.931519416187e+00  ,1.032608816976e+01  
  5.784690800018e-03  ,1.499419861124e+01  ,3.008782343238e+00  ,1.059821326842e+01  
  5.786632480927e-03  ,1.500516643397e+01  ,3.162653894196e+00  ,1.114021955053e+01  
  5.790515842743e-03  ,1.500043630106e+01  ,3.467881219560e+00  ,1.221532764944e+01  
  5.792010000020e-03  ,1.499970534428e+01  ,3.584423796762e+00  ,1.262583014125e+01  
  5.792011000018e-03  ,1.442197323866e+01  ,3.584354636323e+00  ,1.262610428857e+01  
  5.792013000126e-03  ,1.321428458447e+01  ,3.584123550334e+00  ,1.262665254194e+01  
  5.792017000343e-03  ,1.067298413419e+01  ,3.583679580068e+00  ,1.262774935218e+01  
  5.792020000020e-03  ,8.648083478272e+00  ,3.583406947343e+00  ,1.262857175680e+01  
  5.792020800063e-03  ,8.544399818650e+00  ,3.583461447576e+00  ,1.262879105962e+01  
  5.792022400076e-03  ,8.339529054433e+00  ,3.583657250664e+00  ,1.262922976508e+01  
  5.792025600100e-03  ,7.944351335534e+00  ,3.584183145147e+00  ,1.263010714560e+01  
  5.792032000149e-03  ,7.208875525314e+00  ,3.585277628973e+00  ,1.263186167546e+01  
  5.792044800246e-03  ,5.933171127916e+00  ,3.588231806754e+00  ,1.263537059589e+01  
  5.792058725381e-03  ,4.792438166884e+00  ,3.598088124468e+00  ,1.263918688038e+01  
  5.792067642236e-03  ,4.356492523916e+00  ,1.398711880295e+01  ,1.264098862405e+01  
  5.792076012218e-03  ,4.341967581754e+00  ,4.351417755053e+01  ,1.264104926504e+01  
  5.792082289332e-03  ,4.134675299810e+00  ,5.281880775593e+01  ,3.885876417913e-02  
  5.792085560137e-03  ,3.936821152289e+00  ,5.284813941325e+01  ,-2.060387315547e-01  
  5.792087129602e-03  ,3.843952869948e+00  ,5.282981760158e+01  ,-4.142289345272e-03  
  5.792090268532e-03  ,3.665343631678e+00  ,5.283299082677e+01  ,1.014039227935e-02  
  5.792096546391e-03  ,3.332222426791e+00  ,5.284276752451e+01  ,5.649046684540e-03  
  5.792109102109e-03  ,2.751521664871e+00  ,5.286155243489e+01  ,4.594067391246e-03  
  5.792134213546e-03  ,1.861877188745e+00  ,5.289904495820e+01  ,3.314142144352e-03  
  5.792175364593e-03  ,9.415116104181e-01  ,5.296034114095e+01  ,1.971978453748e-03  
  5.792221355537e-03  ,4.554962971649e-01  ,5.302864263891e+01  ,1.261980428064e-03  
  5.792269450525e-03  ,1.918283983384e-01  ,5.309986596680e+01  ,8.759691756117e-04  
  5.792324358324e-03  ,8.007885066248e-02  ,5.318093970012e+01  ,7.110683616506e-04  
  5.792413050035e-03  ,6.891926121526e-03  ,5.331139995251e+01  ,6.010993114091e-04  
  5.792507845262e-03  ,2.596410338704e-03  ,5.345016830338e+01  ,5.913092445758e-04  
  5.792697435716e-03  ,7.901703571556e-04  ,5.372565143105e+01  ,5.816258668071e-04  
  5.792919045785e-03  ,1.962143074364e-03  ,5.404418309825e+01  ,5.751807031240e-04  
  5.793362265924e-03  ,1.917329566078e-03  ,5.466993377602e+01  ,5.588623009223e-04  
  5.794248706201e-03  ,1.421400755383e-03  ,5.587584673253e+01  ,5.264069764433e-04  
  5.796021586755e-03  ,1.581189419840e-03  ,5.810263917381e+01  ,4.651686898745e-04  
  5.799567347864e-03  ,9.467016603376e-04  ,6.180248532947e+01  ,3.494455173142e-04  
  5.802000000020e-03  ,1.005969102936e-03  ,6.375395556732e+01  ,2.786309904503e-04  
  5.802001000018e-03  ,5.776497269384e-01  ,6.375479178598e+01  ,-1.012401419784e-03  
  5.802001884774e-03  ,1.095233442852e+00  ,6.375553516452e+01  ,-2.188064304379e-03  
  5.802003654287e-03  ,2.160159720761e+00  ,6.375701878433e+01  ,-4.504965025446e-03  
  5.802007193313e-03  ,4.412258504915e+00  ,6.375996916904e+01  ,-8.958933950143e-03  
  5.802010000020e-03  ,6.312133020774e+00  ,6.376229345784e+01  ,-1.232524258142e-02  
  5.802010707825e-03  ,6.404421872152e+00  ,6.376278444004e+01  ,-1.224573097639e-02  
  5.802012123435e-03  ,6.587038787704e+00  ,6.376375593638e+01  ,-1.198576694441e-02  
  5.802014954656e-03  ,6.940804909671e+00  ,6.376569837897e+01  ,-1.146757515225e-02  
  5.802020617097e-03  ,7.604544059996e+00  ,6.376958757373e+01  ,-1.050046813887e-02  
  5.802031941980e-03  ,8.776983815713e+00  ,6.377737841239e+01  ,-8.792380929639e-03  
  5.802043351799e-03  ,9.773995035541e+00  ,6.378524121610e+01  ,-7.339934934950e-03  
  5.802051390975e-03  ,9.973494610401e+00  ,4.096845935971e+01  ,9.858169725736e+00  
  5.802059066564e-03  ,1.000034791216e+01  ,1.059486123908e+01  ,9.858346236359e+00  
  5.802063370764e-03  ,1.018927694299e+01  ,3.391982837656e+00  ,9.859262378741e+00  
  5.802067442506e-03  ,1.046807723955e+01  ,2.664083895832e+00  ,9.860339489570e+00  
  5.802069765225e-03  ,1.062553080151e+01  ,2.744868198788e+00  ,9.860989015299e+00  
  5.802072703734e-03  ,1.081673872120e+01  ,2.799919273160e+00  ,9.861814575069e+00  
  5.802078580752e-03  ,1.117397058143e+01  ,2.809550249511e+00  ,9.863467571692e+00  
  5.802090334788e-03  ,1.180014243121e+01  ,2.799119007163e+00  ,9.866781471413e+00  
  5.802102635696e-03  ,1.234918496567e+01  ,2.803312623167e+00  ,9.870249968284e+00  
  5.802127237513e-03  ,1.318282460874e+01  ,2.805538841737e+00  ,9.877186614591e+00  
  5.802176441148e-03  ,1.417047084468e+01  ,2.807959390599e+00  ,9.891058697035e+00  
  5.802274848416e-03  ,1.497924189275e+01  ,2.815889371178e+00  ,9.918797518497e+00  
  5.802403212979e-03  ,1.499977599347e+01  ,2.826173398544e+00  ,9.954969328994e+00  
  5.802629281476e-03  ,1.500012889108e+01  ,2.844226337043e+00  ,1.001864106792e+01  
  5.802869082883e-03  ,1.500011445403e+01  ,2.863399880743e+00  ,1.008613601198e+01  
  5.803348685696e-03  ,1.500019468597e+01  ,2.901684716501e+00  ,1.022098815283e+01  
  5.804307891324e-03  ,1.500023971194e+01  ,2.978098100298e+00  ,1.049014246154e+01  
  5.806226302579e-03  ,1.500032411717e+01  ,3.130302204758e+00  ,1.102625783133e+01  
  5.810063125089e-03  ,1.500034188504e+01  ,3.432236998326e+00  ,1.208977631914e+01  
  5.812010000020e-03  ,1.499977401615e+01  ,3.584190109404e+00  ,1.262500701791e+01  
  5.812011000018e-03  ,1.442097530948e+01  ,3.584121280643e+00  ,1.262528116841e+01  
  5.812013000126e-03  ,1.321331603932e+01  ,3.583890317956e+00  ,1.262582942171e+01  
  5.812017000343e-03  ,1.067207229081e+01  ,3.583446387271e+00  ,1.262692624519e+01  
  5.812020000020e-03  ,8.647212199341e+00  ,3.583173749004e+00  ,1.262774865680e+01  
  5.812020800063e-03  ,8.543538985892e+00  ,3.583228257121e+00  ,1.262796796146e+01  
  5.812022400076e-03  ,8.338688862579e+00  ,3.583424074095e+00  ,1.262840667067e+01  
  5.812025600100e-03  ,7.943550958443e+00  ,3.583950002530e+00  ,1.262928405869e+01  
  5.812032000149e-03  ,7.208149249438e+00  ,3.585044599981e+00  ,1.263103860344e+01  
  5.812044800246e-03  ,5.932573392003e+00  ,3.587999474151e+00  ,1.263454755365e+01  
  5.812058725381e-03  ,4.791955529494e+00  ,3.597865588528e+00  ,1.263836386960e+01  
  5.812067642236e-03  ,4.356453902479e+00  ,1.400961561961e+01  ,1.264016383594e+01  
  5.812076012218e-03  ,4.341982375081e+00  ,4.354041518096e+01  ,1.264022285223e+01  
  5.812082285607e-03  ,4.134434542980e+00  ,5.281650183804e+01  ,3.722327418234e-02  
  5.812085556040e-03  ,3.936607962669e+00  ,5.284562173353e+01  ,-2.056084427931e-01  
  5.812088119412e-03  ,3.786400740925e+00  ,5.282851283365e+01  ,-1.704192289418e-03  
  5.812090895126e-03  ,3.630403411029e+00  ,5.283163061731e+01  ,7.836499441329e-03  
  5.812096446553e-03  ,3.337125694860e+00  ,5.284009608780e+01  ,5.599858024323e-03  
  5.812107549408e-03  ,2.817948826227e+00  ,5.285670145944e+01  ,4.699906879280e-03  
  5.812129755119e-03  ,1.999000879196e+00  ,5.288986153613e+01  ,3.514235680633e-03  
  5.812174166540e-03  ,9.575506156142e-01  ,5.295602301475e+01  ,1.995359396630e-03  
  5.812219567398e-03  ,4.679579991136e-01  ,5.302344948701e+01  ,1.280186583749e-03  
  5.812268306116e-03  ,2.163381317447e-01  ,5.309562408685e+01  ,9.117104915774e-04  
  5.812322385410e-03  ,9.152734606161e-02  ,5.317547677444e+01  ,7.277862356649e-04  
  5.812413997749e-03  ,1.793122070139e-02  ,5.331022636460e+01  ,6.171338506669e-04  
  5.812525553802e-03  ,-5.698187880359e-03  ,5.347344122373e+01  ,5.785285464301e-04  
  5.812711782554e-03  ,-6.524461050287e-03  ,5.374379162561e+01  ,5.704082341384e-04  
  5.813028736213e-03  ,-5.166802727652e-04  ,5.419782075137e+01  ,5.674726313049e-04  
  5.813596553901e-03  ,3.045767845860e-03  ,5.499190536261e+01  ,5.520618621661e-04  
  5.814732189277e-03  ,4.528400074173e-04  ,5.650492175604e+01  ,5.078758652659e-04  
  5.817003460029e-03  ,2.313765910222e-03  ,5.922537569781e+01  ,4.334636063583e-04  
  5.821546001533e-03  ,-2.771483563098e-05  ,6.342359797092e+01  ,2.879299712374e-04  
  5.822000000020e-03  ,1.384658732182e-03  ,6.375159743320e+01  ,2.805265173601e-04  
  5.822001000018e-03  ,5.780227986727e-01  ,6.375243421501e+01  ,-1.011045003580e-03  
  5.822001884402e-03  ,1.095381074445e+00  ,6.375317782003e+01  ,-2.187093077644e-03  
  5.822003653170e-03  ,2.159831264594e+00  ,6.375466169637e+01  ,-4.502852928832e-03  
  5.822007190705e-03  ,4.410878169474e+00  ,6.375761264657e+01  ,-8.955061773953e-03  
  5.822010000020e-03  ,6.311672678302e+00  ,6.375994062926e+01  ,-1.232574308034e-02  
  5.822010707527e-03  ,6.403927977918e+00  ,6.376043176550e+01  ,-1.224627075731e-02  
  5.822012122579e-03  ,6.584566133754e+00  ,6.376140346314e+01  ,-1.198622654243e-02  
  5.822014952682e-03  ,6.936771190942e+00  ,6.376334698837e+01  ,-1.147326808013e-02  
  5.822020612888e-03  ,7.600591221818e+00  ,6.376723748884e+01  ,-1.050597786031e-02  
  5.822031933300e-03  ,8.773229336068e+00  ,6.377503093780e+01  ,-8.797695776433e-03  
  5.822043335668e-03  ,9.770236956162e+00  ,6.378289432126e+01  ,-7.345230677107e-03  
  5.822051367394e-03  ,9.973340360408e+00  ,4.118733807453e+01  ,9.860433609490e+00  
  5.822059034042e-03  ,1.000006646022e+01  ,1.084218735966e+01  ,9.860599387057e+00  
  5.822063362829e-03  ,1.018658844898e+01  ,3.407859916284e+00  ,9.861516043019e+00  
  5.822067476295e-03  ,1.046817798811e+01  ,2.661401566162e+00  ,9.862597795564e+00  
  5.822069794170e-03  ,1.062532833670e+01  ,2.744515968821e+00  ,9.863246042581e+00  
  5.822072712935e-03  ,1.081530016207e+01  ,2.800509570103e+00  ,9.864066093983e+00  
  5.822078550465e-03  ,1.117035428461e+01  ,2.810326716734e+00  ,9.865707917919e+00  
  5.822090225525e-03  ,1.179481161783e+01  ,2.805249835586e+00  ,9.868996123011e+00  
  5.822109874196e-03  ,1.262613749978e+01  ,2.803848524737e+00  ,9.874536108385e+00  
  5.822149171538e-03  ,1.371623858614e+01  ,2.807982361259e+00  ,9.885615675880e+00  
  5.822227766223e-03  ,1.475999962706e+01  ,2.812893578390e+00  ,9.907771417438e+00  
  5.822345187373e-03  ,1.516285995502e+01  ,2.822083010682e+00  ,9.940863521190e+00  
  5.822516848750e-03  ,1.497870672769e+01  ,2.835898973594e+00  ,9.989222263347e+00  
  5.822673060603e-03  ,1.497109867882e+01  ,2.848386430630e+00  ,1.003320817998e+01  
  5.822985484309e-03  ,1.501182381543e+01  ,2.873327224760e+00  ,1.012112155041e+01  
  5.823610331721e-03  ,1.499238824871e+01  ,2.923187074238e+00  ,1.029671470578e+01  
  5.824704005427e-03  ,1.499817877667e+01  ,3.010226854630e+00  ,1.060330759908e+01  
  5.826891352840e-03  ,1.500018659308e+01  ,3.183502708812e+00  ,1.121364808733e+01  
  5.831266047664e-03  ,1.499992995031e+01  ,3.526847017998e+00  ,1.242302482227e+01  
  5.832010000020e-03  ,1.500001374023e+01  ,3.584811924737e+00  ,1.262719755140e+01  
  5.832011000018e-03  ,1.442322914732e+01  ,3.584742403198e+00  ,1.262747169459e+01  
  5.832013000126e-03  ,1.321550351311e+01  ,3.584511182917e+00  ,1.262801994175e+01  
  5.832017000343e-03  ,1.067413170289e+01  ,3.584067169419e+00  ,1.262911673522e+01  
  5.832020000020e-03  ,8.649179996032e+00  ,3.583794544671e+00  ,1.262993912822e+01  
  5.832020800063e-03  ,8.545483189765e+00  ,3.583849036471e+00  ,1.263015842796e+01  
  5.832022400076e-03  ,8.340586448699e+00  ,3.584044824649e+00  ,1.263059712719e+01  
  5.832025600100e-03  ,7.945358622384e+00  ,3.584570680139e+00  ,1.263147449527e+01  
  5.832032000149e-03  ,7.209789554834e+00  ,3.585665030852e+00  ,1.263322900037e+01  
  5.832044800246e-03  ,5.933923388628e+00  ,3.588618375007e+00  ,1.263673787127e+01  
  5.832058726871e-03  ,4.792934602615e+00  ,3.598465508093e+00  ,1.264055451115e+01  
  5.832067645216e-03  ,4.356529309857e+00  ,1.396988589230e+01  ,1.264235789993e+01  
  5.832076016689e-03  ,4.341958074847e+00  ,4.349915922099e+01  ,1.264241955088e+01  
  5.832082296038e-03  ,4.134684122618e+00  ,5.281298125531e+01  ,3.917241011849e-02  
  5.832085567215e-03  ,3.936808957248e+00  ,5.284235792297e+01  ,-2.061490252286e-01  
  5.832087136680e-03  ,3.843940817960e+00  ,5.282402618667e+01  ,-4.148816014131e-03  
  5.832090275610e-03  ,3.665332184795e+00  ,5.282719974651e+01  ,1.014290010045e-02  
  5.832096553469e-03  ,3.332212104168e+00  ,5.283697917376e+01  ,5.649341916416e-03  
  5.832109109187e-03  ,2.751513253380e+00  ,5.285576910564e+01  ,4.594232000096e-03  
  5.832134220624e-03  ,1.861871675265e+00  ,5.289327164415e+01  ,3.314320903140e-03  
  5.832175371671e-03  ,9.415090764263e-01  ,5.295458424472e+01  ,1.972161608523e-03  
  5.832221362615e-03  ,4.554953214112e-01  ,5.302290409779e+01  ,1.262165488138e-03  
  5.832269451642e-03  ,1.918536873334e-01  ,5.309413781053e+01  ,8.761924026110e-04  
  5.832324353481e-03  ,8.009811845352e-02  ,5.317522471164e+01  ,7.112826526497e-04  
  5.832413045192e-03  ,6.895622478866e-03  ,5.330572049158e+01  ,6.012903040210e-04  
  5.832507840419e-03  ,2.597417140036e-03  ,5.344452683984e+01  ,5.914956728390e-04  
  5.832697430873e-03  ,7.900553269283e-04  ,5.372008604053e+01  ,5.818093876473e-04  
  5.832919017101e-03  ,1.962731213140e-03  ,5.403867268011e+01  ,5.753646830567e-04  
  5.833362189556e-03  ,1.917972205035e-03  ,5.466453611084e+01  ,5.590452228259e-04  
  5.834248534465e-03  ,1.421794952540e-03  ,5.587068566278e+01  ,5.265874933444e-04  
  5.836021224285e-03  ,1.581800832325e-03  ,5.809799417797e+01  ,4.653459043143e-04  
  5.839566603923e-03  ,9.471728098304e-04  ,6.179903003557e+01  ,3.496168807724e-04  
  5.842000000020e-03  ,1.006518053389e-03  ,6.375213482083e+01  ,2.787708003893e-04  
  5.842001000018e-03  ,5.776502746876e-01  ,6.375297143075e+01  ,-1.012261208832e-03  
  5.842001884681e-03  ,1.095178866735e+00  ,6.375371507720e+01  ,-2.187800498692e-03  
  5.842003654008e-03  ,2.159988549163e+00  ,6.375519923376e+01  ,-4.504464007724e-03  
  5.842007192661e-03  ,4.411829026251e+00  ,6.375815069545e+01  ,-8.957995133196e-03  
  5.842010000020e-03  ,6.311349408676e+00  ,6.376047672565e+01  ,-1.232625595775e-02  
  5.842010707751e-03  ,6.403636976047e+00  ,6.376096793206e+01  ,-1.224673583514e-02  
  5.842012123175e-03  ,6.586246799942e+00  ,6.376193985316e+01  ,-1.198678163942e-02  
  5.842014954023e-03  ,6.940000654771e+00  ,6.376388314529e+01  ,-1.146860796900e-02  
  5.842020615719e-03  ,7.603722326720e+00  ,6.376777403848e+01  ,-1.050152643962e-02  
  5.842031939111e-03  ,8.776149701972e+00  ,6.377556827256e+01  ,-8.793457237295e-03  
  5.842043345950e-03  ,9.773052882090e+00  ,6.378343347382e+01  ,-7.341168713202e-03  
  5.842051382147e-03  ,9.973460284489e+00  ,4.102748784994e+01  ,9.859918563815e+00  
  5.842059054754e-03  ,1.000027531911e+01  ,1.066370307550e+01  ,9.860091927402e+00  
  5.842063364915e-03  ,1.018847806560e+01  ,3.396858320224e+00  ,9.861008376299e+00  
  5.842067447833e-03  ,1.046802633231e+01  ,2.663638913948e+00  ,9.862086526426e+00  
  5.842069768689e-03  ,1.062536417875e+01  ,2.745075932830e+00  ,9.862735550417e+00  
  5.842072701238e-03  ,1.081620347922e+01  ,2.800400414453e+00  ,9.863559438725e+00  
  5.842078566335e-03  ,1.117278680754e+01  ,2.810086045227e+00  ,9.865209045877e+00  
  5.842090296529e-03  ,1.179956973118e+01  ,2.805085669741e+00  ,9.868512820240e+00  
  5.842110153816e-03  ,1.263732194245e+01  ,2.803733341826e+00  ,9.874111654418e+00  
  5.842149868391e-03  ,1.373113989681e+01  ,2.807872136173e+00  ,9.885308900895e+00  
  5.842229297541e-03  ,1.477143313320e+01  ,2.812867385154e+00  ,9.907699925903e+00  
  5.842346742533e-03  ,1.516365030201e+01  ,2.822064407647e+00  ,9.940798775522e+00  
  5.842519858263e-03  ,1.497792524572e+01  ,2.835997120275e+00  ,9.989567154831e+00  
  5.842676451586e-03  ,1.497085318578e+01  ,2.848514898028e+00  ,1.003366030776e+01  
  5.842989638231e-03  ,1.501195330253e+01  ,2.873516336904e+00  ,1.012178786570e+01  
  5.843616011522e-03  ,1.499229554375e+01  ,2.923497575286e+00  ,1.029780825412e+01  
  5.844715407274e-03  ,1.499816112242e+01  ,3.010991047719e+00  ,1.060599932210e+01  
  5.846914198778e-03  ,1.500018795378e+01  ,3.185165898140e+00  ,1.121950641474e+01  
  5.851311781786e-03  ,1.499992861996e+01  ,3.530274787297e+00  ,1.243509860846e+01  
  5.852010000020e-03  ,1.500001313489e+01  ,3.584673047287e+00  ,1.262670837817e+01  
  5.852011000018e-03  ,1.442323055845e+01  ,3.584603526727e+00  ,1.262698252272e+01  
  5.852013000126e-03  ,1.321550488269e+01  ,3.584372307173e+00  ,1.262753077281e+01  
  5.852017000343e-03  ,1.067413299225e+01  ,3.583928292643e+00  ,1.262862757171e+01  
  5.852020000020e-03  ,8.649181227972e+00  ,3.583655664829e+00  ,1.262944996887e+01  
  5.852020800063e-03  ,8.545484406905e+00  ,3.583710154755e+00  ,1.262966926973e+01  
  5.852022400076e-03  ,8.340587636595e+00  ,3.583905939396e+00  ,1.263010797118e+01  
  5.852025600100e-03  ,7.945359753881e+00  ,3.584431789283e+00  ,1.263098534370e+01  
  5.852032000149e-03  ,7.209790581302e+00  ,3.585526125421e+00  ,1.263273985770e+01  
  5.852044800246e-03  ,5.933924232355e+00  ,3.588479406532e+00  ,1.263624874638e+01  
  5.852058726871e-03  ,4.792935277880e+00  ,3.598326160060e+00  ,1.264006540565e+01  
  5.852067645216e-03  ,4.356526326925e+00  ,1.396953195229e+01  ,1.264186883507e+01  
  5.852076016689e-03  ,4.341955042873e+00  ,4.349877631776e+01  ,1.264193051037e+01  
  5.852082296038e-03  ,4.134693805516e+00  ,5.281339145285e+01  ,3.923731000258e-02  
  5.852085567215e-03  ,3.936818384602e+00  ,5.284277605104e+01  ,-2.061648199134e-01  
  5.852087136680e-03  ,3.843949995211e+00  ,5.282444262397e+01  ,-4.149828834433e-03  
  5.852090275610e-03  ,3.665340931098e+00  ,5.282761571824e+01  ,1.014315279892e-02  
  5.852096553469e-03  ,3.332220047732e+00  ,5.283739450002e+01  ,5.649324208818e-03  
  5.852109109187e-03  ,2.751519792325e+00  ,5.285618308492e+01  ,4.594196522235e-03  
  5.852134220624e-03  ,1.861876059157e+00  ,5.289368292484e+01  ,3.314283367175e-03  
  5.852175371671e-03  ,9.415112289072e-01  ,5.295499110375e+01  ,1.972120948494e-03  
  5.852221362615e-03  ,4.554962939967e-01  ,5.302330601692e+01  ,1.262123202447e-03  
  5.852269451642e-03  ,1.918540199209e-01  ,5.309453456754e+01  ,8.761492863575e-04  
  5.852324359441e-03  ,8.008961373154e-02  ,5.317562436903e+01  ,7.112265467899e-04  
  5.852413051153e-03  ,6.892958992633e-03  ,5.330611060325e+01  ,6.012428938409e-04  
  5.852507846380e-03  ,2.596873692832e-03  ,5.344490676222e+01  ,5.914515429718e-04  
  5.852697436834e-03  ,7.903968491797e-04  ,5.372044562519e+01  ,5.817669319479e-04  
  5.852919023061e-03  ,1.962483580978e-03  ,5.403900856438e+01  ,5.753218045753e-04  
  5.853362195516e-03  ,1.917727358949e-03  ,5.466482482859e+01  ,5.590032139650e-04  
  5.854248540426e-03  ,1.421756361676e-03  ,5.587088103629e+01  ,5.265474156749e-04  
  5.856021230245e-03  ,1.581604387216e-03  ,5.809800727629e+01  ,4.653086221071e-04  
  5.859566609884e-03  ,9.471308927593e-04  ,6.179869950543e+01  ,3.495850145946e-04  
  5.862000000020e-03  ,1.006352703453e-03  ,6.375158258102e+01  ,2.787416511574e-04  
  5.862001000018e-03  ,5.776501102764e-01  ,6.375241910553e+01  ,-1.012289997995e-03  
  5.862001884681e-03  ,1.095178703148e+00  ,6.375316267645e+01  ,-2.187829240801e-03  
  5.862003654008e-03  ,2.159988387194e+00  ,6.375464668196e+01  ,-4.504492761721e-03  
  5.862007192661e-03  ,4.411828867393e+00  ,6.375759784158e+01  ,-8.958023894260e-03  
  5.862010000020e-03  ,6.311349252171e+00  ,6.375992363213e+01  ,-1.232628472189e-02  
  5.862010707751e-03  ,6.403636820114e+00  ,6.376041477804e+01  ,-1.224676486497e-02  
  5.862012123175e-03  ,6.586246645142e+00  ,6.376138657808e+01  ,-1.198681072077e-02  
  5.862014954023e-03  ,6.940000502164e+00  ,6.376332962809e+01  ,-1.146863701963e-02  
  5.862020615719e-03  ,7.603722178229e+00  ,6.376722003713e+01  ,-1.050155547030e-02  
  5.862031939111e-03  ,8.776149560757e+00  ,6.377501330323e+01  ,-8.793486241343e-03  
  5.862043345950e-03  ,9.773052747070e+00  ,6.378287752981e+01  ,-7.341197689007e-03  
  5.862051382147e-03  ,9.973457860279e+00  ,4.102674005907e+01  ,9.859438213937e+00  
  5.862059054754e-03  ,1.000027327879e+01  ,1.066296876868e+01  ,9.859611620542e+00  
  5.862063364915e-03  ,1.018848628161e+01  ,3.396681690207e+00  ,9.860528065397e+00  
  5.862067447833e-03  ,1.046803459183e+01  ,2.663508331530e+00  ,9.861606243429e+00  
  5.862069769062e-03  ,1.062539678783e+01  ,2.744941165709e+00  ,9.862255372279e+00  
  5.862072701610e-03  ,1.081623464344e+01  ,2.800261935637e+00  ,9.863079264513e+00  
  5.862078566707e-03  ,1.117281533893e+01  ,2.809948922041e+00  ,9.864728879704e+00  
  5.862090296901e-03  ,1.179959360400e+01  ,2.804949284392e+00  ,9.868032670096e+00  
  5.862110154189e-03  ,1.263733956630e+01  ,2.803596930553e+00  ,9.873631531358e+00  
  5.862149868764e-03  ,1.373114936313e+01  ,2.807735863743e+00  ,9.884828831983e+00  
  5.862229297913e-03  ,1.477143483917e+01  ,2.812731122303e+00  ,9.907219965248e+00  
  5.862346742905e-03  ,1.516364908209e+01  ,2.821928193111e+00  ,9.940318974879e+00  
  5.862519858636e-03  ,1.497792541104e+01  ,2.835860970790e+00  ,9.989087589940e+00  
  5.862676451958e-03  ,1.497085340385e+01  ,2.848378808768e+00  ,1.003318095603e+01  
  5.862989638604e-03  ,1.501195321406e+01  ,2.873380369118e+00  ,1.012130893999e+01  
  5.863616011895e-03  ,1.499229560190e+01  ,2.923361848842e+00  ,1.029733017933e+01  
  5.864715407647e-03  ,1.499816113681e+01  ,3.010855744340e+00  ,1.060552273714e+01  
  5.866914199151e-03  ,1.500018795306e+01  ,3.185031436810e+00  ,1.121903279557e+01  
  5.871311782159e-03  ,1.499992862116e+01  ,3.530141994321e+00  ,1.243463086565e+01  
  5.872010000020e-03  ,1.500001313524e+01  ,3.584540488290e+00  ,1.262624145951e+01  
  5.872011000018e-03  ,1.442323055994e+01  ,3.584470968889e+00  ,1.262651560539e+01  
  5.872013000126e-03  ,1.321550488414e+01  ,3.584239750108e+00  ,1.262706385813e+01  
  5.872017000343e-03  ,1.067413299359e+01  ,3.583795734574e+00  ,1.262816066233e+01  
  5.872020000020e-03  ,8.649181229192e+00  ,3.583523103909e+00  ,1.262898306347e+01  
  5.872020800063e-03  ,8.545484408081e+00  ,3.583577592045e+00  ,1.262920236539e+01  
  5.872022400076e-03  ,8.340587637686e+00  ,3.583773373324e+00  ,1.262964106895e+01  
  5.872025600100e-03  ,7.945359754819e+00  ,3.584299217926e+00  ,1.263051844572e+01  
  5.872032000149e-03  ,7.209790581894e+00  ,3.585393540334e+00  ,1.263227296820e+01  
  5.872044800246e-03  ,5.933924231822e+00  ,3.588346762349e+00  ,1.263578187386e+01  
  5.872058726871e-03  ,4.792935271754e+00  ,3.598193167585e+00  ,1.263959855163e+01  
  5.872067645216e-03  ,4.356523434423e+00  ,1.396922516782e+01  ,1.264140201712e+01  
  5.872076016689e-03  ,4.341952175582e+00  ,4.349844698897e+01  ,1.264146371007e+01  
  5.872082296038e-03  ,4.134687945113e+00  ,5.281293041794e+01  ,3.922133241837e-02  
  5.872085567215e-03  ,3.936812747619e+00  ,5.284231294265e+01  ,-2.061628029190e-01  
  5.872087136680e-03  ,3.843944491673e+00  ,5.282397956721e+01  ,-4.149737430249e-03  
  5.872090275610e-03  ,3.665335677874e+00  ,5.282715241260e+01  ,1.014309315370e-02  
  5.872096553469e-03  ,3.332215261997e+00  ,5.283693066343e+01  ,5.649286266487e-03  
  5.872109109187e-03  ,2.751515822633e+00  ,5.285571818821e+01  ,4.594160790780e-03  
  5.872134220624e-03  ,1.861873340445e+00  ,5.289321590762e+01  ,3.314249457437e-03  
  5.872175371671e-03  ,9.415098049080e-01  ,5.295452061415e+01  ,1.972088994559e-03  
  5.872221362615e-03  ,4.554955541646e-01  ,5.302283165123e+01  ,1.262092324227e-03  
  5.872269451642e-03  ,1.918536512925e-01  ,5.309405615511e+01  ,8.761190329330e-04  
  5.872324353481e-03  ,8.009796864872e-02  ,5.317513255453e+01  ,7.112093241835e-04  
  5.872413045192e-03  ,6.895398426939e-03  ,5.330561139611e+01  ,6.012172056530e-04  
  5.872507840419e-03  ,2.597189189989e-03  ,5.344439967710e+01  ,5.914229221649e-04  
  5.872697430873e-03  ,7.898265203454e-04  ,5.371992285847e+01  ,5.817373462580e-04  
  5.872919017101e-03  ,1.962504773937e-03  ,5.403846759636e+01  ,5.752934525138e-04  
  5.873362189556e-03  ,1.917748111621e-03  ,5.466424787458e+01  ,5.589755984999e-04  
  5.874248534465e-03  ,1.421575334734e-03  ,5.587023380527e+01  ,5.265209060054e-04  
  5.876021224285e-03  ,1.581592089445e-03  ,5.809722652188e+01  ,4.652849739240e-04  
  5.879566603923e-03  ,9.469874366810e-04  ,6.179768145900e+01  ,3.495657358801e-04  
  5.882000000020e-03  ,1.006350905495e-03  ,6.375042981925e+01  ,2.787249206608e-04  
  5.882001000018e-03  ,5.776501075489e-01  ,6.375126629040e+01  ,-1.012306164595e-03  
  5.882001884681e-03  ,1.095178699606e+00  ,6.375200981417e+01  ,-2.187845356206e-03  
  5.882003654008e-03  ,2.159988382054e+00  ,6.375349372540e+01  ,-4.504508900326e-03  
  5.882007192661e-03  ,4.411828859180e+00  ,6.375644469644e+01  ,-8.958040061063e-03  
  5.882010000020e-03  ,6.311349241633e+00  ,6.375877033741e+01  ,-1.232630090683e-02  
  5.882010707751e-03  ,6.403636809009e+00  ,6.375926144557e+01  ,-1.224678153685e-02  
  5.882012123175e-03  ,6.586246632911e+00  ,6.376023317001e+01  ,-1.198682749496e-02  
  5.882014954023e-03  ,6.940000487753e+00  ,6.376217606882e+01  ,-1.146865374655e-02  
  5.882020615719e-03  ,7.603722159729e+00  ,6.376606617558e+01  ,-1.050157218882e-02  
  5.882031939111e-03  ,8.776149535040e+00  ,6.377385883746e+01  ,-8.793502949760e-03  
  5.882043345950e-03  ,9.773052715225e+00  ,6.378172245586e+01  ,-7.341214385636e-03  
  5.882051382147e-03  ,9.973456244096e+00  ,4.102544818627e+01  ,9.859054547816e+00  
  5.882059054754e-03  ,1.000027261488e+01  ,1.066173477320e+01  ,9.859228039979e+00  
  5.882063364915e-03  ,1.018850462593e+01  ,3.396489322194e+00  ,9.860144472134e+00  
  5.882067447088e-03  ,1.046800257948e+01  ,2.663450583991e+00  ,9.861222505222e+00  
  5.882069767944e-03  ,1.062534077553e+01  ,2.744840745351e+00  ,9.861871533409e+00  
  5.882072700493e-03  ,1.081618096314e+01  ,2.800152113835e+00  ,9.862695428656e+00  
  5.882078565590e-03  ,1.117276622370e+01  ,2.809838928085e+00  ,9.864345050483e+00  
  5.882090295784e-03  ,1.179955253678e+01  ,2.804840252014e+00  ,9.867648853889e+00  
  5.882110153071e-03  ,1.263730925032e+01  ,2.803488028110e+00  ,9.873247736793e+00  
  5.882149867646e-03  ,1.373113308090e+01  ,2.807626852116e+00  ,9.884445080687e+00  
  5.882229296796e-03  ,1.477143190602e+01  ,2.812622197233e+00  ,9.906836300481e+00  
  5.882346741788e-03  ,1.516365118151e+01  ,2.821819306722e+00  ,9.939935438016e+00  
  5.882519833676e-03  ,1.497793618737e+01  ,2.835750225976e+00  ,9.988697526645e+00  
  5.882676450841e-03  ,1.497085221042e+01  ,2.848270024089e+00  ,1.003279777800e+01  
  5.882989685170e-03  ,1.501195555450e+01  ,2.873275487533e+00  ,1.012093951438e+01  
  5.883616153829e-03  ,1.499229355529e+01  ,2.923264757193e+00  ,1.029698818626e+01  
  5.884715549580e-03  ,1.499816094652e+01  ,3.010758954526e+00  ,1.060518180980e+01  
  5.886914341084e-03  ,1.500018801486e+01  ,3.184935249229e+00  ,1.121869398986e+01  
  5.891311924092e-03  ,1.499992856332e+01  ,3.530047000271e+00  ,1.243429626363e+01  
  5.892010000020e-03  ,1.500001312799e+01  ,3.584434635054e+00  ,1.262586860778e+01  
  5.892011000018e-03  ,1.442323049345e+01  ,3.584365116600e+00  ,1.262614275471e+01  
  5.892013000126e-03  ,1.321550481961e+01  ,3.584133898445e+00  ,1.262669100958e+01  
  5.892017000343e-03  ,1.067413293281e+01  ,3.583689882111e+00  ,1.262778781801e+01  
  5.892020000020e-03  ,8.649181171065e+00  ,3.583417249169e+00  ,1.262861022232e+01  
  5.892020800063e-03  ,8.545484350628e+00  ,3.583471735877e+00  ,1.262882952509e+01  
  5.892022400076e-03  ,8.340587581566e+00  ,3.583667514473e+00  ,1.262926823034e+01  
  5.892025600100e-03  ,7.945359701276e+00  ,3.584193354856e+00  ,1.263014561050e+01  
  5.892032000149e-03  ,7.209790533102e+00  ,3.585287666311e+00  ,1.263190013976e+01  
  5.892044800246e-03  ,5.933924190851e+00  ,3.588240841190e+00  ,1.263540905897e+01  
  5.892058726871e-03  ,4.792935234125e+00  ,3.598086969007e+00  ,1.263922575152e+01  
  5.892067645216e-03  ,4.356521122352e+00  ,1.396898174994e+01  ,1.264102924552e+01  
  5.892076016689e-03  ,4.341949887251e+00  ,4.349818582390e+01  ,1.264109095019e+01  
  5.892082296038e-03  ,4.134673416073e+00  ,5.281198585025e+01  ,3.915775765731e-02  
  5.892085567215e-03  ,3.936798701928e+00  ,5.284136043994e+01  ,-2.061501219362e-01  
  5.892087136680e-03  ,3.843930795125e+00  ,5.282302818515e+01  ,-4.148978903595e-03  
  5.892090275610e-03  ,3.665322612716e+00  ,5.282620095998e+01  ,1.014285152713e-02  
  5.892096553469e-03  ,3.332203374755e+00  ,5.283597884525e+01  ,5.649242648004e-03  
  5.892109109187e-03  ,2.751505993638e+00  ,5.285476567601e+01  ,4.594131312856e-03  
  5.892134220624e-03  ,1.861866667828e+00  ,5.289226200989e+01  ,3.314223913461e-03  
  5.892175371671e-03  ,9.415063996447e-01  ,5.295356444925e+01  ,1.972068232710e-03  
  5.892221362615e-03  ,4.554938759422e-01  ,5.302187295826e+01  ,1.262074134600e-03  
  5.892269451642e-03  ,1.918529099940e-01  ,5.309309482583e+01  ,8.761022666279e-04  
  5.892324353481e-03  ,8.009762462130e-02  ,5.317416822425e+01  ,7.111932052516e-04  
  5.892413045192e-03  ,6.895314800060e-03  ,5.330464223762e+01  ,6.012015769034e-04  
  5.892507840419e-03  ,2.597121157007e-03  ,5.344342538508e+01  ,5.914074345353e-04  
  5.892697430873e-03  ,7.897655536836e-04  ,5.371893838312e+01  ,5.817221041463e-04  
  5.892919017101e-03  ,1.962440396023e-03  ,5.403747136083e+01  ,5.752784753370e-04  
  5.893362189556e-03  ,1.917685410102e-03  ,5.466322857916e+01  ,5.589611589170e-04  
  5.894248534465e-03  ,1.421517454121e-03  ,5.586917024250e+01  ,5.265074973942e-04  
  5.896021224285e-03  ,1.581539828212e-03  ,5.809608191482e+01  ,4.652735001252e-04  
  5.899566603923e-03  ,9.469499392950e-04  ,6.179640506800e+01  ,3.495576953070e-04  
  5.902000000020e-03  ,1.006321878671e-03  ,6.374908644368e+01  ,2.787188681409e-04  
  5.902001000018e-03  ,5.776500785342e-01  ,6.374992289125e+01  ,-1.012311612166e-03  
  5.902001884681e-03  ,1.095178670602e+00  ,6.375066639421e+01  ,-2.187850766800e-03  
  5.902003654008e-03  ,2.159988353071e+00  ,6.375215026386e+01  ,-4.504514329932e-03  
  5.902007192661e-03  ,4.411828830238e+00  ,6.375510115175e+01  ,-8.958045517594e-03  
  5.902010000020e-03  ,6.311349212722e+00  ,6.375742672676e+01  ,-1.232630638101e-02  
  5.902010707751e-03  ,6.403636780106e+00  ,6.375791781828e+01  ,-1.224678755589e-02  
  5.902012123175e-03  ,6.586246604021e+00  ,6.375888950937e+01  ,-1.198683362801e-02  
  5.902014954023e-03  ,6.940000458888e+00  ,6.376083234145e+01  ,-1.146865982300e-02  
  5.902020615719e-03  ,7.603722130913e+00  ,6.376472231482e+01  ,-1.050157825318e-02  
  5.902031939111e-03  ,8.776149506317e+00  ,6.377251471027e+01  ,-8.793508993839e-03  
  5.902043345950e-03  ,9.773052686586e+00  ,6.378037806072e+01  ,-7.341220411432e-03  
  5.902051382147e-03  ,9.973455422301e+00  ,4.102402929284e+01  ,9.858798739764e+00  
  5.902059054754e-03  ,1.000027294842e+01  ,1.066039243998e+01  ,9.858972330192e+00  
  5.902063364915e-03  ,1.018852631281e+01  ,3.396319899981e+00  ,9.859888746165e+00  
  5.902067447088e-03  ,1.046802420564e+01  ,2.663389202121e+00  ,9.860966828193e+00  
  5.902069767944e-03  ,1.062536162114e+01  ,2.744773860403e+00  ,9.861615857535e+00  
  5.902072700865e-03  ,1.081622452083e+01  ,2.800081755897e+00  ,9.862439858860e+00  
  5.902078566707e-03  ,1.117284945561e+01  ,2.809765485273e+00  ,9.864089694494e+00  
  5.902090298392e-03  ,1.179811021059e+01  ,2.799270467873e+00  ,9.867397269062e+00  
  5.902102548636e-03  ,1.234541543006e+01  ,2.803483375281e+00  ,9.870851459660e+00  
  5.902127049125e-03  ,1.317734093581e+01  ,2.805709116448e+00  ,9.877759494399e+00  
  5.902176050104e-03  ,1.416499273199e+01  ,2.808105209215e+00  ,9.891574363974e+00  
  5.902274052061e-03  ,1.497630811257e+01  ,2.816004445628e+00  ,9.919198807608e+00  
  5.902402345098e-03  ,1.499972996770e+01  ,2.826281718077e+00  ,9.955350319643e+00  
  5.902627531446e-03  ,1.500014041131e+01  ,2.844263778748e+00  ,1.001877343877e+01  
  5.902866903700e-03  ,1.500012416642e+01  ,2.863403149282e+00  ,1.008614754385e+01  
  5.903345648207e-03  ,1.500021786311e+01  ,2.901619507324e+00  ,1.022075849874e+01  
  5.904303137220e-03  ,1.500027054175e+01  ,2.977896498660e+00  ,1.048943240019e+01  
  5.906218115248e-03  ,1.500036922720e+01  ,3.129830039692e+00  ,1.102459477832e+01  
  5.910048071302e-03  ,1.500039021041e+01  ,3.431232511194e+00  ,1.208623824953e+01  
  5.912010000020e-03  ,1.499973150805e+01  ,3.584362925076e+00  ,1.262561566150e+01  
  5.912011000018e-03  ,1.442054658912e+01  ,3.584294222039e+00  ,1.262588981059e+01  
  5.912013000126e-03  ,1.321289994257e+01  ,3.584063305256e+00  ,1.262643805861e+01  
  5.912017000343e-03  ,1.067168055377e+01  ,3.583619391850e+00  ,1.262753487666e+01  
  5.912020000020e-03  ,8.646837889315e+00  ,3.583346757766e+00  ,1.262835728309e+01  
  5.912020800063e-03  ,8.543169163703e+00  ,3.583401272822e+00  ,1.262857658635e+01  
  5.912022400076e-03  ,8.338327908040e+00  ,3.583597102590e+00  ,1.262901529281e+01  
  5.912025600100e-03  ,7.943207108923e+00  ,3.584123056555e+00  ,1.262989267530e+01  
  5.912032000149e-03  ,7.207837235031e+00  ,3.585217731151e+00  ,1.263164720896e+01  
  5.912044800246e-03  ,5.932316601585e+00  ,3.588173026668e+00  ,1.263515613698e+01  
  5.912058725381e-03  ,4.791748197871e+00  ,3.598044076130e+00  ,1.263897242831e+01  
  5.912067643726e-03  ,4.356436973478e+00  ,1.402541617144e+01  ,1.264077143129e+01  
  5.912076013708e-03  ,4.341998036993e+00  ,4.355854885446e+01  ,1.264082930573e+01  
  5.912082285607e-03  ,4.134171951047e+00  ,5.281268678704e+01  ,3.569506862391e-02  
  5.912085556040e-03  ,3.936352653029e+00  ,5.284161188660e+01  ,-2.052231975677e-01  
  5.912087126808e-03  ,3.843420846125e+00  ,5.282336964800e+01  ,-4.086630229781e-03  
  5.912090268346e-03  ,3.664691368318e+00  ,5.282655461789e+01  ,1.012115246036e-02  
  5.912096551420e-03  ,3.331364753235e+00  ,5.283633787023e+01  ,5.646795405029e-03  
  5.912109117569e-03  ,2.751969584666e+00  ,5.285518792613e+01  ,4.426203445221e-03  
  5.912134249868e-03  ,1.871436064950e+00  ,5.289270161780e+01  ,3.513928601859e-03  
  5.912173517408e-03  ,9.861183132193e-01  ,5.295123333291e+01  ,2.037844675961e-03  
  5.912218125524e-03  ,4.423467135424e-01  ,5.301750313925e+01  ,1.242916339145e-03  
  5.912263627710e-03  ,1.762329254304e-01  ,5.308490860941e+01  ,8.535314144666e-04  
  5.912332757177e-03  ,5.622237334437e-02  ,5.318697800207e+01  ,6.760600599312e-04  
  5.912413843336e-03  ,4.603697605007e-03  ,5.330622804762e+01  ,5.978050143319e-04  
  5.912510164441e-03  ,-7.865852094773e-03  ,5.344722836938e+01  ,5.760421328639e-04  
  5.912702806653e-03  ,-5.375818808488e-03  ,5.372710658086e+01  ,5.725113975470e-04  
  5.912993534269e-03  ,4.389348491249e-03  ,5.414412185786e+01  ,5.760449645905e-04  
  5.913574989499e-03  ,-2.596383194177e-05  ,5.495866805098e+01  ,5.484144108043e-04  
  5.914478691282e-03  ,1.129512671898e-03  ,5.617252653049e+01  ,5.177467468108e-04  
  5.915734680356e-03  ,1.471486627070e-03  ,5.775303446020e+01  ,4.747226207253e-04  
  5.918246658506e-03  ,1.202652357757e-03  ,6.053717108082e+01  ,3.920843415028e-04  
  5.922000000020e-03  ,8.924672061382e-04  ,6.374913563370e+01  ,2.766024813232e-04  
  5.922001000018e-03  ,5.775378802222e-01  ,6.374997205299e+01  ,-1.013366195809e-03  
  5.922001884774e-03  ,1.095123085649e+00  ,6.375071557513e+01  ,-2.187759110054e-03  
  5.922003654287e-03  ,2.160052294006e+00  ,6.375219977309e+01  ,-4.504955246925e-03  
  5.922007193313e-03  ,4.412156712527e+00  ,6.375515125805e+01  ,-8.958968277109e-03  
  5.922010000020e-03  ,6.312035487008e+00  ,6.375747641795e+01  ,-1.232526395968e-02  
  5.922010707825e-03  ,6.404325378320e+00  ,6.375796761987e+01  ,-1.224575415013e-02  
  5.922012123435e-03  ,6.586944351615e+00  ,6.375893955398e+01  ,-1.198579148506e-02  
  5.922014954656e-03  ,6.940714459924e+00  ,6.376088287653e+01  ,-1.146759157584e-02  
  5.922020617097e-03  ,7.604461089414e+00  ,6.376477382786e+01  ,-1.050047305614e-02  
  5.922031941980e-03  ,8.776914056455e+00  ,6.377256818034e+01  ,-8.792366469949e-03  
  5.922043351799e-03  ,9.773936510829e+00  ,6.378043452468e+01  ,-7.339904735470e-03  
  5.922051390975e-03  ,9.973500173950e+00  ,4.096717767508e+01  ,9.859205722592e+00  
  5.922059066564e-03  ,1.000035713727e+01  ,1.059387802033e+01  ,9.859382455769e+00  
  5.922063370764e-03  ,1.018930717170e+01  ,3.392160682484e+00  ,9.860298493954e+00  
  5.922067441761e-03  ,1.046805674737e+01  ,2.664428557954e+00  ,9.861375447233e+00  
  5.922069764107e-03  ,1.062548596885e+01  ,2.745175415207e+00  ,9.862024863580e+00  
  5.922072702989e-03  ,1.081671937446e+01  ,2.800216538896e+00  ,9.862850518269e+00  
  5.922078580752e-03  ,1.117399623141e+01  ,2.809843107779e+00  ,9.864503707150e+00  
  5.922090336278e-03  ,1.180183075595e+01  ,2.804875256289e+00  ,9.867814648950e+00  
  5.922110285952e-03  ,1.264237447809e+01  ,2.803544743571e+00  ,9.873439572386e+00  
  5.922150185302e-03  ,1.373775179300e+01  ,2.807685912072e+00  ,9.884688989005e+00  
  5.922229984000e-03  ,1.477643161332e+01  ,2.812718429875e+00  ,9.907184320946e+00  
  5.922347440913e-03  ,1.516398466335e+01  ,2.821918938248e+00  ,9.940286703255e+00  
  5.922521176532e-03  ,1.497759247334e+01  ,2.835901476278e+00  ,9.989229920556e+00  
  5.922677960589e-03  ,1.497074688338e+01  ,2.848434489415e+00  ,1.003337691813e+01  
  5.922991528704e-03  ,1.501201148729e+01  ,2.873466389517e+00  ,1.012161202227e+01  
  5.923618664935e-03  ,1.499225341616e+01  ,2.923508573790e+00  ,1.029784692993e+01  
  5.924720540240e-03  ,1.499815335575e+01  ,3.011199025886e+00  ,1.060673188044e+01  
  5.926924290850e-03  ,1.500018860380e+01  ,3.185764185126e+00  ,1.122161378841e+01  
  5.931331792071e-03  ,1.499992798695e+01  ,3.531639146030e+00  ,1.243990435045e+01  
  5.932010000020e-03  ,1.500001284144e+01  ,3.584477267921e+00  ,1.262601877597e+01  
  5.932011000018e-03  ,1.442323111748e+01  ,3.584407748979e+00  ,1.262629292246e+01  
  5.932013000126e-03  ,1.321550542526e+01  ,3.584176530534e+00  ,1.262684117654e+01  
  5.932017000343e-03  ,1.067413350302e+01  ,3.583732514531e+00  ,1.262793798321e+01  
  5.932020000020e-03  ,8.649181715925e+00  ,3.583459882473e+00  ,1.262876038625e+01  
  5.932020800063e-03  ,8.545484888965e+00  ,3.583514369756e+00  ,1.262897968867e+01  
  5.932022400076e-03  ,8.340588107013e+00  ,3.583710149426e+00  ,1.262941839325e+01  
  5.932025600100e-03  ,7.945360201856e+00  ,3.584235991481e+00  ,1.263029577204e+01  
  5.932032000149e-03  ,7.209790987419e+00  ,3.585330307265e+00  ,1.263205029857e+01  
  5.932044800246e-03  ,5.933924565088e+00  ,3.588283500650e+00  ,1.263555921232e+01  
  5.932058726871e-03  ,4.792935538119e+00  ,3.598129733987e+00  ,1.263937589892e+01  
  5.932067645216e-03  ,4.356522073633e+00  ,1.396906600200e+01  ,1.264117938212e+01  
  5.932076016689e-03  ,4.341950796956e+00  ,4.349827495570e+01  ,1.264124107745e+01  
  5.932082296038e-03  ,4.134655211593e+00  ,5.281093921278e+01  ,3.905925081773e-02  
  5.932085567588e-03  ,3.936759096849e+00  ,5.284030381396e+01  ,-2.061446858901e-01  
  5.932087137239e-03  ,3.843881286643e+00  ,5.282197229582e+01  ,-4.147297974052e-03  
  5.932090276541e-03  ,3.665254705448e+00  ,5.282514600995e+01  ,1.014229805692e-02  
  5.932096555145e-03  ,3.332103851274e+00  ,5.283492528839e+01  ,5.649076208525e-03  
  5.932109112354e-03  ,2.752956571459e+00  ,5.285376364210e+01  ,4.426560279180e-03  
  5.932134226771e-03  ,1.872633532128e+00  ,5.289125332080e+01  ,3.516851168383e-03  
  5.932173524113e-03  ,9.862440657442e-01  ,5.294983410145e+01  ,2.038084433296e-03  
  5.932218132229e-03  ,4.423642329017e-01  ,5.301610897123e+01  ,1.242992881074e-03  
  5.932263634415e-03  ,1.762195825461e-01  ,5.308351959580e+01  ,8.535634526285e-04  
  5.932332751961e-03  ,5.623187956987e-02  ,5.318557924389e+01  ,6.761256783392e-04  
  5.932413838120e-03  ,4.608157093078e-03  ,5.330483854673e+01  ,5.978631297647e-04  
  5.932510135384e-03  ,-7.861992457104e-03  ,5.344581505181e+01  ,5.761000771074e-04  
  5.932702729912e-03  ,-5.375620443731e-03  ,5.372564669096e+01  ,5.725653924441e-04  
  5.932993457528e-03  ,4.389471722294e-03  ,5.414269679699e+01  ,5.760982570253e-04  
  5.933574912759e-03  ,-2.580685453334e-05  ,5.495731273114e+01  ,5.484666424375e-04  
  5.934478328438e-03  ,1.129685372221e-03  ,5.617090551520e+01  ,5.178075172444e-04  
  5.935734317513e-03  ,1.471677585418e-03  ,5.775159254148e+01  ,4.747808500841e-04  
  5.938246295663e-03  ,1.202804478213e-03  ,6.053608611435e+01  ,3.921381280941e-04  
  5.942000000020e-03  ,8.926145451119e-04  ,6.374882892466e+01  ,2.766401398433e-04  
  5.942001000018e-03  ,5.775380272880e-01  ,6.374966545141e+01  ,-1.013328368432e-03  
  5.942001884774e-03  ,1.095123232491e+00  ,6.375040906860e+01  ,-2.187720773761e-03  
  5.942003654287e-03  ,2.160052440410e+00  ,6.375189345675e+01  ,-4.504917034960e-03  
  5.942007193313e-03  ,4.412156858087e+00  ,6.375484532210e+01  ,-8.958930094380e-03  
  5.942010000020e-03  ,6.312035631330e+00  ,6.375717078368e+01  ,-1.232522577919e-02  
  5.942010707825e-03  ,6.404325522481e+00  ,6.375766206181e+01  ,-1.224571603167e-02  
  5.942012123435e-03  ,6.586944495459e+00  ,6.375863414833e+01  ,-1.198575338515e-02  
  5.942014954656e-03  ,6.940714603152e+00  ,6.376057777569e+01  ,-1.146755346956e-02  
  5.942020617097e-03  ,7.604461231485e+00  ,6.376446933660e+01  ,-1.050043496194e-02  
  5.942031941980e-03  ,8.776914196480e+00  ,6.377226490803e+01  ,-8.792328385689e-03  
  5.942043351799e-03  ,9.773936649109e+00  ,6.378013248020e+01  ,-7.339866667456e-03  
  5.942051390975e-03  ,9.973503095141e+00  ,4.096710091340e+01  ,9.859706582753e+00  
  5.942059066564e-03  ,1.000036045775e+01  ,1.059384553683e+01  ,9.859883334496e+00  
  5.942063370764e-03  ,1.018931313126e+01  ,3.392281596284e+00  ,9.860799364961e+00  
  5.942067441761e-03  ,1.046806259224e+01  ,2.664571567784e+00  ,9.861876317804e+00  
  5.942069764480e-03  ,1.062551629365e+01  ,2.745319683816e+00  ,9.862525833053e+00  
  5.942072702989e-03  ,1.081672469587e+01  ,2.800356133336e+00  ,9.863351379072e+00  
  5.942078580007e-03  ,1.117395773167e+01  ,2.809985113840e+00  ,9.865004350207e+00  
  5.942090334043e-03  ,1.180013171479e+01  ,2.799557126435e+00  ,9.868318198676e+00  
  5.942102637931e-03  ,1.234929826274e+01  ,2.803749405381e+00  ,9.871787482111e+00  
  5.942127245709e-03  ,1.318307247098e+01  ,2.805975499617e+00  ,9.878725701531e+00  
  5.942176461264e-03  ,1.417075822391e+01  ,2.808397300071e+00  ,9.892600929667e+00  
  5.942274892375e-03  ,1.497941253677e+01  ,2.816328933611e+00  ,9.920346039845e+00  
  5.942403256938e-03  ,1.499977828483e+01  ,2.826612857472e+00  ,9.956517286165e+00  
  5.942629373118e-03  ,1.500012831416e+01  ,2.844669342939e+00  ,1.002020145743e+01  
  5.942869174525e-03  ,1.500011396798e+01  ,2.863842577129e+00  ,1.008769533953e+01  
  5.943348777339e-03  ,1.500019353048e+01  ,2.902126810701e+00  ,1.022254535863e+01  
  5.944307982966e-03  ,1.500023817621e+01  ,2.978538992361e+00  ,1.049169543252e+01  
  5.946226394221e-03  ,1.500032187125e+01  ,3.130740702331e+00  ,1.102780236715e+01  
  5.950063216731e-03  ,1.500033947999e+01  ,3.432670745240e+00  ,1.209130412172e+01  
  5.952010000020e-03  ,1.499977611614e+01  ,3.584614330533e+00  ,1.262650127505e+01  
  5.952011000018e-03  ,1.442099555374e+01  ,3.584545492124e+00  ,1.262677542129e+01  
  5.952013000126e-03  ,1.321333568748e+01  ,3.584314524761e+00  ,1.262732366619e+01  
  5.952017000343e-03  ,1.067209078881e+01  ,3.583870596543e+00  ,1.262842047262e+01  
  5.952020000020e-03  ,8.647229874619e+00  ,3.583597967380e+00  ,1.262924287152e+01  
  5.952020800063e-03  ,8.543556449344e+00  ,3.583652481012e+00  ,1.262946217278e+01  
  5.952022400076e-03  ,8.338705907475e+00  ,3.583848308355e+00  ,1.262990087520e+01  
  5.952025600100e-03  ,7.943567195944e+00  ,3.584374252842e+00  ,1.263077824965e+01  
  5.952032000149e-03  ,7.208163984445e+00  ,3.585468891474e+00  ,1.263253276724e+01  
  5.952044800246e-03  ,5.932585522365e+00  ,3.588423938749e+00  ,1.263604166313e+01  
  5.952058725381e-03  ,4.791965342132e+00  ,3.598290959228e+00  ,1.263985791989e+01  
  5.952067642236e-03  ,4.356463840625e+00  ,1.401013003690e+01  ,1.264165780683e+01  
  5.952076012218e-03  ,4.341991143599e+00  ,4.354092461501e+01  ,1.264171677763e+01  
  5.952082284862e-03  ,4.134411233160e+00  ,5.281237332905e+01  ,3.697440715441e-02  
  5.952085554922e-03  ,3.936606853045e+00  ,5.284146168305e+01  ,-2.055417987050e-01  
  5.952087124946e-03  ,3.843711891449e+00  ,5.282318853156e+01  ,-4.109787095982e-03  
  5.952090264993e-03  ,3.665051702487e+00  ,5.282636868602e+01  ,1.012940824389e-02  
  5.952096545087e-03  ,3.331843550896e+00  ,5.283614938920e+01  ,5.648042436466e-03  
  5.952109105276e-03  ,2.751018891351e+00  ,5.285494433108e+01  ,4.593527480080e-03  
  5.952134225653e-03  ,1.861264168736e+00  ,5.289245704363e+01  ,3.313393988381e-03  
  5.952175364779e-03  ,9.413915015471e-01  ,5.295374670622e+01  ,1.971946917572e-03  
  5.952221355723e-03  ,4.554384773629e-01  ,5.302206083085e+01  ,1.262039569720e-03  
  5.952269444751e-03  ,1.918297870165e-01  ,5.309328856788e+01  ,8.761145255163e-04  
  5.952324352549e-03  ,8.007961751024e-02  ,5.317437745117e+01  ,7.112125860710e-04  
  5.952413044261e-03  ,6.892286218213e-03  ,5.330486222290e+01  ,6.012425408724e-04  
  5.952507839488e-03  ,2.596747412325e-03  ,5.344365684461e+01  ,5.914520729498e-04  
  5.952697429942e-03  ,7.904991239540e-04  ,5.371919271033e+01  ,5.817678742296e-04  
  5.952919016169e-03  ,1.962434714666e-03  ,5.403775227668e+01  ,5.753226540686e-04  
  5.953362188624e-03  ,1.917680506271e-03  ,5.466356221448e+01  ,5.590043054675e-04  
  5.954248533534e-03  ,1.421765186589e-03  ,5.586960743716e+01  ,5.265490613083e-04  
  5.956021223353e-03  ,1.581577380606e-03  ,5.809671827932e+01  ,4.653111229651e-04  
  5.959566602992e-03  ,9.471523884474e-04  ,6.179740503220e+01  ,3.495892623924e-04  
  5.962000000020e-03  ,1.006346788768e-03  ,6.375030792296e+01  ,2.787467433521e-04  
  5.962001000018e-03  ,5.776501046051e-01  ,6.375114445604e+01  ,-1.012284377553e-03  
  5.962001884681e-03  ,1.095178697690e+00  ,6.375188803460e+01  ,-2.187823593514e-03  
  5.962003654008e-03  ,2.159988382154e+00  ,6.375337205540e+01  ,-4.504487130098e-03  
  5.962007192661e-03  ,4.411828863159e+00  ,6.375632324560e+01  ,-8.958018287151e-03  
  5.962010000020e-03  ,6.311349248546e+00  ,6.375864906043e+01  ,-1.232627913095e-02  
  5.962010707751e-03  ,6.403636816639e+00  ,6.375914021250e+01  ,-1.224675977335e-02  
  5.962012123175e-03  ,6.586246641960e+00  ,6.376011202476e+01  ,-1.198680573441e-02  
  5.962014954023e-03  ,6.940000499552e+00  ,6.376205509918e+01  ,-1.146863198050e-02  
  5.962020615719e-03  ,7.603722176685e+00  ,6.376594555713e+01  ,-1.050155042188e-02  
  5.962031939111e-03  ,8.776149561105e+00  ,6.377373892128e+01  ,-8.793481174183e-03  
  5.962043345950e-03  ,9.773052749031e+00  ,6.378160324695e+01  ,-7.341192607149e-03  
  5.962051382147e-03  ,9.973457932392e+00  ,4.102546204223e+01  ,9.859348831589e+00  
  5.962059054754e-03  ,1.000027448385e+01  ,1.066177071078e+01  ,9.859522330320e+00  
  5.962063364915e-03  ,1.018850712654e+01  ,3.396564748590e+00  ,9.860438758779e+00  
  5.962067447088e-03  ,1.046800501676e+01  ,2.663534136485e+00  ,9.861516789580e+00  
  5.962069767944e-03  ,1.062534313974e+01  ,2.744925320329e+00  ,9.862165815919e+00  
  5.962072700493e-03  ,1.081618321921e+01  ,2.800236155066e+00  ,9.862989708604e+00  
  5.962078565590e-03  ,1.117276828269e+01  ,2.809922487674e+00  ,9.864639325526e+00  
  5.962090295784e-03  ,1.179955425825e+01  ,2.804923798124e+00  ,9.867943119132e+00  
  5.962110156052e-03  ,1.263741979885e+01  ,2.803571750024e+00  ,9.873542825727e+00  
  5.962149876587e-03  ,1.373131860462e+01  ,2.807710984025e+00  ,9.884741816805e+00  
  5.962229317657e-03  ,1.477158879152e+01  ,2.812707301784e+00  ,9.907136329900e+00  
  5.962346762649e-03  ,1.516366483843e+01  ,2.821904451445e+00  ,9.940235367461e+00  
  5.962519878380e-03  ,1.497792327965e+01  ,2.835837245981e+00  ,9.989004023609e+00  
  5.962676495544e-03  ,1.497084859176e+01  ,2.848357002252e+00  ,1.003310413871e+01  
  5.962989729874e-03  ,1.501195702885e+01  ,2.873362385907e+00  ,1.012124560277e+01  
  5.963616198532e-03  ,1.499229259339e+01  ,2.923351502319e+00  ,1.029729373070e+01  
  5.964715594284e-03  ,1.499816071165e+01  ,3.010845428956e+00  ,1.060548640210e+01  
  5.966914385788e-03  ,1.500018803121e+01  ,3.185021185392e+00  ,1.121899668668e+01  
  5.971311968796e-03  ,1.499992854760e+01  ,3.530131870176e+00  ,1.243459520478e+01  
  5.972010000020e-03  ,1.500001312576e+01  ,3.584515857471e+00  ,1.262615470124e+01  
  5.972011000018e-03  ,1.442323047585e+01  ,3.584446338312e+00  ,1.262642884736e+01  
  5.972013000126e-03  ,1.321550480253e+01  ,3.584215119685e+00  ,1.262697710060e+01  
  5.972017000343e-03  ,1.067413291675e+01  ,3.583771103968e+00  ,1.262807390578e+01  
  5.972020000020e-03  ,8.649181155758e+00  ,3.583498472773e+00  ,1.262889630766e+01  
  5.972020800063e-03  ,8.545484335523e+00  ,3.583552960577e+00  ,1.262911560977e+01  
  5.972022400076e-03  ,8.340587566857e+00  ,3.583748741233e+00  ,1.262955431373e+01  
  5.972025600100e-03  ,7.945359687327e+00  ,3.584274584856e+00  ,1.263043169129e+01  
  5.972032000149e-03  ,7.209790520602e+00  ,3.585368904725e+00  ,1.263218621535e+01  
  5.972044800246e-03  ,5.933924181189e+00  ,3.588322115827e+00  ,1.263569512416e+01  
  5.972058726871e-03  ,4.792935229814e+00  ,3.598168457224e+00  ,1.263951180537e+01  
  5.972067645216e-03  ,4.356522894125e+00  ,1.396917011114e+01  ,1.264131527713e+01  
  5.972076016689e-03  ,4.341951644464e+00  ,4.349838806162e+01  ,1.264137696949e+01  
  5.972082296038e-03  ,4.134670649135e+00  ,5.281189558008e+01  ,3.913474573803e-02  
  5.972085567215e-03  ,3.936795994940e+00  ,5.284126738728e+01  ,-2.061442143867e-01  
  5.972087136680e-03  ,3.843928162956e+00  ,5.282293579741e+01  ,-4.148592542254e-03  
  5.972090275610e-03  ,3.665320105712e+00  ,5.282610880750e+01  ,1.014276291938e-02  
  5.972096553469e-03  ,3.332201100687e+00  ,5.283588705590e+01  ,5.649257311955e-03  
  5.972109109187e-03  ,2.751504127532e+00  ,5.285467463486e+01  ,4.594152606095e-03  
  5.972134220624e-03  ,1.861865427843e+00  ,5.289217246705e+01  ,3.314245691206e-03  
  5.972175371671e-03  ,9.415058080805e-01  ,5.295347736104e+01  ,1.972090890847e-03  
  5.972221362615e-03  ,4.554936273254e-01  ,5.302178861179e+01  ,1.262097239516e-03  
  5.972269451642e-03  ,1.918528473802e-01  ,5.309301334378e+01  ,8.761255852919e-04  
  5.972324353481e-03  ,8.009764080574e-02  ,5.317409000938e+01  ,7.112165754271e-04  
  5.972413045192e-03  ,6.895382526679e-03  ,5.330456929380e+01  ,6.012249185317e-04  
  5.972507840419e-03  ,2.597191786478e-03  ,5.344335806552e+01  ,5.914306724668e-04  
  5.972697430873e-03  ,7.898371935399e-04  ,5.371888228200e+01  ,5.817451261433e-04  
  5.972919017101e-03  ,1.962510893013e-03  ,5.403742832008e+01  ,5.753012489915e-04  
  5.973362189556e-03  ,1.917755291742e-03  ,5.466321148792e+01  ,5.589834418018e-04  
  5.974248534465e-03  ,1.421586326350e-03  ,5.586920433904e+01  ,5.265288540299e-04  
  5.976021224285e-03  ,1.581605619700e-03  ,5.809621530752e+01  ,4.652931331181e-04  
  5.979566603923e-03  ,9.470093670378e-04  ,6.179672309008e+01  ,3.495743565152e-04  
  5.982000000020e-03  ,1.006376021432e-03  ,6.374951932620e+01  ,2.787339464056e-04  
  5.982001000018e-03  ,5.776501326751e-01  ,6.375035581878e+01  ,-1.012296782145e-03  
  5.982001884681e-03  ,1.095178724741e+00  ,6.375109936154e+01  ,-2.187835966874e-03  
  5.982003654008e-03  ,2.159988407205e+00  ,6.375258331076e+01  ,-4.504499519903e-03  
  5.982007192661e-03  ,4.411828884363e+00  ,6.375553435779e+01  ,-8.958030698570e-03  
  5.982010000020e-03  ,6.311349266841e+00  ,6.375786005906e+01  ,-1.232629155669e-02  
  5.982010707751e-03  ,6.403636834224e+00  ,6.375835118246e+01  ,-1.224677253499e-02  
  5.982012123175e-03  ,6.586246658138e+00  ,6.375932293733e+01  ,-1.198681856723e-02  
  5.982014954023e-03  ,6.940000513004e+00  ,6.376126589697e+01  ,-1.146864478257e-02  
  5.982020615719e-03  ,7.603722185025e+00  ,6.376515612542e+01  ,-1.050156322115e-02  
  5.982031939111e-03  ,8.776149560417e+00  ,6.377294903083e+01  ,-8.793493972075e-03  
  5.982043345950e-03  ,9.773052740673e+00  ,6.378081289474e+01  ,-7.341205401398e-03  
  5.982051382147e-03  ,9.973456717245e+00  ,4.102456858482e+01  ,9.859066528535e+00  
  5.982059054754e-03  ,1.000027391573e+01  ,1.066091592435e+01  ,9.859240085974e+00  
  5.982063364915e-03  ,1.018851965606e+01  ,3.396427413098e+00  ,9.860156505877e+00  
  5.982067447088e-03  ,1.046801753461e+01  ,2.663461022193e+00  ,9.861234568245e+00  
  5.982069767944e-03  ,1.062535519960e+01  ,2.744848338143e+00  ,9.861883596075e+00  
  5.982072700865e-03  ,1.081621839166e+01  ,2.800157874109e+00  ,9.862707595199e+00  
  5.982078566707e-03  ,1.117284384695e+01  ,2.809841717325e+00  ,9.864357426281e+00  
  5.982090298392e-03  ,1.179810551536e+01  ,2.799346419982e+00  ,9.867664991914e+00  
  5.982102548636e-03  ,1.234541153786e+01  ,2.803559407110e+00  ,9.871119173200e+00  
  5.982127049125e-03  ,1.317733826318e+01  ,2.805785138879e+00  ,9.878027189312e+00  
  5.982176050104e-03  ,1.416499150724e+01  ,2.808181197300e+00  ,9.891842021643e+00  
  5.982274052061e-03  ,1.497630807750e+01  ,2.816080413131e+00  ,9.919466390813e+00  
  5.982402345098e-03  ,1.499972996707e+01  ,2.826357657845e+00  ,9.955617805405e+00  
  5.982627531446e-03  ,1.500014041129e+01  ,2.844339669905e+00  ,1.001904075358e+01  
  5.982866903700e-03  ,1.500012416637e+01  ,2.863478988917e+00  ,1.008641467705e+01  
  5.983345648207e-03  ,1.500021786320e+01  ,2.901695243944e+00  ,1.022102526912e+01  
  5.984303137220e-03  ,1.500027054192e+01  ,2.977972029673e+00  ,1.048969844638e+01  
  5.986218115248e-03  ,1.500036922751e+01  ,3.129905161164e+00  ,1.102485938204e+01  
  5.990048071302e-03  ,1.500039021076e+01  ,3.431306820239e+00  ,1.208649999167e+01  
  5.992010000020e-03  ,1.499973150747e+01  ,3.584436821370e+00  ,1.262587594981e+01  
  5.992011000018e-03  ,1.442054658479e+01  ,3.584368117697e+00  ,1.262615009816e+01  
  5.992013000126e-03  ,1.321289993837e+01  ,3.584137200485e+00  ,1.262669834469e+01  
  5.992017000343e-03  ,1.067168054983e+01  ,3.583693287640e+00  ,1.262779515980e+01  
  5.992020000020e-03  ,8.646837885586e+00  ,3.583420655147e+00  ,1.262861756401e+01  
  5.992020800063e-03  ,8.543169160035e+00  ,3.583475171201e+00  ,1.262883686668e+01  
  5.992022400076e-03  ,8.338327904492e+00  ,3.583671002844e+00  ,1.262927557195e+01  
  5.992025600100e-03  ,7.943207105600e+00  ,3.584196959760e+00  ,1.263015295208e+01  
  5.992032000149e-03  ,7.207837232160e+00  ,3.585291642019e+00  ,1.263190748101e+01  
  5.992044800246e-03  ,5.932316599791e+00  ,3.588246970531e+00  ,1.263541639957e+01  
  5.992058725381e-03  ,4.791748199608e+00  ,3.598118214821e+00  ,1.263923268058e+01  
  5.992067643726e-03  ,4.356438586152e+00  ,1.402558729831e+01  ,1.264103166356e+01  
  5.992076013708e-03  ,4.341999634229e+00  ,4.355873245299e+01  ,1.264108952844e+01  
  5.992082285607e-03  ,4.134176942321e+00  ,5.281304507006e+01  ,3.571289410301e-02  
  5.992085556040e-03  ,3.936357466489e+00  ,5.284197242812e+01  ,-2.052262686379e-01  
  5.992087126808e-03  ,3.843425542614e+00  ,5.282372997097e+01  ,-4.086801922980e-03  
  5.992090268346e-03  ,3.664695849547e+00  ,5.282691505716e+01  ,1.012121983712e-02  
  5.992096551420e-03  ,3.331368832689e+00  ,5.283669859545e+01  ,5.646818894391e-03  
  5.992109117569e-03  ,2.751972963635e+00  ,5.285554921701e+01  ,4.426221453093e-03  
  5.992134249868e-03  ,1.871438379323e+00  ,5.289306403786e+01  ,3.513949454630e-03  
  5.992173517408e-03  ,9.861195572017e-01  ,5.295159751597e+01  ,2.037861736805e-03  
  5.992218125524e-03  ,4.423473000374e-01  ,5.301786932165e+01  ,1.242932393799e-03  
  5.992263627710e-03  ,1.762331901159e-01  ,5.308527682776e+01  ,8.535469583828e-04  
  5.992332757177e-03  ,5.622249280950e-02  ,5.318734930685e+01  ,6.760753268674e-04  
  5.992413843336e-03  ,4.603754509999e-03  ,5.330660296237e+01  ,5.978201132124e-04  
  5.992510164441e-03  ,-7.865810449699e-03  ,5.344760755790e+01  ,5.760571186413e-04  
  5.992702806653e-03  ,-5.375774524203e-03  ,5.372749426964e+01  ,5.725262068728e-04  
  5.992993534269e-03  ,4.389404016753e-03  ,5.414452225486e+01  ,5.760595238514e-04  
  5.993574989499e-03  ,-2.591478855485e-05  ,5.495909342605e+01  ,5.484284386189e-04  
  5.994478691282e-03  ,1.129561296331e-03  ,5.617298954356e+01  ,5.177599934416e-04  
  5.995734680356e-03  ,1.471533071699e-03  ,5.775354733695e+01  ,4.747348494927e-04  
  5.998246658506e-03  ,1.202693084753e-03  ,6.053777488224e+01  ,3.920947502915e-04  
  6.002000000020e-03  ,8.924991102265e-04  ,6.374985253754e+01  ,2.766104742250e-04  
  6.002001000018e-03  ,5.775379121219e-01  ,6.375068898323e+01  ,-1.013358465580e-03  
  6.002001884774e-03  ,1.095123117546e+00  ,6.375143252870e+01  ,-2.187751394360e-03  
  6.002003654287e-03  ,2.160052325896e+00  ,6.375291677331e+01  ,-4.504947523005e-03  
  6.002007193313e-03  ,4.412156744403e+00  ,6.375586835157e+01  ,-8.958960538929e-03  
  6.002010000020e-03  ,6.312035518874e+00  ,6.375819358545e+01  ,-1.232525621219e-02  
  6.002010707825e-03  ,6.404325410183e+00  ,6.375868480605e+01  ,-1.224574610413e-02  
  6.002012123435e-03  ,6.586944383476e+00  ,6.375965677756e+01  ,-1.198578337697e-02  
  6.002014954656e-03  ,6.940714491779e+00  ,6.376160017494e+01  ,-1.146758349881e-02  
  6.002020617097e-03  ,7.604461121256e+00  ,6.376549127585e+01  ,-1.050046498711e-02  
  6.002031941980e-03  ,8.776914088271e+00  ,6.377328592728e+01  ,-8.792358413254e-03  
  6.002043351799e-03  ,9.773936542618e+00  ,6.378115257253e+01  ,-7.339896690585e-03  
  6.002051390975e-03  ,9.973500992720e+00  ,4.096796518256e+01  ,9.859410736830e+00  
  6.002059066564e-03  ,1.000035735270e+01  ,1.059462770197e+01  ,9.859587417082e+00  
  6.002063370764e-03  ,1.018929572271e+01  ,3.392270881170e+00  ,9.860503464027e+00  
  6.002067442506e-03  ,1.046809565097e+01  ,2.664439652551e+00  ,9.861580579690e+00  
  6.002069765225e-03  ,1.062554861647e+01  ,2.745226819719e+00  ,9.862230097659e+00  
  6.002072703734e-03  ,1.081675572360e+01  ,2.800273953633e+00  ,9.863055646562e+00  
  6.002078580752e-03  ,1.117398611029e+01  ,2.809902476602e+00  ,9.864708622548e+00  
  6.002090334788e-03  ,1.180015542307e+01  ,2.799471841911e+00  ,9.868022480827e+00  
  6.002102637186e-03  ,1.234925681936e+01  ,2.803665188812e+00  ,9.871491354485e+00  
  6.002127241984e-03  ,1.318295896666e+01  ,2.805891399252e+00  ,9.878428754338e+00  
  6.002176451578e-03  ,1.417061930156e+01  ,2.808312467023e+00  ,9.892302343611e+00  
  6.002274870768e-03  ,1.497932734651e+01  ,2.816243266645e+00  ,9.920044177440e+00  
  6.002403235331e-03  ,1.499977714067e+01  ,2.826527194608e+00  ,9.956215533724e+00  
  6.002629327669e-03  ,1.500012860194e+01  ,2.844581819231e+00  ,1.001989318585e+01  
  6.002869129076e-03  ,1.500011421036e+01  ,2.863755117655e+00  ,1.008738727776e+01  
  6.003348731890e-03  ,1.500019410705e+01  ,2.902039470135e+00  ,1.022223771604e+01  
  6.004307937517e-03  ,1.500023894260e+01  ,2.978451889230e+00  ,1.049138862656e+01  
  6.006226348772e-03  ,1.500032299217e+01  ,3.130654072147e+00  ,1.102749722765e+01  
  6.010063171282e-03  ,1.500034068036e+01  ,3.432585053577e+00  ,1.209100228807e+01  
  6.012010000020e-03  ,1.499977506756e+01  ,3.584532649679e+00  ,1.262621356504e+01  
  6.012011000018e-03  ,1.442098544810e+01  ,3.584463814962e+00  ,1.262648771211e+01  
  6.012013000126e-03  ,1.321332587941e+01  ,3.584232849176e+00  ,1.262703595860e+01  
  6.012017000343e-03  ,1.067208155492e+01  ,3.583788920712e+00  ,1.262813276834e+01  
  6.012020000020e-03  ,8.647221051470e+00  ,3.583516289805e+00  ,1.262895516968e+01  
  6.012020800063e-03  ,8.543547731962e+00  ,3.583570802441e+00  ,1.262917447160e+01  
  6.012022400076e-03  ,8.338697399083e+00  ,3.583766627909e+00  ,1.262961317533e+01  
  6.012025600100e-03  ,7.943559090684e+00  ,3.584292569575e+00  ,1.263049055238e+01  
  6.012032000149e-03  ,7.208156629439e+00  ,3.585387201136e+00  ,1.263224507520e+01  
  6.012044800246e-03  ,5.932579468474e+00  ,3.588342220064e+00  ,1.263575398155e+01  
  6.012058725381e-03  ,4.791960450548e+00  ,3.598209130920e+00  ,1.263957024970e+01  
  6.012067642236e-03  ,4.356461718688e+00  ,1.401017430513e+01  ,1.264137014049e+01  
  6.012076012218e-03  ,4.341989578637e+00  ,4.354099334439e+01  ,1.264142910990e+01  
  6.012082284862e-03  ,4.134422141306e+00  ,5.281319620052e+01  ,3.703948504520e-02  
  6.012085554922e-03  ,3.936617447550e+00  ,5.284229241949e+01  ,-2.055559250889e-01  
  6.012087124946e-03  ,3.843722212062e+00  ,5.282401779130e+01  ,-4.110685778831e-03  
  6.012090264993e-03  ,3.665061540988e+00  ,5.282719759477e+01  ,1.012963013907e-02  
  6.012096545087e-03  ,3.331852490489e+00  ,5.283697784815e+01  ,5.648033651464e-03  
  6.012109105276e-03  ,2.751026258858e+00  ,5.285577184330e+01  ,4.593503406141e-03  
  6.012134225653e-03  ,1.861269124809e+00  ,5.289328265841e+01  ,3.313367256591e-03  
  6.012175364779e-03  ,9.413939625709e-01  ,5.295456921269e+01  ,1.971916642094e-03  
  6.012221355723e-03  ,4.554396186751e-01  ,5.302287986157e+01  ,1.262007434739e-03  
  6.012269444751e-03  ,1.918302124453e-01  ,5.309410396402e+01  ,8.760814156782e-04  
  6.012324358510e-03  ,8.007117499064e-02  ,5.317519748633e+01  ,7.111664040048e-04  
  6.012413050221e-03  ,6.889662598700e-03  ,5.330567551308e+01  ,6.012049595933e-04  
  6.012507857369e-03  ,2.595927498956e-03  ,5.344448033590e+01  ,5.914168009676e-04  
  6.012697471665e-03  ,7.907430794903e-04  ,5.372003608659e+01  ,5.817335223517e-04  
  6.012919081734e-03  ,1.962299892728e-03  ,5.403861226740e+01  ,5.752871736005e-04  
  6.013362301873e-03  ,1.917491466462e-03  ,5.466445299436e+01  ,5.589675970259e-04  
  6.014248742150e-03  ,1.421714511327e-03  ,5.587054997781e+01  ,5.265103449095e-04  
  6.016021622704e-03  ,1.581400790291e-03  ,5.809772470507e+01  ,4.652680356345e-04  
  6.019567383813e-03  ,9.470339993363e-04  ,6.179838078352e+01  ,3.495388443092e-04  
  6.022000000020e-03  ,1.006219099629e-03  ,6.375040794719e+01  ,2.787228205564e-04  
  6.022001000018e-03  ,5.776499776027e-01  ,6.375124441096e+01  ,-1.012308419377e-03  
  6.022001884681e-03  ,1.095178571272e+00  ,6.375198792825e+01  ,-2.187848240440e-03  
  6.022003654008e-03  ,2.159988256879e+00  ,6.375347182638e+01  ,-4.504511630678e-03  
  6.022007192661e-03  ,4.411828740083e+00  ,6.375642277126e+01  ,-8.958042756917e-03  
  6.022010000020e-03  ,6.311349127134e+00  ,6.375874839146e+01  ,-1.232630359783e-02  
  6.022010707751e-03  ,6.403636695631e+00  ,6.375923949438e+01  ,-1.224678424006e-02  
  6.022012123175e-03  ,6.586246521753e+00  ,6.376021120835e+01  ,-1.198683019531e-02  
  6.022014954023e-03  ,6.940000380894e+00  ,6.376215408619e+01  ,-1.146865644040e-02  
  6.022020615719e-03  ,7.603722060937e+00  ,6.376604415101e+01  ,-1.050157487027e-02  
  6.022031939111e-03  ,8.776149450498e+00  ,6.377383672905e+01  ,-8.793505609432e-03  
  6.022043345950e-03  ,9.773052642800e+00  ,6.378170026303e+01  ,-7.341217025872e-03  
  6.022051382147e-03  ,9.973456035085e+00  ,4.102541287663e+01  ,9.859015637460e+00  
  6.022059054754e-03  ,1.000027241527e+01  ,1.066169897284e+01  ,9.859189131350e+00  
  6.022063364915e-03  ,1.018850486176e+01  ,3.396476890592e+00  ,9.860105563445e+00  
  6.022067447088e-03  ,1.046800282087e+01  ,2.663439803086e+00  ,9.861183597947e+00  
  6.022069767944e-03  ,1.062534100654e+01  ,2.744829719870e+00  ,9.861832626369e+00  
  6.022072700493e-03  ,1.081618118368e+01  ,2.800141024411e+00  ,9.862656521946e+00  
  6.022078565590e-03  ,1.117276642593e+01  ,2.809827867428e+00  ,9.864306144427e+00  
  6.022090295784e-03  ,1.179955270615e+01  ,2.804829202789e+00  ,9.867609949134e+00  
  6.022110153071e-03  ,1.263730937537e+01  ,2.803476977662e+00  ,9.873208834232e+00  
  6.022149867646e-03  ,1.373113314814e+01  ,2.807615809710e+00  ,9.884406182513e+00  
  6.022229296796e-03  ,1.477143191817e+01  ,2.812611156386e+00  ,9.906797411079e+00  
  6.022346741788e-03  ,1.516365117288e+01  ,2.821808269737e+00  ,9.939896561579e+00  
  6.022519833676e-03  ,1.497793618856e+01  ,2.835739194297e+00  ,9.988658669307e+00  
  6.022676450841e-03  ,1.497085221199e+01  ,2.848258997296e+00  ,1.003275893794e+01  
  6.022989685170e-03  ,1.501195555389e+01  ,2.873264470574e+00  ,1.012090070884e+01  
  6.023616153829e-03  ,1.499229355572e+01  ,2.923253759798e+00  ,1.029694944968e+01  
  6.024715549580e-03  ,1.499816094664e+01  ,3.010747991408e+00  ,1.060514319394e+01  
  6.026914341084e-03  ,1.500018801488e+01  ,3.184924354338e+00  ,1.121865561430e+01  
  6.031311924092e-03  ,1.499992856335e+01  ,3.530036240561e+00  ,1.243425836421e+01  
  6.032010000020e-03  ,1.500001312802e+01  ,3.584423896647e+00  ,1.262583078339e+01  
  6.032011000018e-03  ,1.442323049348e+01  ,3.584354378288e+00  ,1.262610493043e+01  
  6.032013000126e-03  ,1.321550481963e+01  ,3.584123160195e+00  ,1.262665318551e+01  
  6.032017000343e-03  ,1.067413293283e+01  ,3.583679143780e+00  ,1.262774999437e+01  
  6.032020000020e-03  ,8.649181171083e+00  ,3.583406510607e+00  ,1.262857239901e+01  
  6.032020800063e-03  ,8.545484350644e+00  ,3.583460997170e+00  ,1.262879170186e+01  
  6.032022400076e-03  ,8.340587581577e+00  ,3.583656775493e+00  ,1.262923040729e+01  
  6.032025600100e-03  ,7.945359701278e+00  ,3.584182615449e+00  ,1.263010778779e+01  
  6.032032000149e-03  ,7.209790533082e+00  ,3.585276925791e+00  ,1.263186231774e+01  
  6.032044800246e-03  ,5.933924190753e+00  ,3.588230095883e+00  ,1.263537123832e+01  
  6.032058726871e-03  ,4.792935233584e+00  ,3.598076195487e+00  ,1.263918793237e+01  
  6.032067645216e-03  ,4.356520888027e+00  ,1.396895689969e+01  ,1.264099142930e+01  
  6.032076016689e-03  ,4.341949654974e+00  ,4.349815914768e+01  ,1.264105313547e+01  
  6.032082296038e-03  ,4.134673256786e+00  ,5.281196702096e+01  ,3.915809086461e-02  
  6.032085567215e-03  ,3.936798550974e+00  ,5.284134164377e+01  ,-2.061503128946e-01  
  6.032087136680e-03  ,3.843930647211e+00  ,5.282300935860e+01  ,-4.148993442807e-03  
  6.032090275610e-03  ,3.665322471259e+00  ,5.282618210917e+01  ,1.014285290265e-02  
  6.032096553469e-03  ,3.332203245398e+00  ,5.283595994955e+01  ,5.649239999848e-03  
  6.032109109187e-03  ,2.751505885337e+00  ,5.285474668953e+01  ,4.594128447741e-03  
  6.032134220624e-03  ,1.861866591767e+00  ,5.289224284174e+01  ,3.314221116557e-03  
  6.032175371671e-03  ,9.415063569324e-01  ,5.295354498356e+01  ,1.972065491041e-03  
  6.032221362615e-03  ,4.554938508371e-01  ,5.302185316036e+01  ,1.262071425236e-03  
  6.032269451642e-03  ,1.918528944451e-01  ,5.309307468099e+01  ,8.760995782317e-04  
  6.032324353481e-03  ,8.009761313111e-02  ,5.317414768386e+01  ,7.111905307354e-04  
  6.032413045192e-03  ,6.895305980414e-03  ,5.330462105946e+01  ,6.011989192731e-04  
  6.032507840419e-03  ,2.597112514641e-03  ,5.344340352695e+01  ,5.914047907933e-04  
  6.032697430873e-03  ,7.897570204710e-04  ,5.371891517031e+01  ,5.817194879543e-04  
  6.032919017101e-03  ,1.962431872011e-03  ,5.403744657368e+01  ,5.752758902404e-04  
  6.033362189556e-03  ,1.917676992772e-03  ,5.466320067282e+01  ,5.589586357530e-04  
  6.034248534465e-03  ,1.421509271755e-03  ,5.586913621863e+01  ,5.265050915674e-04  
  6.036021224285e-03  ,1.581532099628e-03  ,5.809603616373e+01  ,4.652713131700e-04  
  6.039566603923e-03  ,9.469432394471e-04  ,6.179633805915e+01  ,3.495558885042e-04  
  6.042000000020e-03  ,1.006315923395e-03  ,6.374900664451e+01  ,2.787172684807e-04  
  6.042001000018e-03  ,5.776500725794e-01  ,6.374984308715e+01  ,-1.012313170746e-03  
  6.042001884681e-03  ,1.095178664648e+00  ,6.375058658575e+01  ,-2.187852321626e-03  
  6.042003654008e-03  ,2.159988347118e+00  ,6.375207044668e+01  ,-4.504515886156e-03  
  6.042007192661e-03  ,4.411828824287e+00  ,6.375502131713e+01  ,-8.958047075514e-03  
  6.042010000020e-03  ,6.311349206773e+00  ,6.375734687830e+01  ,-1.232630793994e-02  
  6.042010707751e-03  ,6.403636774156e+00  ,6.375783796633e+01  ,-1.224678914921e-02  
  6.042012123175e-03  ,6.586246598072e+00  ,6.375880965043e+01  ,-1.198683522837e-02  
  6.042014954023e-03  ,6.940000452940e+00  ,6.376075246852e+01  ,-1.146866141977e-02  
  6.042020615719e-03  ,7.603722124967e+00  ,6.376464241394e+01  ,-1.050157984886e-02  
  6.042031939111e-03  ,8.776149500374e+00  ,6.377243475349e+01  ,-8.793510587901e-03  
  6.042043345950e-03  ,9.773052680647e+00  ,6.378029804768e+01  ,-7.341222003909e-03  
  6.042051382147e-03  ,9.973455276173e+00  ,4.102393725452e+01  ,9.858766034359e+00  
  6.042059054754e-03  ,1.000027286671e+01  ,1.066030411250e+01  ,9.858939630748e+00  
  6.042063364915e-03  ,1.018852756974e+01  ,3.396304836787e+00  ,9.859856045881e+00  
  6.042067447088e-03  ,1.046802546216e+01  ,2.663380639895e+00  ,9.860934131184e+00  
  6.042069767944e-03  ,1.062536283149e+01  ,2.744764887746e+00  ,9.861583160703e+00  
  6.042072700865e-03  ,1.081622567604e+01  ,2.800072477202e+00  ,9.862407162290e+00  
  6.042078566707e-03  ,1.117285051246e+01  ,2.809756165231e+00  ,9.864056998484e+00  
  6.042090298392e-03  ,1.179811109530e+01  ,2.799261199438e+00  ,9.867364574143e+00  
  6.042102548636e-03  ,1.234541616344e+01  ,2.803474090686e+00  ,9.870818765879e+00  
  6.042127049125e-03  ,1.317734143937e+01  ,2.805699831500e+00  ,9.877726802893e+00  
  6.042176050104e-03  ,1.416499296274e+01  ,2.808095930092e+00  ,9.891541677016e+00  
  6.042274052061e-03  ,1.497630811916e+01  ,2.815995168323e+00  ,9.919166129744e+00  
  6.042402345098e-03  ,1.499972996781e+01  ,2.826272444123e+00  ,9.955317653679e+00  
  6.042627531446e-03  ,1.500014041131e+01  ,2.844254510767e+00  ,1.001874079368e+01  
  6.042866903700e-03  ,1.500012416642e+01  ,2.863393887575e+00  ,1.008611492094e+01  
  6.043345648207e-03  ,1.500021786308e+01  ,2.901610258197e+00  ,1.022072592014e+01  
  6.044303137220e-03  ,1.500027054171e+01  ,2.977887274643e+00  ,1.048939991003e+01  
  6.046218115248e-03  ,1.500036922713e+01  ,3.129820865688e+00  ,1.102456246432e+01  
  6.050048071302e-03  ,1.500039021033e+01  ,3.431223436407e+00  ,1.208620628498e+01  
  6.052010000020e-03  ,1.499973150815e+01  ,3.584353900694e+00  ,1.262558387450e+01  
  6.052011000018e-03  ,1.442054658992e+01  ,3.584285197734e+00  ,1.262585802369e+01  
  6.052013000126e-03  ,1.321289994335e+01  ,3.584054281004e+00  ,1.262640627188e+01  
  6.052017000343e-03  ,1.067168055450e+01  ,3.583610367530e+00  ,1.262750309030e+01  
  6.052020000020e-03  ,8.646837890012e+00  ,3.583337733252e+00  ,1.262832549700e+01  
  6.052020800063e-03  ,8.543169164389e+00  ,3.583392248185e+00  ,1.262854480033e+01  
  6.052022400076e-03  ,8.338327908707e+00  ,3.583588077724e+00  ,1.262898350693e+01  
  6.052025600100e-03  ,7.943207109551e+00  ,3.584114031329e+00  ,1.262986088971e+01  
  6.052032000149e-03  ,7.207837235583e+00  ,3.585208704990e+00  ,1.263161542395e+01  
  6.052044800246e-03  ,5.932316601970e+00  ,3.588163996476e+00  ,1.263512435313e+01  
  6.052058725381e-03  ,4.791748197792e+00  ,3.598035022143e+00  ,1.263894064572e+01  
  6.052067643726e-03  ,4.356436776544e+00  ,1.402539526660e+01  ,1.264073965113e+01  
  6.052076013708e-03  ,4.341997841928e+00  ,4.355852642546e+01  ,1.264079752665e+01  
  6.052082285607e-03  ,4.134170969927e+00  ,5.281262121692e+01  ,3.569097284128e-02  
  6.052085556040e-03  ,3.936351705120e+00  ,5.284154580355e+01  ,-2.052224044210e-01  
  6.052087126808e-03  ,3.843419921660e+00  ,5.282330363240e+01  ,-4.086583356188e-03  
  6.052090268346e-03  ,3.664690486434e+00  ,5.282648859295e+01  ,1.012113690740e-02  
  6.052096551420e-03  ,3.331363950794e+00  ,5.283627181257e+01  ,5.646792034585e-03  
  6.052109117569e-03  ,2.751968920808e+00  ,5.285512180514e+01  ,4.426201545643e-03  
  6.052134249868e-03  ,1.871435611714e+00  ,5.289263537064e+01  ,3.513925754553e-03  
  6.052173517408e-03  ,9.861180717481e-01  ,5.295116688868e+01  ,2.037842765761e-03  
  6.052218125524e-03  ,4.423466021457e-01  ,5.301743647167e+01  ,1.242914625456e-03  
  6.052263627710e-03  ,1.762328776965e-01  ,5.308484171450e+01  ,8.535297981504e-04  
  6.052332757177e-03  ,5.622235433366e-02  ,5.318691076275e+01  ,6.760584931672e-04  
  6.052413843336e-03  ,4.603690962347e-03  ,5.330616040578e+01  ,5.978034745441e-04  
  6.052510164441e-03  ,-7.865855729192e-03  ,5.344716025145e+01  ,5.760406080451e-04  
  6.052702806653e-03  ,-5.375822986916e-03  ,5.372703751748e+01  ,5.725098928912e-04  
  6.052993534269e-03  ,4.389342055352e-03  ,5.414405138467e+01  ,5.760434878335e-04  
  6.053574989499e-03  ,-2.596905402705e-05  ,5.495859482006e+01  ,5.484129968566e-04  
  6.054478691282e-03  ,1.129507421714e-03  ,5.617244917930e+01  ,5.177454243528e-04  
  6.055734680356e-03  ,1.471481645662e-03  ,5.775295172224e+01  ,4.747214179802e-04  
  6.058246658506e-03  ,1.202648156560e-03  ,6.053707877468e+01  ,3.920833546907e-04  
  6.062000000020e-03  ,8.924641734741e-04  ,6.374903207879e+01  ,2.766017823530e-04  
  6.062001000018e-03  ,5.775378771901e-01  ,6.374986849557e+01  ,-1.013366853467e-03  
  6.062001884774e-03  ,1.095123082618e+00  ,6.375061201550e+01  ,-2.187759767907e-03  
  6.062003654287e-03  ,2.160052290976e+00  ,6.375209620904e+01  ,-4.504955905311e-03  
  6.062007193313e-03  ,4.412156709498e+00  ,6.375504768516e+01  ,-8.958968937538e-03  
  6.062010000020e-03  ,6.312035483980e+00  ,6.375737283805e+01  ,-1.232526462138e-02  
  6.062010707825e-03  ,6.404325375292e+00  ,6.375786403820e+01  ,-1.224575485427e-02  
  6.062012123435e-03  ,6.586944348588e+00  ,6.375883596876e+01  ,-1.198579219809e-02  
  6.062014954656e-03  ,6.940714456898e+00  ,6.376077928422e+01  ,-1.146759228444e-02  
  6.062020617097e-03  ,7.604461086390e+00  ,6.376467022137e+01  ,-1.050047376365e-02  
  6.062031941980e-03  ,8.776914053434e+00  ,6.377246454552e+01  ,-8.792367175958e-03  
  6.062043351799e-03  ,9.773936507812e+00  ,6.378033086136e+01  ,-7.339905439907e-03  
  6.062051390975e-03  ,9.973500091754e+00  ,4.096706679563e+01  ,9.859182599536e+00  
  6.062059066564e-03  ,1.000035714379e+01  ,1.059377291467e+01  ,9.859359340313e+00  
  6.062063370764e-03  ,1.018930883710e+01  ,3.392146618149e+00  ,9.860275377189e+00  
  6.062067441761e-03  ,1.046805840927e+01  ,2.664422869564e+00  ,9.861352334392e+00  
  6.062069764107e-03  ,1.062548757061e+01  ,2.745169289978e+00  ,9.862001750849e+00  
  6.062072702989e-03  ,1.081672090308e+01  ,2.800210010614e+00  ,9.862827405712e+00  
  6.062078580752e-03  ,1.117399762933e+01  ,2.809836501378e+00  ,9.864480594998e+00  
  6.062090336278e-03  ,1.180183192523e+01  ,2.804868682717e+00  ,9.867791537588e+00  
  6.062110285952e-03  ,1.264237534022e+01  ,2.803538185497e+00  ,9.873416462334e+00  
  6.062150185302e-03  ,1.373775225452e+01  ,2.807679345331e+00  ,9.884665881571e+00  
  6.062229984000e-03  ,1.477643169511e+01  ,2.812711870840e+00  ,9.907161218747e+00  
  6.062347440913e-03  ,1.516398460343e+01  ,2.821912381791e+00  ,9.940263608759e+00  
  6.062521176532e-03  ,1.497759248156e+01  ,2.835894922907e+00  ,9.989206837448e+00  
  6.062677960589e-03  ,1.497074689411e+01  ,2.848427938974e+00  ,1.003335384529e+01  
  6.062991528704e-03  ,1.501201148293e+01  ,2.873459844931e+00  ,1.012158896997e+01  
  6.063618664935e-03  ,1.499225341903e+01  ,2.923502040834e+00  ,1.029782391863e+01  
  6.064720540240e-03  ,1.499815335646e+01  ,3.011192513339e+00  ,1.060670894102e+01  
  6.066924290850e-03  ,1.500018860377e+01  ,3.185757713200e+00  ,1.122159099205e+01  
  6.071331792071e-03  ,1.499992798701e+01  ,3.531632754586e+00  ,1.243988183757e+01  
  6.072010000020e-03  ,1.500001284146e+01  ,3.584470888772e+00  ,1.262599630640e+01  
  6.072011000018e-03  ,1.442323111755e+01  ,3.584401369886e+00  ,1.262627045296e+01  
  6.072013000126e-03  ,1.321550542533e+01  ,3.584170151478e+00  ,1.262681870716e+01  
  6.072017000343e-03  ,1.067413350308e+01  ,3.583726135427e+00  ,1.262791551409e+01  
  6.072020000020e-03  ,8.649181715984e+00  ,3.583453503231e+00  ,1.262873791732e+01  
  6.072020800063e-03  ,8.545484889021e+00  ,3.583507990429e+00  ,1.262895721979e+01  
  6.072022400076e-03  ,8.340588107065e+00  ,3.583703769936e+00  ,1.262939592447e+01  
  6.072025600100e-03  ,7.945360201901e+00  ,3.584229611737e+00  ,1.263027330346e+01  
  6.072032000149e-03  ,7.209790987447e+00  ,3.585323926861e+00  ,1.263202783040e+01  
  6.072044800246e-03  ,5.933924565062e+00  ,3.588277117402e+00  ,1.263553674497e+01  
  6.072058726871e-03  ,4.792935537824e+00  ,3.598123333978e+00  ,1.263935343246e+01  
  6.072067645216e-03  ,4.356521934435e+00  ,1.396905123848e+01  ,1.264115691738e+01  
  6.072076016689e-03  ,4.341950658970e+00  ,4.349825910713e+01  ,1.264121861331e+01  
  6.072082296038e-03  ,4.134653867358e+00  ,5.281085467792e+01  ,3.905300148676e-02  
  6.072085567588e-03  ,3.936757796260e+00  ,5.284021850218e+01  ,-2.061433954794e-01  
  6.072087137239e-03  ,3.843880018639e+00  ,5.282188710289e+01  ,-4.147219683062e-03  
  6.072090276541e-03  ,3.665253496033e+00  ,5.282506081888e+01  ,1.014227428341e-02  
  6.072096555145e-03  ,3.332102751142e+00  ,5.283484007809e+01  ,5.649072949860e-03  
  6.072109112354e-03  ,2.752955662065e+00  ,5.285367839711e+01  ,4.426559457310e-03  
  6.072134226771e-03  ,1.872632912675e+00  ,5.289116800720e+01  ,3.516848631390e-03  
  6.072173524113e-03  ,9.862437382274e-01  ,5.294974868035e+01  ,2.038083386343e-03  
  6.072218132229e-03  ,4.423640845203e-01  ,5.301602342869e+01  ,1.242992102019e-03  
  6.072263634415e-03  ,1.762195218294e-01  ,5.308343392985e+01  ,8.535628037289e-04  
  6.072332751961e-03  ,5.623185838763e-02  ,5.318549339141e+01  ,6.761250917945e-04  
  6.072413838120e-03  ,4.608152932805e-03  ,5.330475247684e+01  ,5.978625735990e-04  
  6.072510135384e-03  ,-7.861992486713e-03  ,5.344572872567e+01  ,5.760995335458e-04  
  6.072702729912e-03  ,-5.375621244840e-03  ,5.372555985874e+01  ,5.725648609138e-04  
  6.072993457528e-03  ,4.389467776628e-03  ,5.414260921700e+01  ,5.760977405045e-04  
  6.073574912759e-03  ,-2.580920304259e-05  ,5.495722371399e+01  ,5.484661667068e-04  
  6.074478328438e-03  ,1.129682864995e-03  ,5.617081441955e+01  ,5.178070991461e-04  
  6.075734317513e-03  ,1.471675272663e-03  ,5.775149886784e+01  ,4.747805087015e-04  
  6.078246295663e-03  ,1.202802860443e-03  ,6.053598836499e+01  ,3.921379281784e-04  
  6.082000000020e-03  ,8.926126393675e-04  ,6.374872771025e+01  ,2.766401309054e-04  
  6.082001000018e-03  ,5.775380253824e-01  ,6.374956423649e+01  ,-1.013328334981e-03  
  6.082001884774e-03  ,1.095123230585e+00  ,6.375030785323e+01  ,-2.187720739524e-03  
  6.082003654287e-03  ,2.160052438504e+00  ,6.375179224050e+01  ,-4.504917001603e-03  
  6.082007193313e-03  ,4.412156856182e+00  ,6.375474410406e+01  ,-8.958930063056e-03  
  6.082010000020e-03  ,6.312035630026e+00  ,6.375706956423e+01  ,-1.232522575018e-02  
  6.082010707825e-03  ,6.404325521185e+00  ,6.375756084200e+01  ,-1.224571604293e-02  
  6.082012123435e-03  ,6.586944494177e+00  ,6.375853292780e+01  ,-1.198575340497e-02  
  6.082014954656e-03  ,6.940714601899e+00  ,6.376047655373e+01  ,-1.146755348510e-02  
  6.082020617097e-03  ,7.604461230285e+00  ,6.376436811177e+01  ,-1.050043497663e-02  
  6.082031941980e-03  ,8.776914195374e+00  ,6.377216367750e+01  ,-8.792328398885e-03  
  6.082043351799e-03  ,9.773936648084e+00  ,6.378003124394e+01  ,-7.339866679362e-03  
  6.082051390975e-03  ,9.973503068170e+00  ,4.096699681325e+01  ,9.859693587162e+00  
  6.082059066564e-03  ,1.000036051977e+01  ,1.059374753782e+01  ,9.859870346266e+00  
  6.082063370764e-03  ,1.018931477585e+01  ,3.392270594516e+00  ,9.860786375385e+00  
  6.082067441761e-03  ,1.046806423166e+01  ,2.664568704540e+00  ,9.861863331859e+00  
  6.082069764480e-03  ,1.062551787418e+01  ,2.745316439293e+00  ,9.862512847156e+00  
  6.082072702989e-03  ,1.081672620422e+01  ,2.800352492920e+00  ,9.863338393263e+00  
  6.082078580007e-03  ,1.117395911095e+01  ,2.809981385399e+00  ,9.864991364633e+00  
  6.082090334043e-03  ,1.180013286896e+01  ,2.799553463497e+00  ,9.868305213537e+00  
  6.082102637931e-03  ,1.234929921866e+01  ,2.803745719415e+00  ,9.871774497426e+00  
  6.082127245709e-03  ,1.318307312619e+01  ,2.805971809640e+00  ,9.878712717753e+00  
  6.082176461264e-03  ,1.417075852301e+01  ,2.808393616616e+00  ,9.892587947704e+00  
  6.082274892375e-03  ,1.497941254422e+01  ,2.816325249085e+00  ,9.920333061509e+00  
  6.082403256938e-03  ,1.499977828494e+01  ,2.826609174182e+00  ,9.956504312558e+00  
  6.082629373118e-03  ,1.500012831414e+01  ,2.844665662127e+00  ,1.002018849214e+01  
  6.082869174525e-03  ,1.500011396797e+01  ,2.863838898766e+00  ,1.008768238307e+01  
  6.083348777339e-03  ,1.500019353044e+01  ,2.902123137343e+00  ,1.022253241981e+01  
  6.084307982966e-03  ,1.500023817616e+01  ,2.978535328993e+00  ,1.049168252888e+01  
  6.086226394221e-03  ,1.500032187116e+01  ,3.130737058862e+00  ,1.102778953360e+01  
  6.090063216731e-03  ,1.500033947990e+01  ,3.432667141245e+00  ,1.209129142721e+01  
  6.092010000020e-03  ,1.499977611624e+01  ,3.584610746402e+00  ,1.262648865050e+01  
  6.092011000018e-03  ,1.442099555461e+01  ,3.584541908024e+00  ,1.262676279678e+01  
  6.092013000126e-03  ,1.321333568833e+01  ,3.584310940682e+00  ,1.262731104175e+01  
  6.092017000343e-03  ,1.067209078961e+01  ,3.583867012436e+00  ,1.262840784833e+01  
  6.092020000020e-03  ,8.647229875378e+00  ,3.583594383196e+00  ,1.262923024733e+01  
  6.092020800063e-03  ,8.543556450093e+00  ,3.583648896779e+00  ,1.262944954862e+01  
  6.092022400076e-03  ,8.338705908204e+00  ,3.583844724032e+00  ,1.262988825110e+01  
  6.092025600100e-03  ,7.943567196636e+00  ,3.584370668375e+00  ,1.263076562566e+01  
  6.092032000149e-03  ,7.208163985066e+00  ,3.585465306637e+00  ,1.263252014348e+01  
  6.092044800246e-03  ,5.932585522849e+00  ,3.588420352311e+00  ,1.263602903983e+01  
  6.092058725381e-03  ,4.791965342368e+00  ,3.598287363339e+00  ,1.263984529709e+01  
  6.092067642236e-03  ,4.356463762434e+00  ,1.401012172204e+01  ,1.264164518498e+01  
  6.092076012218e-03  ,4.341991066100e+00  ,4.354091569121e+01  ,1.264170415599e+01  
  6.092082284862e-03  ,4.134409884357e+00  ,5.281229097799e+01  ,3.696782796504e-02  
  6.092085554922e-03  ,3.936605547103e+00  ,5.284137851632e+01  ,-2.055404048844e-01  
  6.092087124946e-03  ,3.843710618447e+00  ,5.282310549682e+01  ,-4.109701639268e-03  
  6.092090264993e-03  ,3.665050488425e+00  ,5.282628566007e+01  ,1.012938316446e-02  
  6.092096545087e-03  ,3.331842446753e+00  ,5.283606635598e+01  ,5.648039802422e-03  
  6.092109105276e-03  ,2.751017979327e+00  ,5.285486128769e+01  ,4.593526403156e-03  
  6.092134225653e-03  ,1.861263551335e+00  ,5.289237398021e+01  ,3.313393260363e-03  
  6.092175364779e-03  ,9.413911889445e-01  ,5.295366361023e+01  ,1.971946631379e-03  
  6.092221361684e-03  ,4.553916336204e-01  ,5.302198653991e+01  ,1.261971254451e-03  
  6.092269450711e-03  ,1.918056496988e-01  ,5.309321421505e+01  ,8.760793001022e-04  
  6.092324364470e-03  ,8.006110822041e-02  ,5.317431181936e+01  ,7.111853408319e-04  
  6.092413056182e-03  ,6.889087405296e-03  ,5.330479644220e+01  ,6.012376103699e-04  
  6.092507863330e-03  ,2.595908164060e-03  ,5.344360831906e+01  ,5.914501406571e-04  
  6.092697477626e-03  ,7.909556992749e-04  ,5.371917818304e+01  ,5.817669560129e-04  
  6.092919087695e-03  ,1.962357955650e-03  ,5.403777086643e+01  ,5.753201065675e-04  
  6.093362307833e-03  ,1.917550104647e-03  ,5.466364461515e+01  ,5.589999834725e-04  
  6.094248748111e-03  ,1.421826769345e-03  ,5.586980766509e+01  ,5.265417863691e-04  
  6.096021628665e-03  ,1.581470181995e-03  ,5.809711422192e+01  ,4.652975303598e-04  
  6.099567389773e-03  ,9.471389322951e-04  ,6.179802980039e+01  ,3.495652133607e-04  
  6.102000000020e-03  ,1.006287190655e-03  ,6.375022553831e+01  ,2.787477474679e-04  
  6.102001000018e-03  ,5.776500459369e-01  ,6.375106207231e+01  ,-1.012283512775e-03  
  6.102001884681e-03  ,1.095178639818e+00  ,6.375180565172e+01  ,-2.187823370126e-03  
  6.102003654008e-03  ,2.159988325842e+00  ,6.375328967411e+01  ,-4.504486753339e-03  
  6.102007192661e-03  ,4.411828809846e+00  ,6.375624086750e+01  ,-8.958017881009e-03  
  6.102010000020e-03  ,6.311349197501e+00  ,6.375856668486e+01  ,-1.232627872428e-02  
  6.102010707751e-03  ,6.403636766148e+00  ,6.375905783756e+01  ,-1.224675939902e-02  
  6.102012123175e-03  ,6.586246592565e+00  ,6.376002965110e+01  ,-1.198680536328e-02  
  6.102014954023e-03  ,6.940000452278e+00  ,6.376197272807e+01  ,-1.146863160396e-02  
  6.102020615719e-03  ,7.603722133393e+00  ,6.376586319112e+01  ,-1.050155003946e-02  
  6.102031939111e-03  ,8.776149524846e+00  ,6.377365656550e+01  ,-8.793480780552e-03  
  6.102043345950e-03  ,9.773052718753e+00  ,6.378152090149e+01  ,-7.341192203683e-03  
  6.102051382147e-03  ,9.973457945269e+00  ,4.102538173353e+01  ,9.859344753978e+00  
  6.102059054754e-03  ,1.000027456987e+01  ,1.066169561495e+01  ,9.859518258593e+00  
  6.102063364915e-03  ,1.018850845012e+01  ,3.396557794776e+00  ,9.860434685960e+00  
  6.102067447088e-03  ,1.046800633459e+01  ,2.663533618732e+00  ,9.861512719465e+00  
  6.102069767944e-03  ,1.062534441053e+01  ,2.744924525809e+00  ,9.862161745804e+00  
  6.102072700493e-03  ,1.081618443209e+01  ,2.800235044784e+00  ,9.862985638504e+00  
  6.102078565590e-03  ,1.117276939190e+01  ,2.809921300151e+00  ,9.864635255508e+00  
  6.102090295784e-03  ,1.179955518633e+01  ,2.804922633959e+00  ,9.867939049262e+00  
  6.102110156052e-03  ,1.263742048409e+01  ,2.803570599456e+00  ,9.873538756087e+00  
  6.102149876587e-03  ,1.373131897252e+01  ,2.807709822934e+00  ,9.884737747624e+00  
  6.102229317657e-03  ,1.477158885778e+01  ,2.812706146588e+00  ,9.907132261637e+00  
  6.102346762649e-03  ,1.516366479098e+01  ,2.821903296896e+00  ,9.940231300555e+00  
  6.102519878380e-03  ,1.497792328607e+01  ,2.835836091921e+00  ,9.988999958700e+00  
  6.102676495544e-03  ,1.497084860023e+01  ,2.848355848723e+00  ,1.003310007561e+01  
  6.102989729874e-03  ,1.501195702540e+01  ,2.873361233413e+00  ,1.012124154328e+01  
  6.103616198532e-03  ,1.499229259564e+01  ,2.923350351868e+00  ,1.029728967843e+01  
  6.104715594284e-03  ,1.499816071220e+01  ,3.010844282092e+00  ,1.060548236245e+01  
  6.106914385788e-03  ,1.500018803117e+01  ,3.185020045665e+00  ,1.121899267217e+01  
  6.111311968796e-03  ,1.499992854764e+01  ,3.530130744591e+00  ,1.243459124008e+01  
  6.112010000020e-03  ,1.500001312576e+01  ,3.584514734115e+00  ,1.262615074439e+01  
  6.112011000018e-03  ,1.442323047590e+01  ,3.584445214966e+00  ,1.262642489052e+01  
  6.112013000126e-03  ,1.321550480258e+01  ,3.584213996345e+00  ,1.262697314378e+01  
  6.112017000343e-03  ,1.067413291680e+01  ,3.583769980619e+00  ,1.262806994901e+01  
  6.112020000020e-03  ,8.649181155801e+00  ,3.583497349400e+00  ,1.262889235092e+01  
  6.112020800063e-03  ,8.545484335564e+00  ,3.583551837189e+00  ,1.262911165305e+01  
  6.112022400076e-03  ,8.340587566898e+00  ,3.583747617817e+00  ,1.262955035702e+01  
  6.112025600100e-03  ,7.945359687364e+00  ,3.584273461395e+00  ,1.263042773461e+01  
  6.112032000149e-03  ,7.209790520634e+00  ,3.585367781148e+00  ,1.263218225874e+01  
  6.112044800246e-03  ,5.933924181207e+00  ,3.588320991749e+00  ,1.263569116770e+01  
  6.112058726871e-03  ,4.792935229780e+00  ,3.598167330194e+00  ,1.263950784907e+01  
  6.112067645216e-03  ,4.356522869613e+00  ,1.396916751045e+01  ,1.264131132112e+01  
  6.112076016689e-03  ,4.341951620163e+00  ,4.349838526963e+01  ,1.264137301337e+01  
  6.112082296038e-03  ,4.134669527264e+00  ,5.281182873719e+01  ,3.912907843180e-02  
  6.112085567215e-03  ,3.936794908160e+00  ,5.284119984334e+01  ,-2.061429928578e-01  
  6.112087136680e-03  ,3.843927103714e+00  ,5.282286837136e+01  ,-4.148517179276e-03  
  6.112090275610e-03  ,3.665319095565e+00  ,5.282604139329e+01  ,1.014274131482e-02  
  6.112096553469e-03  ,3.332200182093e+00  ,5.283581964358e+01  ,5.649255544052e-03  
  6.112109109187e-03  ,2.751503368980e+00  ,5.285460723022e+01  ,4.594152202949e-03  
  6.112134220624e-03  ,1.861864914753e+00  ,5.289210507804e+01  ,3.314245573487e-03  
  6.112175371671e-03  ,9.415055491029e-01  ,5.295340999781e+01  ,1.972091140256e-03  
  6.112221362615e-03  ,4.554935026799e-01  ,5.302172127764e+01  ,1.262097684587e-03  
  6.112269451642e-03  ,1.918527956068e-01  ,5.309294604031e+01  ,8.761261362668e-04  
  6.112324353481e-03  ,8.009761992654e-02  ,5.317402274130e+01  ,7.112171713550e-04  
  6.112413045192e-03  ,6.895381890262e-03  ,5.330450208367e+01  ,6.012255438206e-04  
  6.112507840419e-03  ,2.597192349534e-03  ,5.344329091838e+01  ,5.914312995859e-04  
  6.112697430873e-03  ,7.898382789582e-04  ,5.371881526414e+01  ,5.817457539680e-04  
  6.112919017101e-03  ,1.962511680785e-03  ,5.403736145881e+01  ,5.753018764896e-04  
  6.113362189556e-03  ,1.917756144076e-03  ,5.466314495743e+01  ,5.589840695627e-04  
  6.114248534465e-03  ,1.421587417108e-03  ,5.586913853925e+01  ,5.265294832908e-04  
  6.116021224285e-03  ,1.581606856102e-03  ,5.809615123462e+01  ,4.652937662874e-04  
  6.119566603923e-03  ,9.470111060388e-04  ,6.179666344019e+01  ,3.495750025284e-04  
  6.122000000020e-03  ,1.006377935155e-03  ,6.374946338946e+01  ,2.787346095873e-04  
  6.122001000018e-03  ,5.776501345894e-01  ,6.375029988366e+01  ,-1.012296097821e-03  
  6.122001884681e-03  ,1.095178726656e+00  ,6.375104342786e+01  ,-2.187835281870e-03  
  6.122003654008e-03  ,2.159988409121e+00  ,6.375252737996e+01  ,-4.504498835504e-03  
  6.122007192661e-03  ,4.411828886281e+00  ,6.375547843276e+01  ,-8.958030015271e-03  
  6.122010000020e-03  ,6.311349268761e+00  ,6.375780413860e+01  ,-1.232629087417e-02  
  6.122010707751e-03  ,6.403636836144e+00  ,6.375829526315e+01  ,-1.224677187374e-02  
  6.122012123175e-03  ,6.586246660059e+00  ,6.375926702033e+01  ,-1.198681791046e-02  
  6.122014954023e-03  ,6.940000514926e+00  ,6.376120998458e+01  ,-1.146864412355e-02  
  6.122020615719e-03  ,7.603722186950e+00  ,6.376510022227e+01  ,-1.050156256200e-02  
  6.122031939111e-03  ,8.776149562347e+00  ,6.377289314615e+01  ,-8.793493312286e-03  
  6.122043345950e-03  ,9.773052742608e+00  ,6.378075702868e+01  ,-7.341204741288e-03  
  6.122051382147e-03  ,9.973456754838e+00  ,4.102451522511e+01  ,9.859068798429e+00  
  6.122059054754e-03  ,1.000027400454e+01  ,1.066086637048e+01  ,9.859242359867e+00  
  6.122063364915e-03  ,1.018852058219e+01  ,3.396424047494e+00  ,9.860158779007e+00  
  6.122067447088e-03  ,1.046801845586e+01  ,2.663462094118e+00  ,9.861236843142e+00  
  6.122069767944e-03  ,1.062535608820e+01  ,2.744849242575e+00  ,9.861885870940e+00  
  6.122072700865e-03  ,1.081621923975e+01  ,2.800158558544e+00  ,9.862709870031e+00  
  6.122078566707e-03  ,1.117284462247e+01  ,2.809842341991e+00  ,9.864359701084e+00  
  6.122090298392e-03  ,1.179810616451e+01  ,2.799347080824e+00  ,9.867667266643e+00  
  6.122102548636e-03  ,1.234541207595e+01  ,2.803560054410e+00  ,9.871121447849e+00  
  6.122127049125e-03  ,1.317733863261e+01  ,2.805785782779e+00  ,9.878029463803e+00  
  6.122176050104e-03  ,1.416499167651e+01  ,2.808181844518e+00  ,9.891844295818e+00  
  6.122274052061e-03  ,1.497630808231e+01  ,2.816081058634e+00  ,9.919468664355e+00  
  6.122402345098e-03  ,1.499972996713e+01  ,2.826358303032e+00  ,9.955620078119e+00  
  6.122627531446e-03  ,1.500014041127e+01  ,2.844340314761e+00  ,1.001904302484e+01  
  6.122866903700e-03  ,1.500012416635e+01  ,2.863479633295e+00  ,1.008641694677e+01  
  6.123345648207e-03  ,1.500021786316e+01  ,2.901695887446e+00  ,1.022102753576e+01  
  6.124303137220e-03  ,1.500027054188e+01  ,2.977972671428e+00  ,1.048970070687e+01  
  6.126218115248e-03  ,1.500036922745e+01  ,3.129905799440e+00  ,1.102486163026e+01  
  6.130048071302e-03  ,1.500039021069e+01  ,3.431307451611e+00  ,1.208650221559e+01  
  6.132010000020e-03  ,1.499973150753e+01  ,3.584437449236e+00  ,1.262587816137e+01  
  6.132011000018e-03  ,1.442054658537e+01  ,3.584368745558e+00  ,1.262615230972e+01  
  6.132013000126e-03  ,1.321289993893e+01  ,3.584137828342e+00  ,1.262670055624e+01  
  6.132017000343e-03  ,1.067168055036e+01  ,3.583693915501e+00  ,1.262779737131e+01  
  6.132020000020e-03  ,8.646837886089e+00  ,3.583421283021e+00  ,1.262861977551e+01  
  6.132020800063e-03  ,8.543169160532e+00  ,3.583475799084e+00  ,1.262883907817e+01  
  6.132022400076e-03  ,8.338327904977e+00  ,3.583671630743e+00  ,1.262927778343e+01  
  6.132025600100e-03  ,7.943207106062e+00  ,3.584197587684e+00  ,1.263015516355e+01  
  6.132032000149e-03  ,7.207837232582e+00  ,3.585292270008e+00  ,1.263190969243e+01  
  6.132044800246e-03  ,5.932316600143e+00  ,3.588247598800e+00  ,1.263541861091e+01  
  6.132058725381e-03  ,4.791748199919e+00  ,3.598118844739e+00  ,1.263923489184e+01  
  6.132067643726e-03  ,4.356438599874e+00  ,1.402558873816e+01  ,1.264103387463e+01  
  6.132076013708e-03  ,4.341999647787e+00  ,4.355873399641e+01  ,1.264109173924e+01  
  6.132082285607e-03  ,4.134176162318e+00  ,5.281299982897e+01  ,3.570879845831e-02  
  6.132085556040e-03  ,3.936356710419e+00  ,5.284192668140e+01  ,-2.052253693442e-01  
  6.132087126808e-03  ,3.843424805823e+00  ,5.282368431262e+01  ,-4.086746044282e-03  
  6.132090268346e-03  ,3.664695146987e+00  ,5.282686941053e+01  ,1.012120419773e-02  
  6.132096551420e-03  ,3.331368193951e+00  ,5.283665295616e+01  ,5.646817983172e-03  
  6.132109117569e-03  ,2.751972436337e+00  ,5.285550359523e+01  ,4.426222269075e-03  
  6.132134249868e-03  ,1.871438021397e+00  ,5.289301845163e+01  ,3.513948966223e-03  
  6.132173517408e-03  ,9.861193695614e-01  ,5.295155198506e+01  ,2.037862265388e-03  
  6.132218125524e-03  ,4.423472169911e-01  ,5.301782385380e+01  ,1.242933076841e-03  
  6.132263627710e-03  ,1.762331582578e-01  ,5.308523142436e+01  ,8.535477145544e-04  
  6.132332757177e-03  ,5.622248403867e-02  ,5.318730400163e+01  ,6.760761153746e-04  
  6.132413843336e-03  ,4.603755672333e-03  ,5.330655777268e+01  ,5.978209144982e-04  
  6.132510164441e-03  ,-7.865806883511e-03  ,5.344756250598e+01  ,5.760579216030e-04  
  6.132702806653e-03  ,-5.375771426288e-03  ,5.372744949494e+01  ,5.725270054621e-04  
  6.132993534269e-03  ,4.389405252130e-03  ,5.414447790275e+01  ,5.760603143711e-04  
  6.133574989499e-03  ,-2.591267378954e-05  ,5.495904993391e+01  ,5.484292199995e-04  
  6.134478691282e-03  ,1.129563232107e-03  ,5.617294742512e+01  ,5.177607593932e-04  
  6.135734680356e-03  ,1.471534994648e-03  ,5.775350719745e+01  ,4.747355967995e-04  
  6.138246658506e-03  ,1.202695140524e-03  ,6.053773891440e+01  ,3.920954680432e-04  
  6.142000000020e-03  ,8.925012925795e-04  ,6.374982320462e+01  ,2.766111555134e-04  
  6.142001000018e-03  ,5.775379143044e-01  ,6.375065965212e+01  ,-1.013357767727e-03  
  6.142001884774e-03  ,1.095123119728e+00  ,6.375140319921e+01  ,-2.187750698389e-03  
  6.142003654287e-03  ,2.160052328078e+00  ,6.375288744704e+01  ,-4.504946826877e-03  
  6.142007193313e-03  ,4.412156746586e+00  ,6.375583903174e+01  ,-8.958959843255e-03  
  6.142010000020e-03  ,6.312035521057e+00  ,6.375816427073e+01  ,-1.232525551703e-02  
  6.142010707825e-03  ,6.404325412366e+00  ,6.375865549262e+01  ,-1.224574541943e-02  
  6.142012123435e-03  ,6.586944385658e+00  ,6.375962746671e+01  ,-1.198578269459e-02  
  6.142014954656e-03  ,6.940714493962e+00  ,6.376157086925e+01  ,-1.146758281530e-02  
  6.142020617097e-03  ,7.604461123439e+00  ,6.376546198048e+01  ,-1.050046430370e-02  
  6.142031941980e-03  ,8.776914090455e+00  ,6.377325665255e+01  ,-8.792357729600e-03  
  6.142043351799e-03  ,9.773936544803e+00  ,6.378112331861e+01  ,-7.339896006906e-03  
  6.142051390975e-03  ,9.973501039062e+00  ,4.096793932182e+01  ,9.859416714477e+00  
  6.142059066564e-03  ,1.000035742717e+01  ,1.059460407436e+01  ,9.859593396794e+00  
  6.142063370764e-03  ,1.018929621687e+01  ,3.392270475222e+00  ,9.860509443284e+00  
  6.142067442506e-03  ,1.046809614184e+01  ,2.664441558672e+00  ,9.861586559793e+00  
  6.142069765225e-03  ,1.062554909016e+01  ,2.745228661508e+00  ,9.862236077715e+00  
  6.142072703734e-03  ,1.081675617565e+01  ,2.800275678583e+00  ,9.863061626560e+00  
  6.142078580752e-03  ,1.117398652352e+01  ,2.809904164199e+00  ,9.864714602450e+00  
  6.142090334788e-03  ,1.180015576885e+01  ,2.799473548486e+00  ,9.868028460531e+00  
  6.142102637186e-03  ,1.234925710573e+01  ,2.803666887855e+00  ,9.871497333980e+00  
  6.142127241984e-03  ,1.318295916294e+01  ,2.805893095916e+00  ,9.878434733415e+00  
  6.142176451578e-03  ,1.417061939117e+01  ,2.808314165279e+00  ,9.892308321853e+00  
  6.142274870768e-03  ,1.497932734874e+01  ,2.816244963434e+00  ,9.920050154011e+00  
  6.142403235331e-03  ,1.499977714069e+01  ,2.826528890724e+00  ,9.956221508118e+00  
  6.142629327669e-03  ,1.500012860193e+01  ,2.844583514310e+00  ,1.001989915641e+01  
  6.142869129076e-03  ,1.500011421035e+01  ,2.863756811555e+00  ,1.008739324426e+01  
  6.143348731890e-03  ,1.500019410704e+01  ,2.902041161729e+00  ,1.022224367442e+01  
  6.144307937517e-03  ,1.500023894258e+01  ,2.978453576224e+00  ,1.049139456873e+01  
  6.146226348772e-03  ,1.500032299214e+01  ,3.130655749978e+00  ,1.102750313755e+01  
  6.150063171282e-03  ,1.500034068032e+01  ,3.432586713230e+00  ,1.209100813394e+01  
  6.152010000020e-03  ,1.499977506758e+01  ,3.584534300184e+00  ,1.262621937869e+01  
  6.152011000018e-03  ,1.442098544836e+01  ,3.584465465453e+00  ,1.262649352574e+01  
  6.152013000126e-03  ,1.321332587966e+01  ,3.584234499657e+00  ,1.262704177220e+01  
  6.152017000343e-03  ,1.067208155515e+01  ,3.583790571206e+00  ,1.262813858187e+01  
  6.152020000020e-03  ,8.647221051695e+00  ,3.583517940334e+00  ,1.262896098316e+01  
  6.152020800063e-03  ,8.543547732185e+00  ,3.583572452992e+00  ,1.262918028507e+01  
  6.152022400076e-03  ,8.338697399301e+00  ,3.583768278503e+00  ,1.262961898877e+01  
  6.152025600100e-03  ,7.943559090893e+00  ,3.584294220234e+00  ,1.263049636578e+01  
  6.152032000149e-03  ,7.208156629632e+00  ,3.585388851966e+00  ,1.263225088849e+01  
  6.152044800246e-03  ,5.932579468645e+00  ,3.588343871631e+00  ,1.263575979463e+01  
  6.152058725381e-03  ,4.791960450757e+00  ,3.598210786832e+00  ,1.263957606255e+01  
  6.152067642236e-03  ,4.356461754718e+00  ,1.401017811897e+01  ,1.264137595288e+01  
  6.152076012218e-03  ,4.341989614311e+00  ,4.354099743605e+01  ,1.264143492195e+01  
  6.152082284862e-03  ,4.134421714726e+00  ,5.281317261344e+01  ,3.703710469275e-02  
  6.152085554922e-03  ,3.936617033644e+00  ,5.284226853953e+01  ,-2.055553883637e-01  
  6.152087124946e-03  ,3.843721808803e+00  ,5.282399396547e+01  ,-4.110652108226e-03  
  6.152090264993e-03  ,3.665061156505e+00  ,5.282717377855e+01  ,1.012962103815e-02  
  6.152096545087e-03  ,3.331852141006e+00  ,5.283695404153e+01  ,5.648033449271e-03  
  6.152109105276e-03  ,2.751025970575e+00  ,5.285574805764e+01  ,4.593503804493e-03  
  6.152134225653e-03  ,1.861268930391e+00  ,5.289325891483e+01  ,3.313367758010e-03  
  6.152175364779e-03  ,9.413938652694e-01  ,5.295454553805e+01  ,1.971917282416e-03  
  6.152221355723e-03  ,4.554395727372e-01  ,5.302285626404e+01  ,1.262008148540e-03  
  6.152269444751e-03  ,1.918301943702e-01  ,5.309408044716e+01  ,8.760821685882e-04  
  6.152324358510e-03  ,8.007116872830e-02  ,5.317517406163e+01  ,7.111671725695e-04  
  6.152413050221e-03  ,6.889664071796e-03  ,5.330565223729e+01  ,6.012057368086e-04  
  6.152507857369e-03  ,2.595929426330e-03  ,5.344445721939e+01  ,5.914175762253e-04  
  6.152697471665e-03  ,7.907451984017e-04  ,5.372001328896e+01  ,5.817342924726e-04  
  6.152919081734e-03  ,1.962301888468e-03  ,5.403858984294e+01  ,5.752879374667e-04  
  6.153362301873e-03  ,1.917493467610e-03  ,5.466443131762e+01  ,5.589683488405e-04  
  6.154248742150e-03  ,1.421716563603e-03  ,5.587052980101e+01  ,5.265110743255e-04  
  6.156021622704e-03  ,1.581402812930e-03  ,5.809770753679e+01  ,4.652687236179e-04  
  6.159567383813e-03  ,9.470360250482e-04  ,6.179836959644e+01  ,3.495394628002e-04  
  6.162000000020e-03  ,1.006221050466e-03  ,6.375040078658e+01  ,2.787234053945e-04  
  6.162001000018e-03  ,5.776499795537e-01  ,6.375123725198e+01  ,-1.012307833797e-03  
  6.162001884681e-03  ,1.095178573223e+00  ,6.375198077071e+01  ,-2.187847655499e-03  
  6.162003654008e-03  ,2.159988258831e+00  ,6.375346467173e+01  ,-4.504511045710e-03  
  6.162007192661e-03  ,4.411828742035e+00  ,6.375641562240e+01  ,-8.958042172018e-03  
  6.162010000020e-03  ,6.311349129086e+00  ,6.375874124718e+01  ,-1.232630301304e-02  
  6.162010707751e-03  ,6.403636697583e+00  ,6.375923235126e+01  ,-1.224678365718e-02  
  6.162012123175e-03  ,6.586246523705e+00  ,6.376020406754e+01  ,-1.198682961286e-02  
  6.162014954023e-03  ,6.940000382847e+00  ,6.376214695001e+01  ,-1.146865585782e-02  
  6.162020615719e-03  ,7.603722062891e+00  ,6.376603702409e+01  ,-1.050157428780e-02  
  6.162031939111e-03  ,8.776149452454e+00  ,6.377382962065e+01  ,-8.793505027012e-03  
  6.162043345950e-03  ,9.773052644756e+00  ,6.378169317328e+01  ,-7.341216443661e-03  
  6.162051382147e-03  ,9.973456079130e+00  ,4.102540917176e+01  ,9.859022987493e+00  
  6.162059054754e-03  ,1.000027246757e+01  ,1.066169609274e+01  ,9.859196481844e+00  
  6.162063364915e-03  ,1.018850499295e+01  ,3.396478475193e+00  ,9.860112913793e+00  
  6.162067447088e-03  ,1.046800295013e+01  ,2.663441922295e+00  ,9.861190948373e+00  
  6.162069767944e-03  ,1.062534113155e+01  ,2.744831851324e+00  ,9.861839976747e+00  
  6.162072700493e-03  ,1.081618130299e+01  ,2.800143126171e+00  ,9.862663872259e+00  
  6.162078565590e-03  ,1.117276653492e+01  ,2.809829952908e+00  ,9.864313494619e+00  
  6.162090295784e-03  ,1.179955279731e+01  ,2.804831289105e+00  ,9.867617299081e+00  
  6.162110153071e-03  ,1.263730944268e+01  ,2.803479066064e+00  ,9.873216183765e+00  
  6.162149867646e-03  ,1.373113318426e+01  ,2.807617895057e+00  ,9.884413531217e+00  
  6.162229296796e-03  ,1.477143192468e+01  ,2.812613242213e+00  ,9.906804758126e+00  
  6.162346741788e-03  ,1.516365116822e+01  ,2.821810354867e+00  ,9.939903906177e+00  
  6.162519833676e-03  ,1.497793618918e+01  ,2.835741278416e+00  ,9.988666010296e+00  
  6.162676450841e-03  ,1.497085221282e+01  ,2.848261080495e+00  ,1.003276627567e+01  
  6.162989685170e-03  ,1.501195555355e+01  ,2.873266551916e+00  ,1.012090804005e+01  
  6.163616153829e-03  ,1.499229355594e+01  ,2.923255837443e+00  ,1.029695676785e+01  
  6.164715549580e-03  ,1.499816094669e+01  ,3.010750062578e+00  ,1.060515048931e+01  
  6.166914341084e-03  ,1.500018801487e+01  ,3.184926412618e+00  ,1.121866286428e+01  
  6.171311924092e-03  ,1.499992856335e+01  ,3.530038273302e+00  ,1.243426552423e+01  
  6.172010000020e-03  ,1.500001312801e+01  ,3.584425925364e+00  ,1.262583792924e+01  
  6.172011000018e-03  ,1.442323049348e+01  ,3.584356406986e+00  ,1.262611207626e+01  
  6.172013000126e-03  ,1.321550481964e+01  ,3.584125188882e+00  ,1.262666033130e+01  
  6.172017000343e-03  ,1.067413293283e+01  ,3.583681172483e+00  ,1.262775714007e+01  
  6.172020000020e-03  ,8.649181171086e+00  ,3.583408539353e+00  ,1.262857954465e+01  
  6.172020800063e-03  ,8.545484350647e+00  ,3.583463025944e+00  ,1.262879884749e+01  
  6.172022400076e-03  ,8.340587581580e+00  ,3.583658804318e+00  ,1.262923755288e+01  
  6.172025600100e-03  ,7.945359701283e+00  ,3.584184644354e+00  ,1.263011493331e+01  
  6.172032000149e-03  ,7.209790533090e+00  ,3.585278954907e+00  ,1.263186946313e+01  
  6.172044800246e-03  ,5.933924190775e+00  ,3.588232125903e+00  ,1.263537838346e+01  
  6.172058726871e-03  ,4.792935233690e+00  ,3.598078230837e+00  ,1.263919507722e+01  
  6.172067645216e-03  ,4.356520932297e+00  ,1.396896159429e+01  ,1.264099857360e+01  
  6.172076016689e-03  ,4.341949698856e+00  ,4.349816418721e+01  ,1.264106027945e+01  
  6.172082296038e-03  ,4.134673131057e+00  ,5.281196143184e+01  ,3.915722397370e-02  
  6.172085567215e-03  ,3.936798428495e+00  ,5.284133594906e+01  ,-2.061501017801e-01  
  6.172087136680e-03  ,3.843930527996e+00  ,5.282300368670e+01  ,-4.148979856337e-03  
  6.172090275610e-03  ,3.665322357651e+00  ,5.282617644388e+01  ,1.014284957652e-02  
  6.172096553469e-03  ,3.332203142233e+00  ,5.283595429367e+01  ,5.649240289917e-03  
  6.172109109187e-03  ,2.751505800447e+00  ,5.285474105322e+01  ,4.594128974451e-03  
  6.172134220624e-03  ,1.861866534919e+00  ,5.289223724463e+01  ,3.314221669582e-03  
  6.172175371671e-03  ,9.415063291187e-01  ,5.295353945069e+01  ,1.972066084549e-03  
  6.172221362615e-03  ,4.554938383766e-01  ,5.302184769925e+01  ,1.262072039824e-03  
  6.172269451642e-03  ,1.918528903125e-01  ,5.309306929487e+01  ,8.761002034796e-04  
  6.172324353481e-03  ,8.009761252759e-02  ,5.317414238329e+01  ,7.111911594687e-04  
  6.172413045192e-03  ,6.895307686989e-03  ,5.330461589695e+01  ,6.011995487200e-04  
  6.172507840419e-03  ,2.597114354221e-03  ,5.344339851182e+01  ,5.914054176689e-04  
  6.172697430873e-03  ,7.897589114675e-04  ,5.371891044931e+01  ,5.817201093007e-04  
  6.172919017101e-03  ,1.962433719168e-03  ,5.403744219540e+01  ,5.752765052825e-04  
  6.173362189556e-03  ,1.917678827304e-03  ,5.466319697646e+01  ,5.589592381460e-04  
  6.174248534465e-03  ,1.421511092047e-03  ,5.586913387125e+01  ,5.265056702760e-04  
  6.176021224285e-03  ,1.581533848031e-03  ,5.809603644832e+01  ,4.652718478740e-04  
  6.179566603923e-03  ,9.469448491891e-04  ,6.179634329692e+01  ,3.495563475944e-04  
  6.182000000020e-03  ,1.006317406122e-03  ,6.374901501080e+01  ,2.787176877689e-04  
  6.182001000018e-03  ,5.776500740621e-01  ,6.374985145467e+01  ,-1.012312757180e-03  
  6.182001884681e-03  ,1.095178666131e+00  ,6.375059495437e+01  ,-2.187851908296e-03  
  6.182003654008e-03  ,2.159988348601e+00  ,6.375207881747e+01  ,-4.504515472693e-03  
  6.182007192661e-03  ,4.411828825769e+00  ,6.375502969229e+01  ,-8.958046661867e-03  
  6.182010000020e-03  ,6.311349208255e+00  ,6.375735525692e+01  ,-1.232630752618e-02  
  6.182010707751e-03  ,6.403636775639e+00  ,6.375784634583e+01  ,-1.224678873149e-02  
  6.182012123175e-03  ,6.586246599554e+00  ,6.375881803167e+01  ,-1.198683480984e-02  
  6.182014954023e-03  ,6.940000454423e+00  ,6.376076085326e+01  ,-1.146866100167e-02  
  6.182020615719e-03  ,7.603722126450e+00  ,6.376465080568e+01  ,-1.050157943092e-02  
  6.182031939111e-03  ,8.776149501856e+00  ,6.377244315922e+01  ,-8.793510170266e-03  
  6.182043345950e-03  ,9.773052682130e+00  ,6.378030646750e+01  ,-7.341221586546e-03  
  6.182051382147e-03  ,9.973455311235e+00  ,4.102394847690e+01  ,9.858773015517e+00  
  6.182059054754e-03  ,1.000027289588e+01  ,1.066031511569e+01  ,9.858946611256e+00  
  6.182063364915e-03  ,1.018852744431e+01  ,3.396307430192e+00  ,9.859863026452e+00  
  6.182067447088e-03  ,1.046802533613e+01  ,2.663382534898e+00  ,9.860941111337e+00  
  6.182069767944e-03  ,1.062536271026e+01  ,2.744766842728e+00  ,9.861590140816e+00  
  6.182072700865e-03  ,1.081622556033e+01  ,2.800074463497e+00  ,9.862414142345e+00  
  6.182078566707e-03  ,1.117285040655e+01  ,2.809758151520e+00  ,9.864063978421e+00  
  6.182090298392e-03  ,1.179811100663e+01  ,2.799263180317e+00  ,9.867371553847e+00  
  6.182102548636e-03  ,1.234541608993e+01  ,2.803476072947e+00  ,9.870825745340e+00  
  6.182127049125e-03  ,1.317734138889e+01  ,2.805701813353e+00  ,9.877733781868e+00  
  6.182176050104e-03  ,1.416499293961e+01  ,2.808097911227e+00  ,9.891548655021e+00  
  6.182274052061e-03  ,1.497630811850e+01  ,2.815997148845e+00  ,9.919173105807e+00  
  6.182402345098e-03  ,1.499972996779e+01  ,2.826274423918e+00  ,9.955324627202e+00  
  6.182627531446e-03  ,1.500014041131e+01  ,2.844256489300e+00  ,1.001874776275e+01  
  6.182866903700e-03  ,1.500012416641e+01  ,2.863395864762e+00  ,1.008612188527e+01  
  6.183345648207e-03  ,1.500021786308e+01  ,2.901612232698e+00  ,1.022073287502e+01  
  6.184303137220e-03  ,1.500027054171e+01  ,2.977889243784e+00  ,1.048940684602e+01  
  6.186218115248e-03  ,1.500036922713e+01  ,3.129822824152e+00  ,1.102456936271e+01  
  6.190048071302e-03  ,1.500039021034e+01  ,3.431225373690e+00  ,1.208621310877e+01  
  6.192010000020e-03  ,1.499973150814e+01  ,3.584355827217e+00  ,1.262559066039e+01  
  6.192011000018e-03  ,1.442054658984e+01  ,3.584287124241e+00  ,1.262586480955e+01  
  6.192013000126e-03  ,1.321289994327e+01  ,3.584056207499e+00  ,1.262641305770e+01  
  6.192017000343e-03  ,1.067168055443e+01  ,3.583612294040e+00  ,1.262750987604e+01  
  6.192020000020e-03  ,8.646837889941e+00  ,3.583339659803e+00  ,1.262833228268e+01  
  6.192020800063e-03  ,8.543169164320e+00  ,3.583394174763e+00  ,1.262855158601e+01  
  6.192022400076e-03  ,8.338327908639e+00  ,3.583590004350e+00  ,1.262899029257e+01  
  6.192025600100e-03  ,7.943207109488e+00  ,3.584115958032e+00  ,1.262986767529e+01  
  6.192032000149e-03  ,7.207837235530e+00  ,3.585210631892e+00  ,1.263162220940e+01  
  6.192044800246e-03  ,5.932316601941e+00  ,3.588165924239e+00  ,1.263513113834e+01  
  6.192058725381e-03  ,4.791748197852e+00  ,3.598036954985e+00  ,1.263894743066e+01  
  6.192067643726e-03  ,4.356436818588e+00  ,1.402539972731e+01  ,1.264074643555e+01  
  6.192076013708e-03  ,4.341997883569e+00  ,4.355853121119e+01  ,1.264080431081e+01  
  6.192082285607e-03  ,4.134171059780e+00  ,5.281262819313e+01  ,3.569122958930e-02  
  6.192085556040e-03  ,3.936351791584e+00  ,5.284155281295e+01  ,-2.052224391709e-01  
  6.192087126808e-03  ,3.843420006067e+00  ,5.282331064052e+01  ,-4.086585024587e-03  
  6.192090268346e-03  ,3.664690566995e+00  ,5.282649560462e+01  ,1.012113787010e-02  
  6.192096551420e-03  ,3.331364024172e+00  ,5.283627883194e+01  ,5.646792592568e-03  
  6.192109117569e-03  ,2.751968981674e+00  ,5.285512883988e+01  ,4.426202047524e-03  
  6.192134249868e-03  ,1.871435653561e+00  ,5.289264243609e+01  ,3.513926265629e-03  
  6.192173517408e-03  ,9.861180944735e-01  ,5.295117400206e+01  ,2.037843229303e-03  
  6.192218125524e-03  ,4.423466131253e-01  ,5.301744363943e+01  ,1.242915070821e-03  
  6.192263627710e-03  ,1.762328829269e-01  ,5.308484893765e+01  ,8.535302339920e-04  
  6.192332757177e-03  ,5.622235696899e-02  ,5.318691806989e+01  ,6.760589234249e-04  
  6.192413843336e-03  ,4.603692479137e-03  ,5.330616781119e+01  ,5.978039011562e-04  
  6.192510164441e-03  ,-7.865854486175e-03  ,5.344716777325e+01  ,5.760410318257e-04  
  6.192702806653e-03  ,-5.375821699122e-03  ,5.372704527093e+01  ,5.725103119402e-04  
  6.192993534269e-03  ,4.389343540329e-03  ,5.414405948483e+01  ,5.760439000466e-04  
  6.193574989499e-03  ,-2.596769228286e-05  ,5.495860360314e+01  ,5.484133950268e-04  
  6.194478691282e-03  ,1.129508763945e-03  ,5.617245899523e+01  ,5.177458016874e-04  
  6.195734680356e-03  ,1.471482931343e-03  ,5.775296291431e+01  ,4.747217682940e-04  
  6.198246658506e-03  ,1.202649302060e-03  ,6.053709250366e+01  ,3.920836568759e-04  
  6.202000000020e-03  ,8.924650988240e-04  ,6.374904903426e+01  ,2.766020207632e-04  
  6.202001000018e-03  ,5.775378781154e-01  ,6.374988545181e+01  ,-1.013366621514e-03  
  6.202001884774e-03  ,1.095123083543e+00  ,6.375062897242e+01  ,-2.187759535631e-03  
  6.202003654287e-03  ,2.160052291901e+00  ,6.375211316731e+01  ,-4.504955673090e-03  
  6.202007193313e-03  ,4.412156710422e+00  ,6.375506464614e+01  ,-8.958968704980e-03  
  6.202010000020e-03  ,6.312035484905e+00  ,6.375738980118e+01  ,-1.232526438859e-02  
  6.202010707825e-03  ,6.404325376217e+00  ,6.375788100187e+01  ,-1.224575461437e-02  
  6.202012123435e-03  ,6.586944349512e+00  ,6.375885293352e+01  ,-1.198579195663e-02  
  6.202014954656e-03  ,6.940714457822e+00  ,6.376079625115e+01  ,-1.146759204380e-02  
  6.202020617097e-03  ,7.604461087314e+00  ,6.376468719265e+01  ,-1.050047352317e-02  
  6.202031941980e-03  ,8.776914054357e+00  ,6.377248152548e+01  ,-8.792366935789e-03  
  6.202043351799e-03  ,9.773936508735e+00  ,6.378034785005e+01  ,-7.339905200048e-03  
  6.202051390975e-03  ,9.973500115029e+00  ,4.096708573243e+01  ,9.859188151803e+00  
  6.202059066564e-03  ,1.000035715296e+01  ,1.059379099038e+01  ,9.859364891324e+00  
  6.202063370764e-03  ,1.018930856758e+01  ,3.392149425398e+00  ,9.860280928402e+00  
  6.202067441761e-03  ,1.046805814000e+01  ,2.664424296848e+00  ,9.861357884925e+00  
  6.202069764107e-03  ,1.062548731116e+01  ,2.745170797177e+00  ,9.862007301353e+00  
  6.202072702989e-03  ,1.081672065548e+01  ,2.800211583432e+00  ,9.862832956172e+00  
  6.202078580752e-03  ,1.117399740288e+01  ,2.809838084840e+00  ,9.864486145362e+00  
  6.202090336278e-03  ,1.180183173581e+01  ,2.804870260521e+00  ,9.867797087764e+00  
  6.202110285952e-03  ,1.264237520055e+01  ,2.803539760962e+00  ,9.873422012195e+00  
  6.202150185302e-03  ,1.373775217975e+01  ,2.807680921731e+00  ,9.884671430803e+00  
  6.202229984000e-03  ,1.477643168186e+01  ,2.812713445967e+00  ,9.907166766723e+00  
  6.202347440913e-03  ,1.516398461314e+01  ,2.821913956323e+00  ,9.940269154884e+00  
  6.202521176532e-03  ,1.497759248023e+01  ,2.835896496692e+00  ,9.989212380839e+00  
  6.202677960589e-03  ,1.497074689237e+01  ,2.848429512057e+00  ,1.003335938622e+01  
  6.202991528704e-03  ,1.501201148364e+01  ,2.873461416608e+00  ,1.012159450596e+01  
  6.203618664935e-03  ,1.499225341856e+01  ,2.923503609718e+00  ,1.029782944478e+01  
  6.204720540240e-03  ,1.499815335635e+01  ,3.011194077322e+00  ,1.060671444990e+01  
  6.206924290850e-03  ,1.500018860377e+01  ,3.185759267428e+00  ,1.122159646658e+01  
  6.211331792071e-03  ,1.499992798700e+01  ,3.531634289487e+00  ,1.243988724402e+01  
  6.212010000020e-03  ,1.500001284146e+01  ,3.584472420720e+00  ,1.262600170245e+01  
  6.212011000018e-03  ,1.442323111754e+01  ,3.584402901820e+00  ,1.262627584899e+01  
  6.212013000126e-03  ,1.321550542532e+01  ,3.584171683404e+00  ,1.262682410317e+01  
  6.212017000343e-03  ,1.067413350307e+01  ,3.583727667364e+00  ,1.262792091003e+01  
  6.212020000020e-03  ,8.649181715974e+00  ,3.583455035201e+00  ,1.262874331321e+01  
  6.212020800063e-03  ,8.545484889012e+00  ,3.583509522419e+00  ,1.262896261568e+01  
  6.212022400076e-03  ,8.340588107057e+00  ,3.583705301966e+00  ,1.262940132033e+01  
  6.212025600100e-03  ,7.945360201894e+00  ,3.584231143828e+00  ,1.263027869927e+01  
  6.212032000149e-03  ,7.209790987444e+00  ,3.585325459110e+00  ,1.263203322611e+01  
  6.212044800246e-03  ,5.933924565071e+00  ,3.588278650334e+00  ,1.263554214049e+01  
  6.212058726871e-03  ,4.792935537897e+00  ,3.598124870935e+00  ,1.263935882776e+01  
  6.212067645216e-03  ,4.356521967864e+00  ,1.396905478382e+01  ,1.264116231227e+01  
  6.212076016689e-03  ,4.341950692107e+00  ,4.349826291301e+01  ,1.264122400803e+01  
  6.212082296038e-03  ,4.134654080985e+00  ,5.281086856975e+01  ,3.905393890716e-02  
  6.212085567588e-03  ,3.936758002787e+00  ,5.284023251098e+01  ,-2.061435827037e-01  
  6.212087137239e-03  ,3.843880220031e+00  ,5.282190109511e+01  ,-4.147230888986e-03  
  6.212090276541e-03  ,3.665253688139e+00  ,5.282507481207e+01  ,1.014227784393e-02  
  6.212096555145e-03  ,3.332102925924e+00  ,5.283485407655e+01  ,5.649073585144e-03  
  6.212109112354e-03  ,2.752955806619e+00  ,5.285369240559e+01  ,4.426559742435e-03  
  6.212134226771e-03  ,1.872633011279e+00  ,5.289118203560e+01  ,3.516849152468e-03  
  6.212173524113e-03  ,9.862437905645e-01  ,5.294976273993e+01  ,2.038083688649e-03  
  6.212218132229e-03  ,4.423641084676e-01  ,5.301603752354e+01  ,1.242992361645e-03  
  6.212263634415e-03  ,1.762195318831e-01  ,5.308344806060e+01  ,8.535630423979e-04  
  6.212332751961e-03  ,5.623186217519e-02  ,5.318550757650e+01  ,6.761253201009e-04  
  6.212413838120e-03  ,4.608154021871e-03  ,5.330476672541e+01  ,5.978627965267e-04  
  6.212510135384e-03  ,-7.861992053283e-03  ,5.344574304924e+01  ,5.760997537707e-04  
  6.212702729912e-03  ,-5.375620691178e-03  ,5.372557433105e+01  ,5.725650778936e-04  
  6.212993457528e-03  ,4.389468825523e-03  ,5.414262391064e+01  ,5.760979530164e-04  
  6.213574912759e-03  ,-2.580841365516e-05  ,5.495723883874e+01  ,5.484663688048e-04  
  6.214478328438e-03  ,1.129683669207e-03  ,5.617083018330e+01  ,5.178072862648e-04  
  6.215734317513e-03  ,1.471676030927e-03  ,5.775151545712e+01  ,4.747806760888e-04  
  6.218246295663e-03  ,1.202803475885e-03  ,6.053600638422e+01  ,3.921380597102e-04  
  6.222000000020e-03  ,8.926130449038e-04  ,6.374874731480e+01  ,2.766402144888e-04  
  6.222001000018e-03  ,5.775380257878e-01  ,6.374958384138e+01  ,-1.013328259354e-03  
  6.222001884774e-03  ,1.095123230990e+00  ,6.375032745842e+01  ,-2.187720663925e-03  
  6.222003654287e-03  ,2.160052438909e+00  ,6.375181184627e+01  ,-4.504916925918e-03  
  6.222007193313e-03  ,4.412156856587e+00  ,6.375476371101e+01  ,-8.958929986983e-03  
  6.222010000020e-03  ,6.312035630431e+00  ,6.375708917211e+01  ,-1.232522567381e-02  
  6.222010707825e-03  ,6.404325521589e+00  ,6.375758045013e+01  ,-1.224571595867e-02  
  6.222012123435e-03  ,6.586944494581e+00  ,6.375855253640e+01  ,-1.198575331902e-02  
  6.222014954656e-03  ,6.940714602303e+00  ,6.376049616327e+01  ,-1.146755339994e-02  
  6.222020617097e-03  ,7.604461230689e+00  ,6.376438772320e+01  ,-1.050043489174e-02  
  6.222031941980e-03  ,8.776914195777e+00  ,6.377218329270e+01  ,-8.792328314212e-03  
  6.222043351799e-03  ,9.773936648487e+00  ,6.378005086294e+01  ,-7.339866594942e-03  
  6.222051390975e-03  ,9.973503079871e+00  ,4.096701749695e+01  ,9.859697270269e+00  
  6.222059066564e-03  ,1.000036051452e+01  ,1.059376709530e+01  ,9.859874027939e+00  
  6.222063370764e-03  ,1.018931445932e+01  ,3.392273058789e+00  ,9.860790057311e+00  
  6.222067441761e-03  ,1.046806391592e+01  ,2.664569586459e+00  ,9.861867013056e+00  
  6.222069764480e-03  ,1.062551756984e+01  ,2.745317400614e+00  ,9.862516528337e+00  
  6.222072702989e-03  ,1.081672591378e+01  ,2.800353530692e+00  ,9.863342074417e+00  
  6.222078580007e-03  ,1.117395884534e+01  ,2.809982438808e+00  ,9.864995045722e+00  
  6.222090334043e-03  ,1.180013264670e+01  ,2.799554504214e+00  ,9.868308894503e+00  
  6.222102637931e-03  ,1.234929903458e+01  ,2.803746764491e+00  ,9.871778178263e+00  
  6.222127245709e-03  ,1.318307300001e+01  ,2.805972855348e+00  ,9.878716398333e+00  
  6.222176461264e-03  ,1.417075846541e+01  ,2.808394661025e+00  ,9.892591627769e+00  
  6.222274892375e-03  ,1.497941254279e+01  ,2.816326293563e+00  ,9.920336740546e+00  
  6.222403256938e-03  ,1.499977828492e+01  ,2.826610218298e+00  ,9.956507990255e+00  
  6.222629373118e-03  ,1.500012831414e+01  ,2.844666705552e+00  ,1.002019216748e+01  
  6.222869174525e-03  ,1.500011396797e+01  ,2.863839941491e+00  ,1.008768605591e+01  
  6.223348777339e-03  ,1.500019353045e+01  ,2.902124178649e+00  ,1.022253608764e+01  
  6.224307982966e-03  ,1.500023817617e+01  ,2.978536367467e+00  ,1.049168618674e+01  
  6.226226394221e-03  ,1.500032187118e+01  ,3.130738091695e+00  ,1.102779317159e+01  
  6.230063216731e-03  ,1.500033947991e+01  ,3.432668162889e+00  ,1.209129502579e+01  
  6.232010000020e-03  ,1.499977611622e+01  ,3.584611762415e+00  ,1.262649222925e+01  
  6.232011000018e-03  ,1.442099555444e+01  ,3.584542924028e+00  ,1.262676637551e+01  
  6.232013000126e-03  ,1.321333568816e+01  ,3.584311956680e+00  ,1.262731462047e+01  
  6.232017000343e-03  ,1.067209078945e+01  ,3.583868028442e+00  ,1.262841142700e+01  
  6.232020000020e-03  ,8.647229875231e+00  ,3.583595399224e+00  ,1.262923382597e+01  
  6.232020800063e-03  ,8.543556449948e+00  ,3.583649912821e+00  ,1.262945312726e+01  
  6.232022400076e-03  ,8.338705908063e+00  ,3.583845740099e+00  ,1.262989182972e+01  
  6.232025600100e-03  ,7.943567196503e+00  ,3.584371684483e+00  ,1.263076920425e+01  
  6.232032000149e-03  ,7.208163984947e+00  ,3.585466322849e+00  ,1.263252372200e+01  
  6.232044800246e-03  ,5.932585522759e+00  ,3.588421368977e+00  ,1.263603261822e+01  
  6.232058725381e-03  ,4.791965342339e+00  ,3.598288382684e+00  ,1.263984887534e+01  
  6.232067642236e-03  ,4.356463784601e+00  ,1.401012407728e+01  ,1.264164876296e+01  
  6.232076012218e-03  ,4.341991088067e+00  ,4.354091821876e+01  ,1.264170773388e+01  
  6.232082284862e-03  ,4.134410141341e+00  ,5.281230696223e+01  ,3.696904563290e-02  
  6.232085554922e-03  ,3.936605795815e+00  ,5.284139465179e+01  ,-2.055406589691e-01  
  6.232087124946e-03  ,3.843710860911e+00  ,5.282312160863e+01  ,-4.109717126100e-03  
  6.232090264993e-03  ,3.665050719675e+00  ,5.282630177102e+01  ,1.012938780285e-02  
  6.232096545087e-03  ,3.331842657089e+00  ,5.283608246974e+01  ,5.648040379767e-03  
  6.232109105276e-03  ,2.751018153112e+00  ,5.285487740628e+01  ,4.593526696751e-03  
  6.232134225653e-03  ,1.861263669068e+00  ,5.289239010841e+01  ,3.313393486606e-03  
  6.232175364779e-03  ,9.413912486910e-01  ,5.295367975412e+01  ,1.971946773401e-03  
  6.232221361684e-03  ,4.553916626995e-01  ,5.302200270125e+01  ,1.261971351302e-03  
  6.232269450711e-03  ,1.918056621441e-01  ,5.309323039456e+01  ,8.760793722822e-04  
  6.232324364470e-03  ,8.006111361258e-02  ,5.317432801949e+01  ,7.111854021563e-04  
  6.232413056182e-03  ,6.889088176658e-03  ,5.330481267538e+01  ,6.012376640444e-04  
  6.232507863330e-03  ,2.595908660456e-03  ,5.344362458721e+01  ,5.914501929518e-04  
  6.232697477626e-03  ,7.909560736468e-04  ,5.371919452005e+01  ,5.817670061489e-04  
  6.232919087695e-03  ,1.962358394437e-03  ,5.403778728206e+01  ,5.753201545638e-04  
  6.233362307833e-03  ,1.917550521643e-03  ,5.466366118206e+01  ,5.590000269801e-04  
  6.234248748111e-03  ,1.421827117322e-03  ,5.586982451075e+01  ,5.265418211481e-04  
  6.236021628665e-03  ,1.581470465511e-03  ,5.809713153052e+01  ,4.652975485404e-04  
  6.239567389773e-03  ,9.471390320051e-04  ,6.179804766507e+01  ,3.495652014872e-04  
  6.242000000020e-03  ,1.006288457972e-03  ,6.375024350721e+01  ,2.787477168980e-04  
  6.242001000018e-03  ,5.776500472046e-01  ,6.375108004121e+01  ,-1.012283551194e-03  
  6.242001884681e-03  ,1.095178641086e+00  ,6.375182362062e+01  ,-2.187823408529e-03  
  6.242003654008e-03  ,2.159988327110e+00  ,6.375330764300e+01  ,-4.504486791592e-03  
  6.242007192661e-03  ,4.411828811116e+00  ,6.375625883638e+01  ,-8.958017918934e-03  
  6.242010000020e-03  ,6.311349198171e+00  ,6.375858465373e+01  ,-1.232627876090e-02  
  6.242010707751e-03  ,6.403636766810e+00  ,6.375907580643e+01  ,-1.224675942857e-02  
  6.242012123175e-03  ,6.586246593213e+00  ,6.376004761996e+01  ,-1.198680539133e-02  
  6.242014954023e-03  ,6.940000452899e+00  ,6.376199069693e+01  ,-1.146863163284e-02  
  6.242020615719e-03  ,7.603722133963e+00  ,6.376588115997e+01  ,-1.050155006850e-02  
  6.242031939111e-03  ,8.776149525325e+00  ,6.377367453430e+01  ,-8.793480809945e-03  
  6.242043345950e-03  ,9.773052719155e+00  ,6.378153887026e+01  ,-7.341192233369e-03  
  6.242051382147e-03  ,9.973457947534e+00  ,4.102539999598e+01  ,9.859346602400e+00  
  6.242059054754e-03  ,1.000027455631e+01  ,1.066171277862e+01  ,9.859520105712e+00  
  6.242063364915e-03  ,1.018850815757e+01  ,3.396559610218e+00  ,9.860436533307e+00  
  6.242067447088e-03  ,1.046800604313e+01  ,2.663533998238e+00  ,9.861514566190e+00  
  6.242069767944e-03  ,1.062534412953e+01  ,2.744924971351e+00  ,9.862163592524e+00  
  6.242072700493e-03  ,1.081618416389e+01  ,2.800235560347e+00  ,9.862987485212e+00  
  6.242078565590e-03  ,1.117276914661e+01  ,2.809921831744e+00  ,9.864637102182e+00  
  6.242090295784e-03  ,1.179955498109e+01  ,2.804923160206e+00  ,9.867940895872e+00  
  6.242110156052e-03  ,1.263742033255e+01  ,2.803571122787e+00  ,9.873540602593e+00  
  6.242149876587e-03  ,1.373131889116e+01  ,2.807710348346e+00  ,9.884739593921e+00  
  6.242229317657e-03  ,1.477158884313e+01  ,2.812706670684e+00  ,9.907134107518e+00  
  6.242346762649e-03  ,1.516366480147e+01  ,2.821903820756e+00  ,9.940233145820e+00  
  6.242519878380e-03  ,1.497792328465e+01  ,2.835836615543e+00  ,9.989001803059e+00  
  6.242676495544e-03  ,1.497084859835e+01  ,2.848356372110e+00  ,1.003310191915e+01  
  6.242989729874e-03  ,1.501195702616e+01  ,2.873361756331e+00  ,1.012124338518e+01  
  6.243616198532e-03  ,1.499229259514e+01  ,2.923350873858e+00  ,1.029729151706e+01  
  6.244715594284e-03  ,1.499816071208e+01  ,3.010844802455e+00  ,1.060548419535e+01  
  6.246914385788e-03  ,1.500018803118e+01  ,3.185020562790e+00  ,1.121899449366e+01  
  6.251311968796e-03  ,1.499992854763e+01  ,3.530131255300e+00  ,1.243459303897e+01  
  6.252010000020e-03  ,1.500001312576e+01  ,3.584515243812e+00  ,1.262615253972e+01  
  6.252011000018e-03  ,1.442323047589e+01  ,3.584445724658e+00  ,1.262642668584e+01  
  6.252013000126e-03  ,1.321550480257e+01  ,3.584214506035e+00  ,1.262697493910e+01  
  6.252017000343e-03  ,1.067413291679e+01  ,3.583770490313e+00  ,1.262807174430e+01  
  6.252020000020e-03  ,8.649181155791e+00  ,3.583497859104e+00  ,1.262889414620e+01  
  6.252020800063e-03  ,8.545484335555e+00  ,3.583552346901e+00  ,1.262911344832e+01  
  6.252022400076e-03  ,8.340587566889e+00  ,3.583748127541e+00  ,1.262955215229e+01  
  6.252025600100e-03  ,7.945359687356e+00  ,3.584273971140e+00  ,1.263042952986e+01  
  6.252032000149e-03  ,7.209790520628e+00  ,3.585368290945e+00  ,1.263218405396e+01  
  6.252044800246e-03  ,5.933924181205e+00  ,3.588321501774e+00  ,1.263569296285e+01  
  6.252058726871e-03  ,4.792935229801e+00  ,3.598167841558e+00  ,1.263950964415e+01  
  6.252067645216e-03  ,4.356522880735e+00  ,1.396916869020e+01  ,1.264131311606e+01  
  6.252076016689e-03  ,4.341951631189e+00  ,4.349838653610e+01  ,1.264137480830e+01  
  6.252082296038e-03  ,4.134669768442e+00  ,5.281184334376e+01  ,3.913026793529e-02  
  6.252085567215e-03  ,3.936795141710e+00  ,5.284121459725e+01  ,-2.061432462225e-01  
  6.252087136680e-03  ,3.843927331366e+00  ,5.282288310112e+01  ,-4.148532740821e-03  
  6.252090275610e-03  ,3.665319312675e+00  ,5.282605612117e+01  ,1.014274584669e-02  
  6.252096553469e-03  ,3.332200379544e+00  ,5.283583437219e+01  ,5.649255984931e-03  
  6.252109109187e-03  ,2.751503532068e+00  ,5.285462195951e+01  ,4.594152360821e-03  
  6.252134220624e-03  ,1.861865025138e+00  ,5.289211980863e+01  ,3.314245669280e-03  
  6.252175371671e-03  ,9.415056049282e-01  ,5.295342473050e+01  ,1.972091157031e-03  
  6.252221362615e-03  ,4.554935296638e-01  ,5.302173601260e+01  ,1.262097659197e-03  
  6.252269451642e-03  ,1.918528069449e-01  ,5.309296077758e+01  ,8.761260879556e-04  
  6.252324353481e-03  ,8.009762463127e-02  ,5.317403748112e+01  ,7.112171132148e-04  
  6.252413045192e-03  ,6.895382248385e-03  ,5.330451682741e+01  ,6.012254790894e-04  
  6.252507840419e-03  ,2.597192449620e-03  ,5.344330566605e+01  ,5.914312340304e-04  
  6.252697430873e-03  ,7.898382658599e-04  ,5.371883001882e+01  ,5.817456875871e-04  
  6.252919017101e-03  ,1.962511730369e-03  ,5.403737622030e+01  ,5.753018093843e-04  
  6.253362189555e-03  ,1.917756177309e-03  ,5.466315972808e+01  ,5.589840008003e-04  
  6.254248534465e-03  ,1.421587393986e-03  ,5.586915331054e+01  ,5.265294112773e-04  
  6.256021224285e-03  ,1.581606790689e-03  ,5.809616593819e+01  ,4.652936878793e-04  
  6.259566603923e-03  ,9.470109083089e-04  ,6.179667774776e+01  ,3.495749117369e-04  
  6.262000000020e-03  ,1.006377681615e-03  ,6.374947723642e+01  ,2.787345099436e-04  
  6.262001000018e-03  ,5.776501343357e-01  ,6.375031373040e+01  ,-1.012296202683e-03  
  6.262001884681e-03  ,1.095178726402e+00  ,6.375105727441e+01  ,-2.187835387308e-03  
  6.262003654008e-03  ,2.159988408867e+00  ,6.375254122612e+01  ,-4.504498940787e-03  
  6.262007192661e-03  ,4.411828886027e+00  ,6.375549227814e+01  ,-8.958030120205e-03  
  6.262010000020e-03  ,6.311349268506e+00  ,6.375781798336e+01  ,-1.232629097890e-02  
  6.262010707751e-03  ,6.403636835889e+00  ,6.375830910776e+01  ,-1.224677197315e-02  
  6.262012123175e-03  ,6.586246659804e+00  ,6.375928086463e+01  ,-1.198681800868e-02  
  6.262014954023e-03  ,6.940000514671e+00  ,6.376122382826e+01  ,-1.146864422243e-02  
  6.262020615719e-03  ,7.603722186693e+00  ,6.376511406470e+01  ,-1.050156266085e-02  
  6.262031939111e-03  ,8.776149562090e+00  ,6.377290698610e+01  ,-8.793493411380e-03  
  6.262043345950e-03  ,9.773052742350e+00  ,6.378077086611e+01  ,-7.341204840458e-03  
  6.262051382147e-03  ,9.973456750596e+00  ,4.102452883763e+01  ,9.859069147777e+00  
  6.262059054754e-03  ,1.000027398784e+01  ,1.066087908445e+01  ,9.859242708218e+00  
  6.262063364915e-03  ,1.018852035456e+01  ,3.396425140796e+00  ,9.860159127541e+00  
  6.262067447088e-03  ,1.046801822927e+01  ,2.663462084607e+00  ,9.861237191219e+00  
  6.262069767944e-03  ,1.062535586969e+01  ,2.744849278874e+00  ,9.861886219020e+00  
  6.262072700865e-03  ,1.081621903119e+01  ,2.800158649105e+00  ,9.862710218111e+00  
  6.262078566707e-03  ,1.117284443175e+01  ,2.809842446234e+00  ,9.864360049156e+00  
  6.262090298392e-03  ,1.179810600486e+01  ,2.799347176112e+00  ,9.867667614703e+00  
  6.262102548636e-03  ,1.234541194362e+01  ,2.803560152970e+00  ,9.871121795897e+00  
  6.262127049125e-03  ,1.317733854175e+01  ,2.805785882067e+00  ,9.878029811826e+00  
  6.262176050104e-03  ,1.416499163488e+01  ,2.808181942956e+00  ,9.891844643793e+00  
  6.262274052061e-03  ,1.497630808113e+01  ,2.816081157389e+00  ,9.919469012234e+00  
  6.262402345098e-03  ,1.499972996712e+01  ,2.826358401769e+00  ,9.955620425871e+00  
  6.262627531446e-03  ,1.500014041127e+01  ,2.844340413416e+00  ,1.001904337237e+01  
  6.262866903700e-03  ,1.500012416636e+01  ,2.863479731892e+00  ,1.008641729407e+01  
  6.263345648207e-03  ,1.500021786317e+01  ,2.901695985909e+00  ,1.022102788258e+01  
  6.264303137220e-03  ,1.500027054189e+01  ,2.977972769624e+00  ,1.048970105275e+01  
  6.266218115248e-03  ,1.500036922746e+01  ,3.129905897103e+00  ,1.102486197427e+01  
  6.270048071302e-03  ,1.500039021071e+01  ,3.431307548219e+00  ,1.208650255587e+01  
  6.272010000020e-03  ,1.499973150751e+01  ,3.584437545307e+00  ,1.262587849976e+01  
  6.272011000018e-03  ,1.442054658522e+01  ,3.584368841628e+00  ,1.262615264811e+01  
  6.272013000126e-03  ,1.321289993879e+01  ,3.584137924411e+00  ,1.262670089463e+01  
  6.272017000343e-03  ,1.067168055023e+01  ,3.583694011571e+00  ,1.262779770970e+01  
  6.272020000020e-03  ,8.646837885965e+00  ,3.583421379094e+00  ,1.262862011389e+01  
  6.272020800063e-03  ,8.543169160409e+00  ,3.583475895157e+00  ,1.262883941656e+01  
  6.272022400076e-03  ,8.338327904858e+00  ,3.583671726819e+00  ,1.262927812182e+01  
  6.272025600100e-03  ,7.943207105949e+00  ,3.584197683764e+00  ,1.263015550192e+01  
  6.272032000149e-03  ,7.207837232478e+00  ,3.585292366098e+00  ,1.263191003080e+01  
  6.272044800246e-03  ,5.932316600059e+00  ,3.588247694932e+00  ,1.263541894927e+01  
  6.272058725381e-03  ,4.791748199855e+00  ,3.598118941127e+00  ,1.263923523019e+01  
  6.272067643726e-03  ,4.356438601966e+00  ,1.402558896379e+01  ,1.264103421296e+01  
  6.272076013708e-03  ,4.341999649866e+00  ,4.355873423879e+01  ,1.264109207760e+01  
  6.272082285607e-03  ,4.134176352068e+00  ,5.281301105435e+01  ,3.570976802982e-02  
  6.272085556040e-03  ,3.936356894268e+00  ,5.284193802666e+01  ,-2.052255795443e-01  
  6.272087126808e-03  ,3.843424985003e+00  ,5.282369563750e+01  ,-4.086759044187e-03  
  6.272090268346e-03  ,3.664695317852e+00  ,5.282688073316e+01  ,1.012120789786e-02  
  6.272096551420e-03  ,3.331368349311e+00  ,5.283666427807e+01  ,5.646818261265e-03  
  6.272109117569e-03  ,2.751972564628e+00  ,5.285551491505e+01  ,4.426222144750e-03  
  6.272134249868e-03  ,1.871438108546e+00  ,5.289302976713e+01  ,3.513949141678e-03  
  6.272173517408e-03  ,9.861194153465e-01  ,5.295156329386e+01  ,2.037862202061e-03  
  6.272218125524e-03  ,4.423472373695e-01  ,5.301783515494e+01  ,1.242932975908e-03  
  6.272263627710e-03  ,1.762331662021e-01  ,5.308524271763e+01  ,8.535475957177e-04  
  6.272332757177e-03  ,5.622248637461e-02  ,5.318731528288e+01  ,6.760759883836e-04  
  6.272413843336e-03  ,4.603755595045e-03  ,5.330656903972e+01  ,5.978207841979e-04  
  6.272510164441e-03  ,-7.865807545189e-03  ,5.344757375597e+01  ,5.760577905704e-04  
  6.272702806653e-03  ,-5.375771975190e-03  ,5.372746071030e+01  ,5.725268747875e-04  
  6.272993534269e-03  ,4.389405154161e-03  ,5.414448906452e+01  ,5.760601847124e-04  
  6.273574989499e-03  ,-2.591298841531e-05  ,5.495906098381e+01  ,5.484290907217e-04  
  6.274478691282e-03  ,1.129562956029e-03  ,5.617295828911e+01  ,5.177606310265e-04  
  6.275734680356e-03  ,1.471534714467e-03  ,5.775351777970e+01  ,4.747354693156e-04  
  6.278246658506e-03  ,1.202694812487e-03  ,6.053774885742e+01  ,3.920953413378e-04  
  6.282000000020e-03  ,8.925009081588e-04  ,6.374983203034e+01  ,2.766110292457e-04  
  6.282001000018e-03  ,5.775379139200e-01  ,6.375066847753e+01  ,-1.013357897763e-03  
  6.282001884774e-03  ,1.095123119344e+00  ,6.375141202433e+01  ,-2.187750829134e-03  
  6.282003654287e-03  ,2.160052327694e+00  ,6.375289627159e+01  ,-4.504946957345e-03  
  6.282007193313e-03  ,4.412156746201e+00  ,6.375584785515e+01  ,-8.958959973571e-03  
  6.282010000020e-03  ,6.312035520672e+00  ,6.375817309324e+01  ,-1.232525564718e-02  
  6.282010707825e-03  ,6.404325411982e+00  ,6.375866431490e+01  ,-1.224574554631e-02  
  6.282012123435e-03  ,6.586944385274e+00  ,6.375963628854e+01  ,-1.198578282079e-02  
  6.282014954656e-03  ,6.940714493577e+00  ,6.376157969016e+01  ,-1.146758294182e-02  
  6.282020617097e-03  ,7.604461123054e+00  ,6.376547079957e+01  ,-1.050046443015e-02  
  6.282031941980e-03  ,8.776914090069e+00  ,6.377326546800e+01  ,-8.792357856187e-03  
  6.282043351799e-03  ,9.773936544417e+00  ,6.378113213038e+01  ,-7.339896133585e-03  
  6.282051390975e-03  ,9.973501031350e+00  ,4.096794759929e+01  ,9.859416037148e+00  
  6.282059066564e-03  ,1.000035741127e+01  ,1.059461173342e+01  ,9.859592718836e+00  
  6.282063370764e-03  ,1.018929607020e+01  ,3.392270917586e+00  ,9.860508765455e+00  
  6.282067442506e-03  ,1.046809599595e+01  ,2.664441299962e+00  ,9.861585881686e+00  
  6.282069765225e-03  ,1.062554894942e+01  ,2.745228427480e+00  ,9.862235399615e+00  
  6.282072703734e-03  ,1.081675604135e+01  ,2.800275479471e+00  ,9.863060948468e+00  
  6.282078580752e-03  ,1.117398640073e+01  ,2.809903974963e+00  ,9.864713924368e+00  
  6.282090334788e-03  ,1.180015566610e+01  ,2.799473353539e+00  ,9.868027782471e+00  
  6.282102637186e-03  ,1.234925702064e+01  ,2.803666695076e+00  ,9.871496655944e+00  
  6.282127241984e-03  ,1.318295910461e+01  ,2.805892903713e+00  ,9.878434055427e+00  
  6.282176451578e-03  ,1.417061936454e+01  ,2.808313972562e+00  ,9.892307643959e+00  
  6.282274870768e-03  ,1.497932734807e+01  ,2.816244771025e+00  ,9.920049476307e+00  
  6.282403235331e-03  ,1.499977714068e+01  ,2.826528698399e+00  ,9.956220830661e+00  
  6.282629327669e-03  ,1.500012860193e+01  ,2.844583322095e+00  ,1.001989847939e+01  
  6.282869129076e-03  ,1.500011421035e+01  ,2.863756619478e+00  ,1.008739256770e+01  
  6.283348731890e-03  ,1.500019410704e+01  ,2.902040969914e+00  ,1.022224299878e+01  
  6.284307937517e-03  ,1.500023894259e+01  ,2.978453384930e+00  ,1.049139389493e+01  
  6.286226348772e-03  ,1.500032299215e+01  ,3.130655559723e+00  ,1.102750246740e+01  
  6.290063171282e-03  ,1.500034068033e+01  ,3.432586525037e+00  ,1.209100747105e+01  
  6.292010000020e-03  ,1.499977506758e+01  ,3.584534113027e+00  ,1.262621871946e+01  
  6.292011000018e-03  ,1.442098544828e+01  ,3.584465278298e+00  ,1.262649286651e+01  
  6.292013000126e-03  ,1.321332587958e+01  ,3.584234312503e+00  ,1.262704111297e+01  
  6.292017000343e-03  ,1.067208155508e+01  ,3.583790384050e+00  ,1.262813792265e+01  
  6.292020000020e-03  ,8.647221051628e+00  ,3.583517753175e+00  ,1.262896032395e+01  
  6.292020800063e-03  ,8.543547732119e+00  ,3.583572265831e+00  ,1.262917962586e+01  
  6.292022400076e-03  ,8.338697399236e+00  ,3.583768091336e+00  ,1.262961832956e+01  
  6.292025600100e-03  ,7.943559090831e+00  ,3.584294033060e+00  ,1.263049570657e+01  
  6.292032000149e-03  ,7.208156629575e+00  ,3.585388664773e+00  ,1.263225022930e+01  
  6.292044800246e-03  ,5.932579468597e+00  ,3.588343684354e+00  ,1.263575913546e+01  
  6.292058725381e-03  ,4.791960450710e+00  ,3.598210599063e+00  ,1.263957540341e+01  
  6.292067642236e-03  ,4.356461750631e+00  ,1.401017768761e+01  ,1.264137529380e+01  
  6.292076012218e-03  ,4.341989610267e+00  ,4.354099697337e+01  ,1.264143426292e+01  
  6.292082284862e-03  ,4.134421838970e+00  ,5.281317974247e+01  ,3.703776639184e-02  
  6.292085554922e-03  ,3.936617154104e+00  ,5.284227575017e+01  ,-2.055555345744e-01  
  6.292087124946e-03  ,3.843721926185e+00  ,5.282400116165e+01  ,-4.110661214386e-03  
  6.292090264993e-03  ,3.665061268433e+00  ,5.282718097265e+01  ,1.012962356556e-02  
  6.292096545087e-03  ,3.331852242765e+00  ,5.283696123409e+01  ,5.648033574671e-03  
  6.292109105276e-03  ,2.751026054556e+00  ,5.285575524664e+01  ,4.593503766370e-03  
  6.292134225653e-03  ,1.861268987106e+00  ,5.289326609669e+01  ,3.313367689098e-03  
  6.292175364779e-03  ,9.413938937739e-01  ,5.295455270818e+01  ,1.971917173032e-03  
  6.292221355723e-03  ,4.554395863224e-01  ,5.302286342105e+01  ,1.262008017555e-03  
  6.292269444751e-03  ,1.918301998621e-01  ,5.309408759042e+01  ,8.760820260695e-04  
  6.292324358510e-03  ,8.007117078883e-02  ,5.317518118917e+01  ,7.111670252975e-04  
  6.292413050221e-03  ,6.889663884984e-03  ,5.330565933938e+01  ,6.012055866635e-04  
  6.292507857369e-03  ,2.595929107013e-03  ,5.344446429421e+01  ,5.914174262678e-04  
  6.292697471665e-03  ,7.907448223264e-04  ,5.372002030901e+01  ,5.817341432645e-04  
  6.292919081734e-03  ,1.962301546840e-03  ,5.403859679861e+01  ,5.752877891654e-04  
  6.293362301873e-03  ,1.917493121700e-03  ,5.466443814338e+01  ,5.589682024139e-04  
  6.294248742150e-03  ,1.421716197220e-03  ,5.587053636256e+01  ,5.265109311035e-04  
  6.296021622704e-03  ,1.581402443158e-03  ,5.809771355436e+01  ,4.652685863876e-04  
  6.299567383813e-03  ,9.470356278138e-04  ,6.179837447932e+01  ,3.495393353473e-04  
  6.302000000020e-03  ,1.006220655075e-03  ,6.375040486616e+01  ,2.787232820687e-04  
  6.302001000018e-03  ,5.776499791582e-01  ,6.375124133124e+01  ,-1.012307957876e-03  
  6.302001884681e-03  ,1.095178572827e+00  ,6.375198484967e+01  ,-2.187847780206e-03  
  6.302003654008e-03  ,2.159988258435e+00  ,6.375346875011e+01  ,-4.504511170178e-03  
  6.302007192661e-03  ,4.411828741639e+00  ,6.375641969959e+01  ,-8.958042296432e-03  
  6.302010000020e-03  ,6.311349128690e+00  ,6.375874532345e+01  ,-1.232630313743e-02  
  6.302010707751e-03  ,6.403636697187e+00  ,6.375923642729e+01  ,-1.224678378011e-02  
  6.302012123175e-03  ,6.586246523309e+00  ,6.376020814310e+01  ,-1.198682973554e-02  
  6.302014954023e-03  ,6.940000382451e+00  ,6.376215102463e+01  ,-1.146865598057e-02  
  6.302020615719e-03  ,7.603722062494e+00  ,6.376604109683e+01  ,-1.050157441060e-02  
  6.302031939111e-03  ,8.776149452057e+00  ,6.377383368961e+01  ,-8.793505149849e-03  
  6.302043345950e-03  ,9.773052644359e+00  ,6.378169723844e+01  ,-7.341216566496e-03  
  6.302051382147e-03  ,9.973456070505e+00  ,4.102541259463e+01  ,9.859021763266e+00  
  6.302059054754e-03  ,1.000027245495e+01  ,1.066169918743e+01  ,9.859195257333e+00  
  6.302063364915e-03  ,1.018850492351e+01  ,3.396478418398e+00  ,9.860111689344e+00  
  6.302067447088e-03  ,1.046800288125e+01  ,2.663441546887e+00  ,9.861189723818e+00  
  6.302069767944e-03  ,1.062534106505e+01  ,2.744831483080e+00  ,9.861838752201e+00  
  6.302072700493e-03  ,1.081618123952e+01  ,2.800142774200e+00  ,9.862662647724e+00  
  6.302078565590e-03  ,1.117276647690e+01  ,2.809829606590e+00  ,9.864312270104e+00  
  6.302090295784e-03  ,1.179955274877e+01  ,2.804830941836e+00  ,9.867616074607e+00  
  6.302110153071e-03  ,1.263730940684e+01  ,2.803478717944e+00  ,9.873214959359e+00  
  6.302149867646e-03  ,1.373113316502e+01  ,2.807617547863e+00  ,9.884412306949e+00  
  6.302229296796e-03  ,1.477143192121e+01  ,2.812612894729e+00  ,9.906803534134e+00  
  6.302346741788e-03  ,1.516365117070e+01  ,2.821810007490e+00  ,9.939902682593e+00  
  6.302519833676e-03  ,1.497793618885e+01  ,2.835740931210e+00  ,9.988664787314e+00  
  6.302676450841e-03  ,1.497085221237e+01  ,2.848260733441e+00  ,1.003276505323e+01  
  6.302989685170e-03  ,1.501195555373e+01  ,2.873266205172e+00  ,1.012090681869e+01  
  6.303616153829e-03  ,1.499229355582e+01  ,2.923255491315e+00  ,1.029695554867e+01  
  6.304715549580e-03  ,1.499816094667e+01  ,3.010749717528e+00  ,1.060514927392e+01  
  6.306914341084e-03  ,1.500018801487e+01  ,3.184926069716e+00  ,1.121866165646e+01  
  6.311311924092e-03  ,1.499992856335e+01  ,3.530037934655e+00  ,1.243426433139e+01  
  6.312010000020e-03  ,1.500001312801e+01  ,3.584425587387e+00  ,1.262583673876e+01  
  6.312011000018e-03  ,1.442323049348e+01  ,3.584356069013e+00  ,1.262611088579e+01  
  6.312013000126e-03  ,1.321550481963e+01  ,3.584124850910e+00  ,1.262665914083e+01  
  6.312017000343e-03  ,1.067413293283e+01  ,3.583680834508e+00  ,1.262775594963e+01  
  6.312020000020e-03  ,8.649181171084e+00  ,3.583408201372e+00  ,1.262857835421e+01  
  6.312020800063e-03  ,8.545484350645e+00  ,3.583462687957e+00  ,1.262879765705e+01  
  6.312022400076e-03  ,8.340587581578e+00  ,3.583658466323e+00  ,1.262923636245e+01  
  6.312025600100e-03  ,7.945359701281e+00  ,3.584184306346e+00  ,1.263011374289e+01  
  6.312032000149e-03  ,7.209790533088e+00  ,3.585278616864e+00  ,1.263186827273e+01  
  6.312044800246e-03  ,5.933924190770e+00  ,3.588231787709e+00  ,1.263537719311e+01  
  6.312058726871e-03  ,4.792935233671e+00  ,3.598077891755e+00  ,1.263919388692e+01  
  6.312067645216e-03  ,4.356520924921e+00  ,1.396896081223e+01  ,1.264099738339e+01  
  6.312076016689e-03  ,4.341949691545e+00  ,4.349816334769e+01  ,1.264105908930e+01  
  6.312082296038e-03  ,4.134673191834e+00  ,5.281196470098e+01  ,3.915757389903e-02  
  6.312085567215e-03  ,3.936798487497e+00  ,5.284133926118e+01  ,-2.061501816945e-01  
  6.312087136680e-03  ,3.843930585474e+00  ,5.282300699066e+01  ,-4.148984890658e-03  
  6.312090275610e-03  ,3.665322412450e+00  ,5.282617974621e+01  ,1.014285091447e-02  
  6.312096553469e-03  ,3.332203192038e+00  ,5.283595759420e+01  ,5.649240295298e-03  
  6.312109109187e-03  ,2.751505841519e+00  ,5.285474434987e+01  ,4.594128890424e-03  
  6.312134220624e-03  ,1.861866562594e+00  ,5.289224053350e+01  ,3.314221571135e-03  
  6.312175371671e-03  ,9.415063429248e-01  ,5.295354272681e+01  ,1.972065966395e-03  
  6.312221362615e-03  ,4.554938448500e-01  ,5.302185096111e+01  ,1.262071911179e-03  
  6.312269451642e-03  ,1.918528928083e-01  ,5.309307254182e+01  ,8.761000693576e-04  
  6.312324353481e-03  ,8.009761333729e-02  ,5.317414561323e+01  ,7.111910231794e-04  
  6.312413045192e-03  ,6.895307392365e-03  ,5.330461909940e+01  ,6.011994113211e-04  
  6.312507840419e-03  ,2.597113994877e-03  ,5.344340168487e+01  ,5.914052806790e-04  
  6.312697430873e-03  ,7.897585251437e-04  ,5.371891356360e+01  ,5.817199732926e-04  
  6.312919017101e-03  ,1.962433350911e-03  ,5.403744524102e+01  ,5.752763704382e-04  
  6.313362189556e-03  ,1.917678459225e-03  ,5.466319988479e+01  ,5.589591056850e-04  
  6.314248534465e-03  ,1.421510718633e-03  ,5.586913650545e+01  ,5.265055421112e-04  
  6.316021224285e-03  ,1.581533483056e-03  ,5.809603853759e+01  ,4.652717277222e-04  
  6.319566603923e-03  ,9.469444930809e-04  ,6.179634432145e+01  ,3.495562410312e-04  
  6.322000000020e-03  ,1.006317067682e-03  ,6.374901533210e+01  ,2.787175879914e-04  
  6.322001000018e-03  ,5.776500737237e-01  ,6.374985177569e+01  ,-1.012312856590e-03  
  6.322001884681e-03  ,1.095178665792e+00  ,6.375059527513e+01  ,-2.187852007704e-03  
  6.322003654008e-03  ,2.159988348262e+00  ,6.375207913773e+01  ,-4.504515572124e-03  
  6.322007192661e-03  ,4.411828825431e+00  ,6.375503001155e+01  ,-8.958046761275e-03  
  6.322010000020e-03  ,6.311349207917e+00  ,6.375735557539e+01  ,-1.232630762557e-02  
  6.322010707751e-03  ,6.403636775300e+00  ,6.375784666410e+01  ,-1.224678883087e-02  
  6.322012123175e-03  ,6.586246599216e+00  ,6.375881834954e+01  ,-1.198683490929e-02  
  6.322014954023e-03  ,6.940000454084e+00  ,6.376076117033e+01  ,-1.146866110109e-02  
  6.322020615719e-03  ,7.603722126111e+00  ,6.376465112114e+01  ,-1.050157953031e-02  
  6.322031939111e-03  ,8.776149501518e+00  ,6.377244347148e+01  ,-8.793510269608e-03  
  6.322043345950e-03  ,9.773052681791e+00  ,6.378030677652e+01  ,-7.341221685806e-03  
  6.322051382147e-03  ,9.973455303488e+00  ,4.102394818336e+01  ,9.858771647370e+00  
  6.322059054754e-03  ,1.000027288751e+01  ,1.066031473549e+01  ,9.858945243096e+00  
  6.322063364915e-03  ,1.018852743657e+01  ,3.396307062648e+00  ,9.859861658306e+00  
  6.322067447088e-03  ,1.046802532866e+01  ,2.663382148284e+00  ,9.860939743209e+00  
  6.322069767944e-03  ,1.062536270299e+01  ,2.744766450611e+00  ,9.861588772696e+00  
  6.322072700865e-03  ,1.081622555340e+01  ,2.800074072938e+00  ,9.862412774238e+00  
  6.322078566707e-03  ,1.117285040023e+01  ,2.809757762961e+00  ,9.864062610336e+00  
  6.322090298392e-03  ,1.179811100134e+01  ,2.799262791550e+00  ,9.867370185808e+00  
  6.322102548636e-03  ,1.234541608555e+01  ,2.803475684376e+00  ,9.870824377349e+00  
  6.322127049125e-03  ,1.317734138589e+01  ,2.805701424972e+00  ,9.877732413972e+00  
  6.322176050104e-03  ,1.416499293823e+01  ,2.808097522868e+00  ,9.891547287315e+00  
  6.322274052061e-03  ,1.497630811846e+01  ,2.815996760657e+00  ,9.919171738482e+00  
  6.322402345098e-03  ,1.499972996779e+01  ,2.826274035875e+00  ,9.955323260374e+00  
  6.322627531446e-03  ,1.500014041131e+01  ,2.844256101501e+00  ,1.001874639679e+01  
  6.322866903700e-03  ,1.500012416642e+01  ,2.863395477229e+00  ,1.008612052024e+01  
  6.323345648207e-03  ,1.500021786308e+01  ,2.901611845691e+00  ,1.022073151184e+01  
  6.324303137220e-03  ,1.500027054172e+01  ,2.977888857827e+00  ,1.048940548655e+01  
  6.326218115248e-03  ,1.500036922713e+01  ,3.129822440289e+00  ,1.102456801061e+01  
  6.330048071302e-03  ,1.500039021034e+01  ,3.431224993978e+00  ,1.208621177129e+01  
  6.332010000020e-03  ,1.499973150814e+01  ,3.584355449614e+00  ,1.262558933034e+01  
  6.332011000018e-03  ,1.442054658984e+01  ,3.584286746641e+00  ,1.262586347950e+01  
  6.332013000126e-03  ,1.321289994327e+01  ,3.584055829901e+00  ,1.262641172767e+01  
  6.332017000343e-03  ,1.067168055442e+01  ,3.583611916439e+00  ,1.262750854602e+01  
  6.332020000020e-03  ,8.646837889937e+00  ,3.583339282194e+00  ,1.262833095267e+01  
  6.332020800063e-03  ,8.543169164316e+00  ,3.583393797149e+00  ,1.262855025600e+01  
  6.332022400076e-03  ,8.338327908636e+00  ,3.583589626727e+00  ,1.262898896257e+01  
  6.332025600100e-03  ,7.943207109484e+00  ,3.584115580394e+00  ,1.262986634530e+01  
  6.332032000149e-03  ,7.207837235526e+00  ,3.585210254215e+00  ,1.263162087944e+01  
  6.332044800246e-03  ,5.932316601935e+00  ,3.588165546393e+00  ,1.263512980842e+01  
  6.332058725381e-03  ,4.791748197831e+00  ,3.598036576143e+00  ,1.263894610079e+01  
  6.332067643726e-03  ,4.356436810347e+00  ,1.402539885346e+01  ,1.264074510579e+01  
  6.332076013708e-03  ,4.341997875407e+00  ,4.355853027372e+01  ,1.264080298110e+01  
  6.332082285607e-03  ,4.134171069223e+00  ,5.281262841419e+01  ,3.569131898088e-02  
  6.332085556040e-03  ,3.936351800854e+00  ,5.284155304477e+01  ,-2.052224628018e-01  
  6.332087126808e-03  ,3.843420015074e+00  ,5.282331086962e+01  ,-4.086586583848e-03  
  6.332090268346e-03  ,3.664690575569e+00  ,5.282649583267e+01  ,1.012113821469e-02  
  6.332096551420e-03  ,3.331364031942e+00  ,5.283627905832e+01  ,5.646792519741e-03  
  6.332109117569e-03  ,2.751968988034e+00  ,5.285512906283e+01  ,4.426201927350e-03  
  6.332134249868e-03  ,1.871435657780e+00  ,5.289264265216e+01  ,3.513926187351e-03  
  6.332173517408e-03  ,9.861180965397e-01  ,5.295117420742e+01  ,2.037843125863e-03  
  6.332218125524e-03  ,4.423466138691e-01  ,5.301744383261e+01  ,1.242914965518e-03  
  6.332263627710e-03  ,1.762328830237e-01  ,5.308484911842e+01  ,8.535301280121e-04  
  6.332332757177e-03  ,5.622235677438e-02  ,5.318691823183e+01  ,6.760588174371e-04  
  6.332413843336e-03  ,4.603692159512e-03  ,5.330616795108e+01  ,5.978037953987e-04  
  6.332510164441e-03  ,-7.865854835484e-03  ,5.344716788699e+01  ,5.760409265228e-04  
  6.332702806653e-03  ,-5.375822041065e-03  ,5.372704533252e+01  ,5.725102076903e-04  
  6.332993534269e-03  ,4.389343224150e-03  ,5.414405946812e+01  ,5.760437973223e-04  
  6.333574989499e-03  ,-2.596801504841e-05  ,5.495860343126e+01  ,5.484132952048e-04  
  6.334478691282e-03  ,1.129508450776e-03  ,5.617245858624e+01  ,5.177457062286e-04  
  6.335734680356e-03  ,1.471482629070e-03  ,5.775296218443e+01  ,4.747216784534e-04  
  6.338246658506e-03  ,1.202649021297e-03  ,6.053709116472e+01  ,3.920835769228e-04  
  6.342000000020e-03  ,8.924648545770e-04  ,6.374904687627e+01  ,2.766019538373e-04  
  6.342001000018e-03  ,5.775378778711e-01  ,6.374988329362e+01  ,-1.013366688137e-03  
  6.342001884774e-03  ,1.095123083299e+00  ,6.375062681405e+01  ,-2.187759601733e-03  
  6.342003654287e-03  ,2.160052291656e+00  ,6.375211100858e+01  ,-4.504955739283e-03  
  6.342007193313e-03  ,4.412156710178e+00  ,6.375506248669e+01  ,-8.958968771318e-03  
  6.342010000020e-03  ,6.312035484660e+00  ,6.375738764116e+01  ,-1.232526445498e-02  
  6.342010707825e-03  ,6.404325375972e+00  ,6.375787884172e+01  ,-1.224575468163e-02  
  6.342012123435e-03  ,6.586944349268e+00  ,6.375885077308e+01  ,-1.198579202413e-02  
  6.342014954656e-03  ,6.940714457578e+00  ,6.376079409013e+01  ,-1.146759211116e-02  
  6.342020617097e-03  ,7.604461087070e+00  ,6.376468503048e+01  ,-1.050047359054e-02  
  6.342031941980e-03  ,8.776914054113e+00  ,6.377247936101e+01  ,-8.792367003104e-03  
  6.342043351799e-03  ,9.773936508491e+00  ,6.378034568327e+01  ,-7.339905267316e-03  
  6.342051390975e-03  ,9.973500109171e+00  ,4.096708309161e+01  ,9.859186924205e+00  
  6.342059066564e-03  ,1.000035714877e+01  ,1.059378843430e+01  ,9.859363663890e+00  
  6.342063370764e-03  ,1.018930860095e+01  ,3.392148919329e+00  ,9.860279700945e+00  
  6.342067441761e-03  ,1.046805817343e+01  ,2.664423968930e+00  ,9.861356657566e+00  
  6.342069764107e-03  ,1.062548734335e+01  ,2.745170456613e+00  ,9.862006074001e+00  
  6.342072702989e-03  ,1.081672068620e+01  ,2.800211234627e+00  ,9.862831728830e+00  
  6.342078580752e-03  ,1.117399743098e+01  ,2.809837735314e+00  ,9.864484918041e+00  
  6.342090336278e-03  ,1.180183175932e+01  ,2.804869911798e+00  ,9.867795860484e+00  
  6.342110285952e-03  ,1.264237521789e+01  ,2.803539412478e+00  ,9.873420784985e+00  
  6.342150185302e-03  ,1.373775218904e+01  ,2.807680573270e+00  ,9.884670203732e+00  
  6.342229984000e-03  ,1.477643168350e+01  ,2.812713097672e+00  ,9.907165539930e+00  
  6.342347440913e-03  ,1.516398461193e+01  ,2.821913608155e+00  ,9.940267928500e+00  
  6.342521176532e-03  ,1.497759248039e+01  ,2.835896148690e+00  ,9.989211155059e+00  
  6.342677960589e-03  ,1.497074689259e+01  ,2.848429164210e+00  ,1.003335816098e+01  
  6.342991528704e-03  ,1.501201148355e+01  ,2.873461069072e+00  ,1.012159328182e+01  
  6.343618664935e-03  ,1.499225341862e+01  ,2.923503262799e+00  ,1.029782822281e+01  
  6.344720540240e-03  ,1.499815335636e+01  ,3.011193731487e+00  ,1.060671323175e+01  
  6.346924290850e-03  ,1.500018860377e+01  ,3.185758923750e+00  ,1.122159525603e+01  
  6.351331792071e-03  ,1.499992798700e+01  ,3.531633950083e+00  ,1.243988604852e+01  
  6.352010000020e-03  ,1.500001284146e+01  ,3.584472081969e+00  ,1.262600050925e+01  
  6.352011000018e-03  ,1.442323111754e+01  ,3.584402563072e+00  ,1.262627465580e+01  
  6.352013000126e-03  ,1.321550542532e+01  ,3.584171344658e+00  ,1.262682290998e+01  
  6.352017000343e-03  ,1.067413350307e+01  ,3.583727328615e+00  ,1.262791971686e+01  
  6.352020000020e-03  ,8.649181715975e+00  ,3.583454696445e+00  ,1.262874212005e+01  
  6.352020800063e-03  ,8.545484889013e+00  ,3.583509183659e+00  ,1.262896142251e+01  
  6.352022400076e-03  ,8.340588107058e+00  ,3.583704963197e+00  ,1.262940012717e+01  
  6.352025600100e-03  ,7.945360201895e+00  ,3.584230805045e+00  ,1.263027750613e+01  
  6.352032000149e-03  ,7.209790987444e+00  ,3.585325120293e+00  ,1.263203203299e+01  
  6.352044800246e-03  ,5.933924565069e+00  ,3.588278311365e+00  ,1.263554094741e+01  
  6.352058726871e-03  ,4.792935537881e+00  ,3.598124531076e+00  ,1.263935763473e+01  
  6.352067645216e-03  ,4.356521960472e+00  ,1.396905399988e+01  ,1.264116111933e+01  
  6.352076016689e-03  ,4.341950684779e+00  ,4.349826207147e+01  ,1.264122281513e+01  
  6.352082296038e-03  ,4.134654055704e+00  ,5.281086678676e+01  ,3.905384490669e-02  
  6.352085567588e-03  ,3.936757978396e+00  ,5.284023071612e+01  ,-2.061435659713e-01  
  6.352087137239e-03  ,3.843880196234e+00  ,5.282189930152e+01  ,-4.147229938515e-03  
  6.352090276541e-03  ,3.665253665434e+00  ,5.282507301798e+01  ,1.014227748873e-02  
  6.352096555145e-03  ,3.332102905256e+00  ,5.283485228116e+01  ,5.649073474314e-03  
  6.352109112354e-03  ,2.752955789503e+00  ,5.285369060764e+01  ,4.426559661744e-03  
  6.352134226771e-03  ,1.872632999562e+00  ,5.289118023256e+01  ,3.516849055015e-03  
  6.352173524113e-03  ,9.862437842834e-01  ,5.294976092891e+01  ,2.038083611534e-03  
  6.352218132229e-03  ,4.423641055223e-01  ,5.301603570350e+01  ,1.242992289642e-03  
  6.352263634415e-03  ,1.762195305704e-01  ,5.308344623136e+01  ,8.535629729580e-04  
  6.352332751961e-03  ,5.623186159895e-02  ,5.318550573333e+01  ,6.761252520216e-04  
  6.352413838120e-03  ,4.608153762958e-03  ,5.330476486593e+01  ,5.978627292193e-04  
  6.352510135384e-03  ,-7.861992234855e-03  ,5.344574117047e+01  ,5.760996870352e-04  
  6.352702729912e-03  ,-5.375620886256e-03  ,5.372557241392e+01  ,5.725650119135e-04  
  6.352993457528e-03  ,4.389468573207e-03  ,5.414262193617e+01  ,5.760978882399e-04  
  6.353574912759e-03  ,-2.580863353379e-05  ,5.495723675165e+01  ,5.484663064580e-04  
  6.354478328438e-03  ,1.129683450734e-03  ,5.617082792679e+01  ,5.178072274658e-04  
  6.355734317513e-03  ,1.471675822463e-03  ,5.775151297656e+01  ,4.747806218999e-04  
  6.358246295663e-03  ,1.202803294159e-03  ,6.053600349673e+01  ,3.921380138688e-04  
  6.362000000020e-03  ,8.926129042190e-04  ,6.374874392530e+01  ,2.766401796561e-04  
  6.362001000018e-03  ,5.775380256472e-01  ,6.374958045176e+01  ,-1.013328292066e-03  
  6.362001884774e-03  ,1.095123230850e+00  ,6.375032406869e+01  ,-2.187720697871e-03  
  6.362003654287e-03  ,2.160052438769e+00  ,6.375180845634e+01  ,-4.504916959521e-03  
  6.362007193313e-03  ,4.412156856446e+00  ,6.375476032067e+01  ,-8.958930020587e-03  
  6.362010000020e-03  ,6.312035630290e+00  ,6.375708578145e+01  ,-1.232522570748e-02  
  6.362010707825e-03  ,6.404325521449e+00  ,6.375757705938e+01  ,-1.224571599375e-02  
  6.362012123435e-03  ,6.586944494441e+00  ,6.375854914548e+01  ,-1.198575335443e-02  
  6.362014954656e-03  ,6.940714602163e+00  ,6.376049277203e+01  ,-1.146755343522e-02  
  6.362020617097e-03  ,7.604461230549e+00  ,6.376438433130e+01  ,-1.050043492693e-02  
  6.362031941980e-03  ,8.776914195637e+00  ,6.377217989948e+01  ,-8.792328349352e-03  
  6.362043351799e-03  ,9.773936648347e+00  ,6.378004746839e+01  ,-7.339866630083e-03  
  6.362051390975e-03  ,9.973503076232e+00  ,4.096701379215e+01  ,9.859696342784e+00  
  6.362059066564e-03  ,1.000036051374e+01  ,1.059376357135e+01  ,9.859873100704e+00  
  6.362063370764e-03  ,1.018931451353e+01  ,3.392272549707e+00  ,9.860789130034e+00  
  6.362067441761e-03  ,1.046806397004e+01  ,2.664569352362e+00  ,9.861866085911e+00  
  6.362069764480e-03  ,1.062551762199e+01  ,2.745317151408e+00  ,9.862515601197e+00  
  6.362072702989e-03  ,1.081672596355e+01  ,2.800353268330e+00  ,9.863341147284e+00  
  6.362078580007e-03  ,1.117395889086e+01  ,2.809982174096e+00  ,9.864994118605e+00  
  6.362090334043e-03  ,1.180013268479e+01  ,2.799554241697e+00  ,9.868307967417e+00  
  6.362102637931e-03  ,1.234929906613e+01  ,2.803746501246e+00  ,9.871777251210e+00  
  6.362127245709e-03  ,1.318307302164e+01  ,2.805972592029e+00  ,9.878715471345e+00  
  6.362176461264e-03  ,1.417075847528e+01  ,2.808394397940e+00  ,9.892590700910e+00  
  6.362274892375e-03  ,1.497941254303e+01  ,2.816326030500e+00  ,9.920335813946e+00  
  6.362403256938e-03  ,1.499977828492e+01  ,2.826609955328e+00  ,9.956507063992e+00  
  6.362629373118e-03  ,1.500012831414e+01  ,2.844666442755e+00  ,1.002019124181e+01  
  6.362869174525e-03  ,1.500011396797e+01  ,2.863839678871e+00  ,1.008768513087e+01  
  6.363348777339e-03  ,1.500019353045e+01  ,2.902123916386e+00  ,1.022253516386e+01  
  6.364307982966e-03  ,1.500023817616e+01  ,2.978536105918e+00  ,1.049168526547e+01  
  6.366226394221e-03  ,1.500032187118e+01  ,3.130737831566e+00  ,1.102779225533e+01  
  6.370063216731e-03  ,1.500033947991e+01  ,3.432667905578e+00  ,1.209129411945e+01  
  6.372010000020e-03  ,1.499977611622e+01  ,3.584611506522e+00  ,1.262649132791e+01  
  6.372011000018e-03  ,1.442099555447e+01  ,3.584542668138e+00  ,1.262676547418e+01  
  6.372013000126e-03  ,1.321333568819e+01  ,3.584311700791e+00  ,1.262731371914e+01  
  6.372017000343e-03  ,1.067209078948e+01  ,3.583867772551e+00  ,1.262841052568e+01  
  6.372020000020e-03  ,8.647229875257e+00  ,3.583595143328e+00  ,1.262923292466e+01  
  6.372020800063e-03  ,8.543556449973e+00  ,3.583649656921e+00  ,1.262945222594e+01  
  6.372022400076e-03  ,8.338705908088e+00  ,3.583845484193e+00  ,1.262989092841e+01  
  6.372025600100e-03  ,7.943567196526e+00  ,3.584371428567e+00  ,1.263076830295e+01  
  6.372032000149e-03  ,7.208163984968e+00  ,3.585466066907e+00  ,1.263252282072e+01  
  6.372044800246e-03  ,5.932585522773e+00  ,3.588421112920e+00  ,1.263603171697e+01  
  6.372058725381e-03  ,4.791965342340e+00  ,3.598288125952e+00  ,1.263984797413e+01  
  6.372067642236e-03  ,4.356463779018e+00  ,1.401012348440e+01  ,1.264164786182e+01  
  6.372076012218e-03  ,4.341991082535e+00  ,4.354091758254e+01  ,1.264170683276e+01  
  6.372082284862e-03  ,4.134410097975e+00  ,5.281230419033e+01  ,3.696884923700e-02  
  6.372085554922e-03  ,3.936605753872e+00  ,5.284139185543e+01  ,-2.055406190010e-01  
  6.372087124946e-03  ,3.843710820014e+00  ,5.282311881589e+01  ,-4.109714714180e-03  
  6.372090264993e-03  ,3.665050680667e+00  ,5.282629897821e+01  ,1.012938705561e-02  
  6.372096545087e-03  ,3.331842621603e+00  ,5.283607967610e+01  ,5.648040263203e-03  
  6.372109105276e-03  ,2.751018123781e+00  ,5.285487461109e+01  ,4.593526624809e-03  
  6.372134225653e-03  ,1.861263649175e+00  ,5.289238731013e+01  ,3.313393426240e-03  
  6.372175364779e-03  ,9.413912385613e-01  ,5.295367695079e+01  ,1.971946727250e-03  
  6.372221361684e-03  ,4.553916577333e-01  ,5.302199989229e+01  ,1.261971312797e-03  
  6.372269450711e-03  ,1.918056599785e-01  ,5.309322757973e+01  ,8.760793380403e-04  
  6.372324364470e-03  ,8.006111263459e-02  ,5.317432519798e+01  ,7.111853698041e-04  
  6.372413056182e-03  ,6.889087976814e-03  ,5.330480984314e+01  ,6.012376330532e-04  
  6.372507863330e-03  ,2.595908507070e-03  ,5.344362174357e+01  ,5.914501623201e-04  
  6.372697477626e-03  ,7.909559411321e-04  ,5.371919165383e+01  ,5.817669761492e-04  
  6.372919087695e-03  ,1.962358251461e-03  ,5.403778438983e+01  ,5.753201250866e-04  
  6.373362307833e-03  ,1.917550383124e-03  ,5.466365823903e+01  ,5.589999987640e-04  
  6.374248748111e-03  ,1.421826992055e-03  ,5.586982147102e+01  ,5.265417953012e-04  
  6.376021628665e-03  ,1.581470354577e-03  ,5.809712831709e+01  ,4.652975272842e-04  
  6.379567389773e-03  ,9.471389597340e-04  ,6.179804418309e+01  ,3.495651883303e-04  
  6.382000000020e-03  ,1.006287147669e-03  ,6.375023990139e+01  ,2.787477085869e-04  
  6.382001000018e-03  ,5.776500458938e-01  ,6.375107643535e+01  ,-1.012283557467e-03  
  6.382001884681e-03  ,1.095178639774e+00  ,6.375182001472e+01  ,-2.187823415377e-03  
  6.382003654008e-03  ,2.159988325798e+00  ,6.375330403703e+01  ,-4.504486798290e-03  
  6.382007192661e-03  ,4.411828809802e+00  ,6.375625523027e+01  ,-8.958017925698e-03  
  6.382010000020e-03  ,6.311349197457e+00  ,6.375858104750e+01  ,-1.232627876876e-02  
  6.382010707751e-03  ,6.403636766103e+00  ,6.375907220018e+01  ,-1.224675943788e-02  
  6.382012123175e-03  ,6.586246592520e+00  ,6.376004401365e+01  ,-1.198680540091e-02  
  6.382014954023e-03  ,6.940000452233e+00  ,6.376198709050e+01  ,-1.146863164222e-02  
  6.382020615719e-03  ,7.603722133348e+00  ,6.376587755331e+01  ,-1.050155007769e-02  
  6.382031939111e-03  ,8.776149524800e+00  ,6.377367092718e+01  ,-8.793480819022e-03  
  6.382043345950e-03  ,9.773052718706e+00  ,6.378153526267e+01  ,-7.341192242326e-03  
  6.382051382147e-03  ,9.973457945930e+00  ,4.102539625660e+01  ,9.859346026854e+00  
  6.382059054754e-03  ,1.000027455782e+01  ,1.066170924957e+01  ,9.859519530428e+00  
  6.382063364915e-03  ,1.018850821563e+01  ,3.396559188732e+00  ,9.860435957979e+00  
  6.382067447088e-03  ,1.046800610102e+01  ,2.663533864500e+00  ,9.861513990990e+00  
  6.382069767944e-03  ,1.062534418533e+01  ,2.744924823440e+00  ,9.862163017326e+00  
  6.382072700493e-03  ,1.081618421714e+01  ,2.800235398496e+00  ,9.862986910019e+00  
  6.382078565590e-03  ,1.117276919532e+01  ,2.809921666944e+00  ,9.864636526999e+00  
  6.382090295784e-03  ,1.179955502185e+01  ,2.804922996507e+00  ,9.867940320708e+00  
  6.382110156052e-03  ,1.263742036265e+01  ,2.803570959647e+00  ,9.873540027462e+00  
  6.382149876587e-03  ,1.373131890731e+01  ,2.807710184847e+00  ,9.884739018855e+00  
  6.382229317657e-03  ,1.477158884604e+01  ,2.812706507449e+00  ,9.907133532582e+00  
  6.382346762649e-03  ,1.516366479939e+01  ,2.821903657588e+00  ,9.940232571076e+00  
  6.382519878380e-03  ,1.497792328493e+01  ,2.835836452451e+00  ,9.989001228597e+00  
  6.382676495544e-03  ,1.497084859873e+01  ,2.848356209091e+00  ,1.003310134494e+01  
  6.382989729874e-03  ,1.501195702601e+01  ,2.873361593458e+00  ,1.012124281149e+01  
  6.383616198532e-03  ,1.499229259524e+01  ,2.923350711274e+00  ,1.029729094438e+01  
  6.384715594284e-03  ,1.499816071211e+01  ,3.010844640378e+00  ,1.060548362446e+01  
  6.386914385788e-03  ,1.500018803118e+01  ,3.185020401721e+00  ,1.121899392632e+01  
  6.391311968796e-03  ,1.499992854763e+01  ,3.530131096229e+00  ,1.243459247867e+01  
  6.392010000020e-03  ,1.500001312576e+01  ,3.584515085056e+00  ,1.262615198053e+01  
  6.392011000018e-03  ,1.442323047589e+01  ,3.584445565904e+00  ,1.262642612666e+01  
  6.392013000126e-03  ,1.321550480257e+01  ,3.584214347282e+00  ,1.262697437991e+01  
  6.392017000343e-03  ,1.067413291679e+01  ,3.583770331559e+00  ,1.262807118512e+01  
  6.392020000020e-03  ,8.649181155793e+00  ,3.583497700347e+00  ,1.262889358702e+01  
  6.392020800063e-03  ,8.545484335557e+00  ,3.583552188141e+00  ,1.262911288915e+01  
  6.392022400076e-03  ,8.340587566890e+00  ,3.583747968777e+00  ,1.262955159312e+01  
  6.392025600100e-03  ,7.945359687358e+00  ,3.584273812370e+00  ,1.263042897070e+01  
  6.392032000149e-03  ,7.209790520629e+00  ,3.585368132159e+00  ,1.263218349480e+01  
  6.392044800246e-03  ,5.933924181205e+00  ,3.588321342916e+00  ,1.263569240372e+01  
  6.392058726871e-03  ,4.792935229794e+00  ,3.598167682283e+00  ,1.263950908503e+01  
  6.392067645216e-03  ,4.356522877271e+00  ,1.396916832277e+01  ,1.264131255699e+01  
  6.392076016689e-03  ,4.341951627755e+00  ,4.349838614167e+01  ,1.264137424924e+01  
  6.392082296038e-03  ,4.134669720794e+00  ,5.281184040679e+01  ,3.913003917873e-02  
  6.392085567215e-03  ,3.936795095588e+00  ,5.284121163191e+01  ,-2.061431981669e-01  
  6.392087136680e-03  ,3.843927286404e+00  ,5.282288014029e+01  ,-4.148529804971e-03  
  6.392090275610e-03  ,3.665319269793e+00  ,5.282605316057e+01  ,1.014274497571e-02  
  6.392096553469e-03  ,3.332200340541e+00  ,5.283583141120e+01  ,5.649255884669e-03  
  6.392109109187e-03  ,2.751503499844e+00  ,5.285461899788e+01  ,4.594152314200e-03  
  6.392134220624e-03  ,1.861865003312e+00  ,5.289211684573e+01  ,3.314245635111e-03  
  6.392175371671e-03  ,9.415055938666e-01  ,5.295342176553e+01  ,1.972091138483e-03  
  6.392221362615e-03  ,4.554935242922e-01  ,5.302173304534e+01  ,1.262097648997e-03  
  6.392269451642e-03  ,1.918528046599e-01  ,5.309295780794e+01  ,8.761260823369e-04  
  6.392324353481e-03  ,8.009762365500e-02  ,5.317403450877e+01  ,7.112171095660e-04  
  6.392413045192e-03  ,6.895382129727e-03  ,5.330451385074e+01  ,6.012254767845e-04  
  6.392507840419e-03  ,2.597192381978e-03  ,5.344330268482e+01  ,5.914312319849e-04  
  6.392697430873e-03  ,7.898382207707e-04  ,5.371882702868e+01  ,5.817456858499e-04  
  6.392919017101e-03  ,1.962511673179e-03  ,5.403737322005e+01  ,5.753018079905e-04  
  6.393362189556e-03  ,1.917756123884e-03  ,5.466315670864e+01  ,5.589840000579e-04  
  6.394248534465e-03  ,1.421587352799e-03  ,5.586915025684e+01  ,5.265294117842e-04  
  6.396021224285e-03  ,1.581606760234e-03  ,5.809616283216e+01  ,4.652936909090e-04  
  6.399566603923e-03  ,9.470109092477e-04  ,6.179667459985e+01  ,3.495749193102e-04  
  6.402000000020e-03  ,1.006377697532e-03  ,6.374947410642e+01  ,2.787345203328e-04  
  6.402001000018e-03  ,5.776501343517e-01  ,6.375031060042e+01  ,-1.012296191226e-03  
  6.402001884681e-03  ,1.095178726418e+00  ,6.375105414443e+01  ,-2.187835375547e-03  
  6.402003654008e-03  ,2.159988408883e+00  ,6.375253809617e+01  ,-4.504498929018e-03  
  6.402007192661e-03  ,4.411828886043e+00  ,6.375548914825e+01  ,-8.958030108594e-03  
  6.402010000020e-03  ,6.311349268522e+00  ,6.375781485351e+01  ,-1.232629096735e-02  
  6.402010707751e-03  ,6.403636835905e+00  ,6.375830597792e+01  ,-1.224677196273e-02  
  6.402012123175e-03  ,6.586246659820e+00  ,6.375927773481e+01  ,-1.198681799860e-02  
  6.402014954023e-03  ,6.940000514687e+00  ,6.376122069849e+01  ,-1.146864421219e-02  
  6.402020615719e-03  ,7.603722186710e+00  ,6.376511093501e+01  ,-1.050156265056e-02  
  6.402031939111e-03  ,8.776149562107e+00  ,6.377290385658e+01  ,-8.793493401058e-03  
  6.402043345950e-03  ,9.773052742366e+00  ,6.378076773677e+01  ,-7.341204830160e-03  
  6.402051382147e-03  ,9.973456750603e+00  ,4.102452568477e+01  ,9.859068897499e+00  
  6.402059054754e-03  ,1.000027399062e+01  ,1.066087612651e+01  ,9.859242458167e+00  
  6.402063364915e-03  ,1.018852040570e+01  ,3.396424844756e+00  ,9.860158877450e+00  
  6.402067447088e-03  ,1.046801828021e+01  ,2.663462038660e+00  ,9.861236941235e+00  
  6.402069767944e-03  ,1.062535591881e+01  ,2.744849221755e+00  ,9.861885969036e+00  
  6.402072700865e-03  ,1.081621907807e+01  ,2.800158579758e+00  ,9.862709968128e+00  
  6.402078566707e-03  ,1.117284447462e+01  ,2.809842374003e+00  ,9.864359799178e+00  
  6.402090298392e-03  ,1.179810604075e+01  ,2.799347105905e+00  ,9.867667364733e+00  
  6.402102548636e-03  ,1.234541197336e+01  ,2.803560082039e+00  ,9.871121545936e+00  
  6.402127049125e-03  ,1.317733856218e+01  ,2.805785810992e+00  ,9.878029561883e+00  
  6.402176050104e-03  ,1.416499164424e+01  ,2.808181872080e+00  ,9.891844393885e+00  
  6.402274052061e-03  ,1.497630808140e+01  ,2.816081086461e+00  ,9.919468762395e+00  
  6.402402345098e-03  ,1.499972996712e+01  ,2.826358330863e+00  ,9.955620176122e+00  
  6.402627531446e-03  ,1.500014041127e+01  ,2.844340342559e+00  ,1.001904312278e+01  
  6.402866903700e-03  ,1.500012416636e+01  ,2.863479661082e+00  ,1.008641704465e+01  
  6.403345648207e-03  ,1.500021786317e+01  ,2.901695915195e+00  ,1.022102763350e+01  
  6.404303137220e-03  ,1.500027054189e+01  ,2.977972699102e+00  ,1.048970080434e+01  
  6.406218115248e-03  ,1.500036922746e+01  ,3.129905826963e+00  ,1.102486172721e+01  
  6.410048071302e-03  ,1.500039021070e+01  ,3.431307478837e+00  ,1.208650231149e+01  
  6.412010000020e-03  ,1.499973150752e+01  ,3.584437476311e+00  ,1.262587825673e+01  
  6.412011000018e-03  ,1.442054658526e+01  ,3.584368772632e+00  ,1.262615240508e+01  
  6.412013000126e-03  ,1.321289993882e+01  ,3.584137855416e+00  ,1.262670065160e+01  
  6.412017000343e-03  ,1.067168055026e+01  ,3.583693942576e+00  ,1.262779746668e+01  
  6.412020000020e-03  ,8.646837885993e+00  ,3.583421310097e+00  ,1.262861987087e+01  
  6.412020800063e-03  ,8.543169160437e+00  ,3.583475826159e+00  ,1.262883917354e+01  
  6.412022400076e-03  ,8.338327904885e+00  ,3.583671657819e+00  ,1.262927787880e+01  
  6.412025600100e-03  ,7.943207105974e+00  ,3.584197614761e+00  ,1.263015525891e+01  
  6.412032000149e-03  ,7.207837232502e+00  ,3.585292297088e+00  ,1.263190978779e+01  
  6.412044800246e-03  ,5.932316600077e+00  ,3.588247625892e+00  ,1.263541870627e+01  
  6.412058725381e-03  ,4.791748199867e+00  ,3.598118871904e+00  ,1.263923498719e+01  
  6.412067643726e-03  ,4.356438600461e+00  ,1.402558880336e+01  ,1.264103396998e+01  
  6.412076013708e-03  ,4.341999648374e+00  ,4.355873406661e+01  ,1.264109183462e+01  
  6.412082285607e-03  ,4.134176309804e+00  ,5.281300851203e+01  ,3.570955719246e-02  
  6.412085556040e-03  ,3.936356853333e+00  ,5.284193545824e+01  ,-2.052255343646e-01  
  6.412087126808e-03  ,3.843424945104e+00  ,5.282369307340e+01  ,-4.086756262203e-03  
  6.412090268346e-03  ,3.664695279803e+00  ,5.282687816945e+01  ,1.012120709367e-02  
  6.412096551420e-03  ,3.331368314711e+00  ,5.283666171431e+01  ,5.646818188544e-03  
  6.412109117569e-03  ,2.751972536050e+00  ,5.285551235135e+01  ,4.426222158224e-03  
  6.412134249868e-03  ,1.871438089120e+00  ,5.289302720356e+01  ,3.513949091782e-03  
  6.412173517408e-03  ,9.861194051221e-01  ,5.295156073049e+01  ,2.037862203649e-03  
  6.412218125524e-03  ,4.423472327968e-01  ,5.301783259181e+01  ,1.242932985910e-03  
  6.412263627710e-03  ,1.762331643954e-01  ,5.308524015476e+01  ,8.535476097516e-04  
  6.412332757177e-03  ,5.622248581562e-02  ,5.318731272041e+01  ,6.760760042789e-04  
  6.412413843336e-03  ,4.603755572953e-03  ,5.330656647776e+01  ,5.978208008369e-04  
  6.412510164441e-03  ,-7.865807437191e-03  ,5.344757119466e+01  ,5.760578074439e-04  
  6.412702806653e-03  ,-5.375771892092e-03  ,5.372745815043e+01  ,5.725268917001e-04  
  6.412993534269e-03  ,4.389405137233e-03  ,5.414448650717e+01  ,5.760602016481e-04  
  6.413574989499e-03  ,-2.591295656446e-05  ,5.495905843276e+01  ,5.484291078579e-04  
  6.414478691282e-03  ,1.129562980249e-03  ,5.617295575110e+01  ,5.177606485260e-04  
  6.415734680356e-03  ,1.471534740982e-03  ,5.775351526625e+01  ,4.747354873175e-04  
  6.418246658506e-03  ,1.202694852634e-03  ,6.053774641449e+01  ,3.920953603896e-04  
  6.422000000020e-03  ,8.925009657646e-04  ,6.374982974124e+01  ,2.766110497858e-04  
  6.422001000018e-03  ,5.775379139776e-01  ,6.375066618847e+01  ,-1.013357876520e-03  
  6.422001884774e-03  ,1.095123119401e+00  ,6.375140973532e+01  ,-2.187750807417e-03  
  6.422003654287e-03  ,2.160052327751e+00  ,6.375289398266e+01  ,-4.504946935687e-03  
  6.422007193313e-03  ,4.412156746259e+00  ,6.375584556640e+01  ,-8.958959952014e-03  
  6.422010000020e-03  ,6.312035520730e+00  ,6.375817080462e+01  ,-1.232525562561e-02  
  6.422010707825e-03  ,6.404325412039e+00  ,6.375866202632e+01  ,-1.224574552564e-02  
  6.422012123435e-03  ,6.586944385332e+00  ,6.375963400003e+01  ,-1.198578280024e-02  
  6.422014954656e-03  ,6.940714493635e+00  ,6.376157740179e+01  ,-1.146758292122e-02  
  6.422020617097e-03  ,7.604461123112e+00  ,6.376546851147e+01  ,-1.050046440964e-02  
  6.422031941980e-03  ,8.776914090127e+00  ,6.377326318045e+01  ,-8.792357835550e-03  
  6.422043351799e-03  ,9.773936544475e+00  ,6.378112984338e+01  ,-7.339896112965e-03  
  6.422051390975e-03  ,9.973501032386e+00  ,4.096794537560e+01  ,9.859416039404e+00  
  6.422059066564e-03  ,1.000035741439e+01  ,1.059460966185e+01  ,9.859592721256e+00  
  6.422063370764e-03  ,1.018929610793e+01  ,3.392270753323e+00  ,9.860508767842e+00  
  6.422067442506e-03  ,1.046809603351e+01  ,2.664441318372e+00  ,9.861585884149e+00  
  6.422069765225e-03  ,1.062554898565e+01  ,2.745228438664e+00  ,9.862235402078e+00  
  6.422072703734e-03  ,1.081675607592e+01  ,2.800275481636e+00  ,9.863060950929e+00  
  6.422078580752e-03  ,1.117398643234e+01  ,2.809903974777e+00  ,9.864713926830e+00  
  6.422090334788e-03  ,1.180015569255e+01  ,2.799473354835e+00  ,9.868027784933e+00  
  6.422102637186e-03  ,1.234925704254e+01  ,2.803666695825e+00  ,9.871496658406e+00  
  6.422127241984e-03  ,1.318295911963e+01  ,2.805892904334e+00  ,9.878434057888e+00  
  6.422176451578e-03  ,1.417061937139e+01  ,2.808313973321e+00  ,9.892307646420e+00  
  6.422274870768e-03  ,1.497932734825e+01  ,2.816244771725e+00  ,9.920049478767e+00  
  6.422403235331e-03  ,1.499977714069e+01  ,2.826528699096e+00  ,9.956220833120e+00  
  6.422629327669e-03  ,1.500012860193e+01  ,2.844583322795e+00  ,1.001989848185e+01  
  6.422869129076e-03  ,1.500011421035e+01  ,2.863756620175e+00  ,1.008739257015e+01  
  6.423348731890e-03  ,1.500019410704e+01  ,2.902040970610e+00  ,1.022224300123e+01  
  6.424307937517e-03  ,1.500023894258e+01  ,2.978453385625e+00  ,1.049139389738e+01  
  6.426226348772e-03  ,1.500032299215e+01  ,3.130655560414e+00  ,1.102750246984e+01  
  6.430063171282e-03  ,1.500034068033e+01  ,3.432586525720e+00  ,1.209100747346e+01  
  6.432010000020e-03  ,1.499977506758e+01  ,3.584534113707e+00  ,1.262621872186e+01  
  6.432011000018e-03  ,1.442098544830e+01  ,3.584465278977e+00  ,1.262649286891e+01  
  6.432013000126e-03  ,1.321332587960e+01  ,3.584234313183e+00  ,1.262704111537e+01  
  6.432017000343e-03  ,1.067208155510e+01  ,3.583790384730e+00  ,1.262813792505e+01  
  6.432020000020e-03  ,8.647221051645e+00  ,3.583517753854e+00  ,1.262896032634e+01  
  6.432020800063e-03  ,8.543547732136e+00  ,3.583572266510e+00  ,1.262917962825e+01  
  6.432022400076e-03  ,8.338697399253e+00  ,3.583768092016e+00  ,1.262961833196e+01  
  6.432025600100e-03  ,7.943559090847e+00  ,3.584294033740e+00  ,1.263049570897e+01  
  6.432032000149e-03  ,7.208156629589e+00  ,3.585388665452e+00  ,1.263225023169e+01  
  6.432044800246e-03  ,5.932579468609e+00  ,3.588343685034e+00  ,1.263575913786e+01  
  6.432058725381e-03  ,4.791960450720e+00  ,3.598210599744e+00  ,1.263957540580e+01  
  6.432067642236e-03  ,4.356461750646e+00  ,1.401017768873e+01  ,1.264137529619e+01  
  6.432076012218e-03  ,4.341989610281e+00  ,4.354099697452e+01  ,1.264143426531e+01  
  6.432082284862e-03  ,4.134421807380e+00  ,5.281317788847e+01  ,3.703760319938e-02  
  6.432085554922e-03  ,3.936617123491e+00  ,5.284227387601e+01  ,-2.055554990155e-01  
  6.432087124946e-03  ,3.843721896351e+00  ,5.282399929096e+01  ,-4.110659011061e-03  
  6.432090264993e-03  ,3.665061239984e+00  ,5.282717910237e+01  ,1.012962294268e-02  
  6.432096545087e-03  ,3.331852216897e+00  ,5.283695936400e+01  ,5.648033532172e-03  
  6.432109105276e-03  ,2.751026033201e+00  ,5.285575337705e+01  ,4.593503763625e-03  
  6.432134225653e-03  ,1.861268972671e+00  ,5.289326422810e+01  ,3.313367694294e-03  
  6.432175364779e-03  ,9.413938865002e-01  ,5.295455084124e+01  ,1.971917188502e-03  
  6.432221355723e-03  ,4.554395828355e-01  ,5.302286155595e+01  ,1.262008038573e-03  
  6.432269444751e-03  ,1.918301984294e-01  ,5.309408572726e+01  ,8.760820500310e-04  
  6.432324358510e-03  ,8.007117022713e-02  ,5.317517932823e+01  ,7.111670504976e-04  
  6.432413050221e-03  ,6.889663893778e-03  ,5.330565748204e+01  ,6.012056126719e-04  
  6.432507857369e-03  ,2.595929149529e-03  ,5.344446244075e+01  ,5.914174522723e-04  
  6.432697471665e-03  ,7.907448794283e-04  ,5.372001846340e+01  ,5.817341692018e-04  
  6.432919081734e-03  ,1.962301595410e-03  ,5.403859496228e+01  ,5.752878150249e-04  
  6.433362301873e-03  ,1.917493171791e-03  ,5.466443632604e+01  ,5.589682280171e-04  
  6.434248742150e-03  ,1.421716253410e-03  ,5.587053458481e+01  ,5.265109564468e-04  
  6.436021622704e-03  ,1.581402502130e-03  ,5.809771186183e+01  ,4.652686111922e-04  
  6.439567383813e-03  ,9.470356980099e-04  ,6.179837297825e+01  ,3.495393593422e-04  
  6.442000000020e-03  ,1.006220727995e-03  ,6.375040351030e+01  ,2.787233059143e-04  
  6.442001000018e-03  ,5.776499792312e-01  ,6.375123997543e+01  ,-1.012307933984e-03  
  6.442001884681e-03  ,1.095178572900e+00  ,6.375198349393e+01  ,-2.187847755707e-03  
  6.442003654008e-03  ,2.159988258508e+00  ,6.375346739447e+01  ,-4.504511145872e-03  
  6.442007192661e-03  ,4.411828741712e+00  ,6.375641834417e+01  ,-8.958042272132e-03  
  6.442010000020e-03  ,6.311349128763e+00  ,6.375874396820e+01  ,-1.232630311311e-02  
  6.442010707751e-03  ,6.403636697260e+00  ,6.375923507209e+01  ,-1.224678375630e-02  
  6.442012123175e-03  ,6.586246523382e+00  ,6.376020678798e+01  ,-1.198682971185e-02  
  6.442014954023e-03  ,6.940000382524e+00  ,6.376214966969e+01  ,-1.146865595683e-02  
  6.442020615719e-03  ,7.603722062568e+00  ,6.376603974223e+01  ,-1.050157438686e-02  
  6.442031939111e-03  ,8.776149452130e+00  ,6.377383233572e+01  ,-8.793505126094e-03  
  6.442043345950e-03  ,9.773052644432e+00  ,6.378169588525e+01  ,-7.341216542738e-03  
  6.442051382147e-03  ,9.973456072026e+00  ,4.102541134986e+01  ,9.859021928090e+00  
  6.442059054754e-03  ,1.000027245774e+01  ,1.066169804015e+01  ,9.859195422253e+00  
  6.442063364915e-03  ,1.018850494615e+01  ,3.396478368170e+00  ,9.860111854245e+00  
  6.442067447088e-03  ,1.046800290375e+01  ,2.663441603698e+00  ,9.861189888759e+00  
  6.442069767944e-03  ,1.062534108677e+01  ,2.744831536354e+00  ,9.861838917141e+00  
  6.442072700493e-03  ,1.081618126025e+01  ,2.800142822118e+00  ,9.862662812663e+00  
  6.442078565590e-03  ,1.117276649585e+01  ,2.809829652926e+00  ,9.864312435040e+00  
  6.442090295784e-03  ,1.179955276463e+01  ,2.804830988526e+00  ,9.867616239537e+00  
  6.442110153071e-03  ,1.263730941855e+01  ,2.803478764890e+00  ,9.873215124280e+00  
  6.442149867646e-03  ,1.373113317131e+01  ,2.807617594568e+00  ,9.884412471852e+00  
  6.442229296796e-03  ,1.477143192234e+01  ,2.812612941531e+00  ,9.906803699000e+00  
  6.442346741788e-03  ,1.516365116989e+01  ,2.821810054281e+00  ,9.939902847404e+00  
  6.442519833676e-03  ,1.497793618896e+01  ,2.835740977977e+00  ,9.988664952043e+00  
  6.442676450841e-03  ,1.497085221252e+01  ,2.848260780188e+00  ,1.003276521788e+01  
  6.442989685170e-03  ,1.501195555367e+01  ,2.873266251876e+00  ,1.012090698320e+01  
  6.443616153829e-03  ,1.499229355586e+01  ,2.923255537936e+00  ,1.029695571289e+01  
  6.444715549580e-03  ,1.499816094668e+01  ,3.010749764005e+00  ,1.060514943763e+01  
  6.446914341084e-03  ,1.500018801487e+01  ,3.184926115903e+00  ,1.121866181914e+01  
  6.451311924092e-03  ,1.499992856335e+01  ,3.530037980269e+00  ,1.243426449206e+01  
  6.452010000020e-03  ,1.500001312801e+01  ,3.584425632911e+00  ,1.262583689911e+01  
  6.452011000018e-03  ,1.442323049348e+01  ,3.584356114536e+00  ,1.262611104614e+01  
  6.452013000126e-03  ,1.321550481963e+01  ,3.584124896433e+00  ,1.262665930118e+01  
  6.452017000343e-03  ,1.067413293283e+01  ,3.583680880032e+00  ,1.262775610997e+01  
  6.452020000020e-03  ,8.649181171084e+00  ,3.583408246896e+00  ,1.262857851456e+01  
  6.452020800063e-03  ,8.545484350645e+00  ,3.583462733482e+00  ,1.262879781740e+01  
  6.452022400076e-03  ,8.340587581579e+00  ,3.583658511849e+00  ,1.262923652280e+01  
  6.452025600100e-03  ,7.945359701281e+00  ,3.584184351874e+00  ,1.263011390324e+01  
  6.452032000149e-03  ,7.209790533089e+00  ,3.585278662396e+00  ,1.263186843307e+01  
  6.452044800246e-03  ,5.933924190771e+00  ,3.588231833262e+00  ,1.263537735344e+01  
  6.452058726871e-03  ,4.792935233674e+00  ,3.598077937427e+00  ,1.263919404724e+01  
  6.452067645216e-03  ,4.356520925915e+00  ,1.396896091756e+01  ,1.264099754370e+01  
  6.452076016689e-03  ,4.341949692530e+00  ,4.349816346075e+01  ,1.264105924960e+01  
  6.452082296038e-03  ,4.134673172521e+00  ,5.281196360754e+01  ,3.915746935993e-02  
  6.452085567215e-03  ,3.936798468768e+00  ,5.284133815486e+01  ,-2.061501584317e-01  
  6.452087136680e-03  ,3.843930567224e+00  ,5.282300588665e+01  ,-4.148983438582e-03  
  6.452090275610e-03  ,3.665322395048e+00  ,5.282617864257e+01  ,1.014285051530e-02  
  6.452096553469e-03  ,3.332203176218e+00  ,5.283595649087e+01  ,5.649240279576e-03  
  6.452109109187e-03  ,2.751505828464e+00  ,5.285474324723e+01  ,4.594128900665e-03  
  6.452134220624e-03  ,1.861866553781e+00  ,5.289223943226e+01  ,3.314221586163e-03  
  6.452175371671e-03  ,9.415063385029e-01  ,5.295354162786e+01  ,1.972065987703e-03  
  6.452221362615e-03  ,4.554938427497e-01  ,5.302184986473e+01  ,1.262071935807e-03  
  6.452269451642e-03  ,1.918528919673e-01  ,5.309307144812e+01  ,8.761000957417e-04  
  6.452324353481e-03  ,8.009761303013e-02  ,5.317414452259e+01  ,7.111910503503e-04  
  6.452413045192e-03  ,6.895307434929e-03  ,5.330461801372e+01  ,6.011994388902e-04  
  6.452507840419e-03  ,2.597114058050e-03  ,5.344340060450e+01  ,5.914053082107e-04  
  6.452697430873e-03  ,7.897585970949e-04  ,5.371891249387e+01  ,5.817200006446e-04  
  6.452919017101e-03  ,1.962433417420e-03  ,5.403744418377e+01  ,5.752763976135e-04  
  6.453362189556e-03  ,1.917678526249e-03  ,5.466319885265e+01  ,5.589591324869e-04  
  6.454248534465e-03  ,1.421510788529e-03  ,5.586913552404e+01  ,5.265055683009e-04  
  6.456021224285e-03  ,1.581533552803e-03  ,5.809603765931e+01  ,4.652717525724e-04  
  6.459566603923e-03  ,9.469445656087e-04  ,6.179634365351e+01  ,3.495562637647e-04  
  6.462000000020e-03  ,1.006317138805e-03  ,6.374901480972e+01  ,2.787176098243e-04  
  6.462001000018e-03  ,5.776500737948e-01  ,6.374985125337e+01  ,-1.012312834427e-03  
  6.462001884681e-03  ,1.095178665864e+00  ,6.375059475287e+01  ,-2.187851985865e-03  
  6.462003654008e-03  ,2.159988348333e+00  ,6.375207861558e+01  ,-4.504515550224e-03  
  6.462007192661e-03  ,4.411828825502e+00  ,6.375502948960e+01  ,-8.958046739361e-03  
  6.462010000020e-03  ,6.311349207988e+00  ,6.375735505361e+01  ,-1.232630760368e-02  
  6.462010707751e-03  ,6.403636775371e+00  ,6.375784614236e+01  ,-1.224678880917e-02  
  6.462012123175e-03  ,6.586246599287e+00  ,6.375881782789e+01  ,-1.198683488755e-02  
  6.462014954023e-03  ,6.940000454155e+00  ,6.376076064885e+01  ,-1.146866107936e-02  
  6.462020615719e-03  ,7.603722126182e+00  ,6.376465060000e+01  ,-1.050157950859e-02  
  6.462031939111e-03  ,8.776149501589e+00  ,6.377244295101e+01  ,-8.793510247927e-03  
  6.462043345950e-03  ,9.773052681862e+00  ,6.378030625674e+01  ,-7.341221664149e-03  
  6.462051382147e-03  ,9.973455305064e+00  ,4.102394778264e+01  ,9.858771888948e+00  
  6.462059054754e-03  ,1.000027288962e+01  ,1.066031438084e+01  ,9.858945484710e+00  
  6.462063364915e-03  ,1.018852744561e+01  ,3.396307094134e+00  ,9.859861899911e+00  
  6.462067447088e-03  ,1.046802533762e+01  ,2.663382220168e+00  ,9.860939984826e+00  
  6.462069767944e-03  ,1.062536271164e+01  ,2.744766521982e+00  ,9.861589014312e+00  
  6.462072700865e-03  ,1.081622556165e+01  ,2.800074142207e+00  ,9.862413015851e+00  
  6.462078566707e-03  ,1.117285040778e+01  ,2.809757831402e+00  ,9.864062851945e+00  
  6.462090298392e-03  ,1.179811100766e+01  ,2.799262860329e+00  ,9.867370427409e+00  
  6.462102548636e-03  ,1.234541609079e+01  ,2.803475753009e+00  ,9.870824618941e+00  
  6.462127049125e-03  ,1.317734138948e+01  ,2.805701493546e+00  ,9.877732655548e+00  
  6.462176050104e-03  ,1.416499293988e+01  ,2.808097591466e+00  ,9.891547528857e+00  
  6.462274052061e-03  ,1.497630811851e+01  ,2.815996829213e+00  ,9.919171979957e+00  
  6.462402345098e-03  ,1.499972996780e+01  ,2.826274104405e+00  ,9.955323501761e+00  
  6.462627531446e-03  ,1.500014041131e+01  ,2.844256169988e+00  ,1.001874663803e+01  
  6.462866903700e-03  ,1.500012416642e+01  ,2.863395545669e+00  ,1.008612076131e+01  
  6.463345648207e-03  ,1.500021786308e+01  ,2.901611914038e+00  ,1.022073175259e+01  
  6.464303137220e-03  ,1.500027054171e+01  ,2.977888925989e+00  ,1.048940572664e+01  
  6.466218115248e-03  ,1.500036922713e+01  ,3.129822508081e+00  ,1.102456824939e+01  
  6.470048071302e-03  ,1.500039021034e+01  ,3.431225061037e+00  ,1.208621200749e+01  
  6.472010000020e-03  ,1.499973150814e+01  ,3.584355516301e+00  ,1.262558956523e+01  
  6.472011000018e-03  ,1.442054658984e+01  ,3.584286813327e+00  ,1.262586371440e+01  
  6.472013000126e-03  ,1.321289994327e+01  ,3.584055896587e+00  ,1.262641196256e+01  
  6.472017000343e-03  ,1.067168055443e+01  ,3.583611983125e+00  ,1.262750878091e+01  
  6.472020000020e-03  ,8.646837889942e+00  ,3.583339348881e+00  ,1.262833118756e+01  
  6.472020800063e-03  ,8.543169164321e+00  ,3.583393863837e+00  ,1.262855049088e+01  
  6.472022400076e-03  ,8.338327908640e+00  ,3.583589693417e+00  ,1.262898919745e+01  
  6.472025600100e-03  ,7.943207109489e+00  ,3.584115647086e+00  ,1.262986658019e+01  
  6.472032000149e-03  ,7.207837235530e+00  ,3.585210320914e+00  ,1.263162111431e+01  
  6.472044800246e-03  ,5.932316601939e+00  ,3.588165613122e+00  ,1.263513004329e+01  
  6.472058725381e-03  ,4.791748197837e+00  ,3.598036643048e+00  ,1.263894633565e+01  
  6.472067643726e-03  ,4.356436811802e+00  ,1.402539900768e+01  ,1.264074534063e+01  
  6.472076013708e-03  ,4.341997876849e+00  ,4.355853043915e+01  ,1.264080321593e+01  
  6.472082285607e-03  ,4.134171061132e+00  ,5.281262799801e+01  ,3.569127002117e-02  
  6.472085556040e-03  ,3.936351792992e+00  ,5.284155262259e+01  ,-2.052224514006e-01  
  6.472087126808e-03  ,3.843420007417e+00  ,5.282331044863e+01  ,-4.086585860620e-03  
  6.472090268346e-03  ,3.664690568270e+00  ,5.282649541194e+01  ,1.012113802723e-02  
  6.472096551420e-03  ,3.331364025311e+00  ,5.283627863793e+01  ,5.646792523936e-03  
  6.472109117569e-03  ,2.751968982568e+00  ,5.285512864314e+01  ,4.426201953711e-03  
  6.472134249868e-03  ,1.871435654086e+00  ,5.289264223389e+01  ,3.513926195988e-03  
  6.472173517408e-03  ,9.861180946266e-01  ,5.295117379135e+01  ,2.037843147110e-03  
  6.472218125524e-03  ,4.423466130502e-01  ,5.301744341906e+01  ,1.242914988406e-03  
  6.472263627710e-03  ,1.762328827402e-01  ,5.308484870743e+01  ,8.535301516133e-04  
  6.472332757177e-03  ,5.622235673231e-02  ,5.318691782473e+01  ,6.760588412734e-04  
  6.472413843336e-03  ,4.603692221259e-03  ,5.330616754853e+01  ,5.978038193306e-04  
  6.472510164441e-03  ,-7.865854748704e-03  ,5.344716748985e+01  ,5.760409503836e-04  
  6.472702806653e-03  ,-5.375821959419e-03  ,5.372704494619e+01  ,5.725102313091e-04  
  6.472993534269e-03  ,4.389343285952e-03  ,5.414405909808e+01  ,5.760438206597e-04  
  6.473574989499e-03  ,-2.596794478443e-05  ,5.495860309368e+01  ,5.484133180218e-04  
  6.474478691282e-03  ,1.129508517976e-03  ,5.617245829877e+01  ,5.177457281613e-04  
  6.475734680356e-03  ,1.471482694390e-03  ,5.775296196578e+01  ,4.747216993637e-04  
  6.478246658506e-03  ,1.202649084234e-03  ,6.053709108018e+01  ,3.920835959695e-04  
  6.482000000020e-03  ,8.924649126423e-04  ,6.374904698070e+01  ,2.766019704487e-04  
  6.482001000018e-03  ,5.775378779292e-01  ,6.374988339809e+01  ,-1.013366670786e-03  
  6.482001884774e-03  ,1.095123083357e+00  ,6.375062691856e+01  ,-2.187759585374e-03  
  6.482003654287e-03  ,2.160052291714e+00  ,6.375211111318e+01  ,-4.504955722758e-03  
  6.482007193313e-03  ,4.412156710236e+00  ,6.375506259146e+01  ,-8.958968754619e-03  
  6.482010000020e-03  ,6.312035484719e+00  ,6.375738774607e+01  ,-1.232526443831e-02  
  6.482010707825e-03  ,6.404325376031e+00  ,6.375787894666e+01  ,-1.224575466490e-02  
  6.482012123435e-03  ,6.586944349326e+00  ,6.375885087808e+01  ,-1.198579200748e-02  
  6.482014954656e-03  ,6.940714457637e+00  ,6.376079419528e+01  ,-1.146759209441e-02  
  6.482020617097e-03  ,7.604461087128e+00  ,6.376468513590e+01  ,-1.050047357386e-02  
  6.482031941980e-03  ,8.776914054171e+00  ,6.377247946697e+01  ,-8.792366986378e-03  
  6.482043351799e-03  ,9.773936508549e+00  ,6.378034578979e+01  ,-7.339905250679e-03  
  6.482051390975e-03  ,9.973500110513e+00  ,4.096708330374e+01  ,9.859187174088e+00  
  6.482059066564e-03  ,1.000035715008e+01  ,1.059378865142e+01  ,9.859363913763e+00  
  6.482063370764e-03  ,1.018930859967e+01  ,3.392148998218e+00  ,9.860279950818e+00  
  6.482067441761e-03  ,1.046805817212e+01  ,2.664424038278e+00  ,9.861356907430e+00  
  6.482069764107e-03  ,1.062548734210e+01  ,2.745170527478e+00  ,9.862006323864e+00  
  6.482072702989e-03  ,1.081672068500e+01  ,2.800211305850e+00  ,9.862831978691e+00  
  6.482078580752e-03  ,1.117399742989e+01  ,2.809837806340e+00  ,9.864485167898e+00  
  6.482090336278e-03  ,1.180183175840e+01  ,2.804869982755e+00  ,9.867796110333e+00  
  6.482110285952e-03  ,1.264237521721e+01  ,2.803539483445e+00  ,9.873421034819e+00  
  6.482150185302e-03  ,1.373775218867e+01  ,2.807680644184e+00  ,9.884670453538e+00  
  6.482229984000e-03  ,1.477643168344e+01  ,2.812713168576e+00  ,9.907165789679e+00  
  6.482347440913e-03  ,1.516398461198e+01  ,2.821913679035e+00  ,9.940268178166e+00  
  6.482521176532e-03  ,1.497759248039e+01  ,2.835896219536e+00  ,9.989211404602e+00  
  6.482677960589e-03  ,1.497074689258e+01  ,2.848429235024e+00  ,1.003335841042e+01  
  6.482991528704e-03  ,1.501201148355e+01  ,2.873461139823e+00  ,1.012159353103e+01  
  6.483618664935e-03  ,1.499225341862e+01  ,2.923503333425e+00  ,1.029782847158e+01  
  6.484720540240e-03  ,1.499815335636e+01  ,3.011193801892e+00  ,1.060671347974e+01  
  6.486924290850e-03  ,1.500018860377e+01  ,3.185758993716e+00  ,1.122159550247e+01  
  6.491331792071e-03  ,1.499992798700e+01  ,3.531634019178e+00  ,1.243988629190e+01  
  6.492010000020e-03  ,1.500001284146e+01  ,3.584472150931e+00  ,1.262600075216e+01  
  6.492011000018e-03  ,1.442323111754e+01  ,3.584402632034e+00  ,1.262627489871e+01  
  6.492013000126e-03  ,1.321550542532e+01  ,3.584171413619e+00  ,1.262682315289e+01  
  6.492017000343e-03  ,1.067413350307e+01  ,3.583727397577e+00  ,1.262791995976e+01  
  6.492020000020e-03  ,8.649181715975e+00  ,3.583454765409e+00  ,1.262874236295e+01  
  6.492020800063e-03  ,8.545484889013e+00  ,3.583509252623e+00  ,1.262896166542e+01  
  6.492022400076e-03  ,8.340588107058e+00  ,3.583705032163e+00  ,1.262940037007e+01  
  6.492025600100e-03  ,7.945360201895e+00  ,3.584230874014e+00  ,1.263027774903e+01  
  6.492032000149e-03  ,7.209790987444e+00  ,3.585325189269e+00  ,1.263203227588e+01  
  6.492044800246e-03  ,5.933924565070e+00  ,3.588278380372e+00  ,1.263554119029e+01  
  6.492058726871e-03  ,4.792935537884e+00  ,3.598124600264e+00  ,1.263935787761e+01  
  6.492067645216e-03  ,4.356521961977e+00  ,1.396905415947e+01  ,1.264116136219e+01  
  6.492076016689e-03  ,4.341950686271e+00  ,4.349826224278e+01  ,1.264122305798e+01  
  6.492082296038e-03  ,4.134654056230e+00  ,5.281086687849e+01  ,3.905384020145e-02  
  6.492085567588e-03  ,3.936757978884e+00  ,5.284023080732e+01  ,-2.061435641862e-01  
  6.492087137239e-03  ,3.843880196715e+00  ,5.282189939297e+01  ,-4.147229810553e-03  
  6.492090276541e-03  ,3.665253665894e+00  ,5.282507310959e+01  ,1.014227747010e-02  
  6.492096555145e-03  ,3.332102905680e+00  ,5.283485237307e+01  ,5.649073490669e-03  
  6.492109112354e-03  ,2.752955789862e+00  ,5.285369070014e+01  ,4.426559681937e-03  
  6.492134226771e-03  ,1.872632999824e+00  ,5.289118032624e+01  ,3.516849071093e-03  
  6.492173524113e-03  ,9.862437844484e-01  ,5.294976102444e+01  ,2.038083629411e-03  
  6.492218132229e-03  ,4.423641056274e-01  ,5.301603580112e+01  ,1.242992307359e-03  
  6.492263634415e-03  ,1.762195306461e-01  ,5.308344633112e+01  ,8.535629906083e-04  
  6.492332751961e-03  ,5.623186166127e-02  ,5.318550583633e+01  ,6.761252695875e-04  
  6.492413838120e-03  ,4.608153819475e-03  ,5.330476497273e+01  ,5.978627467636e-04  
  6.492510135384e-03  ,-7.861992179848e-03  ,5.344574128177e+01  ,5.760997044199e-04  
  6.492702729912e-03  ,-5.375620831252e-03  ,5.372557253418e+01  ,5.725650291074e-04  
  6.492993457528e-03  ,4.389468628862e-03  ,5.414262206987e+01  ,5.760979051898e-04  
  6.493574912759e-03  ,-2.580857923178e-05  ,5.495723691192e+01  ,5.484663228829e-04  
  6.494478328438e-03  ,1.129683503764e-03  ,5.617082812746e+01  ,5.178072431116e-04  
  6.495734317513e-03  ,1.471675873488e-03  ,5.775151323158e+01  ,4.747806365716e-04  
  6.498246295663e-03  ,1.202803340761e-03  ,6.053600385369e+01  ,3.921380267132e-04  
  6.502000000020e-03  ,8.926129435947e-04  ,6.374874441634e+01  ,2.766401901697e-04  
  6.502001000018e-03  ,5.775380256865e-01  ,6.374958094283e+01  ,-1.013328282047e-03  
  6.502001884774e-03  ,1.095123230889e+00  ,6.375032455979e+01  ,-2.187720687322e-03  
  6.502003654287e-03  ,2.160052438808e+00  ,6.375180894750e+01  ,-4.504916949111e-03  
  6.502007193313e-03  ,4.412156856486e+00  ,6.375476081194e+01  ,-8.958930010224e-03  
  6.502010000020e-03  ,6.312035630330e+00  ,6.375708627281e+01  ,-1.232522569709e-02  
  6.502010707825e-03  ,6.404325521488e+00  ,6.375757755076e+01  ,-1.224571598315e-02  
  6.502012123435e-03  ,6.586944494480e+00  ,6.375854963692e+01  ,-1.198575334373e-02  
  6.502014954656e-03  ,6.940714602202e+00  ,6.376049326356e+01  ,-1.146755342457e-02  
  6.502020617097e-03  ,7.604461230588e+00  ,6.376438482301e+01  ,-1.050043491630e-02  
  6.502031941980e-03  ,8.776914195676e+00  ,6.377218039156e+01  ,-8.792328338764e-03  
  6.502043351799e-03  ,9.773936648386e+00  ,6.378004796084e+01  ,-7.339866619481e-03  
  6.502051390975e-03  ,9.973503077194e+00  ,4.096701436351e+01  ,9.859696555395e+00  
  6.502059066564e-03  ,1.000036051431e+01  ,1.059376412024e+01  ,9.859873313278e+00  
  6.502063370764e-03  ,1.018931450582e+01  ,3.392272645805e+00  ,9.860789342613e+00  
  6.502067441761e-03  ,1.046806396233e+01  ,2.664569408244e+00  ,9.861866298470e+00  
  6.502069764480e-03  ,1.062551761456e+01  ,2.745317209851e+00  ,9.862515813755e+00  
  6.502072702989e-03  ,1.081672595646e+01  ,2.800353328663e+00  ,9.863341359840e+00  
  6.502078580007e-03  ,1.117395888437e+01  ,2.809982234673e+00  ,9.864994331157e+00  
  6.502090334043e-03  ,1.180013267936e+01  ,2.799554301956e+00  ,9.868308179962e+00  
  6.502102637931e-03  ,1.234929906163e+01  ,2.803746561604e+00  ,9.871777463747e+00  
  6.502127245709e-03  ,1.318307301856e+01  ,2.805972652389e+00  ,9.878715683867e+00  
  6.502176461264e-03  ,1.417075847387e+01  ,2.808394458263e+00  ,9.892590913403e+00  
  6.502274892375e-03  ,1.497941254300e+01  ,2.816326090811e+00  ,9.920336026379e+00  
  6.502403256938e-03  ,1.499977828492e+01  ,2.826610015617e+00  ,9.956507276349e+00  
  6.502629373118e-03  ,1.500012831414e+01  ,2.844666503004e+00  ,1.002019145403e+01  
  6.502869174525e-03  ,1.500011396797e+01  ,2.863839739079e+00  ,1.008768534294e+01  
  6.503348777339e-03  ,1.500019353045e+01  ,2.902123976513e+00  ,1.022253537565e+01  
  6.504307982966e-03  ,1.500023817616e+01  ,2.978536165881e+00  ,1.049168547668e+01  
  6.506226394221e-03  ,1.500032187118e+01  ,3.130737891204e+00  ,1.102779246539e+01  
  6.510063216731e-03  ,1.500033947991e+01  ,3.432667964569e+00  ,1.209129432724e+01  
  6.512010000020e-03  ,1.499977611622e+01  ,3.584611565189e+00  ,1.262649153455e+01  
  6.512011000018e-03  ,1.442099555446e+01  ,3.584542726803e+00  ,1.262676568082e+01  
  6.512013000126e-03  ,1.321333568819e+01  ,3.584311759457e+00  ,1.262731392578e+01  
  6.512017000343e-03  ,1.067209078948e+01  ,3.583867831217e+00  ,1.262841073232e+01  
  6.512020000020e-03  ,8.647229875253e+00  ,3.583595201995e+00  ,1.262923313129e+01  
  6.512020800063e-03  ,8.543556449969e+00  ,3.583649715589e+00  ,1.262945243258e+01  
  6.512022400076e-03  ,8.338705908084e+00  ,3.583845542862e+00  ,1.262989113505e+01  
  6.512025600100e-03  ,7.943567196522e+00  ,3.584371487238e+00  ,1.263076850958e+01  
  6.512032000149e-03  ,7.208163984965e+00  ,3.585466125584e+00  ,1.263252302735e+01  
  6.512044800246e-03  ,5.932585522771e+00  ,3.588421171624e+00  ,1.263603192359e+01  
  6.512058725381e-03  ,4.791965342341e+00  ,3.598288184811e+00  ,1.263984818074e+01  
  6.512067642236e-03  ,4.356463780298e+00  ,1.401012362027e+01  ,1.264164806842e+01  
  6.512076012218e-03  ,4.341991083803e+00  ,4.354091772833e+01  ,1.264170703935e+01  
  6.512082284862e-03  ,4.134410103971e+00  ,5.281230459414e+01  ,3.696887388551e-02  
  6.512085554922e-03  ,3.936605759663e+00  ,5.284139226233e+01  ,-2.055406237249e-01  
  6.512087124946e-03  ,3.843710825663e+00  ,5.282311922239e+01  ,-4.109714992087e-03  
  6.512090264993e-03  ,3.665050686056e+00  ,5.282629938478e+01  ,1.012938714915e-02  
  6.512096545087e-03  ,3.331842626507e+00  ,5.283608008288e+01  ,5.648040284602e-03  
  6.512109105276e-03  ,2.751018127837e+00  ,5.285487501829e+01  ,4.593526640952e-03  
  6.512134225653e-03  ,1.861263651932e+00  ,5.289238771816e+01  ,3.313393440697e-03  
  6.512175364779e-03  ,9.413912399750e-01  ,5.295367736018e+01  ,1.971946739752e-03  
  6.512221361684e-03  ,4.553916584362e-01  ,5.302200030320e+01  ,1.261971324228e-03  
  6.512269450711e-03  ,1.918056602960e-01  ,5.309322799222e+01  ,8.760793488810e-04  
  6.512324364470e-03  ,8.006111278858e-02  ,5.317432561228e+01  ,7.111853803289e-04  
  6.512413056182e-03  ,6.889088023659e-03  ,5.330481026035e+01  ,6.012376433687e-04  
  6.512507863330e-03  ,2.595908547476e-03  ,5.344362216386e+01  ,5.914501725769e-04  
  6.512697477626e-03  ,7.909559785745e-04  ,5.371919208027e+01  ,5.817669862097e-04  
  6.512919087695e-03  ,1.962358290238e-03  ,5.403778482338e+01  ,5.753201350634e-04  
  6.513362307833e-03  ,1.917550421070e-03  ,5.466365868657e+01  ,5.590000084214e-04  
  6.514248748111e-03  ,1.421827027726e-03  ,5.586982194563e+01  ,5.265418044005e-04  
  6.516021628665e-03  ,1.581470387315e-03  ,5.809712884207e+01  ,4.652975352687e-04  
  6.519567389773e-03  ,9.471389850151e-04  ,6.179804479338e+01  ,3.495651943569e-04  
  6.522000000020e-03  ,1.006287168435e-03  ,6.375024055810e+01  ,2.787477134942e-04  
  6.522001000018e-03  ,5.776500459145e-01  ,6.375107709208e+01  ,-1.012283553329e-03  
  6.522001884681e-03  ,1.095178639795e+00  ,6.375182067147e+01  ,-2.187823410561e-03  
  6.522003654008e-03  ,2.159988325819e+00  ,6.375330469381e+01  ,-4.504486793696e-03  
  6.522007192661e-03  ,4.411828809822e+00  ,6.375625588710e+01  ,-8.958017921118e-03  
  6.522010000020e-03  ,6.311349197478e+00  ,6.375858170439e+01  ,-1.232627876416e-02  
  6.522010707751e-03  ,6.403636766124e+00  ,6.375907285707e+01  ,-1.224675943299e-02  
  6.522012123175e-03  ,6.586246592541e+00  ,6.376004467057e+01  ,-1.198680539591e-02  
  6.522014954023e-03  ,6.940000452254e+00  ,6.376198774747e+01  ,-1.146863163731e-02  
  6.522020615719e-03  ,7.603722133368e+00  ,6.376587821037e+01  ,-1.050155007284e-02  
  6.522031939111e-03  ,8.776149524820e+00  ,6.377367158444e+01  ,-8.793480814151e-03  
  6.522043345950e-03  ,9.773052718726e+00  ,6.378153592013e+01  ,-7.341192237463e-03  
  6.522051382147e-03  ,9.973457946483e+00  ,4.102539696229e+01  ,9.859346179130e+00  
  6.522059054754e-03  ,1.000027455782e+01  ,1.066170991914e+01  ,9.859519682655e+00  
  6.522063364915e-03  ,1.018850820508e+01  ,3.396559279326e+00  ,9.860436110214e+00  
  6.522067447088e-03  ,1.046800609049e+01  ,2.663533902150e+00  ,9.861514143201e+00  
  6.522069767944e-03  ,1.062534417518e+01  ,2.744924863910e+00  ,9.862163169536e+00  
  6.522072700493e-03  ,1.081618420746e+01  ,2.800235441510e+00  ,9.862987062228e+00  
  6.522078565590e-03  ,1.117276918646e+01  ,2.809921710441e+00  ,9.864636679205e+00  
  6.522090295784e-03  ,1.179955501443e+01  ,2.804923039795e+00  ,9.867940472909e+00  
  6.522110156052e-03  ,1.263742035717e+01  ,2.803571002837e+00  ,9.873540179654e+00  
  6.522149876587e-03  ,1.373131890437e+01  ,2.807710228091e+00  ,9.884739171031e+00  
  6.522229317657e-03  ,1.477158884551e+01  ,2.812706550644e+00  ,9.907133684723e+00  
  6.522346762649e-03  ,1.516366479977e+01  ,2.821903700766e+00  ,9.940232723166e+00  
  6.522519878380e-03  ,1.497792328488e+01  ,2.835836495609e+00  ,9.989001380613e+00  
  6.522676495544e-03  ,1.497084859866e+01  ,2.848356252229e+00  ,1.003310149689e+01  
  6.522989729874e-03  ,1.501195702604e+01  ,2.873361636557e+00  ,1.012124296330e+01  
  6.523616198532e-03  ,1.499229259522e+01  ,2.923350754298e+00  ,1.029729109592e+01  
  6.524715594284e-03  ,1.499816071210e+01  ,3.010844683267e+00  ,1.060548377553e+01  
  6.526914385788e-03  ,1.500018803118e+01  ,3.185020444344e+00  ,1.121899407645e+01  
  6.531311968796e-03  ,1.499992854763e+01  ,3.530131138323e+00  ,1.243459262694e+01  
  6.532010000020e-03  ,1.500001312576e+01  ,3.584515127067e+00  ,1.262615212850e+01  
  6.532011000018e-03  ,1.442323047589e+01  ,3.584445607914e+00  ,1.262642627463e+01  
  6.532013000126e-03  ,1.321550480257e+01  ,3.584214389291e+00  ,1.262697452788e+01  
  6.532017000343e-03  ,1.067413291679e+01  ,3.583770373569e+00  ,1.262807133309e+01  
  6.532020000020e-03  ,8.649181155793e+00  ,3.583497742358e+00  ,1.262889373499e+01  
  6.532020800063e-03  ,8.545484335557e+00  ,3.583552230152e+00  ,1.262911303712e+01  
  6.532022400076e-03  ,8.340587566890e+00  ,3.583748010790e+00  ,1.262955174109e+01  
  6.532025600100e-03  ,7.945359687358e+00  ,3.584273854384e+00  ,1.263042911866e+01  
  6.532032000149e-03  ,7.209790520629e+00  ,3.585368174177e+00  ,1.263218364277e+01  
  6.532044800246e-03  ,5.933924181205e+00  ,3.588321384953e+00  ,1.263569255168e+01  
  6.532058726871e-03  ,4.792935229796e+00  ,3.598167724431e+00  ,1.263950923299e+01  
  6.532067645216e-03  ,4.356522878188e+00  ,1.396916842000e+01  ,1.264131270493e+01  
  6.532076016689e-03  ,4.341951628664e+00  ,4.349838624604e+01  ,1.264137439718e+01  
  6.532082296038e-03  ,4.134669729299e+00  ,5.281184094305e+01  ,3.913007853591e-02  
  6.532085567215e-03  ,3.936795103815e+00  ,5.284121217306e+01  ,-2.061432062728e-01  
  6.532087136680e-03  ,3.843927294425e+00  ,5.282288068070e+01  ,-4.148530296323e-03  
  6.532090275610e-03  ,3.665319277444e+00  ,5.282605370097e+01  ,1.014274512545e-02  
  6.532096553469e-03  ,3.332200347501e+00  ,5.283583195173e+01  ,5.649255905638e-03  
  6.532109109187e-03  ,2.751503505596e+00  ,5.285461953864e+01  ,4.594152326161e-03  
  6.532134220624e-03  ,1.861865007212e+00  ,5.289211738696e+01  ,3.314245644804e-03  
  6.532175371671e-03  ,9.415055958486e-01  ,5.295342230751e+01  ,1.972091145373e-03  
  6.532221362615e-03  ,4.554935252605e-01  ,5.302173358817e+01  ,1.262097654420e-03  
  6.532269451642e-03  ,1.918528050783e-01  ,5.309295835165e+01  ,8.761260869522e-04  
  6.532324353481e-03  ,8.009762384026e-02  ,5.317403505348e+01  ,7.112171137800e-04  
  6.532413045192e-03  ,6.895382162189e-03  ,5.330451439706e+01  ,6.012254807617e-04  
  6.532507840419e-03  ,2.597192405327e-03  ,5.344330323284e+01  ,5.914312359260e-04  
  6.532697430873e-03  ,7.898382400487e-04  ,5.371882758006e+01  ,5.817456896712e-04  
  6.532919017101e-03  ,1.962511694550e-03  ,5.403737377531e+01  ,5.753018117056e-04  
  6.533362189556e-03  ,1.917756144457e-03  ,5.466315727141e+01  ,5.589840035897e-04  
  6.534248534465e-03  ,1.421587370927e-03  ,5.586915083377e+01  ,5.265294149375e-04  
  6.536021224285e-03  ,1.581606775885e-03  ,5.809616343390e+01  ,4.652936932685e-04  
  6.539566603923e-03  ,9.470109180629e-04  ,6.179667523736e+01  ,3.495749203826e-04  
  6.542000000020e-03  ,1.006377702735e-03  ,6.374947475795e+01  ,2.787345206532e-04  
  6.542001000018e-03  ,5.776501343569e-01  ,6.375031125195e+01  ,-1.012296190717e-03  
  6.542001884681e-03  ,1.095178726423e+00  ,6.375105479597e+01  ,-2.187835375671e-03  
  6.542003654008e-03  ,2.159988408888e+00  ,6.375253874772e+01  ,-4.504498929007e-03  
  6.542007192661e-03  ,4.411828886048e+00  ,6.375548979981e+01  ,-8.958030108509e-03  
  6.542010000020e-03  ,6.311349268527e+00  ,6.375781550508e+01  ,-1.232629096725e-02  
  6.542010707751e-03  ,6.403636835910e+00  ,6.375830662950e+01  ,-1.224677196241e-02  
  6.542012123175e-03  ,6.586246659825e+00  ,6.375927838639e+01  ,-1.198681799826e-02  
  6.542014954023e-03  ,6.940000514692e+00  ,6.376122135008e+01  ,-1.146864421179e-02  
  6.542020615719e-03  ,7.603722186715e+00  ,6.376511158663e+01  ,-1.050156265027e-02  
  6.542031939111e-03  ,8.776149562112e+00  ,6.377290450824e+01  ,-8.793493400705e-03  
  6.542043345950e-03  ,9.773052742371e+00  ,6.378076838847e+01  ,-7.341204829755e-03  
  6.542051382147e-03  ,9.973456750797e+00  ,4.102452635667e+01  ,9.859068984865e+00  
  6.542059054754e-03  ,1.000027399025e+01  ,1.066087675952e+01  ,9.859242545485e+00  
  6.542063364915e-03  ,1.018852039512e+01  ,3.396424916447e+00  ,9.860158964776e+00  
  6.542067447088e-03  ,1.046801826967e+01  ,2.663462058126e+00  ,9.861237028538e+00  
  6.542069767944e-03  ,1.062535590864e+01  ,2.744849243715e+00  ,9.861886056338e+00  
  6.542072700865e-03  ,1.081621906837e+01  ,2.800158604255e+00  ,9.862710055430e+00  
  6.542078566707e-03  ,1.117284446575e+01  ,2.809842399058e+00  ,9.864359886479e+00  
  6.542090298392e-03  ,1.179810603332e+01  ,2.799347130539e+00  ,9.867667452031e+00  
  6.542102548636e-03  ,1.234541196721e+01  ,2.803560106820e+00  ,9.871121633230e+00  
  6.542127049125e-03  ,1.317733855795e+01  ,2.805785835799e+00  ,9.878029649172e+00  
  6.542176050104e-03  ,1.416499164230e+01  ,2.808181896844e+00  ,9.891844481161e+00  
  6.542274052061e-03  ,1.497630808134e+01  ,2.816081111231e+00  ,9.919468849647e+00  
  6.542402345098e-03  ,1.499972996712e+01  ,2.826358355626e+00  ,9.955620263343e+00  
  6.542627531446e-03  ,1.500014041127e+01  ,2.844340367305e+00  ,1.001904320995e+01  
  6.542866903700e-03  ,1.500012416636e+01  ,2.863479685811e+00  ,1.008641713175e+01  
  6.543345648207e-03  ,1.500021786317e+01  ,2.901695939891e+00  ,1.022102772049e+01  
  6.544303137220e-03  ,1.500027054189e+01  ,2.977972723730e+00  ,1.048970089109e+01  
  6.546218115248e-03  ,1.500036922746e+01  ,3.129905851458e+00  ,1.102486181349e+01  
  6.550048071302e-03  ,1.500039021070e+01  ,3.431307503068e+00  ,1.208650239683e+01  
  6.552010000020e-03  ,1.499973150751e+01  ,3.584437500406e+00  ,1.262587834161e+01  
  6.552011000018e-03  ,1.442054658525e+01  ,3.584368796728e+00  ,1.262615248996e+01  
  6.552013000126e-03  ,1.321289993881e+01  ,3.584137879511e+00  ,1.262670073647e+01  
  6.552017000343e-03  ,1.067168055025e+01  ,3.583693966671e+00  ,1.262779755155e+01  
  6.552020000020e-03  ,8.646837885987e+00  ,3.583421334193e+00  ,1.262861995574e+01  
  6.552020800063e-03  ,8.543169160431e+00  ,3.583475850256e+00  ,1.262883925841e+01  
  6.552022400076e-03  ,8.338327904879e+00  ,3.583671681916e+00  ,1.262927796367e+01  
  6.552025600100e-03  ,7.943207105969e+00  ,3.584197638859e+00  ,1.263015534378e+01  
  6.552032000149e-03  ,7.207837232497e+00  ,3.585292321188e+00  ,1.263190987266e+01  
  6.552044800246e-03  ,5.932316600074e+00  ,3.588247650003e+00  ,1.263541879113e+01  
  6.552058725381e-03  ,4.791748199865e+00  ,3.598118896079e+00  ,1.263923507205e+01  
  6.552067643726e-03  ,4.356438600987e+00  ,1.402558885928e+01  ,1.264103405483e+01  
  6.552076013708e-03  ,4.341999648895e+00  ,4.355873412661e+01  ,1.264109191947e+01  
  6.552082285607e-03  ,4.134176318472e+00  ,5.281300904224e+01  ,3.570959936544e-02  
  6.552085556040e-03  ,3.936356861726e+00  ,5.284193599368e+01  ,-2.052255432885e-01  
  6.552087126808e-03  ,3.843424953285e+00  ,5.282369360800e+01  ,-4.086756809080e-03  
  6.552090268346e-03  ,3.664695287605e+00  ,5.282687870399e+01  ,1.012120725444e-02  
  6.552096551420e-03  ,3.331368321807e+00  ,5.283666224891e+01  ,5.646818205709e-03  
  6.552109117569e-03  ,2.751972541912e+00  ,5.285551288601e+01  ,4.426222158449e-03  
  6.552134249868e-03  ,1.871438093107e+00  ,5.289302773838e+01  ,3.513949104258e-03  
  6.552173517408e-03  ,9.861194072246e-01  ,5.295156126554e+01  ,2.037862205934e-03  
  6.552218125524e-03  ,4.423472337417e-01  ,5.301783312711e+01  ,1.242932986485e-03  
  6.552263627710e-03  ,1.762331647737e-01  ,5.308524069032e+01  ,8.535476094591e-04  
  6.552332757177e-03  ,5.622248593835e-02  ,5.318731325636e+01  ,6.760760036457e-04  
  6.552413843336e-03  ,4.603755585696e-03  ,5.330656701417e+01  ,5.978208000147e-04  
  6.552510164441e-03  ,-7.865807451114e-03  ,5.344757173159e+01  ,5.760578065832e-04  
  6.552702806653e-03  ,-5.375771900953e-03  ,5.372745868837e+01  ,5.725268907866e-04  
  6.552993534269e-03  ,4.389405148802e-03  ,5.414448704656e+01  ,5.760602006437e-04  
  6.553574989499e-03  ,-2.591295511003e-05  ,5.495905897475e+01  ,5.484291067742e-04  
  6.554478691282e-03  ,1.129562983069e-03  ,5.617295629634e+01  ,5.177606472464e-04  
  6.555734680356e-03  ,1.471534743042e-03  ,5.775351581443e+01  ,4.747354858009e-04  
  6.558246658506e-03  ,1.202694851277e-03  ,6.053774696323e+01  ,3.920953583902e-04  
  6.562000000020e-03  ,8.925009598036e-04  ,6.374983027829e+01  ,2.766110471369e-04  
  6.562001000018e-03  ,5.775379139716e-01  ,6.375066672551e+01  ,-1.013357879081e-03  
  6.562001884774e-03  ,1.095123119395e+00  ,6.375141027235e+01  ,-2.187750810374e-03  
  6.562003654287e-03  ,2.160052327745e+00  ,6.375289451969e+01  ,-4.504946938555e-03  
  6.562007193313e-03  ,4.412156746253e+00  ,6.375584610340e+01  ,-8.958959954860e-03  
  6.562010000020e-03  ,6.312035520724e+00  ,6.375817134161e+01  ,-1.232525562853e-02  
  6.562010707825e-03  ,6.404325412033e+00  ,6.375866256331e+01  ,-1.224574552830e-02  
  6.562012123435e-03  ,6.586944385326e+00  ,6.375963453701e+01  ,-1.198578280294e-02  
  6.562014954656e-03  ,6.940714493629e+00  ,6.376157793875e+01  ,-1.146758292384e-02  
  6.562020617097e-03  ,7.604461123106e+00  ,6.376546904841e+01  ,-1.050046441230e-02  
  6.562031941980e-03  ,8.776914090121e+00  ,6.377326371733e+01  ,-8.792357838244e-03  
  6.562043351799e-03  ,9.773936544469e+00  ,6.378113038020e+01  ,-7.339896115612e-03  
  6.562051390975e-03  ,9.973501032316e+00  ,4.096794591107e+01  ,9.859416069990e+00  
  6.562059066564e-03  ,1.000035741384e+01  ,1.059461016312e+01  ,9.859592751804e+00  
  6.562063370764e-03  ,1.018929609913e+01  ,3.392270800747e+00  ,9.860508798398e+00  
  6.562067442506e-03  ,1.046809602475e+01  ,2.664441322789e+00  ,9.861585914686e+00  
  6.562069765225e-03  ,1.062554897720e+01  ,2.745228444924e+00  ,9.862235432614e+00  
  6.562072703734e-03  ,1.081675606785e+01  ,2.800275490006e+00  ,9.863060981466e+00  
  6.562078580752e-03  ,1.117398642497e+01  ,2.809903983661e+00  ,9.864713957366e+00  
  6.562090334788e-03  ,1.180015568638e+01  ,2.799473363370e+00  ,9.868027815468e+00  
  6.562102637186e-03  ,1.234925703743e+01  ,2.803666704486e+00  ,9.871496688940e+00  
  6.562127241984e-03  ,1.318295911613e+01  ,2.805892913021e+00  ,9.878434088420e+00  
  6.562176451578e-03  ,1.417061936980e+01  ,2.808313981975e+00  ,9.892307676948e+00  
  6.562274870768e-03  ,1.497932734821e+01  ,2.816244780389e+00  ,9.920049509287e+00  
  6.562403235331e-03  ,1.499977714068e+01  ,2.826528707758e+00  ,9.956220863628e+00  
  6.562629327669e-03  ,1.500012860193e+01  ,2.844583331450e+00  ,1.001989851234e+01  
  6.562869129076e-03  ,1.500011421035e+01  ,2.863756628825e+00  ,1.008739260062e+01  
  6.563348731890e-03  ,1.500019410704e+01  ,2.902040979248e+00  ,1.022224303166e+01  
  6.564307937517e-03  ,1.500023894258e+01  ,2.978453394239e+00  ,1.049139392772e+01  
  6.566226348772e-03  ,1.500032299215e+01  ,3.130655568982e+00  ,1.102750250002e+01  
  6.570063171282e-03  ,1.500034068033e+01  ,3.432586534195e+00  ,1.209100750331e+01  
  6.572010000020e-03  ,1.499977506758e+01  ,3.584534122135e+00  ,1.262621875154e+01  
  6.572011000018e-03  ,1.442098544830e+01  ,3.584465287406e+00  ,1.262649289859e+01  
  6.572013000126e-03  ,1.321332587960e+01  ,3.584234321611e+00  ,1.262704114506e+01  
  6.572017000343e-03  ,1.067208155510e+01  ,3.583790393158e+00  ,1.262813795473e+01  
  6.572020000020e-03  ,8.647221051641e+00  ,3.583517762283e+00  ,1.262896035603e+01  
  6.572020800063e-03  ,8.543547732132e+00  ,3.583572274939e+00  ,1.262917965794e+01  
  6.572022400076e-03  ,8.338697399249e+00  ,3.583768100444e+00  ,1.262961836164e+01  
  6.572025600100e-03  ,7.943559090844e+00  ,3.584294042169e+00  ,1.263049573865e+01  
  6.572032000149e-03  ,7.208156629586e+00  ,3.585388673882e+00  ,1.263225026138e+01  
  6.572044800246e-03  ,5.932579468607e+00  ,3.588343693467e+00  ,1.263575916754e+01  
  6.572058725381e-03  ,4.791960450718e+00  ,3.598210608200e+00  ,1.263957543548e+01  
  6.572067642236e-03  ,4.356461750830e+00  ,1.401017770834e+01  ,1.264137532587e+01  
  6.572076012218e-03  ,4.341989610463e+00  ,4.354099699557e+01  ,1.264143429499e+01  
  6.572082284862e-03  ,4.134421814678e+00  ,5.281317832432e+01  ,3.703763997332e-02  
  6.572085554922e-03  ,3.936617130560e+00  ,5.284227431641e+01  ,-2.055555069340e-01  
  6.572087124946e-03  ,3.843721903241e+00  ,5.282399973060e+01  ,-4.110659499523e-03  
  6.572090264993e-03  ,3.665061246554e+00  ,5.282717954194e+01  ,1.012962308290e-02  
  6.572096545087e-03  ,3.331852222872e+00  ,5.283695980356e+01  ,5.648033543986e-03  
  6.572109105276e-03  ,2.751026038134e+00  ,5.285575381657e+01  ,4.593503766540e-03  
  6.572134225653e-03  ,1.861268976008e+00  ,5.289326466753e+01  ,3.313367695348e-03  
  6.572175364779e-03  ,9.413938881853e-01  ,5.295455128054e+01  ,1.971917187177e-03  
  6.572221355723e-03  ,4.554395836470e-01  ,5.302286199510e+01  ,1.262008036004e-03  
  6.572269444751e-03  ,1.918301987670e-01  ,5.309408616624e+01  ,8.760820467502e-04  
  6.572324358510e-03  ,8.007117036380e-02  ,5.317517976702e+01  ,7.111670468887e-04  
  6.572413050221e-03  ,6.889663898830e-03  ,5.330565792053e+01  ,6.012056088369e-04  
  6.572507857369e-03  ,2.595929146785e-03  ,5.344446287891e+01  ,5.914174484635e-04  
  6.572697471665e-03  ,7.907448732871e-04  ,5.372001890085e+01  ,5.817341654018e-04  
  6.572919081734e-03  ,1.962301591198e-03  ,5.403859539888e+01  ,5.752878112045e-04  
  6.573362301873e-03  ,1.917493167149e-03  ,5.466443676083e+01  ,5.589682242106e-04  
  6.574248742150e-03  ,1.421716247195e-03  ,5.587053501550e+01  ,5.265109526092e-04  
  6.576021622704e-03  ,1.581402494923e-03  ,5.809771228255e+01  ,4.652686072824e-04  
  6.579567383813e-03  ,9.470356874343e-04  ,6.179837337251e+01  ,3.495393553501e-04  
  6.582000000020e-03  ,1.006221975439e-03  ,6.375040388182e+01  ,2.787233017442e-04  
  6.582001000018e-03  ,5.776499804792e-01  ,6.375124034695e+01  ,-1.012307938120e-03  
  6.582001884681e-03  ,1.095178574149e+00  ,6.375198386543e+01  ,-2.187847760142e-03  
  6.582003654008e-03  ,2.159988259758e+00  ,6.375346776595e+01  ,-4.504511150243e-03  
  6.582007192661e-03  ,4.411828742964e+00  ,6.375641871562e+01  ,-8.958042276432e-03  
  6.582010000020e-03  ,6.311349129415e+00  ,6.375874433962e+01  ,-1.232630311642e-02  
  6.582010707751e-03  ,6.403636697905e+00  ,6.375923544350e+01  ,-1.224678375954e-02  
  6.582012123175e-03  ,6.586246524013e+00  ,6.376020715938e+01  ,-1.198682971504e-02  
  6.582014954023e-03  ,6.940000383128e+00  ,6.376215004106e+01  ,-1.146865596006e-02  
  6.582020615719e-03  ,7.603722063121e+00  ,6.376604011355e+01  ,-1.050157439014e-02  
  6.582031939111e-03  ,8.776149452593e+00  ,6.377383270692e+01  ,-8.793505129474e-03  
  6.582043345950e-03  ,9.773052644819e+00  ,6.378169625634e+01  ,-7.341216546274e-03  
  6.582051382147e-03  ,9.973456071814e+00  ,4.102541168599e+01  ,9.859021916820e+00  
  6.582059054754e-03  ,1.000027245720e+01  ,1.066169835166e+01  ,9.859195410957e+00  
  6.582063364915e-03  ,1.018850494036e+01  ,3.396478390062e+00  ,9.860111842955e+00  
  6.582067447088e-03  ,1.046800289799e+01  ,2.663441597813e+00  ,9.861189877458e+00  
  6.582069767944e-03  ,1.062534108120e+01  ,2.744831531533e+00  ,9.861838905839e+00  
  6.582072700493e-03  ,1.081618125494e+01  ,2.800142818673e+00  ,9.862662801362e+00  
  6.582078565590e-03  ,1.117276649100e+01  ,2.809829649850e+00  ,9.864312423739e+00  
  6.582090295784e-03  ,1.179955276057e+01  ,2.804830985354e+00  ,9.867616228236e+00  
  6.582110153071e-03  ,1.263730941555e+01  ,2.803478761655e+00  ,9.873215112980e+00  
  6.582149867646e-03  ,1.373113316970e+01  ,2.807617591387e+00  ,9.884412460553e+00  
  6.582229296796e-03  ,1.477143192205e+01  ,2.812612938325e+00  ,9.906803687704e+00  
  6.582346741788e-03  ,1.516365117010e+01  ,2.821810051075e+00  ,9.939902836111e+00  
  6.582519833676e-03  ,1.497793618893e+01  ,2.835740974772e+00  ,9.988664940757e+00  
  6.582676450841e-03  ,1.497085221248e+01  ,2.848260776985e+00  ,1.003276520660e+01  
  6.582989685170e-03  ,1.501195555369e+01  ,2.873266248676e+00  ,1.012090697193e+01  
  6.583616153829e-03  ,1.499229355585e+01  ,2.923255534742e+00  ,1.029695570164e+01  
  6.584715549580e-03  ,1.499816094667e+01  ,3.010749760820e+00  ,1.060514942641e+01  
  6.586914341084e-03  ,1.500018801487e+01  ,3.184926112739e+00  ,1.121866180800e+01  
  6.591311924092e-03  ,1.499992856335e+01  ,3.530037977143e+00  ,1.243426448105e+01  
  6.592010000020e-03  ,1.500001312801e+01  ,3.584425629792e+00  ,1.262583688813e+01  
  6.592011000018e-03  ,1.442323049348e+01  ,3.584356111417e+00  ,1.262611103515e+01  
  6.592013000126e-03  ,1.321550481963e+01  ,3.584124893314e+00  ,1.262665929020e+01  
  6.592017000343e-03  ,1.067413293283e+01  ,3.583680876913e+00  ,1.262775609899e+01  
  6.592020000020e-03  ,8.649181171084e+00  ,3.583408243777e+00  ,1.262857850357e+01  
  6.592020800063e-03  ,8.545484350645e+00  ,3.583462730363e+00  ,1.262879780641e+01  
  6.592022400076e-03  ,8.340587581579e+00  ,3.583658508730e+00  ,1.262923651181e+01  
  6.592025600100e-03  ,7.945359701281e+00  ,3.584184348755e+00  ,1.263011389225e+01  
  6.592032000149e-03  ,7.209790533088e+00  ,3.585278659276e+00  ,1.263186842209e+01  
  6.592044800246e-03  ,5.933924190771e+00  ,3.588231830141e+00  ,1.263537734246e+01  
  6.592058726871e-03  ,4.792935233674e+00  ,3.598077934298e+00  ,1.263919403626e+01  
  6.592067645216e-03  ,4.356520925847e+00  ,1.396896091034e+01  ,1.264099753272e+01  
  6.592076016689e-03  ,4.341949692462e+00  ,4.349816345301e+01  ,1.264105923862e+01  
  6.592082296038e-03  ,4.134673177689e+00  ,5.281196390812e+01  ,3.915749635785e-02  
  6.592085567215e-03  ,3.936798473777e+00  ,5.284133845878e+01  ,-2.061501643443e-01  
  6.592087136680e-03  ,3.843930572105e+00  ,5.282300618999e+01  ,-4.148983805508e-03  
  6.592090275610e-03  ,3.665322399702e+00  ,5.282617894584e+01  ,1.014285061832e-02  
  6.592096553469e-03  ,3.332203180450e+00  ,5.283595679408e+01  ,5.649240285831e-03  
  6.592109109187e-03  ,2.751505831958e+00  ,5.285474355034e+01  ,4.594128900374e-03  
  6.592134220624e-03  ,1.861866556142e+00  ,5.289223973516e+01  ,3.314221584547e-03  
  6.592175371671e-03  ,9.415063396912e-01  ,5.295354193040e+01  ,1.972065984422e-03  
  6.592221362615e-03  ,4.554938433180e-01  ,5.302185016687e+01  ,1.262071931589e-03  
  6.592269451642e-03  ,1.918528921993e-01  ,5.309307174985e+01  ,8.761000910491e-04  
  6.592324353481e-03  ,8.009761311963e-02  ,5.317414482384e+01  ,7.111910454369e-04  
  6.592413045192e-03  ,6.895307431018e-03  ,5.330461831419e+01  ,6.011994338363e-04  
  6.592507840419e-03  ,2.597114048618e-03  ,5.344340090415e+01  ,5.914053031694e-04  
  6.592697430873e-03  ,7.897585852839e-04  ,5.371891279184e+01  ,5.817199956298e-04  
  6.592919017101e-03  ,1.962433407022e-03  ,5.403744447977e+01  ,5.752763926027e-04  
  6.593362189555e-03  ,1.917678515628e-03  ,5.466319914465e+01  ,5.589591275335e-04  
  6.594248534465e-03  ,1.421510776968e-03  ,5.586913580779e+01  ,5.265055634030e-04  
  6.596021224285e-03  ,1.581533540913e-03  ,5.809603792572e+01  ,4.652717478906e-04  
  6.599566603923e-03  ,9.469445521512e-04  ,6.179634388238e+01  ,3.495562593281e-04  
  6.602000000020e-03  ,1.006317125110e-03  ,6.374901501106e+01  ,2.787176054479e-04  
  6.602001000018e-03  ,5.776500737811e-01  ,6.374985145469e+01  ,-1.012312838946e-03  
  6.602001884681e-03  ,1.095178665850e+00  ,6.375059495418e+01  ,-2.187851990322e-03  
  6.602003654008e-03  ,2.159988348320e+00  ,6.375207881687e+01  ,-4.504515554680e-03  
  6.602007192661e-03  ,4.411828825488e+00  ,6.375502969086e+01  ,-8.958046743812e-03  
  6.602010000020e-03  ,6.311349207974e+00  ,6.375735525483e+01  ,-1.232630760816e-02  
  6.602010707751e-03  ,6.403636775358e+00  ,6.375784634357e+01  ,-1.224678881354e-02  
  6.602012123175e-03  ,6.586246599273e+00  ,6.375881802909e+01  ,-1.198683489189e-02  
  6.602014954023e-03  ,6.940000454142e+00  ,6.376076085001e+01  ,-1.146866108373e-02  
  6.602020615719e-03  ,7.603722126168e+00  ,6.376465080109e+01  ,-1.050157951297e-02  
  6.602031939111e-03  ,8.776149501575e+00  ,6.377244315197e+01  ,-8.793510252253e-03  
  6.602043345950e-03  ,9.773052681848e+00  ,6.378030645757e+01  ,-7.341221668479e-03  
  6.602051382147e-03  ,9.973455304772e+00  ,4.102394796222e+01  ,9.858771852599e+00  
  6.602059054754e-03  ,1.000027288913e+01  ,1.066031454538e+01  ,9.858945448346e+00  
  6.602063364915e-03  ,1.018852744223e+01  ,3.396307098204e+00  ,9.859861863550e+00  
  6.602067447088e-03  ,1.046802533425e+01  ,2.663382208398e+00  ,9.860939948460e+00  
  6.602069767944e-03  ,1.062536270840e+01  ,2.744766510680e+00  ,9.861588977945e+00  
  6.602072700865e-03  ,1.081622555856e+01  ,2.800074131704e+00  ,9.862412979485e+00  
  6.602078566707e-03  ,1.117285040495e+01  ,2.809757821148e+00  ,9.864062815580e+00  
  6.602090298392e-03  ,1.179811100529e+01  ,2.799262849945e+00  ,9.867370391045e+00  
  6.602102548636e-03  ,1.234541608882e+01  ,2.803475742677e+00  ,9.870824582579e+00  
  6.602127049125e-03  ,1.317734138813e+01  ,2.805701483229e+00  ,9.877732619187e+00  
  6.602176050104e-03  ,1.416499293926e+01  ,2.808097581138e+00  ,9.891547492502e+00  
  6.602274052061e-03  ,1.497630811849e+01  ,2.815996818894e+00  ,9.919171943612e+00  
  6.602402345098e-03  ,1.499972996779e+01  ,2.826274094090e+00  ,9.955323465429e+00  
  6.602627531446e-03  ,1.500014041131e+01  ,2.844256159680e+00  ,1.001874660172e+01  
  6.602866903700e-03  ,1.500012416642e+01  ,2.863395535368e+00  ,1.008612072503e+01  
  6.603345648207e-03  ,1.500021786308e+01  ,2.901611903751e+00  ,1.022073171635e+01  
  6.604303137220e-03  ,1.500027054171e+01  ,2.977888915730e+00  ,1.048940569050e+01  
  6.606218115248e-03  ,1.500036922713e+01  ,3.129822497877e+00  ,1.102456821345e+01  
  6.610048071302e-03  ,1.500039021034e+01  ,3.431225050943e+00  ,1.208621197194e+01  
  6.612010000020e-03  ,1.499973150814e+01  ,3.584355506263e+00  ,1.262558952987e+01  
  6.612011000018e-03  ,1.442054658984e+01  ,3.584286803289e+00  ,1.262586367904e+01  
  6.612013000126e-03  ,1.321289994327e+01  ,3.584055886550e+00  ,1.262641192720e+01  
  6.612017000343e-03  ,1.067168055443e+01  ,3.583611973088e+00  ,1.262750874556e+01  
  6.612020000020e-03  ,8.646837889940e+00  ,3.583339338844e+00  ,1.262833115221e+01  
  6.612020800063e-03  ,8.543169164319e+00  ,3.583393853799e+00  ,1.262855045553e+01  
  6.612022400076e-03  ,8.338327908639e+00  ,3.583589683379e+00  ,1.262898916210e+01  
  6.612025600100e-03  ,7.943207109487e+00  ,3.584115637048e+00  ,1.262986654483e+01  
  6.612032000149e-03  ,7.207837235529e+00  ,3.585210310875e+00  ,1.263162107896e+01  
  6.612044800246e-03  ,5.932316601937e+00  ,3.588165603078e+00  ,1.263513000794e+01  
  6.612058725381e-03  ,4.791748197835e+00  ,3.598036632978e+00  ,1.263894630030e+01  
  6.612067643726e-03  ,4.356436811583e+00  ,1.402539898449e+01  ,1.264074530528e+01  
  6.612076013708e-03  ,4.341997876632e+00  ,4.355853041429e+01  ,1.264080318059e+01  
  6.612082285607e-03  ,4.134171064043e+00  ,5.281262816004e+01  ,3.569128613220e-02  
  6.612085556040e-03  ,3.936351795816e+00  ,5.284155278660e+01  ,-2.052224550214e-01  
  6.612087126808e-03  ,3.843420010168e+00  ,5.282331061228e+01  ,-4.086586087485e-03  
  6.612090268346e-03  ,3.664690570893e+00  ,5.282649557553e+01  ,1.012113808883e-02  
  6.612096551420e-03  ,3.331364027695e+00  ,5.283627880146e+01  ,5.646792525549e-03  
  6.612109117569e-03  ,2.751968984535e+00  ,5.285512880653e+01  ,4.426201948419e-03  
  6.612134249868e-03  ,1.871435655419e+00  ,5.289264239702e+01  ,3.513926196036e-03  
  6.612173517408e-03  ,9.861180953225e-01  ,5.295117395407e+01  ,2.037843143127e-03  
  6.612218125524e-03  ,4.423466133547e-01  ,5.301744358130e+01  ,1.242914983810e-03  
  6.612263627710e-03  ,1.762328828531e-01  ,5.308484886919e+01  ,8.535301467739e-04  
  6.612332757177e-03  ,5.622235675879e-02  ,5.318691798575e+01  ,6.760588363681e-04  
  6.612413843336e-03  ,4.603692210569e-03  ,5.330616770870e+01  ,5.978038143409e-04  
  6.612510164441e-03  ,-7.865854768377e-03  ,5.344716764899e+01  ,5.760409454113e-04  
  6.612702806653e-03  ,-5.375821977309e-03  ,5.372704510329e+01  ,5.725102263715e-04  
  6.612993534269e-03  ,4.389343275078e-03  ,5.414405925207e+01  ,5.760438157479e-04  
  6.613574989499e-03  ,-2.596795885463e-05  ,5.495860324146e+01  ,5.484133132347e-04  
  6.614478691282e-03  ,1.129508504727e-03  ,5.617245843683e+01  ,5.177457235720e-04  
  6.615734680356e-03  ,1.471482681412e-03  ,5.775296209028e+01  ,4.747216948826e-04  
  6.618246658506e-03  ,1.202649071240e-03  ,6.053709117750e+01  ,3.920835917960e-04  
  6.622000000020e-03  ,8.924648999729e-04  ,6.374904703790e+01  ,2.766019667098e-04  
  6.622001000018e-03  ,5.775378779166e-01  ,6.374988345528e+01  ,-1.013366674382e-03  
  6.622001884774e-03  ,1.095123083344e+00  ,6.375062697575e+01  ,-2.187759589284e-03  
  6.622003654287e-03  ,2.160052291702e+00  ,6.375211117034e+01  ,-4.504955726487e-03  
  6.622007193313e-03  ,4.412156710224e+00  ,6.375506264859e+01  ,-8.958968758430e-03  
  6.622010000020e-03  ,6.312035484706e+00  ,6.375738780316e+01  ,-1.232526444211e-02  
  6.622010707825e-03  ,6.404325376018e+00  ,6.375787900375e+01  ,-1.224575466874e-02  
  6.622012123435e-03  ,6.586944349314e+00  ,6.375885093516e+01  ,-1.198579201120e-02  
  6.622014954656e-03  ,6.940714457624e+00  ,6.376079425232e+01  ,-1.146759209826e-02  
  6.622020617097e-03  ,7.604461087115e+00  ,6.376468519288e+01  ,-1.050047357762e-02  
  6.622031941980e-03  ,8.776914054159e+00  ,6.377247952384e+01  ,-8.792366990212e-03  
  6.622043351799e-03  ,9.773936508536e+00  ,6.378034584653e+01  ,-7.339905254432e-03  
  6.622051390975e-03  ,9.973500110230e+00  ,4.096708333882e+01  ,9.859187127759e+00  
  6.622059066564e-03  ,1.000035714973e+01  ,1.059378868048e+01  ,9.859363867430e+00  
  6.622063370764e-03  ,1.018930859865e+01  ,3.392148989107e+00  ,9.860279904486e+00  
  6.622067441761e-03  ,1.046805817111e+01  ,2.664424024826e+00  ,9.861356861097e+00  
  6.622069764107e-03  ,1.062548734112e+01  ,2.745170513986e+00  ,9.862006277531e+00  
  6.622072702989e-03  ,1.081672068407e+01  ,2.800211292594e+00  ,9.862831932359e+00  
  6.622078580752e-03  ,1.117399742903e+01  ,2.809837793199e+00  ,9.864485121566e+00  
  6.622090336278e-03  ,1.180183175769e+01  ,2.804869969605e+00  ,9.867796064002e+00  
  6.622110285952e-03  ,1.264237521668e+01  ,2.803539470280e+00  ,9.873420988492e+00  
  6.622150185302e-03  ,1.373775218839e+01  ,2.807680631040e+00  ,9.884670407216e+00  
  6.622229984000e-03  ,1.477643168339e+01  ,2.812713155428e+00  ,9.907165743367e+00  
  6.622347440913e-03  ,1.516398461202e+01  ,2.821913665891e+00  ,9.940268131870e+00  
  6.622521176532e-03  ,1.497759248038e+01  ,2.835896206399e+00  ,9.989211358329e+00  
  6.622677960589e-03  ,1.497074689257e+01  ,2.848429221893e+00  ,1.003335836416e+01  
  6.622991528704e-03  ,1.501201148356e+01  ,2.873461126704e+00  ,1.012159348481e+01  
  6.623618664935e-03  ,1.499225341862e+01  ,2.923503320329e+00  ,1.029782842545e+01  
  6.624720540240e-03  ,1.499815335636e+01  ,3.011193788837e+00  ,1.060671343376e+01  
  6.626924290850e-03  ,1.500018860377e+01  ,3.185758980742e+00  ,1.122159545677e+01  
  6.631331792071e-03  ,1.499992798700e+01  ,3.531634006366e+00  ,1.243988624677e+01  
  6.632010000020e-03  ,1.500001284146e+01  ,3.584472138143e+00  ,1.262600070712e+01  
  6.632011000018e-03  ,1.442323111754e+01  ,3.584402619246e+00  ,1.262627485366e+01  
  6.632013000126e-03  ,1.321550542532e+01  ,3.584171400831e+00  ,1.262682310784e+01  
  6.632017000343e-03  ,1.067413350307e+01  ,3.583727384789e+00  ,1.262791991472e+01  
  6.632020000020e-03  ,8.649181715975e+00  ,3.583454752621e+00  ,1.262874231791e+01  
  6.632020800063e-03  ,8.545484889013e+00  ,3.583509239835e+00  ,1.262896162038e+01  
  6.632022400076e-03  ,8.340588107058e+00  ,3.583705019374e+00  ,1.262940032503e+01  
  6.632025600100e-03  ,7.945360201895e+00  ,3.584230861225e+00  ,1.263027770399e+01  
  6.632032000149e-03  ,7.209790987444e+00  ,3.585325176478e+00  ,1.263203223084e+01  
  6.632044800246e-03  ,5.933924565069e+00  ,3.588278367576e+00  ,1.263554114526e+01  
  6.632058726871e-03  ,4.792935537883e+00  ,3.598124587435e+00  ,1.263935783257e+01  
  6.632067645216e-03  ,4.356521961698e+00  ,1.396905412987e+01  ,1.264116131715e+01  
  6.632076016689e-03  ,4.341950685994e+00  ,4.349826221101e+01  ,1.264122301294e+01  
  6.632082296038e-03  ,4.134654057189e+00  ,5.281086692350e+01  ,3.905384652517e-02  
  6.632085567588e-03  ,3.936757979817e+00  ,5.284023085310e+01  ,-2.061435657042e-01  
  6.632087137239e-03  ,3.843880197623e+00  ,5.282189943858e+01  ,-4.147229907770e-03  
  6.632090276541e-03  ,3.665253666760e+00  ,5.282507315516e+01  ,1.014227749436e-02  
  6.632096555145e-03  ,3.332102906466e+00  ,5.283485241858e+01  ,5.649073489019e-03  
  6.632109112354e-03  ,2.752955790510e+00  ,5.285369074552e+01  ,4.426559677289e-03  
  6.632134226771e-03  ,1.872633000261e+00  ,5.289118037137e+01  ,3.516849068975e-03  
  6.632173524113e-03  ,9.862437846725e-01  ,5.294976106918e+01  ,2.038083625611e-03  
  6.632218132229e-03  ,4.423641057210e-01  ,5.301603584541e+01  ,1.242992303410e-03  
  6.632263634415e-03  ,1.762195306758e-01  ,5.308344637495e+01  ,8.535629865173e-04  
  6.632332751961e-03  ,5.623186166229e-02  ,5.318550587947e+01  ,6.761252655064e-04  
  6.632413838120e-03  ,4.608153808124e-03  ,5.330476501505e+01  ,5.978627426230e-04  
  6.632510135384e-03  ,-7.861992194174e-03  ,5.344574132313e+01  ,5.760997003470e-04  
  6.632702729912e-03  ,-5.375620844948e-03  ,5.372557257361e+01  ,5.725650250692e-04  
  6.632993457528e-03  ,4.389468617561e-03  ,5.414262210641e+01  ,5.760979011770e-04  
  6.633574912759e-03  ,-2.580859148170e-05  ,5.495723694270e+01  ,5.484663189943e-04  
  6.634478328438e-03  ,1.129683491975e-03  ,5.617082814940e+01  ,5.178072393690e-04  
  6.635734317513e-03  ,1.471675862062e-03  ,5.775151324144e+01  ,4.747806330398e-04  
  6.638246295663e-03  ,1.202803329922e-03  ,6.053600384028e+01  ,3.921380235483e-04  
  6.642000000020e-03  ,8.926129338395e-04  ,6.374874437078e+01  ,2.766401874052e-04  
  6.642001000018e-03  ,5.775380256768e-01  ,6.374958089726e+01  ,-1.013328284878e-03  
  6.642001884774e-03  ,1.095123230879e+00  ,6.375032451422e+01  ,-2.187720690017e-03  
  6.642003654287e-03  ,2.160052438798e+00  ,6.375180890191e+01  ,-4.504916951830e-03  
  6.642007193313e-03  ,4.412156856476e+00  ,6.375476076633e+01  ,-8.958930012922e-03  
  6.642010000020e-03  ,6.312035630320e+00  ,6.375708622717e+01  ,-1.232522569988e-02  
  6.642010707825e-03  ,6.404325521478e+00  ,6.375757750512e+01  ,-1.224571598593e-02  
  6.642012123435e-03  ,6.586944494471e+00  ,6.375854959126e+01  ,-1.198575334652e-02  
  6.642014954656e-03  ,6.940714602192e+00  ,6.376049321787e+01  ,-1.146755342733e-02  
  6.642020617097e-03  ,7.604461230578e+00  ,6.376438477728e+01  ,-1.050043491906e-02  
  6.642031941980e-03  ,8.776914195667e+00  ,6.377218034574e+01  ,-8.792328341542e-03  
  6.642043351799e-03  ,9.773936648376e+00  ,6.378004791493e+01  ,-7.339866622209e-03  
  6.642051390975e-03  ,9.973503076965e+00  ,4.096701429937e+01  ,9.859696510530e+00  
  6.642059066564e-03  ,1.000036051411e+01  ,1.059376405698e+01  ,9.859873268416e+00  
  6.642063370764e-03  ,1.018931450649e+01  ,3.392272629709e+00  ,9.860789297752e+00  
  6.642067441761e-03  ,1.046806396300e+01  ,2.664569396001e+00  ,9.861866253611e+00  
  6.642069764480e-03  ,1.062551761521e+01  ,2.745317197251e+00  ,9.862515768896e+00  
  6.642072702989e-03  ,1.081672595708e+01  ,2.800353315893e+00  ,9.863341314981e+00  
  6.642078580007e-03  ,1.117395888494e+01  ,2.809982221911e+00  ,9.864994286299e+00  
  6.642090334043e-03  ,1.180013267984e+01  ,2.799554289224e+00  ,9.868308135106e+00  
  6.642102637931e-03  ,1.234929906202e+01  ,2.803746548865e+00  ,9.871777418893e+00  
  6.642127245709e-03  ,1.318307301883e+01  ,2.805972639652e+00  ,9.878715639016e+00  
  6.642176461264e-03  ,1.417075847400e+01  ,2.808394445530e+00  ,9.892590868558e+00  
  6.642274892375e-03  ,1.497941254300e+01  ,2.816326078083e+00  ,9.920335981547e+00  
  6.642403256938e-03  ,1.499977828492e+01  ,2.826610002893e+00  ,9.956507231532e+00  
  6.642629373118e-03  ,1.500012831414e+01  ,2.844666490289e+00  ,1.002019140925e+01  
  6.642869174525e-03  ,1.500011396797e+01  ,2.863839726373e+00  ,1.008768529819e+01  
  6.643348777339e-03  ,1.500019353045e+01  ,2.902123963824e+00  ,1.022253533095e+01  
  6.644307982966e-03  ,1.500023817616e+01  ,2.978536153226e+00  ,1.049168543211e+01  
  6.646226394221e-03  ,1.500032187118e+01  ,3.130737878618e+00  ,1.102779242106e+01  
  6.650063216731e-03  ,1.500033947991e+01  ,3.432667952120e+00  ,1.209129428339e+01  
  6.652010000020e-03  ,1.499977611622e+01  ,3.584611552807e+00  ,1.262649149094e+01  
  6.652011000018e-03  ,1.442099555446e+01  ,3.584542714422e+00  ,1.262676563721e+01  
  6.652013000126e-03  ,1.321333568819e+01  ,3.584311747076e+00  ,1.262731388217e+01  
  6.652017000343e-03  ,1.067209078948e+01  ,3.583867818836e+00  ,1.262841068871e+01  
  6.652020000020e-03  ,8.647229875253e+00  ,3.583595189614e+00  ,1.262923308768e+01  
  6.652020800063e-03  ,8.543556449970e+00  ,3.583649703208e+00  ,1.262945238897e+01  
  6.652022400076e-03  ,8.338705908084e+00  ,3.583845530481e+00  ,1.262989109144e+01  
  6.652025600100e-03  ,7.943567196523e+00  ,3.584371474856e+00  ,1.263076846597e+01  
  6.652032000149e-03  ,7.208163984965e+00  ,3.585466113201e+00  ,1.263252298374e+01  
  6.652044800246e-03  ,5.932585522772e+00  ,3.588421159235e+00  ,1.263603187999e+01  
  6.652058725381e-03  ,4.791965342340e+00  ,3.598288172389e+00  ,1.263984813714e+01  
  6.652067642236e-03  ,4.356463780028e+00  ,1.401012359160e+01  ,1.264164802481e+01  
  6.652076012218e-03  ,4.341991083535e+00  ,4.354091769757e+01  ,1.264170699575e+01  
  6.652082284862e-03  ,4.134410103506e+00  ,5.281230455595e+01  ,3.696887282024e-02  
  6.652085554922e-03  ,3.936605759217e+00  ,5.284139222400e+01  ,-2.055406236292e-01  
  6.652087124946e-03  ,3.843710825228e+00  ,5.282311918405e+01  ,-4.109714989295e-03  
  6.652090264993e-03  ,3.665050685641e+00  ,5.282629934642e+01  ,1.012938714517e-02  
  6.652096545087e-03  ,3.331842626128e+00  ,5.283608004447e+01  ,5.648040281151e-03  
  6.652109105276e-03  ,2.751018127523e+00  ,5.285487497978e+01  ,4.593526637601e-03  
  6.652134225653e-03  ,1.861263651716e+00  ,5.289238767945e+01  ,3.313393437506e-03  
  6.652175364779e-03  ,9.413912398611e-01  ,5.295367732114e+01  ,1.971946736723e-03  
  6.652221361684e-03  ,4.553916583763e-01  ,5.302200026380e+01  ,1.261971321304e-03  
  6.652269450711e-03  ,1.918056602653e-01  ,5.309322795244e+01  ,8.760793459410e-04  
  6.652324364470e-03  ,8.006111277034e-02  ,5.317432557206e+01  ,7.111853774469e-04  
  6.652413056182e-03  ,6.889088013563e-03  ,5.330481021942e+01  ,6.012376405778e-04  
  6.652507863330e-03  ,2.595908537884e-03  ,5.344362212219e+01  ,5.914501697726e-04  
  6.652697477626e-03  ,7.909559692395e-04  ,5.371919203710e+01  ,5.817669834104e-04  
  6.652919087695e-03  ,1.962358280837e-03  ,5.403778477848e+01  ,5.753201323195e-04  
  6.653362307833e-03  ,1.917550411806e-03  ,5.466365863824e+01  ,5.590000057415e-04  
  6.654248748111e-03  ,1.421827018786e-03  ,5.586982189059e+01  ,5.265418018392e-04  
  6.656021628665e-03  ,1.581470378923e-03  ,5.809712877426e+01  ,4.652975329509e-04  
  6.659567389773e-03  ,9.471389779113e-04  ,6.179804470275e+01  ,3.495651924589e-04  
  6.662000000020e-03  ,1.006287162214e-03  ,6.375024045401e+01  ,2.787477118391e-04  
  6.662001000018e-03  ,5.776500459083e-01  ,6.375107698798e+01  ,-1.012283554816e-03  
  6.662001884681e-03  ,1.095178639789e+00  ,6.375182056737e+01  ,-2.187823412198e-03  
  6.662003654008e-03  ,2.159988325813e+00  ,6.375330458970e+01  ,-4.504486795279e-03  
  6.662007192661e-03  ,4.411828809816e+00  ,6.375625578297e+01  ,-8.958017922721e-03  
  6.662010000020e-03  ,6.311349197471e+00  ,6.375858160025e+01  ,-1.232627876575e-02  
  6.662010707751e-03  ,6.403636766118e+00  ,6.375907275293e+01  ,-1.224675943463e-02  
  6.662012123175e-03  ,6.586246592534e+00  ,6.376004456642e+01  ,-1.198680539758e-02  
  6.662014954023e-03  ,6.940000452248e+00  ,6.376198764330e+01  ,-1.146863163890e-02  
  6.662020615719e-03  ,7.603722133362e+00  ,6.376587810617e+01  ,-1.050155007454e-02  
  6.662031939111e-03  ,8.776149524814e+00  ,6.377367148019e+01  ,-8.793480815799e-03  
  6.662043345950e-03  ,9.773052718720e+00  ,6.378153581581e+01  ,-7.341192239087e-03  
  6.662051382147e-03  ,9.973457946328e+00  ,4.102539684506e+01  ,9.859346142866e+00  
  6.662059054754e-03  ,1.000027455775e+01  ,1.066170980705e+01  ,9.859519646400e+00  
  6.662063364915e-03  ,1.018850820673e+01  ,3.396559261504e+00  ,9.860436073957e+00  
  6.662067447088e-03  ,1.046800609214e+01  ,2.663533892777e+00  ,9.861514106949e+00  
  6.662069767944e-03  ,1.062534417677e+01  ,2.744924854032e+00  ,9.862163133284e+00  
  6.662072700493e-03  ,1.081618420898e+01  ,2.800235431232e+00  ,9.862987025976e+00  
  6.662078565590e-03  ,1.117276918784e+01  ,2.809921700102e+00  ,9.864636642954e+00  
  6.662090295784e-03  ,1.179955501559e+01  ,2.804923029491e+00  ,9.867940436659e+00  
  6.662110156052e-03  ,1.263742035803e+01  ,2.803570992547e+00  ,9.873540143406e+00  
  6.662149876587e-03  ,1.373131890483e+01  ,2.807710217796e+00  ,9.884739134787e+00  
  6.662229317657e-03  ,1.477158884559e+01  ,2.812706540356e+00  ,9.907133648487e+00  
  6.662346762649e-03  ,1.516366479971e+01  ,2.821903690482e+00  ,9.940232686942e+00  
  6.662519878380e-03  ,1.497792328489e+01  ,2.835836485330e+00  ,9.989001344407e+00  
  6.662676495544e-03  ,1.497084859867e+01  ,2.848356241955e+00  ,1.003310146070e+01  
  6.662989729874e-03  ,1.501195702603e+01  ,2.873361626292e+00  ,1.012124292714e+01  
  6.663616198532e-03  ,1.499229259522e+01  ,2.923350744051e+00  ,1.029729105983e+01  
  6.664715594284e-03  ,1.499816071210e+01  ,3.010844673052e+00  ,1.060548373955e+01  
  6.666914385788e-03  ,1.500018803118e+01  ,3.185020434192e+00  ,1.121899404070e+01  
  6.671311968796e-03  ,1.499992854763e+01  ,3.530131128297e+00  ,1.243459259162e+01  
  6.672010000020e-03  ,1.500001312576e+01  ,3.584515117061e+00  ,1.262615209326e+01  
  6.672011000018e-03  ,1.442323047589e+01  ,3.584445597909e+00  ,1.262642623939e+01  
  6.672013000126e-03  ,1.321550480257e+01  ,3.584214379286e+00  ,1.262697449264e+01  
  6.672017000343e-03  ,1.067413291679e+01  ,3.583770363563e+00  ,1.262807129785e+01  
  6.672020000020e-03  ,8.649181155793e+00  ,3.583497732352e+00  ,1.262889369975e+01  
  6.672020800063e-03  ,8.545484335557e+00  ,3.583552220147e+00  ,1.262911300187e+01  
  6.672022400076e-03  ,8.340587566890e+00  ,3.583748000784e+00  ,1.262955170584e+01  
  6.672025600100e-03  ,7.945359687358e+00  ,3.584273844377e+00  ,1.263042908342e+01  
  6.672032000149e-03  ,7.209790520629e+00  ,3.585368164169e+00  ,1.263218360753e+01  
  6.672044800246e-03  ,5.933924181205e+00  ,3.588321374941e+00  ,1.263569251644e+01  
  6.672058726871e-03  ,4.792935229795e+00  ,3.598167714392e+00  ,1.263950919775e+01  
  6.672067645216e-03  ,4.356522877969e+00  ,1.396916839684e+01  ,1.264131266970e+01  
  6.672076016689e-03  ,4.341951628447e+00  ,4.349838622119e+01  ,1.264137436195e+01  
  6.672082296038e-03  ,4.134669727995e+00  ,5.281184085771e+01  ,3.913007288695e-02  
  6.672085567215e-03  ,3.936795102555e+00  ,5.284121208701e+01  ,-2.061432051532e-01  
  6.672087136680e-03  ,3.843927293197e+00  ,5.282288059474e+01  ,-4.148530229520e-03  
  6.672090275610e-03  ,3.665319276272e+00  ,5.282605361501e+01  ,1.014274510400e-02  
  6.672096553469e-03  ,3.332200346434e+00  ,5.283583186573e+01  ,5.649255901603e-03  
  6.672109109187e-03  ,2.751503504714e+00  ,5.285461945257e+01  ,4.594152323406e-03  
  6.672134220624e-03  ,1.861865006613e+00  ,5.289211730076e+01  ,3.314245642388e-03  
  6.672175371671e-03  ,9.415055955428e-01  ,5.295342222110e+01  ,1.972091143394e-03  
  6.672221362615e-03  ,4.554935251095e-01  ,5.302173350151e+01  ,1.262097652623e-03  
  6.672269451642e-03  ,1.918528050114e-01  ,5.309295826474e+01  ,8.761260852883e-04  
  6.672324353481e-03  ,8.009762380899e-02  ,5.317403496628e+01  ,7.112171122225e-04  
  6.672413045192e-03  ,6.895382154270e-03  ,5.330451430940e+01  ,6.012254791887e-04  
  6.672507840419e-03  ,2.597192398806e-03  ,5.344330314469e+01  ,5.914312343873e-04  
  6.672697430873e-03  ,7.898382341647e-04  ,5.371882749093e+01  ,5.817456881781e-04  
  6.672919017101e-03  ,1.962511688363e-03  ,5.403737368504e+01  ,5.753018102088e-04  
  6.673362189556e-03  ,1.917756138425e-03  ,5.466315717893e+01  ,5.589840021873e-04  
  6.674248534465e-03  ,1.623529241609e-03  ,5.586908905301e+01  ,5.266436026315e-04  
  6.676021224285e-03  ,1.407650296575e-03  ,5.809611980694e+01  ,4.652282874458e-04  
  6.679566603923e-03  ,1.108514647098e-03  ,6.179666658017e+01  ,3.496294488233e-04  
  6.682000000020e-03  ,8.614985255963e-04  ,6.374948884654e+01  ,2.787107475082e-04  
  6.682001000018e-03  ,5.775074203018e-01  ,6.375032536758e+01  ,-1.012494449799e-03  
  6.682001884774e-03  ,1.095093033197e+00  ,6.375106899854e+01  ,-2.188163077718e-03  
  6.682003654287e-03  ,2.160023035296e+00  ,6.375255312126e+01  ,-4.505056397451e-03  
  6.682007193313e-03  ,4.412128981388e+00  ,6.375550451230e+01  ,-8.959014624911e-03  
  6.682010000020e-03  ,6.312008910515e+00  ,6.375782959933e+01  ,-1.232531547510e-02  
  6.682010707825e-03  ,6.404299083787e+00  ,6.375832078324e+01  ,-1.224580353083e-02  
  6.682012123435e-03  ,6.586918615044e+00  ,6.375929268272e+01  ,-1.198583603564e-02  
  6.682014954656e-03  ,6.940689804161e+00  ,6.376123593157e+01  ,-1.146763669636e-02  
  6.682020617097e-03  ,7.604438461519e+00  ,6.376512673899e+01  ,-1.050051582315e-02  
  6.682031941980e-03  ,8.776895010623e+00  ,6.377292080350e+01  ,-8.792404119908e-03  
  6.682043351799e-03  ,9.773920511100e+00  ,6.378078685776e+01  ,-7.339937316808e-03  
  6.682051390975e-03  ,9.973498884035e+00  ,4.096828002352e+01  ,9.859116728607e+00  
  6.682059066564e-03  ,1.000035524046e+01  ,1.059493338441e+01  ,9.859293405452e+00  
  6.682063370764e-03  ,1.018928733974e+01  ,3.392222876882e+00  ,9.860209441346e+00  
  6.682067442506e-03  ,1.046808733972e+01  ,2.664353272719e+00  ,9.861286546863e+00  
  6.682069765225e-03  ,1.062554058758e+01  ,2.745140589264e+00  ,9.861936066849e+00  
  6.682072703734e-03  ,1.081674806253e+01  ,2.800189740033e+00  ,9.862761618419e+00  
  6.682078580752e-03  ,1.117397911007e+01  ,2.809819132561e+00  ,9.864414599259e+00  
  6.682090334788e-03  ,1.180014956580e+01  ,2.799388178600e+00  ,9.867728467349e+00  
  6.682102637186e-03  ,1.234925196851e+01  ,2.803581669613e+00  ,9.871197351283e+00  
  6.682127241984e-03  ,1.318295564211e+01  ,2.805807944344e+00  ,9.878134771678e+00  
  6.682176451578e-03  ,1.417061778395e+01  ,2.808228991302e+00  ,9.892008402024e+00  
  6.682274870768e-03  ,1.497932730884e+01  ,2.816159838628e+00  ,9.919750317976e+00  
  6.682403235331e-03  ,1.499977714033e+01  ,2.826443798351e+00  ,9.955921781332e+00  
  6.682629327669e-03  ,1.500012860223e+01  ,2.844498475254e+00  ,1.001959962195e+01  
  6.682869129076e-03  ,1.500011421063e+01  ,2.863671831013e+00  ,1.008709391365e+01  
  6.683348731890e-03  ,1.500019410747e+01  ,2.901956296830e+00  ,1.022194475110e+01  
  6.684307937517e-03  ,1.500023894310e+01  ,2.978368942125e+00  ,1.049109645834e+01  
  6.686226348772e-03  ,1.500032299282e+01  ,3.130571575598e+00  ,1.102720664638e+01  
  6.690063171282e-03  ,1.500034068104e+01  ,3.432503450808e+00  ,1.209071485489e+01  
  6.692010000020e-03  ,1.499977506727e+01  ,3.584451496695e+00  ,1.262592771616e+01  
  6.692011000018e-03  ,1.442098544387e+01  ,3.584382662680e+00  ,1.262620186404e+01  
  6.692013000126e-03  ,1.321332587530e+01  ,3.584151697367e+00  ,1.262675011215e+01  
  6.692017000343e-03  ,1.067208155103e+01  ,3.583707768288e+00  ,1.262784692513e+01  
  6.692020000020e-03  ,8.647221047718e+00  ,3.583435135634e+00  ,1.262866932891e+01  
  6.692020800063e-03  ,8.543547728238e+00  ,3.583489647174e+00  ,1.262888863148e+01  
  6.692022400076e-03  ,8.338697395413e+00  ,3.583685470583e+00  ,1.262932733650e+01  
  6.692025600100e-03  ,7.943559087126e+00  ,3.584211409010e+00  ,1.263020471616e+01  
  6.692032000149e-03  ,7.208156626051e+00  ,3.585306032159e+00  ,1.263195924417e+01  
  6.692044800246e-03  ,5.932579465060e+00  ,3.588261014866e+00  ,1.263546816092e+01  
  6.692058725381e-03  ,4.791960444296e+00  ,3.598127711981e+00  ,1.263928444039e+01  
  6.692067642236e-03  ,4.356459947443e+00  ,1.400998658987e+01  ,1.264108435318e+01  
  6.692076012218e-03  ,4.341987824363e+00  ,4.354079193499e+01  ,1.264114333339e+01  
  6.692082284862e-03  ,4.134418200367e+00  ,5.281289337477e+01  ,3.702786848088e-02  
  6.692085554922e-03  ,3.936613654221e+00  ,5.284198809714e+01  ,-2.055542869941e-01  
  6.692087124946e-03  ,3.843718509172e+00  ,5.282371353983e+01  ,-4.110604744058e-03  
  6.692090264993e-03  ,3.665058006877e+00  ,5.282689319554e+01  ,1.012958653162e-02  
  6.692096545087e-03  ,3.331849271534e+00  ,5.283667312584e+01  ,5.648009935004e-03  
  6.692109105276e-03  ,2.751023590087e+00  ,5.285546647719e+01  ,4.593481496972e-03  
  6.692134225653e-03  ,1.861267299424e+00  ,5.289297600466e+01  ,3.313346551289e-03  
  6.692175364779e-03  ,9.413930095035e-01  ,5.295426045180e+01  ,1.971897248978e-03  
  6.692221355723e-03  ,4.554391267726e-01  ,5.302256874797e+01  ,1.261988761555e-03  
  6.692269444751e-03  ,1.918299707501e-01  ,5.309379039424e+01  ,8.760631581536e-04  
  6.692324358510e-03  ,8.007103943999e-02  ,5.317488111664e+01  ,7.111483592504e-04  
  6.692413050221e-03  ,6.889596656737e-03  ,5.330535463211e+01  ,6.011871108032e-04  
  6.692507857369e-03  ,2.595865817499e-03  ,5.344415464751e+01  ,5.913990580537e-04  
  6.692697471665e-03  ,7.906834864021e-04  ,5.371970082990e+01  ,5.817159818650e-04  
  6.692919081734e-03  ,1.962239630609e-03  ,5.403826590681e+01  ,5.752698595907e-04  
  6.693362301873e-03  ,1.917432142855e-03  ,5.466408468493e+01  ,5.589507356384e-04  
  6.694248742150e-03  ,1.421657492668e-03  ,5.587013882399e+01  ,5.264943438687e-04  
  6.696021622704e-03  ,1.581347444462e-03  ,5.809723222679e+01  ,4.652536416084e-04  
  6.699567383813e-03  ,9.469894062614e-04  ,6.179774409119e+01  ,3.495272569643e-04  
  6.702000000020e-03  ,1.006180371279e-03  ,6.374968712329e+01  ,2.787127864927e-04  
  6.702001000018e-03  ,5.776499388798e-01  ,6.375052355507e+01  ,-1.012318100726e-03  
  6.702001884681e-03  ,1.095178532554e+00  ,6.375126704409e+01  ,-2.187857893260e-03  
  6.702003654008e-03  ,2.159988218172e+00  ,6.375275088570e+01  ,-4.504521295613e-03  
  6.702007192661e-03  ,4.411828701395e+00  ,6.375570171755e+01  ,-8.958052436418e-03  
  6.702010000020e-03  ,6.311349088461e+00  ,6.375802724808e+01  ,-1.232631328661e-02  
  6.702010707751e-03  ,6.403636656961e+00  ,6.375851832837e+01  ,-1.224679423201e-02  
  6.702012123175e-03  ,6.586246483088e+00  ,6.375948999702e+01  ,-1.198684025009e-02  
  6.702014954023e-03  ,6.940000342240e+00  ,6.376143278423e+01  ,-1.146866646368e-02  
  6.702020615719e-03  ,7.603722022303e+00  ,6.376532266784e+01  ,-1.050158488480e-02  
  6.702031939111e-03  ,8.776149411904e+00  ,6.377311488368e+01  ,-8.793515611043e-03  
  6.702043345950e-03  ,9.773052604244e+00  ,6.378097805309e+01  ,-7.341227014775e-03  
  6.702051382147e-03  ,9.973455061607e+00  ,4.102460910341e+01  ,9.858782557231e+00  
  6.702059054754e-03  ,1.000027203861e+01  ,1.066093169689e+01  ,9.858956104532e+00  
  6.702063364915e-03  ,1.018851632708e+01  ,3.396358627457e+00  ,9.859872528613e+00  
  6.702067447088e-03  ,1.046801427108e+01  ,2.663379964939e+00  ,9.860950591381e+00  
  6.702069768317e-03  ,1.062537670442e+01  ,2.744766334737e+00  ,9.861599723088e+00  
  6.702072700865e-03  ,1.081621529560e+01  ,2.800073207316e+00  ,9.862423620422e+00  
  6.702078565962e-03  ,1.117279764943e+01  ,2.809760929632e+00  ,9.864073246832e+00  
  6.702090296156e-03  ,1.179799392540e+01  ,2.799266035484e+00  ,9.867380401788e+00  
  6.702102546401e-03  ,1.234531855701e+01  ,2.803478657383e+00  ,9.870834592948e+00  
  6.702127046890e-03  ,1.317727442115e+01  ,2.805704405782e+00  ,9.877742628843e+00  
  6.702176047869e-03  ,1.416496225848e+01  ,2.808100407666e+00  ,9.891557500748e+00  
  6.702274049826e-03  ,1.497630724593e+01  ,2.815999658995e+00  ,9.919181949062e+00  
  6.702402319021e-03  ,1.499972774939e+01  ,2.826275028383e+00  ,9.955326750094e+00  
  6.702627505369e-03  ,1.500014099115e+01  ,2.844257090560e+00  ,1.001874988428e+01  
  6.702866829939e-03  ,1.500012463156e+01  ,2.863392657454e+00  ,1.008611058878e+01  
  6.703345479078e-03  ,1.500021896796e+01  ,2.901601421832e+00  ,1.022069479713e+01  
  6.704302777357e-03  ,1.500027200742e+01  ,2.977863288054e+00  ,1.048931542334e+01  
  6.706217373915e-03  ,1.500037136960e+01  ,3.129766825162e+00  ,1.102437211850e+01  
  6.710046567030e-03  ,1.500039250543e+01  ,3.431110264354e+00  ,1.208580765777e+01  
  6.712010000020e-03  ,1.499972947088e+01  ,3.584358443258e+00  ,1.262559987143e+01  
  6.712011000018e-03  ,1.442052476621e+01  ,3.584289746765e+00  ,1.262587402056e+01  
  6.712013000126e-03  ,1.321287876224e+01  ,3.584058832406e+00  ,1.262642226868e+01  
  6.712017000343e-03  ,1.067166061340e+01  ,3.583614919817e+00  ,1.262751908690e+01  
  6.712020000020e-03  ,8.646818836021e+00  ,3.583342285611e+00  ,1.262834149346e+01  
  6.712020800063e-03  ,8.543150338847e+00  ,3.583396800851e+00  ,1.262856079676e+01  
  6.712022400076e-03  ,8.338309534565e+00  ,3.583592630940e+00  ,1.262899950329e+01  
  6.712025600100e-03  ,7.943189606124e+00  ,3.584118585674e+00  ,1.262987688593e+01  
  6.712032000149e-03  ,7.207821352694e+00  ,3.585213262822e+00  ,1.263163141987e+01  
  6.712044800246e-03  ,5.932303530188e+00  ,3.588168573860e+00  ,1.263514034846e+01  
  6.712058725381e-03  ,4.791737643504e+00  ,3.598039839652e+00  ,1.263895664039e+01  
  6.712067643726e-03  ,4.356436143359e+00  ,1.402590963714e+01  ,1.264075560452e+01  
  6.712076013708e-03  ,4.341998373139e+00  ,4.355912411116e+01  ,1.264081344544e+01  
  6.712082285607e-03  ,4.134171024202e+00  ,5.281317850622e+01  ,3.569068722560e-02  
  6.712085556040e-03  ,3.936351751839e+00  ,5.284210281275e+01  ,-2.052202414137e-01  
  6.712087126808e-03  ,3.843419970859e+00  ,5.282386083609e+01  ,-4.086454430521e-03  
  6.712090268346e-03  ,3.664690533316e+00  ,5.282704578903e+01  ,1.012107693779e-02  
  6.712096551420e-03  ,3.331363992427e+00  ,5.283682894989e+01  ,5.646782320757e-03  
  6.712109117569e-03  ,2.751968953404e+00  ,5.285567883469e+01  ,4.426198305099e-03  
  6.712134249868e-03  ,1.871435630603e+00  ,5.289319218619e+01  ,3.513916105266e-03  
  6.712173517408e-03  ,9.861180768204e-01  ,5.295172336733e+01  ,2.037836269687e-03  
  6.712218125524e-03  ,4.423465987123e-01  ,5.301799256621e+01  ,1.242908141556e-03  
  6.712263627710e-03  ,1.762328700740e-01  ,5.308539741529e+01  ,8.535233101511e-04  
  6.712332757177e-03  ,5.622234476708e-02  ,5.318746586162e+01  ,6.760520077194e-04  
  6.712413843336e-03  ,4.603680501905e-03  ,5.330671479291e+01  ,5.977969936188e-04  
  6.712510164441e-03  ,-7.865866491558e-03  ,5.344771378512e+01  ,5.760341332864e-04  
  6.712702806653e-03  ,-5.375833925375e-03  ,5.372758931838e+01  ,5.725034305618e-04  
  6.712993534269e-03  ,4.389330947737e-03  ,5.414460050569e+01  ,5.760370429292e-04  
  6.713574989499e-03  ,-2.598086066939e-05  ,5.495913835116e+01  ,5.484065845074e-04  
  6.714478691282e-03  ,1.129494684574e-03  ,5.617298343179e+01  ,5.177390567742e-04  
  6.715734680356e-03  ,1.471467660166e-03  ,5.775347193493e+01  ,4.747150967480e-04  
  6.718246658506e-03  ,1.202631890959e-03  ,6.053756719954e+01  ,3.920770770256e-04  
  6.722000000020e-03  ,8.924450973931e-04  ,6.374946507866e+01  ,2.765955316062e-04  
  6.722001000018e-03  ,5.775378581124e-01  ,6.375030147954e+01  ,-1.013373325295e-03  
  6.722001884774e-03  ,1.095123063540e+00  ,6.375104498539e+01  ,-2.187766222702e-03  
  6.722003654287e-03  ,2.160052271897e+00  ,6.375252915074e+01  ,-4.504962360973e-03  
  6.722007193313e-03  ,4.412156690417e+00  ,6.375548057051e+01  ,-8.958975385286e-03  
  6.722010000020e-03  ,6.312035464898e+00  ,6.375780567869e+01  ,-1.232527106316e-02  
  6.722010707825e-03  ,6.404325356210e+00  ,6.375829686755e+01  ,-1.224576113351e-02  
  6.722012123435e-03  ,6.586944329505e+00  ,6.375926877554e+01  ,-1.198579844269e-02  
  6.722014954656e-03  ,6.940714437813e+00  ,6.376121204587e+01  ,-1.146759854587e-02  
  6.722020617097e-03  ,7.604461067300e+00  ,6.376510289274e+01  ,-1.050048002621e-02  
  6.722031941980e-03  ,8.776914034337e+00  ,6.377289703627e+01  ,-8.792373442552e-03  
  6.722043351799e-03  ,9.773936488707e+00  ,6.378076317008e+01  ,-7.339911708799e-03  
  6.722051390975e-03  ,9.973499709084e+00  ,4.096747255426e+01  ,9.859148592416e+00  
  6.722059066564e-03  ,1.000035635889e+01  ,1.059414829526e+01  ,9.859325302324e+00  
  6.722063370764e-03  ,1.018930163955e+01  ,3.392168100203e+00  ,9.860241345559e+00  
  6.722067441761e-03  ,1.046805125030e+01  ,2.664409960479e+00  ,9.861318289127e+00  
  6.722069764480e-03  ,1.062550532936e+01  ,2.745157436539e+00  ,9.861967808015e+00  
  6.722072702989e-03  ,1.081671423306e+01  ,2.800196512489e+00  ,9.862793358996e+00  
  6.722078580007e-03  ,1.117394817328e+01  ,2.809826824335e+00  ,9.864446339384e+00  
  6.722090334043e-03  ,1.180012371742e+01  ,2.799398425778e+00  ,9.867760206479e+00  
  6.722102637931e-03  ,1.234929163978e+01  ,2.803590905713e+00  ,9.871229509416e+00  
  6.722127245709e-03  ,1.318306793233e+01  ,2.805817104960e+00  ,9.878167767827e+00  
  6.722176461264e-03  ,1.417075615238e+01  ,2.808238884099e+00  ,9.892043073923e+00  
  6.722274892375e-03  ,1.497941248570e+01  ,2.816170600324e+00  ,9.919788339978e+00  
  6.722403256938e-03  ,1.499977828447e+01  ,2.826454584053e+00  ,9.955959789504e+00  
  6.722629373118e-03  ,1.500012831464e+01  ,2.844511169162e+00  ,1.001964431853e+01  
  6.722869174525e-03  ,1.500011396844e+01  ,2.863684511960e+00  ,1.008713857981e+01  
  6.723348777339e-03  ,1.500019353114e+01  ,2.901968960629e+00  ,1.022198935648e+01  
  6.724307982966e-03  ,1.500023817698e+01  ,2.978381571581e+00  ,1.049114094241e+01  
  6.726226394221e-03  ,1.500032187222e+01  ,3.130584136635e+00  ,1.102725088882e+01  
  6.730063216731e-03  ,1.500033948100e+01  ,3.432515875800e+00  ,1.209075861800e+01  
  6.732010000020e-03  ,1.499977611583e+01  ,3.584460314696e+00  ,1.262595877799e+01  
  6.732011000018e-03  ,1.442099554807e+01  ,3.584391477620e+00  ,1.262623292577e+01  
  6.732013000126e-03  ,1.321333568198e+01  ,3.584160511154e+00  ,1.262678117376e+01  
  6.732017000343e-03  ,1.067209078360e+01  ,3.583716581769e+00  ,1.262787798635e+01  
  6.732020000020e-03  ,8.647229869568e+00  ,3.583443949291e+00  ,1.262870038986e+01  
  6.732020800063e-03  ,8.543556444320e+00  ,3.583498460842e+00  ,1.262891969236e+01  
  6.732022400076e-03  ,8.338705902505e+00  ,3.583694284277e+00  ,1.262935839725e+01  
  6.732025600100e-03  ,7.943567191091e+00  ,3.584220222617e+00  ,1.263023577662e+01  
  6.732032000149e-03  ,7.208163979741e+00  ,3.585314845283e+00  ,1.263199030407e+01  
  6.732044800246e-03  ,5.932585517307e+00  ,3.588269823816e+00  ,1.263549921968e+01  
  6.732058725381e-03  ,4.791965331413e+00  ,3.598136438627e+00  ,1.263931549794e+01  
  6.732067642236e-03  ,4.356460479174e+00  ,1.400977372881e+01  ,1.264111542695e+01  
  6.732076012218e-03  ,4.341987814242e+00  ,4.354054230981e+01  ,1.264117442249e+01  
  6.732082284862e-03  ,4.134422053217e+00  ,5.281287260304e+01  ,3.704685373994e-02  
  6.732085554922e-03  ,3.936617387156e+00  ,5.284196979303e+01  ,-2.055592764046e-01  
  6.732087124946e-03  ,3.843722146298e+00  ,5.282369476879e+01  ,-4.110908813667e-03  
  6.732090264993e-03  ,3.665061475645e+00  ,5.282687440423e+01  ,1.012968619587e-02  
  6.732096545087e-03  ,3.331852426751e+00  ,5.283665438526e+01  ,5.648022150544e-03  
  6.732109105276e-03  ,2.751026197211e+00  ,5.285544782102e+01  ,4.593487609201e-03  
  6.732134225653e-03  ,1.861269066030e+00  ,5.289295751619e+01  ,3.313351796114e-03  
  6.732175364779e-03  ,9.413939065793e-01  ,5.295424223787e+01  ,1.971901235163e-03  
  6.732221355723e-03  ,4.554395640316e-01  ,5.302255084074e+01  ,1.261992070832e-03  
  6.732269444751e-03  ,1.918301585773e-01  ,5.309377280743e+01  ,8.760660982030e-04  
  6.732324358510e-03  ,8.007112151755e-02  ,5.317486389541e+01  ,7.111511379442e-04  
  6.732413050221e-03  ,6.889609485700e-03  ,5.330533800063e+01  ,6.011897774059e-04  
  6.732507857369e-03  ,2.595874579760e-03  ,5.344413864553e+01  ,5.914017064552e-04  
  6.732697471665e-03  ,7.906905326261e-04  ,5.371968608401e+01  ,5.817186039972e-04  
  6.732919081734e-03  ,1.962247775510e-03  ,5.403825262400e+01  ,5.752724560071e-04  
  6.733362301873e-03  ,1.917440223794e-03  ,5.466407431158e+01  ,5.589532779334e-04  
  6.734248742150e-03  ,1.421665054568e-03  ,5.587013419982e+01  ,5.264967833966e-04  
  6.736021622704e-03  ,1.581355031498e-03  ,5.809723879452e+01  ,4.652558916811e-04  
  6.739567383813e-03  ,9.469960445796e-04  ,6.179777162333e+01  ,3.495291798872e-04  
  6.742000000020e-03  ,1.006186730948e-03  ,6.374972781475e+01  ,2.787145371861e-04  
  6.742001000018e-03  ,5.776499452373e-01  ,6.375056425171e+01  ,-1.012316374716e-03  
  6.742001884681e-03  ,1.095178538909e+00  ,6.375130774532e+01  ,-2.187856170581e-03  
  6.742003654008e-03  ,2.159988224524e+00  ,6.375279159609e+01  ,-4.504519571840e-03  
  6.742007192661e-03  ,4.411828707740e+00  ,6.375574244625e+01  ,-8.958050711813e-03  
  6.742010000020e-03  ,6.311349094800e+00  ,6.375806799132e+01  ,-1.232631156151e-02  
  6.742010707751e-03  ,6.403636663299e+00  ,6.375855907527e+01  ,-1.224679248792e-02  
  6.742012123175e-03  ,6.586246489423e+00  ,6.375953075127e+01  ,-1.198683850218e-02  
  6.742014954023e-03  ,6.940000348571e+00  ,6.376147355315e+01  ,-1.146866471782e-02  
  6.742020615719e-03  ,7.603722028625e+00  ,6.376536346612e+01  ,-1.050158313979e-02  
  6.742031939111e-03  ,8.776149418210e+00  ,6.377315574066e+01  ,-8.793513867146e-03  
  6.742043345950e-03  ,9.773052610536e+00  ,6.378101896917e+01  ,-7.341225272151e-03  
  6.742051382147e-03  ,9.973455209474e+00  ,4.102466187656e+01  ,9.858812432789e+00  
  6.742059054754e-03  ,1.000027215682e+01  ,1.066098320916e+01  ,9.858985976955e+00  
  6.742063364915e-03  ,1.018851570980e+01  ,3.396370076194e+00  ,9.859902401373e+00  
  6.742067447088e-03  ,1.046801365161e+01  ,2.663388036568e+00  ,9.860980462195e+00  
  6.742069767944e-03  ,1.062535144291e+01  ,2.744774815576e+00  ,9.861629491655e+00  
  6.742072700493e-03  ,1.081619114464e+01  ,2.800083495496e+00  ,9.862453388817e+00  
  6.742078565590e-03  ,1.117277553780e+01  ,2.809769893768e+00  ,9.864103014808e+00  
  6.742090295784e-03  ,1.179956033088e+01  ,2.804771453036e+00  ,9.867406826402e+00  
  6.742110156052e-03  ,1.263742428235e+01  ,2.803419444646e+00  ,9.873006563250e+00  
  6.742149876587e-03  ,1.373132101298e+01  ,2.807558742668e+00  ,9.884205614811e+00  
  6.742229317657e-03  ,1.477158922572e+01  ,2.812555105531e+00  ,9.906600248837e+00  
  6.742346762649e-03  ,1.516366452837e+01  ,2.821752309436e+00  ,9.939699465119e+00  
  6.742519878380e-03  ,1.497792332192e+01  ,2.835685176850e+00  ,9.988468384585e+00  
  6.742676495544e-03  ,1.497084864746e+01  ,2.848205000561e+00  ,1.003256873780e+01  
  6.742989729874e-03  ,1.501195700658e+01  ,2.873210519800e+00  ,1.012071067777e+01  
  6.743616198532e-03  ,1.499229260841e+01  ,2.923199905867e+00  ,1.029675975626e+01  
  6.744715594284e-03  ,1.499816071554e+01  ,3.010694305021e+00  ,1.060495409170e+01  
  6.746914385788e-03  ,1.500018803125e+01  ,3.184871001959e+00  ,1.121846768885e+01  
  6.751311968796e-03  ,1.499992854813e+01  ,3.529983550173e+00  ,1.243407277041e+01  
  6.752010000020e-03  ,1.500001312608e+01  ,3.584367831112e+00  ,1.262563330117e+01  
  6.752011000018e-03  ,1.442323047644e+01  ,3.584298313248e+00  ,1.262590744878e+01  
  6.752013000126e-03  ,1.321550480310e+01  ,3.584067095484e+00  ,1.262645570498e+01  
  6.752017000343e-03  ,1.067413291726e+01  ,3.583623078646e+00  ,1.262755251608e+01  
  6.752020000020e-03  ,8.649181156175e+00  ,3.583350444267e+00  ,1.262837492240e+01  
  6.752020800063e-03  ,8.545484335903e+00  ,3.583404930073e+00  ,1.262859422570e+01  
  6.752022400076e-03  ,8.340587567165e+00  ,3.583600706974e+00  ,1.262903293202e+01  
  6.752025600100e-03  ,7.945359687506e+00  ,3.584126544695e+00  ,1.262991031431e+01  
  6.752032000149e-03  ,7.209790520476e+00  ,3.585220849233e+00  ,1.263166484785e+01  
  6.752044800246e-03  ,5.933924179946e+00  ,3.588173994345e+00  ,1.263517377562e+01  
  6.752058726871e-03  ,4.792935222450e+00  ,3.598019946824e+00  ,1.263899047749e+01  
  6.752067645216e-03  ,4.356519664031e+00  ,1.396882755212e+01  ,1.264079398954e+01  
  6.752076016689e-03  ,4.341948442575e+00  ,4.349802033096e+01  ,1.264085570172e+01  
  6.752082296038e-03  ,4.134664609076e+00  ,5.281141036888e+01  ,3.911950449733e-02  
  6.752085567215e-03  ,3.936790188760e+00  ,5.284078018197e+01  ,-2.061425282503e-01  
  6.752087136680e-03  ,3.843922493375e+00  ,5.282244859453e+01  ,-4.148525528308e-03  
  6.752090275610e-03  ,3.665314693565e+00  ,5.282562132014e+01  ,1.014270623092e-02  
  6.752096553469e-03  ,3.332196169391e+00  ,5.283539897263e+01  ,5.649215621134e-03  
  6.752109109187e-03  ,2.751500035499e+00  ,5.285418535994e+01  ,4.594112751539e-03  
  6.752134220624e-03  ,1.861862622326e+00  ,5.289168080839e+01  ,3.314207743999e-03  
  6.752175371671e-03  ,9.415043340216e-01  ,5.295298179884e+01  ,1.972054962768e-03  
  6.752221362615e-03  ,4.554928568274e-01  ,5.302128869208e+01  ,1.262062424979e-03  
  6.752269451642e-03  ,1.918524586136e-01  ,5.309250887457e+01  ,8.760914212170e-04  
  6.752324353481e-03  ,8.009741397148e-02  ,5.317358035464e+01  ,7.111827541625e-04  
  6.752413045192e-03  ,6.895261945554e-03  ,5.330405128125e+01  ,6.011914259908e-04  
  6.752507840419e-03  ,2.597077756837e-03  ,5.344283114627e+01  ,5.913973726406e-04  
  6.752697430873e-03  ,7.897264458127e-04  ,5.371833763139e+01  ,5.817121978924e-04  
  6.752919017101e-03  ,1.962399233443e-03  ,5.403686308505e+01  ,5.752687375284e-04  
  6.753362189556e-03  ,1.917645288495e-03  ,5.466260554123e+01  ,5.589517622474e-04  
  6.754248534465e-03  ,1.421480305863e-03  ,5.586851883138e+01  ,5.264987548289e-04  
  6.756021224285e-03  ,1.581506195964e-03  ,5.809537841695e+01  ,4.652659846928e-04  
  6.759566603923e-03  ,9.469254980698e-04  ,6.179561628659e+01  ,3.495523551012e-04  
  6.762000000020e-03  ,1.006302753095e-03  ,6.374825378124e+01  ,2.787147841482e-04  
  6.762001000018e-03  ,5.776500594161e-01  ,6.374909021325e+01  ,-1.012315319624e-03  
  6.762001884681e-03  ,1.095178651491e+00  ,6.374983370249e+01  ,-2.187854451219e-03  
  6.762003654008e-03  ,2.159988333973e+00  ,6.375131754468e+01  ,-4.504518026147e-03  
  6.762007192661e-03  ,4.411828811165e+00  ,6.375426837768e+01  ,-8.958049230518e-03  
  6.762010000020e-03  ,6.311349193668e+00  ,6.375659390914e+01  ,-1.232631010482e-02  
  6.762010707751e-03  ,6.403636761056e+00  ,6.375708498969e+01  ,-1.224679161803e-02  
  6.762012123175e-03  ,6.586246584980e+00  ,6.375805665876e+01  ,-1.198683776088e-02  
  6.762014954023e-03  ,6.940000439863e+00  ,6.375999944678e+01  ,-1.146866392068e-02  
  6.762020615719e-03  ,7.603722111918e+00  ,6.376388933211e+01  ,-1.050158234330e-02  
  6.762031939111e-03  ,8.776149487377e+00  ,6.377168155168e+01  ,-8.793513071209e-03  
  6.762043345950e-03  ,9.773052667700e+00  ,6.377954472524e+01  ,-7.341224477428e-03  
  6.762051382147e-03  ,9.973454886843e+00  ,4.102314774398e+01  ,9.858635488712e+00  
  6.762059054754e-03  ,1.000027312802e+01  ,1.065955812568e+01  ,9.858809140079e+00  
  6.762063364915e-03  ,1.018853974653e+01  ,3.396213543925e+00  ,9.859725546041e+00  
  6.762067447088e-03  ,1.046803760261e+01  ,2.663349838183e+00  ,9.860803658516e+00  
  6.762069768317e-03  ,1.062539919968e+01  ,2.744730926474e+00  ,9.861452790680e+00  
  6.762072701238e-03  ,1.081626042740e+01  ,2.800033935497e+00  ,9.862276793133e+00  
  6.762078567080e-03  ,1.117288231892e+01  ,2.809718344864e+00  ,9.863926631546e+00  
  6.762090298764e-03  ,1.179813771755e+01  ,2.799224670082e+00  ,9.867234211595e+00  
  6.762102550499e-03  ,1.234549940427e+01  ,2.803437166668e+00  ,9.870688828008e+00  
  6.762127053968e-03  ,1.317748392699e+01  ,2.805663013332e+00  ,9.877597714342e+00  
  6.762176060907e-03  ,1.416514582295e+01  ,2.808059737221e+00  ,9.891414286798e+00  
  6.762274074785e-03  ,1.497639465969e+01  ,2.815959930796e+00  ,9.919042134788e+00  
  6.762402367823e-03  ,1.499973115448e+01  ,2.826237251199e+00  ,9.955193703902e+00  
  6.762627578012e-03  ,1.500014011724e+01  ,2.844221252378e+00  ,1.001862363599e+01  
  6.762866950266e-03  ,1.500012391532e+01  ,2.863360649008e+00  ,1.008599784283e+01  
  6.763345694773e-03  ,1.500021726383e+01  ,2.901577064903e+00  ,1.022060900106e+01  
  6.764303183786e-03  ,1.500026974425e+01  ,2.977854171562e+00  ,1.048928330833e+01  
  6.766218161814e-03  ,1.500036806014e+01  ,3.129787942291e+00  ,1.102444649482e+01  
  6.770048117868e-03  ,1.500038896037e+01  ,3.431190869111e+00  ,1.208609156961e+01  
  6.772010000020e-03  ,1.499973260177e+01  ,3.584317888740e+00  ,1.262545702980e+01  
  6.772011000018e-03  ,1.442055721476e+01  ,3.584249182946e+00  ,1.262573117933e+01  
  6.772013000126e-03  ,1.321291025535e+01  ,3.584018265266e+00  ,1.262627942830e+01  
  6.772017000343e-03  ,1.067169026279e+01  ,3.583574351128e+00  ,1.262737624811e+01  
  6.772020000020e-03  ,8.646847166399e+00  ,3.583301716057e+00  ,1.262819865589e+01  
  6.772020800063e-03  ,8.543178329549e+00  ,3.583356230391e+00  ,1.262841795952e+01  
  6.772022400076e-03  ,8.338336854089e+00  ,3.583552058808e+00  ,1.262885666669e+01  
  6.772025600100e-03  ,7.943215631002e+00  ,3.584078010514e+00  ,1.262973405063e+01  
  6.772032000149e-03  ,7.207844968019e+00  ,3.585172678972e+00  ,1.263148858716e+01  
  6.772044800246e-03  ,5.932322965583e+00  ,3.588127945848e+00  ,1.263499752096e+01  
  6.772058725381e-03  ,4.791753334382e+00  ,3.597998765522e+00  ,1.263881381859e+01  
  6.772067643726e-03  ,4.356436347102e+00  ,1.402506661789e+01  ,1.264061285319e+01  
  6.772076013708e-03  ,4.341996852749e+00  ,4.355815151634e+01  ,1.264067074921e+01  
  6.772082285607e-03  ,4.134165580689e+00  ,5.281200530936e+01  ,3.566705359644e-02  
  6.772085556040e-03  ,3.936346496175e+00  ,5.284092703392e+01  ,-2.052185869402e-01  
  6.772087126994e-03  ,3.843404012706e+00  ,5.282268539689e+01  ,-4.085610192869e-03  
  6.772090268904e-03  ,3.664654623117e+00  ,5.282587102104e+01  ,1.012057822532e-02  
  6.772096552724e-03  ,3.331293567622e+00  ,5.283565522327e+01  ,5.646646339728e-03  
  6.772109120363e-03  ,2.751848056618e+00  ,5.285450727573e+01  ,4.426064904082e-03  
  6.772134255642e-03  ,1.871265745988e+00  ,5.289202497165e+01  ,3.513636259240e-03  
  6.772173517222e-03  ,9.861304056204e-01  ,5.295054709849e+01  ,2.037859249792e-03  
  6.772218125338e-03  ,4.423603306851e-01  ,5.301681612698e+01  ,1.242933364145e-03  
  6.772263627524e-03  ,1.762426125051e-01  ,5.308422080800e+01  ,8.535427337472e-04  
  6.772332756991e-03  ,5.622538251798e-02  ,5.318628900879e+01  ,6.760616788362e-04  
  6.772413843149e-03  ,4.603834862597e-03  ,5.330553766635e+01  ,5.978024863796e-04  
  6.772510164255e-03  ,-7.866408056855e-03  ,5.344653635396e+01  ,5.760386396241e-04  
  6.772702806467e-03  ,-5.376234820170e-03  ,5.372641134574e+01  ,5.725081973195e-04  
  6.772993534083e-03  ,4.389477990086e-03  ,5.414342188674e+01  ,5.760426920814e-04  
  6.773574989313e-03  ,-2.607582928637e-05  ,5.495795905184e+01  ,5.484120475064e-04  
  6.774478595728e-03  ,1.129479934801e-03  ,5.617167995459e+01  ,5.177482899470e-04  
  6.775734584803e-03  ,1.471489477380e-03  ,5.775218183351e+01  ,4.747245889868e-04  
  6.778246562952e-03  ,1.202646396171e-03  ,6.053631471353e+01  ,3.920870118208e-04  
  6.782000000020e-03  ,8.924723645882e-04  ,6.374836084215e+01  ,2.766034275499e-04  
  6.782001000018e-03  ,5.775378852848e-01  ,6.374919726061e+01  ,-1.013364964609e-03  
  6.782001884774e-03  ,1.095123090632e+00  ,6.374994078204e+01  ,-2.187757726984e-03  
  6.782003654287e-03  ,2.160052298832e+00  ,6.375142497861e+01  ,-4.504953905354e-03  
  6.782007193313e-03  ,4.412156717051e+00  ,6.375437646079e+01  ,-8.958966957399e-03  
  6.782010000020e-03  ,6.312035491304e+00  ,6.375670161849e+01  ,-1.232526264974e-02  
  6.782010707825e-03  ,6.404325382561e+00  ,6.375719281987e+01  ,-1.224575314765e-02  
  6.782012123435e-03  ,6.586944355745e+00  ,6.375816475284e+01  ,-1.198579054789e-02  
  6.782014954656e-03  ,6.940714463840e+00  ,6.376010807311e+01  ,-1.146759060685e-02  
  6.782020617097e-03  ,7.604461092929e+00  ,6.376399901991e+01  ,-1.050047208221e-02  
  6.782031941980e-03  ,8.776914059263e+00  ,6.377179336350e+01  ,-8.792365486780e-03  
  6.782043351799e-03  ,9.773936513040e+00  ,6.377965969910e+01  ,-7.339903744727e-03  
  6.782051390975e-03  ,9.973500052302e+00  ,4.096638721221e+01  ,9.859121458650e+00  
  6.782059066564e-03  ,1.000035770067e+01  ,1.059313499617e+01  ,9.859298248078e+00  
  6.782063370764e-03  ,1.018931979374e+01  ,3.392080784910e+00  ,9.860214275861e+00  
  6.782067441761e-03  ,1.046806932695e+01  ,2.664410914853e+00  ,9.861291256626e+00  
  6.782069764480e-03  ,1.062552276208e+01  ,2.745154774695e+00  ,9.861940775337e+00  
  6.782072702989e-03  ,1.081673086960e+01  ,2.800189505568e+00  ,9.862766326289e+00  
  6.782078580007e-03  ,1.117396338449e+01  ,2.809818717257e+00  ,9.864419307310e+00  
  6.782090334043e-03  ,1.180013644589e+01  ,2.799391033423e+00  ,9.867733175330e+00  
  6.782102637931e-03  ,1.234930218175e+01  ,2.803583251976e+00  ,9.871202479208e+00  
  6.782127245709e-03  ,1.318307515793e+01  ,2.805809393142e+00  ,9.878140739508e+00  
  6.782176461264e-03  ,1.417075945073e+01  ,2.808231239928e+00  ,9.892016049384e+00  
  6.782274892375e-03  ,1.497941256783e+01  ,2.816162930844e+00  ,9.919761322991e+00  
  6.782403256938e-03  ,1.499977828558e+01  ,2.826446915941e+00  ,9.955932782361e+00  
  6.782629373118e-03  ,1.500012831437e+01  ,2.844503507426e+00  ,1.001961732872e+01  
  6.782869174525e-03  ,1.500011396822e+01  ,2.863676854720e+00  ,1.008711160837e+01  
  6.783348777339e-03  ,1.500019353060e+01  ,2.901961313803e+00  ,1.022196242174e+01  
  6.784307982966e-03  ,1.500023817627e+01  ,2.978373945553e+00  ,1.049111408092e+01  
  6.786226394221e-03  ,1.500032187117e+01  ,3.130576552030e+00  ,1.102722417323e+01  
  6.790063216731e-03  ,1.500033947988e+01  ,3.432508373368e+00  ,1.209073219184e+01  
  6.792010000020e-03  ,1.499977611684e+01  ,3.584452853615e+00  ,1.262593249748e+01  
  6.792011000018e-03  ,1.442099555761e+01  ,3.584384016600e+00  ,1.262620664534e+01  
  6.792013000126e-03  ,1.321333569125e+01  ,3.584153050176e+00  ,1.262675489348e+01  
  6.792017000343e-03  ,1.067209079232e+01  ,3.583709120734e+00  ,1.262785170636e+01  
  6.792020000020e-03  ,8.647229877898e+00  ,3.583436488095e+00  ,1.262867411010e+01  
  6.792020800063e-03  ,8.543556452549e+00  ,3.583490999546e+00  ,1.262889341266e+01  
  6.792022400076e-03  ,8.338705910534e+00  ,3.583686822791e+00  ,1.262933211766e+01  
  6.792025600100e-03  ,7.943567198733e+00  ,3.584212760833e+00  ,1.263020949727e+01  
  6.792032000149e-03  ,7.208163986660e+00  ,3.585307382725e+00  ,1.263196402520e+01  
  6.792044800246e-03  ,5.932585522944e+00  ,3.588262357920e+00  ,1.263547294177e+01  
  6.792058725381e-03  ,4.791965335643e+00  ,3.598128952976e+00  ,1.263928922107e+01  
  6.792067642236e-03  ,4.356460316660e+00  ,1.400975624103e+01  ,1.264108915187e+01  
  6.792076012218e-03  ,4.341987652737e+00  ,4.354052352381e+01  ,1.264114814499e+01  
  6.792082284862e-03  ,4.134406918102e+00  ,5.281197744676e+01  ,3.696950263909e-02  
  6.792085554922e-03  ,3.936602722607e+00  ,5.284106507313e+01  ,-2.055425076562e-01  
  6.792087124946e-03  ,3.843707854069e+00  ,5.282279167579e+01  ,-4.109871723443e-03  
  6.792090264993e-03  ,3.665047846381e+00  ,5.282597149026e+01  ,1.012939101991e-02  
  6.792096545087e-03  ,3.331840033694e+00  ,5.283575152960e+01  ,5.648000016167e-03  
  6.792109105276e-03  ,2.751015965109e+00  ,5.285454513576e+01  ,4.593484218821e-03  
  6.792134225653e-03  ,1.861262148023e+00  ,5.289205517578e+01  ,3.313352235014e-03  
  6.792175364779e-03  ,9.413904172182e-01  ,5.295334046437e+01  ,1.971906622639e-03  
  6.792221361684e-03  ,4.553911956220e-01  ,5.302165854473e+01  ,1.261931828775e-03  
  6.792269450711e-03  ,1.918053927784e-01  ,5.309288115648e+01  ,8.760402419577e-04  
  6.792324364470e-03  ,8.006092818310e-02  ,5.317397298696e+01  ,7.111465114034e-04  
  6.792413056182e-03  ,6.888957891890e-03  ,5.330444830285e+01  ,6.011990448238e-04  
  6.792507863330e-03  ,2.595781921075e-03  ,5.344325025628e+01  ,5.914117795539e-04  
  6.792697477626e-03  ,7.908313483338e-04  ,5.371880035237e+01  ,5.817289980726e-04  
  6.792919087695e-03  ,1.962233572264e-03  ,5.403737006646e+01  ,5.752826044914e-04  
  6.793362307833e-03  ,1.917427320250e-03  ,5.466319831877e+01  ,5.589633885374e-04  
  6.794248748111e-03  ,1.421707560678e-03  ,5.586927218501e+01  ,5.265069111331e-04  
  6.796021628665e-03  ,1.581357702136e-03  ,5.809640796318e+01  ,4.652658626649e-04  
  6.799567389773e-03  ,9.470418034149e-04  ,6.179701470908e+01  ,3.495391207786e-04  
  6.802000000020e-03  ,1.006201061166e-03  ,6.374902530292e+01  ,2.787246962820e-04  
  6.802001000018e-03  ,5.776499598155e-01  ,6.374986176558e+01  ,-1.012305951527e-03  
  6.802001884681e-03  ,1.095178553704e+00  ,6.375060528194e+01  ,-2.187845751643e-03  
  6.802003654008e-03  ,2.159988239744e+00  ,6.375208917823e+01  ,-4.504509157026e-03  
  6.802007192661e-03  ,4.411828723778e+00  ,6.375504011945e+01  ,-8.958040309299e-03  
  6.802010000020e-03  ,6.311349111457e+00  ,6.375736573676e+01  ,-1.232630116771e-02  
  6.802010707751e-03  ,6.403636680108e+00  ,6.375785683898e+01  ,-1.224678235757e-02  
  6.802012123175e-03  ,6.586246506532e+00  ,6.375882855143e+01  ,-1.198682842784e-02  
  6.802014954023e-03  ,6.940000366260e+00  ,6.376077142624e+01  ,-1.146865461515e-02  
  6.802020615719e-03  ,7.603722047403e+00  ,6.376466148507e+01  ,-1.050157303381e-02  
  6.802031939111e-03  ,8.776149438913e+00  ,6.377245405141e+01  ,-8.793503751712e-03  
  6.802043345950e-03  ,9.773052632877e+00  ,6.378031757398e+01  ,-7.341215150760e-03  
  6.802051382147e-03  ,9.973455826576e+00  ,4.102400372076e+01  ,9.858867085622e+00  
  6.802059054754e-03  ,1.000027342339e+01  ,1.066037409220e+01  ,9.859040679811e+00  
  6.802063364915e-03  ,1.018852738066e+01  ,3.396335303373e+00  ,9.859957094451e+00  
  6.802067447088e-03  ,1.046802525635e+01  ,2.663408835868e+00  ,9.861035176904e+00  
  6.802069767944e-03  ,1.062536263766e+01  ,2.744793637545e+00  ,9.861684205808e+00  
  6.802072700865e-03  ,1.081622549092e+01  ,2.800101293409e+00  ,9.862508206531e+00  
  6.802078566707e-03  ,1.117285034176e+01  ,2.809784880915e+00  ,9.864158041030e+00  
  6.802090298392e-03  ,1.179811095224e+01  ,2.799289900569e+00  ,9.867465613321e+00  
  6.802102550126e-03  ,1.234547721787e+01  ,2.803502851664e+00  ,9.870920221690e+00  
  6.802127053596e-03  ,1.317746869477e+01  ,2.805728779204e+00  ,9.877829091921e+00  
  6.802176060535e-03  ,1.416513884420e+01  ,2.808125373500e+00  ,9.891645632177e+00  
  6.802274074413e-03  ,1.497639446170e+01  ,2.816025590946e+00  ,9.919273415797e+00  
  6.802402367450e-03  ,1.499973115165e+01  ,2.826302889579e+00  ,9.955424900687e+00  
  6.802627577640e-03  ,1.500014011780e+01  ,2.844286846493e+00  ,1.001885468500e+01  
  6.802866949893e-03  ,1.500012391576e+01  ,2.863426199700e+00  ,1.008622873487e+01  
  6.803345694400e-03  ,1.500021726505e+01  ,2.901642526564e+00  ,1.022083957949e+01  
  6.804303183414e-03  ,1.500026974592e+01  ,2.977919455507e+00  ,1.048951326084e+01  
  6.806218161441e-03  ,1.500029990262e+01  ,3.129853288312e+00  ,1.102467651748e+01  
  6.810048117496e-03  ,1.500038896318e+01  ,3.431255455322e+00  ,1.208631910411e+01  
  6.812010000020e-03  ,1.499973259908e+01  ,3.584382167576e+00  ,1.262568340261e+01  
  6.812011000018e-03  ,1.442055718874e+01  ,3.584313453730e+00  ,1.262595755151e+01  
  6.812013000126e-03  ,1.321291023006e+01  ,3.584082532710e+00  ,1.262650579919e+01  
  6.812017000343e-03  ,1.067169023899e+01  ,3.583638618047e+00  ,1.262760261643e+01  
  6.812020000020e-03  ,8.646847143690e+00  ,3.583365984782e+00  ,1.262842502228e+01  
  6.812020800063e-03  ,8.543178307126e+00  ,3.583420499897e+00  ,1.262864432539e+01  
  6.812022400076e-03  ,8.338336832230e+00  ,3.583616329879e+00  ,1.262908303154e+01  
  6.812025600100e-03  ,7.943215610229e+00  ,3.584142284171e+00  ,1.262996041342e+01  
  6.812032000149e-03  ,7.207844949295e+00  ,3.585236959285e+00  ,1.263171494584e+01  
  6.812044800246e-03  ,5.932322950668e+00  ,3.588192254885e+00  ,1.263522387140e+01  
  6.812058725381e-03  ,4.791753325109e+00  ,3.598063244227e+00  ,1.263904016006e+01  
  6.812067643726e-03  ,4.356437748901e+00  ,1.402521596208e+01  ,1.264083917726e+01  
  6.812076013708e-03  ,4.341998242323e+00  ,4.355831179217e+01  ,1.264089706525e+01  
  6.812082285607e-03  ,4.134171319891e+00  ,5.281239954014e+01  ,3.568977756366e-02  
  6.812085556040e-03  ,3.936352037468e+00  ,5.284132412097e+01  ,-2.052228292221e-01  
  6.812087126808e-03  ,3.843420246028e+00  ,5.282308194973e+01  ,-4.086599537959e-03  
  6.812090268346e-03  ,3.664690796907e+00  ,5.282626698383e+01  ,1.012116066731e-02  
  6.812096551420e-03  ,3.331364235640e+00  ,5.283605035990e+01  ,5.646804164693e-03  
  6.812109117569e-03  ,2.751969161264e+00  ,5.285490066397e+01  ,4.426211898067e-03  
  6.812134249868e-03  ,1.871435784697e+00  ,5.289241485195e+01  ,3.513937676576e-03  
  6.812173517408e-03  ,9.861181768976e-01  ,5.295094734282e+01  ,2.037853737851e-03  
  6.812218125524e-03  ,4.423466656281e-01  ,5.301721803072e+01  ,1.242925510276e-03  
  6.812263627710e-03  ,1.762329207858e-01  ,5.308462440045e+01  ,8.535406328796e-04  
  6.812332757177e-03  ,5.622238822186e-02  ,5.318669516044e+01  ,6.760692831489e-04  
  6.812413843336e-03  ,4.603720888150e-03  ,5.330594681075e+01  ,5.978142222162e-04  
  6.812510164441e-03  ,-7.865826768175e-03  ,5.344694904008e+01  ,5.760513114287e-04  
  6.812702806653e-03  ,-5.375793855525e-03  ,5.372683107078e+01  ,5.725205116027e-04  
  6.812993534269e-03  ,4.389371900094e-03  ,5.414385212132e+01  ,5.760539828621e-04  
  6.813574989499e-03  ,-2.593963160911e-05  ,5.495840989234e+01  ,5.484232476122e-04  
  6.814478691282e-03  ,1.129536764732e-03  ,5.617228642778e+01  ,5.177553132826e-04  
  6.815734680356e-03  ,1.471510708049e-03  ,5.775281952398e+01  ,4.747308443790e-04  
  6.818246658506e-03  ,1.202676340222e-03  ,6.053700644515e+01  ,3.920919808471e-04  
  6.822000000020e-03  ,8.924904971012e-04  ,6.374904489058e+01  ,2.766093670681e-04  
  6.822001000018e-03  ,5.775379035130e-01  ,6.374988132923e+01  ,-1.013359232889e-03  
  6.822001884774e-03  ,1.095123108939e+00  ,6.375062486851e+01  ,-2.187752162900e-03  
  6.822003654287e-03  ,2.160052317295e+00  ,6.375210910073e+01  ,-4.504948296870e-03  
  6.822007193313e-03  ,4.412156735813e+00  ,6.375506065423e+01  ,-8.958961328370e-03  
  6.822010000020e-03  ,6.312035510292e+00  ,6.375738586848e+01  ,-1.232525701237e-02  
  6.822010707825e-03  ,6.404325401604e+00  ,6.375787708414e+01  ,-1.224574722781e-02  
  6.822012123435e-03  ,6.586944374899e+00  ,6.375884904571e+01  ,-1.198578456879e-02  
  6.822014954656e-03  ,6.940714483208e+00  ,6.376079242318e+01  ,-1.146758465686e-02  
  6.822020617097e-03  ,7.604461112697e+00  ,6.376468348434e+01  ,-1.050046613885e-02  
  6.822031941980e-03  ,8.776914079736e+00  ,6.377247805645e+01  ,-8.792359553537e-03  
  6.822043351799e-03  ,9.773936534109e+00  ,6.378034462203e+01  ,-7.339897821024e-03  
  6.822051390975e-03  ,9.973500695640e+00  ,4.096712781423e+01  ,9.859292287002e+00  
  6.822059066564e-03  ,1.000035776229e+01  ,1.059383831619e+01  ,9.859469026095e+00  
  6.822063370764e-03  ,1.018930882228e+01  ,3.392178867798e+00  ,9.860385062411e+00  
  6.822067441761e-03  ,1.046805837531e+01  ,2.664453566788e+00  ,9.861462016863e+00  
  6.822069764107e-03  ,1.062548754289e+01  ,2.745200548642e+00  ,9.862111432648e+00  
  6.822072702989e-03  ,1.081672087649e+01  ,2.800241296486e+00  ,9.862937086569e+00  
  6.822078580752e-03  ,1.117399760349e+01  ,2.809867667079e+00  ,9.864590274013e+00  
  6.822090336278e-03  ,1.180183190314e+01  ,2.804899827234e+00  ,9.867901212934e+00  
  6.822110285952e-03  ,1.264237532396e+01  ,2.803569340085e+00  ,9.873526131466e+00  
  6.822150185302e-03  ,1.373775224556e+01  ,2.807710471753e+00  ,9.884775538277e+00  
  6.822229984000e-03  ,1.477643169343e+01  ,2.812742995630e+00  ,9.907270850612e+00  
  6.822347440913e-03  ,1.516398460448e+01  ,2.821943495818e+00  ,9.940373204070e+00  
  6.822521176532e-03  ,1.497759248135e+01  ,2.835926021890e+00  ,9.989316378716e+00  
  6.822677960589e-03  ,1.497074689385e+01  ,2.848459024176e+00  ,1.003346333781e+01  
  6.822991528704e-03  ,1.501201148295e+01  ,2.873490902383e+00  ,1.012169836506e+01  
  6.823618664935e-03  ,1.499225341891e+01  ,2.923533043078e+00  ,1.029793311912e+01  
  6.824720540240e-03  ,1.499815335639e+01  ,3.011223418735e+00  ,1.060681780043e+01  
  6.826924290850e-03  ,1.500018860371e+01  ,3.185788425828e+00  ,1.122169917252e+01  
  6.831331792071e-03  ,1.499992798695e+01  ,3.531663085287e+00  ,1.243998867279e+01  
  6.832010000020e-03  ,1.500001284140e+01  ,3.584501161128e+00  ,1.262610293611e+01  
  6.832011000018e-03  ,1.442323111749e+01  ,3.584431641977e+00  ,1.262637708237e+01  
  6.832013000126e-03  ,1.321550542527e+01  ,3.584200423392e+00  ,1.262692533597e+01  
  6.832017000343e-03  ,1.067413350303e+01  ,3.583756407570e+00  ,1.262802214168e+01  
  6.832020000020e-03  ,8.649181715953e+00  ,3.583483776026e+00  ,1.262884454400e+01  
  6.832020800063e-03  ,8.545484888998e+00  ,3.583538263632e+00  ,1.262906384623e+01  
  6.832022400076e-03  ,8.340588107055e+00  ,3.583734043907e+00  ,1.262950255043e+01  
  6.832025600100e-03  ,7.945360201914e+00  ,3.584259886915e+00  ,1.263037992845e+01  
  6.832032000149e-03  ,7.209790987519e+00  ,3.585354205174e+00  ,1.263213445345e+01  
  6.832044800246e-03  ,5.933924565354e+00  ,3.588307409210e+00  ,1.263564336415e+01  
  6.832058726871e-03  ,4.792935539360e+00  ,3.598153705322e+00  ,1.263946004741e+01  
  6.832067645216e-03  ,4.356522595010e+00  ,1.396912129241e+01  ,1.264126352407e+01  
  6.832076016689e-03  ,4.341951313771e+00  ,4.349833430840e+01  ,1.264132521560e+01  
  6.832082296038e-03  ,4.134653642384e+00  ,5.281086819607e+01  ,3.904858470814e-02  
  6.832085567588e-03  ,3.936757568668e+00  ,5.284023149732e+01  ,-2.061420999176e-01  
  6.832087137239e-03  ,3.843879799075e+00  ,5.282190025750e+01  ,-4.147131811329e-03  
  6.832090276541e-03  ,3.665253287796e+00  ,5.282507405068e+01  ,1.014225714248e-02  
  6.832096555145e-03  ,3.332102563857e+00  ,5.283485344047e+01  ,5.649079506410e-03  
  6.832109112354e-03  ,2.752955511780e+00  ,5.285369202611e+01  ,4.426568664733e-03  
  6.832134226771e-03  ,1.872632818642e+00  ,5.289118217005e+01  ,3.516855336539e-03  
  6.832173524113e-03  ,9.862437008158e-01  ,5.294976367738e+01  ,2.038091434125e-03  
  6.832218132229e-03  ,4.423640818418e-01  ,5.301603937191e+01  ,1.243000187737e-03  
  6.832263634415e-03  ,1.762195361337e-01  ,5.308345083726e+01  ,8.535708940702e-04  
  6.832332751961e-03  ,5.623188032038e-02  ,5.318551176152e+01  ,6.761331642357e-04  
  6.832413838120e-03  ,4.608178117658e-03  ,5.330477256001e+01  ,5.978706165279e-04  
  6.832510135384e-03  ,-7.861966561279e-03  ,5.344575083913e+01  ,5.761075372904e-04  
  6.832702729912e-03  ,-5.375595592173e-03  ,5.372558601917e+01  ,5.725727844908e-04  
  6.832993457528e-03  ,4.389492630613e-03  ,5.414264145175e+01  ,5.761055451853e-04  
  6.833574912759e-03  ,-2.578442561803e-05  ,5.495726796888e+01  ,5.484737409521e-04  
  6.834478328438e-03  ,1.129706986837e-03  ,5.617087699606e+01  ,5.178143291730e-04  
  6.835734317513e-03  ,1.471698517256e-03  ,5.775158616396e+01  ,4.747872941183e-04  
  6.838246295663e-03  ,1.202824263407e-03  ,6.053612229062e+01  ,3.921439290694e-04  
  6.842000000020e-03  ,8.926309838779e-04  ,6.374892363460e+01  ,2.766450980800e-04  
  6.842001000018e-03  ,5.775380437256e-01  ,6.374976017606e+01  ,-1.013323423473e-03  
  6.842001884774e-03  ,1.095123248927e+00  ,6.375050380626e+01  ,-2.187715839012e-03  
  6.842003654287e-03  ,2.160052456843e+00  ,6.375198822043e+01  ,-4.504912097273e-03  
  6.842007193313e-03  ,4.412156874516e+00  ,6.375494013780e+01  ,-8.958925154582e-03  
  6.842010000020e-03  ,6.312035648357e+00  ,6.375726564064e+01  ,-1.232522083930e-02  
  6.842010707825e-03  ,6.404325539515e+00  ,6.375775692919e+01  ,-1.224571104600e-02  
  6.842012123435e-03  ,6.586944512506e+00  ,6.375872903656e+01  ,-1.198574839040e-02  
  6.842014954656e-03  ,6.940714620226e+00  ,6.376067270562e+01  ,-1.146754847941e-02  
  6.842020617097e-03  ,7.604461248608e+00  ,6.376456434991e+01  ,-1.050042997421e-02  
  6.842031941980e-03  ,8.776914213689e+00  ,6.377236008807e+01  ,-8.792323400593e-03  
  6.842043351799e-03  ,9.773936666390e+00  ,6.378022782813e+01  ,-7.339861685530e-03  
  6.842051390975e-03  ,9.973503512275e+00  ,4.096722958762e+01  ,9.859789262929e+00  
  6.842059066564e-03  ,1.000036080848e+01  ,1.059397186594e+01  ,9.859966007292e+00  
  6.842063370764e-03  ,1.018931171790e+01  ,3.392312034468e+00  ,9.860882038539e+00  
  6.842067441761e-03  ,1.046806117082e+01  ,2.664594046363e+00  ,9.861958986487e+00  
  6.842069764107e-03  ,1.062549026181e+01  ,2.745343004237e+00  ,9.862608399170e+00  
  6.842072702989e-03  ,1.081672347058e+01  ,2.800383167132e+00  ,9.863434048777e+00  
  6.842078580752e-03  ,1.117399996833e+01  ,2.810008808866e+00  ,9.865087227908e+00  
  6.842090336278e-03  ,1.180183387886e+01  ,2.805040923601e+00  ,9.868398150230e+00  
  6.842110285952e-03  ,1.264237678085e+01  ,2.803710513487e+00  ,9.874023040607e+00  
  6.842150185302e-03  ,1.373775302418e+01  ,2.807851491512e+00  ,9.885272391121e+00  
  6.842229984000e-03  ,1.477643183097e+01  ,2.812884021116e+00  ,9.907767590897e+00  
  6.842347440913e-03  ,1.516398450283e+01  ,2.822084473090e+00  ,9.940869778735e+00  
  6.842521176532e-03  ,1.497759249497e+01  ,2.836066930845e+00  ,9.989812708512e+00  
  6.842677960589e-03  ,1.497074691170e+01  ,2.848599870739e+00  ,1.003395944674e+01  
  6.842991528704e-03  ,1.501201147528e+01  ,2.873631623224e+00  ,1.012219403253e+01  
  6.843618664935e-03  ,1.499225342346e+01  ,2.923673513764e+00  ,1.029842790485e+01  
  6.844720540240e-03  ,1.499815335729e+01  ,3.011363450604e+00  ,1.060731104078e+01  
  6.846924290850e-03  ,1.500018860335e+01  ,3.185927584268e+00  ,1.122218933653e+01  
  6.851331792071e-03  ,1.499992798675e+01  ,3.531800513222e+00  ,1.244047274153e+01  
  6.852010000020e-03  ,1.500001284114e+01  ,3.584638324703e+00  ,1.262658607369e+01  
  6.852011000018e-03  ,1.442323111733e+01  ,3.584568804352e+00  ,1.262686021857e+01  
  6.852013000126e-03  ,1.321550542512e+01  ,3.584337584967e+00  ,1.262740846943e+01  
  6.852017000343e-03  ,1.067413350292e+01  ,3.583893570184e+00  ,1.262850526966e+01  
  6.852020000020e-03  ,8.649181715906e+00  ,3.583620941590e+00  ,1.262932766786e+01  
  6.852020800063e-03  ,8.545484888981e+00  ,3.583675431048e+00  ,1.262954696900e+01  
  6.852022400076e-03  ,8.340588107097e+00  ,3.583871214802e+00  ,1.262998567100e+01  
  6.852025600100e-03  ,7.945360202060e+00  ,3.584397063279e+00  ,1.263086304463e+01  
  6.852032000149e-03  ,7.209790987919e+00  ,3.585491395744e+00  ,1.263261756085e+01  
  6.852044800246e-03  ,5.933924566739e+00  ,3.588444660927e+00  ,1.263612645398e+01  
  6.852058726871e-03  ,4.792935546372e+00  ,3.598291317415e+00  ,1.263994311810e+01  
  6.852067645216e-03  ,4.356525588041e+00  ,1.396943870179e+01  ,1.264174655727e+01  
  6.852076016689e-03  ,4.341954280631e+00  ,4.349867503918e+01  ,1.264180822834e+01  
  6.852082296038e-03  ,4.134650148896e+00  ,5.281078422014e+01  ,3.901580739009e-02  
  6.852085567588e-03  ,3.936754139932e+00  ,5.284014357448e+01  ,-2.061334502719e-01  
  6.852087137239e-03  ,3.843876467654e+00  ,5.282181332822e+01  ,-4.146561557326e-03  
  6.852090276541e-03  ,3.665250116103e+00  ,5.282498750339e+01  ,1.014213079023e-02  
  6.852096555145e-03  ,3.332099689238e+00  ,5.283476749958e+01  ,5.649105877014e-03  
  6.852109112354e-03  ,2.752953157766e+00  ,5.285360733149e+01  ,4.426612371699e-03  
  6.852134226771e-03  ,1.872631256052e+00  ,5.289109997227e+01  ,3.516883719164e-03  
  6.852173524113e-03  ,9.862429350120e-01  ,5.294968538068e+01  ,2.038129052297e-03  
  6.852218132229e-03  ,4.423638049015e-01  ,5.301596550093e+01  ,1.243038468227e-03  
  6.852263634415e-03  ,1.762194983600e-01  ,5.308338147683e+01  ,8.536094286385e-04  
  6.852332751961e-03  ,5.623195025527e-02  ,5.318544924496e+01  ,6.761717217239e-04  
  6.852413838120e-03  ,4.608294268705e-03  ,5.330471806054e+01  ,5.979090833601e-04  
  6.852510135384e-03  ,-7.861839433509e-03  ,5.344570584391e+01  ,5.761458344665e-04  
  6.852702729912e-03  ,-5.375471174107e-03  ,5.372555997713e+01  ,5.726107095712e-04  
  6.852993457528e-03  ,1.965212585591e-04  ,5.414264068812e+01  ,5.700006727164e-04  
  6.853574912759e-03  ,2.617193759572e-03  ,5.495732303155e+01  ,5.523937165036e-04  
  6.854737823220e-03  ,7.900442031233e-04  ,5.650789983792e+01  ,5.083455771843e-04  
  6.857063644143e-03  ,2.010148518336e-03  ,5.928857759949e+01  ,4.311801920475e-04  
  6.861715285988e-03  ,2.370716282703e-04  ,6.354668824096e+01  ,2.834427333736e-04  
  6.862000000020e-03  ,1.111694199660e-03  ,6.375057665447e+01  ,2.803658992644e-04  
  6.862001000018e-03  ,5.777539222275e-01  ,6.375141395059e+01  ,-1.011244137905e-03  
  6.862001884588e-03  ,1.095226025000e+00  ,6.375215816485e+01  ,-2.187551584797e-03  
  6.862003653729e-03  ,2.159916429139e+00  ,6.375364325385e+01  ,-4.503771524423e-03  
  6.862007192009e-03  ,4.411493442745e+00  ,6.375659662342e+01  ,-8.956835691028e-03  
  6.862010000020e-03  ,6.311439347843e+00  ,6.375892495382e+01  ,-1.232590370480e-02  
  6.862010707676e-03  ,6.403716355834e+00  ,6.375941655377e+01  ,-1.224640062990e-02  
  6.862012122914e-03  ,6.586300734129e+00  ,6.376038922465e+01  ,-1.198648165468e-02  
  6.862014953389e-03  ,6.939958582859e+00  ,6.376233376436e+01  ,-1.146547759591e-02  
  6.862020614341e-03  ,7.603956667521e+00  ,6.376622794979e+01  ,-1.050103183777e-02  
  6.862031936243e-03  ,8.776486164525e+00  ,6.377402822610e+01  ,-8.792750720741e-03  
  6.862043992772e-03  ,9.825693213306e+00  ,6.378234936518e+01  ,-7.264257643876e-03  
  6.862052464083e-03  ,9.976687420278e+00  ,3.650687656409e+01  ,9.862888065068e+00  
  6.862060573294e-03  ,1.000908755934e+01  ,4.274501276993e+00  ,9.864216001445e+00  
  6.862064545199e-03  ,1.027981548270e+01  ,2.796167990633e+00  ,9.864687725356e+00  
  6.862066589638e-03  ,1.042314386461e+01  ,2.760567888784e+00  ,9.865258994253e+00  
  6.862069252103e-03  ,1.060446333007e+01  ,2.792255831856e+00  ,9.866002408383e+00  
  6.862074556917e-03  ,1.094463618261e+01  ,2.807860589588e+00  ,9.867491799636e+00  
  6.862084795505e-03  ,1.153009266566e+01  ,2.806325002179e+00  ,9.870373337366e+00  
  6.862105272680e-03  ,1.246292060713e+01  ,2.804302030654e+00  ,9.876146759596e+00  
  6.862146227032e-03  ,1.366545455569e+01  ,2.808758028589e+00  ,9.887693260578e+00  
  6.862228135735e-03  ,1.478658293772e+01  ,2.813739368967e+00  ,9.910782600131e+00  
  6.862340621620e-03  ,1.516868997672e+01  ,2.822540008264e+00  ,9.942483082471e+00  
  6.862489871651e-03  ,1.514452586431e+01  ,2.834490948540e+00  ,9.984528912204e+00  
  6.862738971382e-03  ,1.495559498617e+01  ,2.854484785686e+00  ,1.005466420483e+01  
  6.863156728416e-03  ,1.502318251243e+01  ,2.887816152979e+00  ,1.017217441240e+01  
  6.863667993217e-03  ,1.500880062192e+01  ,2.928597540051e+00  ,1.031579791615e+01  
  6.864690522819e-03  ,1.499330761481e+01  ,3.009977103589e+00  ,1.060242025826e+01  
  6.866735582024e-03  ,1.500598484267e+01  ,3.172009914186e+00  ,1.117317596440e+01  
  6.870825700432e-03  ,1.500047463120e+01  ,3.493286766235e+00  ,1.230481481470e+01  
  6.872010000020e-03  ,1.499968959993e+01  ,3.585616136935e+00  ,1.263002997828e+01  
  6.872011000018e-03  ,1.442223418919e+01  ,3.585546880610e+00  ,1.263030411347e+01  
  6.872013000126e-03  ,1.321453785129e+01  ,3.585315756053e+00  ,1.263085234414e+01  
  6.872017000343e-03  ,1.067322257423e+01  ,3.584871784071e+00  ,1.263194910575e+01  
  6.872020000020e-03  ,8.648311311524e+00  ,3.584599177139e+00  ,1.263277147461e+01  
  6.872020800063e-03  ,8.544624920548e+00  ,3.584653690584e+00  ,1.263299076789e+01  
  6.872022400076e-03  ,8.339748759358e+00  ,3.584849518741e+00  ,1.263342945427e+01  
  6.872025600100e-03  ,7.944560630019e+00  ,3.585375449476e+00  ,1.263430679665e+01  
  6.872032000149e-03  ,7.209065444926e+00  ,3.586470020814e+00  ,1.263606125019e+01  
  6.872044800246e-03  ,5.933327443309e+00  ,3.589424521184e+00  ,1.263957001798e+01  
  6.872058725381e-03  ,4.792564431287e+00  ,3.599281255683e+00  ,1.264338613635e+01  
  6.872067643726e-03  ,4.356520989153e+00  ,1.398935636418e+01  ,1.264518790974e+01  
  6.872076013708e-03  ,4.341991598793e+00  ,4.351631164049e+01  ,1.264524839679e+01  
  6.872082290823e-03  ,4.134589309052e+00  ,5.281412292222e+01  ,3.830165007108e-02  
  6.872085561627e-03  ,3.936737481903e+00  ,5.284338680739e+01  ,-2.059053413110e-01  
  6.872087131465e-03  ,3.843849748336e+00  ,5.282507972186e+01  ,-4.132259106386e-03  
  6.872090271139e-03  ,3.665203948967e+00  ,5.282825834492e+01  ,1.013730585917e-02  
  6.872096550489e-03  ,3.332019933633e+00  ,5.283804287887e+01  ,5.648944849359e-03  
  6.872109109187e-03  ,2.751228040211e+00  ,5.285684409870e+01  ,4.594049302781e-03  
  6.872134226585e-03  ,1.861496939369e+00  ,5.289436928241e+01  ,3.313981220698e-03  
  6.872175365711e-03  ,9.415159940648e-01  ,5.295568664537e+01  ,1.972377005102e-03  
  6.872221362615e-03  ,4.554523028959e-01  ,5.302404054214e+01  ,1.262307465649e-03  
  6.872269445682e-03  ,1.918569531375e-01  ,5.309529172673e+01  ,8.764014751942e-04  
  6.872324359441e-03  ,8.008271795594e-02  ,5.317642622145e+01  ,7.114634842351e-04  
  6.872413051153e-03  ,6.891253365759e-03  ,5.330697030530e+01  ,6.014862231157e-04  
  6.872507858301e-03  ,2.596933493080e-03  ,5.344584558029e+01  ,5.916957943698e-04  
  6.872697472596e-03  ,7.915017794941e-04  ,5.372154173865e+01  ,5.820093713805e-04  
  6.872919058824e-03  ,1.963170067065e-03  ,5.404024708504e+01  ,5.755608747517e-04  
  6.873362231279e-03  ,1.918406643402e-03  ,5.466634579136e+01  ,5.592367719225e-04  
  6.874248576188e-03  ,1.422561503828e-03  ,5.587295712796e+01  ,5.267707567901e-04  
  6.876021266008e-03  ,1.582257691127e-03  ,5.810115226422e+01  ,4.655123706513e-04  
  6.879566645646e-03  ,9.478012378583e-04  ,6.180380077845e+01  ,3.497552561026e-04  
  6.882000000020e-03  ,1.006871257466e-03  ,6.375785092819e+01  ,2.788946374660e-04  
  6.882001000018e-03  ,5.776506294516e-01  ,6.375868791833e+01  ,-1.012140332565e-03  
  6.882001884774e-03  ,1.095234345687e+00  ,6.375943197915e+01  ,-2.187803097659e-03  
  6.882003654287e-03  ,2.160160624227e+00  ,6.376091696353e+01  ,-4.504703823319e-03  
  6.882007193313e-03  ,4.412259409594e+00  ,6.376387007736e+01  ,-8.958672684346e-03  
  6.882010000020e-03  ,6.312133925768e+00  ,6.376619653054e+01  ,-1.232498126780e-02  
  6.882010707825e-03  ,6.404422777376e+00  ,6.376668805936e+01  ,-1.224546768740e-02  
  6.882012123435e-03  ,6.587039693393e+00  ,6.376766064938e+01  ,-1.198550326757e-02  
  6.882014954656e-03  ,6.940805816261e+00  ,6.376960527933e+01  ,-1.146731167702e-02  
  6.882020617097e-03  ,7.604544968262e+00  ,6.377349884809e+01  ,-1.050020477959e-02  
  6.882031941980e-03  ,8.776984726898e+00  ,6.378129843216e+01  ,-8.792117696080e-03  
  6.882043351799e-03  ,9.773995949148e+00  ,6.378917004320e+01  ,-7.339671860716e-03  
  6.882051390975e-03  ,9.973516352902e+00  ,4.097411688674e+01  ,9.862395535431e+00  
  6.882059066564e-03  ,1.000036712320e+01  ,1.060046181322e+01  ,9.862571736799e+00  
  6.882063370764e-03  ,1.018922029116e+01  ,3.393470343411e+00  ,9.863487905449e+00  
  6.882067443251e-03  ,1.046807044242e+01  ,2.665199199117e+00  ,9.864564988272e+00  
  6.882069765597e-03  ,1.062550022843e+01  ,2.746053274024e+00  ,9.865214387656e+00  
  6.882072703734e-03  ,1.081668601967e+01  ,2.801125292483e+00  ,9.866039807892e+00  
  6.882078580007e-03  ,1.117387893240e+01  ,2.810753947749e+00  ,9.867692523874e+00  
  6.882090332553e-03  ,1.180158570614e+01  ,2.805781805894e+00  ,9.871002519100e+00  
  6.882110273286e-03  ,1.264186656449e+01  ,2.804449307216e+00  ,9.876624741035e+00  
  6.882150154754e-03  ,1.373710286893e+01  ,2.808589558132e+00  ,9.887868755557e+00  
  6.882229917690e-03  ,1.477594807924e+01  ,2.813618358607e+00  ,9.910353286772e+00  
  6.882347374603e-03  ,1.516395654078e+01  ,2.822818312208e+00  ,9.943454612327e+00  
  6.882521062538e-03  ,1.497761839841e+01  ,2.836796589382e+00  ,9.992382838202e+00  
  6.882677822754e-03  ,1.497075624638e+01  ,2.849327302793e+00  ,1.003652172104e+01  
  6.882991343185e-03  ,1.501200580805e+01  ,2.874354604902e+00  ,1.012474061549e+01  
  6.883618384048e-03  ,1.499225764101e+01  ,2.924387604498e+00  ,1.030094318271e+01  
  6.884720068618e-03  ,1.499815407190e+01  ,3.012060156544e+00  ,1.060976507957e+01  
  6.886923437759e-03  ,1.500018852500e+01  ,3.186589822470e+00  ,1.122452196772e+01  
  6.891330176040e-03  ,1.499992805944e+01  ,3.532395019046e+00  ,1.244256679688e+01  
  6.892010000020e-03  ,1.500001286641e+01  ,3.585357465311e+00  ,1.262911913575e+01  
  6.892011000018e-03  ,1.442323110076e+01  ,3.585287938669e+00  ,1.262939327344e+01  
  6.892013000126e-03  ,1.321550540902e+01  ,3.585056715089e+00  ,1.262994150990e+01  
  6.892017000343e-03  ,1.067413348794e+01  ,3.584612705751e+00  ,1.263103828138e+01  
  6.892020000020e-03  ,8.649181701909e+00  ,3.584340092628e+00  ,1.263186065801e+01  
  6.892020800063e-03  ,8.545484875308e+00  ,3.584394591793e+00  ,1.263207995339e+01  
  6.892022400076e-03  ,8.340588094059e+00  ,3.584590393786e+00  ,1.263251864388e+01  
  6.892025600100e-03  ,7.945360190195e+00  ,3.585116270940e+00  ,1.263339599451e+01  
  6.892032000149e-03  ,7.209790978558e+00  ,3.586210677888e+00  ,1.263515046469e+01  
  6.892044800246e-03  ,5.933924564568e+00  ,3.589164263679e+00  ,1.263865926573e+01  
  6.892058726871e-03  ,4.792935575518e+00  ,3.599012809812e+00  ,1.264247582947e+01  
  6.892067645216e-03  ,4.356541279177e+00  ,1.397110318706e+01  ,1.264427907440e+01  
  6.892076016689e-03  ,4.341969835472e+00  ,4.350046185847e+01  ,1.264434066854e+01  
  6.892082296783e-03  ,4.134719352787e+00  ,5.281810608615e+01  ,3.937801521487e-02  
  6.892085568333e-03  ,3.936821313198e+00  ,5.284750992751e+01  ,-2.061976174682e-01  
  6.892088130588e-03  ,3.786669410900e+00  ,5.283034483133e+01  ,-1.737486597188e-03  
  6.892090905929e-03  ,3.630681683953e+00  ,5.283346017264e+01  ,7.843368852496e-03  
  6.892096456611e-03  ,3.337419562498e+00  ,5.284192951134e+01  ,5.601122661629e-03  
  6.892107557977e-03  ,2.819377224817e+00  ,5.285858370582e+01  ,4.578852524615e-03  
  6.892129760707e-03  ,2.007263402072e+00  ,5.289175378972e+01  ,3.658317960891e-03  
  6.892174166167e-03  ,9.673666615682e-01  ,5.295797372067e+01  ,2.010520676635e-03  
  6.892217457021e-03  ,4.397674453793e-01  ,5.302231207161e+01  ,1.239423650956e-03  
  6.892265033448e-03  ,1.637780891389e-01  ,5.309281658319e+01  ,8.355223624559e-04  
  6.892331206525e-03  ,5.550900267283e-02  ,5.319055916569e+01  ,6.752715959643e-04  
  6.892415117944e-03  ,1.370825695698e-02  ,5.331401269589e+01  ,6.112172918240e-04  
  6.892508411134e-03  ,-3.608595873912e-04  ,5.345063688318e+01  ,5.872342599662e-04  
  6.892694997514e-03  ,-3.212820076906e-03  ,5.372189368464e+01  ,5.761411994445e-04  
  6.893064832414e-03  ,6.077005869886e-05  ,5.425168514919e+01  ,5.672602169297e-04  
  6.893717145646e-03  ,2.741090383882e-03  ,5.516048345492e+01  ,5.475442434937e-04  
  6.895021772111e-03  ,6.327613247077e-04  ,5.687865494958e+01  ,4.982773799019e-04  
  6.897631025040e-03  ,2.082449158672e-03  ,5.991024792743e+01  ,4.127798008533e-04  
  6.902000000020e-03  ,1.218851137600e-04  ,6.376008703189e+01  ,2.754515211128e-04  
  6.902001000018e-03  ,5.767787899025e-01  ,6.376092418751e+01  ,-1.014925818947e-03  
  6.902001885520e-03  ,1.094815096144e+00  ,6.376166885355e+01  ,-2.189362237419e-03  
  6.902003656523e-03  ,2.160696941434e+00  ,6.376315554534e+01  ,-4.508647454829e-03  
  6.902007198529e-03  ,4.414906125919e+00  ,6.376611194930e+01  ,-8.966145426723e-03  
  6.902010000020e-03  ,6.310594431890e+00  ,6.376843483152e+01  ,-1.232715960146e-02  
  6.902010708421e-03  ,6.402976542729e+00  ,6.376892692997e+01  ,-1.224749326985e-02  
  6.902012125149e-03  ,6.585379044324e+00  ,6.376990053941e+01  ,-1.198688327642e-02  
  6.902014958605e-03  ,6.939179534655e+00  ,6.377184748854e+01  ,-1.146960886687e-02  
  6.902020625517e-03  ,7.603705884731e+00  ,6.377574541355e+01  ,-1.050140312453e-02  
  6.902031959340e-03  ,8.774676594226e+00  ,6.378355409012e+01  ,-8.795390438924e-03  
  6.902044029280e-03  ,9.824218610853e+00  ,6.379188435526e+01  ,-7.266428859960e-03  
  6.902052572116e-03  ,9.976799576882e+00  ,3.629785519659e+01  ,9.863796494421e+00  
  6.902060711130e-03  ,1.001056087455e+01  ,4.480444591568e+00  ,9.864855761405e+00  
  6.902064621195e-03  ,1.027336623519e+01  ,2.832628448179e+00  ,9.865320854011e+00  
  6.902066733435e-03  ,1.042109670922e+01  ,2.763130089324e+00  ,9.865904362842e+00  
  6.902069402978e-03  ,1.060285223692e+01  ,2.789532889915e+00  ,9.866648187304e+00  
  6.902074666068e-03  ,1.094068073999e+01  ,2.818962855264e+00  ,9.868097453147e+00  
  6.902083751306e-03  ,1.146474404284e+01  ,2.808359802677e+00  ,9.870694083121e+00  
  6.902101921782e-03  ,1.232619796726e+01  ,2.805188953987e+00  ,9.875817023891e+00  
  6.902138262734e-03  ,1.348160385593e+01  ,2.807616472829e+00  ,9.886062856030e+00  
  6.902210944637e-03  ,1.464245773523e+01  ,2.812581513930e+00  ,9.906551799636e+00  
  6.902320378765e-03  ,1.514659001557e+01  ,2.821107023515e+00  ,9.937393642468e+00  
  6.902480429157e-03  ,1.516702341281e+01  ,2.833900790241e+00  ,9.982483686226e+00  
  6.902702277645e-03  ,1.495757651225e+01  ,2.851725940732e+00  ,1.004494994443e+01  
  6.903114312634e-03  ,1.502193734316e+01  ,2.884605411875e+00  ,1.016086290221e+01  
  6.903514426693e-03  ,1.500844697603e+01  ,2.916530398799e+00  ,1.027329268017e+01  
  6.904314654812e-03  ,1.499403776820e+01  ,2.980266206941e+00  ,1.049776956475e+01  
  6.905915111050e-03  ,1.500515623101e+01  ,3.107286611667e+00  ,1.094519668913e+01  
  6.909116023525e-03  ,1.500051893508e+01  ,3.359617345064e+00  ,1.183398506312e+01  
  6.912010000020e-03  ,1.499960073157e+01  ,3.585783345988e+00  ,1.263061864512e+01  
  6.912011000018e-03  ,1.441970626265e+01  ,3.585714863477e+00  ,1.263089277971e+01  
  6.912013000126e-03  ,1.321208435931e+01  ,3.585484023862e+00  ,1.263144100096e+01  
  6.912017000343e-03  ,1.067091271774e+01  ,3.585040152015e+00  ,1.263253776083e+01  
  6.912020000020e-03  ,8.646104212116e+00  ,3.584767547983e+00  ,1.263336012463e+01  
  6.912020800063e-03  ,8.542444283257e+00  ,3.584822091559e+00  ,1.263357941650e+01  
  6.912022400076e-03  ,8.337620409348e+00  ,3.585017974100e+00  ,1.263401810025e+01  
  6.912025600100e-03  ,7.942533138219e+00  ,3.585544021254e+00  ,1.263489543732e+01  
  6.912032000149e-03  ,7.207225665643e+00  ,3.586638959377e+00  ,1.263664987998e+01  
  6.912044800246e-03  ,5.931813283306e+00  ,3.589595564397e+00  ,1.264015862600e+01  
  6.912058725381e-03  ,4.791341867472e+00  ,3.599479154935e+00  ,1.264397471811e+01  
  6.912067642236e-03  ,4.356446084584e+00  ,1.404260219289e+01  ,1.264577191516e+01  
  6.912076010728e-03  ,4.342042760637e+00  ,4.357309485774e+01  ,1.264582883001e+01  
  6.912082280392e-03  ,4.134283114513e+00  ,5.282251210011e+01  ,3.580743861591e-02  
  6.912085550079e-03  ,3.936502535610e+00  ,5.285144613993e+01  ,-2.051866294652e-01  
  6.912088114196e-03  ,3.786257175846e+00  ,5.283438159690e+01  ,-1.680248352563e-03  
  6.912090890283e-03  ,3.630245234063e+00  ,5.283750558110e+01  ,7.832236042270e-03  
  6.912096442455e-03  ,3.336942467126e+00  ,5.284597732235e+01  ,5.599552403208e-03  
  6.912107546801e-03  ,2.817729647047e+00  ,5.286259604767e+01  ,4.699963707527e-03  
  6.912129755491e-03  ,2.005904804985e+00  ,5.289580486332e+01  ,3.533938494920e-03  
  6.912174172873e-03  ,9.664887183656e-01  ,5.296203956603e+01  ,2.008765211855e-03  
  6.912216730589e-03  ,4.465260627554e-01  ,5.302529872214e+01  ,1.249419120472e-03  
  6.912264521593e-03  ,1.664479277233e-01  ,5.309613404519e+01  ,8.394917933916e-04  
  6.912329967493e-03  ,5.720303066065e-02  ,5.319282109288e+01  ,6.778451357874e-04  
  6.912414451117e-03  ,1.390575916311e-02  ,5.331714064540e+01  ,6.115888919724e-04  
  6.912506886000e-03  ,-3.833596564244e-04  ,5.345253511475e+01  ,5.873163859135e-04  
  6.912691755766e-03  ,-3.315300010903e-03  ,5.372136859775e+01  ,5.761692983657e-04  
  6.913056440825e-03  ,9.296275127247e-06  ,5.424402054481e+01  ,5.675491140644e-04  
  6.913699408049e-03  ,2.770917180284e-03  ,5.514057541659e+01  ,5.482778916526e-04  
  6.914985342497e-03  ,6.163213255525e-04  ,5.683710097035e+01  ,4.995673197066e-04  
  6.917557211393e-03  ,2.106700172063e-03  ,5.983700600416e+01  ,4.152532892755e-04  
  6.922000000020e-03  ,1.053165241480e-04  ,6.376569679505e+01  ,2.753502981203e-04  
  6.922001000018e-03  ,5.767624661653e-01  ,6.376653408022e+01  ,-1.015015616141e-03  
  6.922001885613e-03  ,1.094854116623e+00  ,6.376727892612e+01  ,-2.189437214547e-03  
  6.922003656802e-03  ,2.160852996181e+00  ,6.376876600838e+01  ,-4.508991694143e-03  
  6.922007199180e-03  ,4.415321354783e+00  ,6.377172318363e+01  ,-8.966931807015e-03  
  6.922010000020e-03  ,6.311362527913e+00  ,6.377404578752e+01  ,-1.232598849067e-02  
  6.922010708496e-03  ,6.403746087240e+00  ,6.377453803261e+01  ,-1.224633501000e-02  
  6.922012125410e-03  ,6.586155948480e+00  ,6.377551195792e+01  ,-1.198571496828e-02  
  6.922014959238e-03  ,6.939969294043e+00  ,6.377745953868e+01  ,-1.146842156228e-02  
  6.922020626895e-03  ,7.604514390431e+00  ,6.378135872704e+01  ,-1.050018860011e-02  
  6.922031962208e-03  ,8.775498888992e+00  ,6.378916992992e+01  ,-8.794155928994e-03  
  6.922044033639e-03  ,9.825022358604e+00  ,6.379750282205e+01  ,-7.265221287830e-03  
  6.922052577965e-03  ,9.976841160003e+00  ,3.625745592061e+01  ,9.865027624904e+00  
  6.922060719959e-03  ,1.001067032584e+01  ,4.432573123523e+00  ,9.866064333180e+00  
  6.922064624808e-03  ,1.027390109574e+01  ,2.826994616691e+00  ,9.866554781892e+00  
  6.922066727735e-03  ,1.042103225990e+01  ,2.763187340091e+00  ,9.867136263331e+00  
  6.922069387592e-03  ,1.060215426068e+01  ,2.790385758250e+00  ,9.867877239192e+00  
  6.922074668564e-03  ,1.094113083981e+01  ,2.819007593846e+00  ,9.869330015072e+00  
  6.922083913244e-03  ,1.147374876251e+01  ,2.808614766871e+00  ,9.871973060864e+00  
  6.922102402605e-03  ,1.234640529003e+01  ,2.805562978038e+00  ,9.877185845333e+00  
  6.922139381326e-03  ,1.350879561277e+01  ,2.808031984394e+00  ,9.887611341332e+00  
  6.922213338770e-03  ,1.466453145097e+01  ,2.813112569798e+00  ,9.908459505816e+00  
  6.922322772898e-03  ,1.514890534176e+01  ,2.821647547176e+00  ,9.939300763631e+00  
  6.922485016741e-03  ,1.516432116568e+01  ,2.834618519298e+00  ,9.985007737236e+00  
  6.922707771219e-03  ,1.495795109393e+01  ,2.852514304080e+00  ,1.004772742240e+01  
  6.923128675379e-03  ,1.502207194806e+01  ,2.886100874140e+00  ,1.016613063276e+01  
  6.923536752619e-03  ,1.500831597282e+01  ,2.918659136513e+00  ,1.028079063505e+01  
  6.924352907099e-03  ,1.499409243133e+01  ,2.983656834587e+00  ,1.050971258492e+01  
  6.925985216059e-03  ,1.500512626175e+01  ,3.113183837377e+00  ,1.096596872430e+01  
  6.929249833978e-03  ,1.500050696393e+01  ,3.370458975158e+00  ,1.187217300477e+01  
  6.932010000020e-03  ,1.499961350197e+01  ,3.586123795502e+00  ,1.263181786037e+01  
  6.932011000018e-03  ,1.441997845969e+01  ,3.586055226934e+00  ,1.263209199147e+01  
  6.932013000126e-03  ,1.321234854154e+01  ,3.585824354684e+00  ,1.263264020640e+01  
  6.932017000343e-03  ,1.067116143396e+01  ,3.585380474762e+00  ,1.263373695226e+01  
  6.932020000020e-03  ,8.646341864013e+00  ,3.585107878188e+00  ,1.263455930585e+01  
  6.932020800063e-03  ,8.542679085893e+00  ,3.585162423349e+00  ,1.263477859500e+01  
  6.932022400076e-03  ,8.337849582044e+00  ,3.585358309119e+00  ,1.263521727330e+01  
  6.932025600100e-03  ,7.942751451161e+00  ,3.585884358041e+00  ,1.263609459948e+01  
  6.932032000149e-03  ,7.207423767084e+00  ,3.586979293815e+00  ,1.263784902036e+01  
  6.932044800246e-03  ,5.931976325883e+00  ,3.589935832081e+00  ,1.264135772282e+01  
  6.932058725381e-03  ,4.791473526741e+00  ,3.599817469587e+00  ,1.264517376773e+01  
  6.932067642236e-03  ,4.356462644792e+00  ,1.403710537752e+01  ,1.264697137485e+01  
  6.932076010728e-03  ,4.342044722676e+00  ,4.356662642790e+01  ,1.264702870781e+01  
  6.932082281882e-03  ,4.134382576535e+00  ,5.282703798564e+01  ,3.645175997791e-02  
  6.932085551569e-03  ,3.936599552803e+00  ,5.285605340343e+01  ,-2.053354639458e-01  
  6.932087121965e-03  ,3.843683452662e+00  ,5.283780173059e+01  ,-4.095586384906e-03  
  6.932090262758e-03  ,3.664983227371e+00  ,5.284098733233e+01  ,1.012428951193e-02  
  6.932096544342e-03  ,3.331705767775e+00  ,5.285077452847e+01  ,5.647740960662e-03  
  6.932109107511e-03  ,2.752376927559e+00  ,5.286963208198e+01  ,4.426917881895e-03  
  6.932134233849e-03  ,1.871888783327e+00  ,5.290716067548e+01  ,3.515032770430e-03  
  6.932173507350e-03  ,9.862597485116e-01  ,5.296573848048e+01  ,2.038333680323e-03  
  6.932218109505e-03  ,4.424620512835e-01  ,5.303204156569e+01  ,1.243365932632e-03  
  6.932263623612e-03  ,1.762283708346e-01  ,5.309950757300e+01  ,8.538049577218e-04  
  6.932332753079e-03  ,5.622172666034e-02  ,5.320164185478e+01  ,6.763378445044e-04  
  6.932413851159e-03  ,4.599334062280e-03  ,5.332098521863e+01  ,5.980752192177e-04  
  6.932510172265e-03  ,-7.866127807462e-03  ,5.346207508759e+01  ,5.763162654931e-04  
  6.932702814477e-03  ,-5.374029837280e-03  ,5.374213101610e+01  ,5.727845070578e-04  
  6.932993589776e-03  ,4.390675970749e-03  ,5.415947891641e+01  ,5.763096728193e-04  
  6.933575140374e-03  ,-2.521012764017e-05  ,5.497467126794e+01  ,5.486631530372e-04  
  6.934479223626e-03  ,1.130465762039e-03  ,5.618978813097e+01  ,5.179647667387e-04  
  6.935735594170e-03  ,1.472321574134e-03  ,5.777170523822e+01  ,4.749051233121e-04  
  6.938248335259e-03  ,1.203254656709e-03  ,6.055818392331e+01  ,3.922029468628e-04  
  6.942000000020e-03  ,8.929958356015e-04  ,6.377046949935e+01  ,2.767207374606e-04  
  6.942001000018e-03  ,5.775384088248e-01  ,6.377130635517e+01  ,-1.013256607718e-03  
  6.942001885054e-03  ,1.095288983864e+00  ,6.377205049773e+01  ,-2.188021331661e-03  
  6.942003655126e-03  ,2.160567977743e+00  ,6.377353593339e+01  ,-4.505928846667e-03  
  6.942007195269e-03  ,4.413447332070e+00  ,6.377648988319e+01  ,-8.961254901339e-03  
  6.942010000020e-03  ,6.311254196192e+00  ,6.377881474079e+01  ,-1.232630933623e-02  
  6.942010708049e-03  ,6.403581228713e+00  ,6.377930640209e+01  ,-1.224672371136e-02  
  6.942012124032e-03  ,6.586263572556e+00  ,6.378027920777e+01  ,-1.198666361901e-02  
  6.942014955997e-03  ,6.940153499396e+00  ,6.378222427503e+01  ,-1.146829167588e-02  
  6.942020619929e-03  ,7.604113854793e+00  ,6.378611871637e+01  ,-1.050086154074e-02  
  6.942031947791e-03  ,8.776907351720e+00  ,6.379392005085e+01  ,-8.792259518284e-03  
  6.942043360591e-03  ,9.774173663046e+00  ,6.380179341480e+01  ,-7.339442734054e-03  
  6.942051401257e-03  ,9.973527868353e+00  ,4.097147115229e+01  ,9.863574732645e+00  
  6.942059078335e-03  ,1.000038322256e+01  ,1.059190984604e+01  ,9.863751096793e+00  
  6.942063381791e-03  ,1.018933149718e+01  ,3.393216954450e+00  ,9.864667280875e+00  
  6.942067452788e-03  ,1.046808158178e+01  ,2.665659651730e+00  ,9.865744201596e+00  
  6.942069775507e-03  ,1.062553488812e+01  ,2.746430341353e+00  ,9.866393691862e+00  
  6.942072714388e-03  ,1.081676609667e+01  ,2.801463242883e+00  ,9.867219308427e+00  
  6.942078592151e-03  ,1.117403891358e+01  ,2.811083417521e+00  ,9.868872424527e+00  
  6.942090347677e-03  ,1.180186644209e+01  ,2.806115572585e+00  ,9.872183220724e+00  
  6.942110303312e-03  ,1.264261891649e+01  ,2.804786056559e+00  ,9.877809577171e+00  
  6.942150214582e-03  ,1.373813385570e+01  ,2.808926845693e+00  ,9.889061859454e+00  
  6.942230037123e-03  ,1.477674480017e+01  ,2.813961374183e+00  ,9.911562920886e+00  
  6.942347494036e-03  ,1.516400992027e+01  ,2.823161596334e+00  ,9.944663843401e+00  
  6.942521277338e-03  ,1.497756693603e+01  ,2.837147364077e+00  ,9.993618331385e+00  
  6.942678061396e-03  ,1.497074001513e+01  ,2.849679818865e+00  ,1.003776337604e+01  
  6.942991629511e-03  ,1.501201428564e+01  ,2.874710603035e+00  ,1.012599457699e+01  
  6.943618765741e-03  ,1.499225158607e+01  ,2.924750577573e+00  ,1.030222168851e+01  
  6.944720831781e-03  ,1.499815291034e+01  ,3.012452304468e+00  ,1.061114635746e+01  
  6.946924963861e-03  ,1.500018861078e+01  ,3.187039768389e+00  ,1.122610683246e+01  
  6.951333228022e-03  ,1.499992797408e+01  ,3.532958362737e+00  ,1.244455108805e+01  
  6.952010000020e-03  ,1.500001282099e+01  ,3.585682186361e+00  ,1.263026291573e+01  
  6.952011000018e-03  ,1.442323120132e+01  ,3.585612656859e+00  ,1.263053705018e+01  
  6.952013000126e-03  ,1.321550550661e+01  ,3.585381431378e+00  ,1.263108528014e+01  
  6.952017000343e-03  ,1.067413357990e+01  ,3.584937424501e+00  ,1.263218203863e+01  
  6.952020000020e-03  ,8.649181789922e+00  ,3.584664818357e+00  ,1.263300440552e+01  
  6.952020800063e-03  ,8.545484962336e+00  ,3.584719321906e+00  ,1.263322369830e+01  
  6.952022400076e-03  ,8.340588179139e+00  ,3.584915132133e+00  ,1.263366238360e+01  
  6.952025600100e-03  ,7.945360271494e+00  ,3.585441022231e+00  ,1.263453972384e+01  
  6.952032000149e-03  ,7.209791052965e+00  ,3.586535462795e+00  ,1.263629417323e+01  
  6.952044800246e-03  ,5.933924628304e+00  ,3.589489193269e+00  ,1.263980293269e+01  
  6.952058726871e-03  ,4.792935640932e+00  ,3.599338591559e+00  ,1.264361945110e+01  
  6.952067645216e-03  ,4.356548367652e+00  ,1.397185225548e+01  ,1.264542261060e+01  
  6.952076016689e-03  ,4.341976856723e+00  ,4.350126576148e+01  ,1.264548419752e+01  
  6.952082297528e-03  ,4.134844958237e+00  ,5.282838751450e+01  ,4.007342180384e-02  
  6.952085569078e-03  ,3.936943265761e+00  ,5.285787671321e+01  ,-2.063386684018e-01  
  6.952087138170e-03  ,3.844093344115e+00  ,5.283952691843e+01  ,-4.161536295720e-03  
  6.952090276355e-03  ,3.665519075359e+00  ,5.284269854847e+01  ,1.014732293756e-02  
  6.952096552724e-03  ,3.332457688259e+00  ,5.285247798235e+01  ,5.649955963321e-03  
  6.952109105462e-03  ,2.753437253033e+00  ,5.287131583206e+01  ,4.427075908504e-03  
  6.952134210939e-03  ,1.873223905051e+00  ,5.290880435889e+01  ,3.518069237155e-03  
  6.952173514241e-03  ,9.864618811097e-01  ,5.296741318405e+01  ,2.038490037952e-03  
  6.952218116397e-03  ,4.425157181243e-01  ,5.303370081095e+01  ,1.243300288738e-03  
  6.952263624543e-03  ,1.762583918166e-01  ,5.310114221560e+01  ,8.537060115515e-04  
  6.952332742089e-03  ,5.624439085846e-02  ,5.320323499270e+01  ,6.762290511738e-04  
  6.952413828248e-03  ,4.609352100201e-03  ,5.332253288051e+01  ,5.979489892316e-04  
  6.952510137433e-03  ,-7.864826968422e-03  ,5.346357223089e+01  ,5.761784032646e-04  
  6.952702755803e-03  ,-5.376910645146e-03  ,5.374352776256e+01  ,5.726426636021e-04  
  6.952993483419e-03  ,4.390702078059e-03  ,5.416070910222e+01  ,5.761756142139e-04  
  6.953574938649e-03  ,-2.573824810804e-05  ,5.497557591142e+01  ,5.485352323852e-04  
  6.954478449697e-03  ,1.130017319797e-03  ,5.618965264409e+01  ,5.178624465730e-04  
  6.955734438771e-03  ,1.472053154230e-03  ,5.777076793554e+01  ,4.748218852703e-04  
  6.958246416921e-03  ,1.203050521755e-03  ,6.055590500677e+01  ,3.921531802333e-04  
  6.962000000020e-03  ,8.926719901141e-04  ,6.376900981656e+01  ,2.766235047032e-04  
  6.962001000018e-03  ,5.775380846813e-01  ,6.376984639161e+01  ,-1.013353673191e-03  
  6.962001885054e-03  ,1.095288659544e+00  ,6.377059028542e+01  ,-2.188115514998e-03  
  6.962003655126e-03  ,2.160567653093e+00  ,6.377207522422e+01  ,-4.506023718943e-03  
  6.962007195269e-03  ,4.413447006781e+00  ,6.377502818021e+01  ,-8.961349919026e-03  
  6.962010000020e-03  ,6.311253870420e+00  ,6.377735225045e+01  ,-1.232640436413e-02  
  6.962010708049e-03  ,6.403580902818e+00  ,6.377784371270e+01  ,-1.224681947037e-02  
  6.962012124032e-03  ,6.586263246414e+00  ,6.377881612012e+01  ,-1.198675953141e-02  
  6.962014955997e-03  ,6.940153172777e+00  ,6.378076039089e+01  ,-1.146838750876e-02  
  6.962020619929e-03  ,7.604113527281e+00  ,6.378465323949e+01  ,-1.050095732995e-02  
  6.962031947791e-03  ,8.776907022649e+00  ,6.379245138945e+01  ,-8.792355261715e-03  
  6.962043360591e-03  ,9.774173332671e+00  ,6.380032154636e+01  ,-7.339538421114e-03  
  6.962051401257e-03  ,9.973519948515e+00  ,4.096936914421e+01  ,9.862032051267e+00  
  6.962059078335e-03  ,1.000037626181e+01  ,1.058983117924e+01  ,9.862208531025e+00  
  6.962063381791e-03  ,1.018935280043e+01  ,3.392671139630e+00  ,9.863124704850e+00  
  6.962067452788e-03  ,1.046810305895e+01  ,2.665237856791e+00  ,9.864201706725e+00  
  6.962069775507e-03  ,1.062555553092e+01  ,2.745996605671e+00  ,9.864851206048e+00  
  6.962072714761e-03  ,1.081680945695e+01  ,2.801025805764e+00  ,9.865676939765e+00  
  6.962078593269e-03  ,1.117412196167e+01  ,2.810644345301e+00  ,9.867330291273e+00  
  6.962090350285e-03  ,1.180041487055e+01  ,2.800218338278e+00  ,9.870644902459e+00  
  6.962102658644e-03  ,1.234971700746e+01  ,2.804410367009e+00  ,9.874115365012e+00  
  6.962127275362e-03  ,1.318361473356e+01  ,2.806636572006e+00  ,9.881055942540e+00  
  6.962176508799e-03  ,1.417126693932e+01  ,2.809060191307e+00  ,9.894935886038e+00  
  6.962274975672e-03  ,1.497967021735e+01  ,2.816994407661e+00  ,9.922690422889e+00  
  6.962403364077e-03  ,1.499978363751e+01  ,2.827280083731e+00  ,9.958867531977e+00  
  6.962629551783e-03  ,1.500012694321e+01  ,2.845341882488e+00  ,1.002257033278e+01  
  6.962869400874e-03  ,1.500011283705e+01  ,2.864518457151e+00  ,1.009007601873e+01  
  6.963349099055e-03  ,1.500019084490e+01  ,2.902809378905e+00  ,1.022494959410e+01  
  6.964308495417e-03  ,1.500023461031e+01  ,2.979234877975e+00  ,1.049414657523e+01  
  6.966227288142e-03  ,1.500031665787e+01  ,3.131462990696e+00  ,1.103034650704e+01  
  6.970064873591e-03  ,1.500033389686e+01  ,3.433444919400e+00  ,1.209403102141e+01  
  6.972010000020e-03  ,1.499978101758e+01  ,3.585255276942e+00  ,1.262875891845e+01  
  6.972011000018e-03  ,1.442104449717e+01  ,3.585186418491e+00  ,1.262903305826e+01  
  6.972013000126e-03  ,1.321338318977e+01  ,3.584955442051e+00  ,1.262958129047e+01  
  6.972017000343e-03  ,1.067213551031e+01  ,3.584511516845e+00  ,1.263067807116e+01  
  6.972020000020e-03  ,8.647272606911e+00  ,3.584238901458e+00  ,1.263150045083e+01  
  6.972020800063e-03  ,8.543598669436e+00  ,3.584293423215e+00  ,1.263171974696e+01  
  6.972022400076e-03  ,8.338747115489e+00  ,3.584489265859e+00  ,1.263215843913e+01  
  6.972025600100e-03  ,7.943606451691e+00  ,3.585015233799e+00  ,1.263303579307e+01  
  6.972032000149e-03  ,7.208199607014e+00  ,3.586109932116e+00  ,1.263479026963e+01  
  6.972044800246e-03  ,5.932614845121e+00  ,3.589065226189e+00  ,1.263829908346e+01  
  6.972058725381e-03  ,4.791989045680e+00  ,3.598933423876e+00  ,1.264211525081e+01  
  6.972067642236e-03  ,4.356479471640e+00  ,1.401048342490e+01  ,1.264391505834e+01  
  6.972076012218e-03  ,4.342004027067e+00  ,4.354120102445e+01  ,1.264397408005e+01  
  6.972082287097e-03  ,4.134568923316e+00  ,5.282883438699e+01  ,3.796836081203e-02  
  6.972085557530e-03  ,3.936738543794e+00  ,5.285804633860e+01  ,-2.057520835230e-01  
  6.972087127367e-03  ,3.843851004450e+00  ,5.283975304993e+01  ,-4.123238200520e-03  
  6.972090267042e-03  ,3.665205101920e+00  ,5.284293118550e+01  ,1.013365421421e-02  
  6.972096546391e-03  ,3.332020879585e+00  ,5.285271184126e+01  ,5.648459991174e-03  
  6.972109105090e-03  ,2.751228675826e+00  ,5.287150592639e+01  ,4.593762785483e-03  
  6.972134222487e-03  ,1.861497128363e+00  ,5.290901687412e+01  ,3.313679110552e-03  
  6.972175355652e-03  ,9.416201470678e-01  ,5.297030202655e+01  ,1.972226486112e-03  
  6.972221346596e-03  ,4.555489356055e-01  ,5.303862097375e+01  ,1.262146710559e-03  
  6.972269441584e-03  ,1.918507109363e-01  ,5.310986248230e+01  ,8.760907858963e-04  
  6.972324355343e-03  ,8.007974416252e-02  ,5.319096567944e+01  ,7.111580480537e-04  
  6.972413047055e-03  ,6.890418536218e-03  ,5.332145910424e+01  ,6.011846678359e-04  
  6.972507854203e-03  ,2.596222066326e-03  ,5.346028007708e+01  ,5.913952251565e-04  
  6.972697468499e-03  ,7.908387711861e-04  ,5.373586717210e+01  ,5.817104606707e-04  
  6.972919102410e-03  ,1.962559028135e-03  ,5.405451244909e+01  ,5.752620714740e-04  
  6.973362370232e-03  ,1.917675820471e-03  ,5.468048373611e+01  ,5.589378899910e-04  
  6.974248905877e-03  ,1.421808689177e-03  ,5.588681133986e+01  ,5.264717695226e-04  
  6.976021977166e-03  ,1.581447131708e-03  ,5.811432591745e+01  ,4.652127286278e-04  
  6.979568119744e-03  ,9.468621006818e-04  ,6.181518637026e+01  ,3.494529608895e-04  
  6.982000000020e-03  ,1.006065910198e-03  ,6.376629541579e+01  ,2.786476253845e-04  
  6.982001000018e-03  ,5.776498241721e-01  ,6.376713173830e+01  ,-1.012390360813e-03  
  6.982001884961e-03  ,1.095343786463e+00  ,6.376787536469e+01  ,-2.188300449915e-03  
  6.982003654846e-03  ,2.160503253644e+00  ,6.376935947826e+01  ,-4.505675531382e-03  
  6.982007194617e-03  ,4.413118658173e+00  ,6.377231084345e+01  ,-8.960519887329e-03  
  6.982010000020e-03  ,6.312133882196e+00  ,6.377463433858e+01  ,-1.232523057614e-02  
  6.982010707974e-03  ,6.404441948559e+00  ,6.377512549593e+01  ,-1.224568667471e-02  
  6.982012123957e-03  ,6.585185675813e+00  ,6.377609725959e+01  ,-1.198548849329e-02  
  6.982014955923e-03  ,6.937590750573e+00  ,6.377804092229e+01  ,-1.147223851409e-02  
  6.982020619854e-03  ,7.601762136647e+00  ,6.378193169796e+01  ,-1.050443555681e-02  
  6.982031947717e-03  ,8.774928389621e+00  ,6.378972570802e+01  ,-8.795384504297e-03  
  6.982043359026e-03  ,9.772391285039e+00  ,6.379759066099e+01  ,-7.342256598517e-03  
  6.982051398203e-03  ,9.973434952885e+00  ,4.106131877409e+01  ,9.859953272966e+00  
  6.982059073791e-03  ,1.000025159360e+01  ,1.068509910998e+01  ,9.860125792746e+00  
  6.982063389167e-03  ,1.018845860047e+01  ,3.397710255683e+00  ,9.861042150973e+00  
  6.982067477300e-03  ,1.046835002732e+01  ,2.663417095808e+00  ,9.862121435393e+00  
  6.982069799274e-03  ,1.062575242884e+01  ,2.745047056170e+00  ,9.862770760111e+00  
  6.982072731822e-03  ,1.081657520567e+01  ,2.800415151693e+00  ,9.863594644719e+00  
  6.982078596920e-03  ,1.117312679572e+01  ,2.810100501164e+00  ,9.865244246353e+00  
  6.982090327114e-03  ,1.179985394067e+01  ,2.805095545187e+00  ,9.868548015523e+00  
  6.982110175460e-03  ,1.263720392592e+01  ,2.803742463151e+00  ,9.874144326925e+00  
  6.982149872154e-03  ,1.373069797319e+01  ,2.807880471524e+00  ,9.885336528428e+00  
  6.982229265541e-03  ,1.477098294210e+01  ,2.812872588442e+00  ,9.907717466668e+00  
  6.982346722454e-03  ,1.516362163201e+01  ,2.822070348129e+00  ,9.940819669356e+00  
  6.982519766658e-03  ,1.497796230354e+01  ,2.835997317191e+00  ,9.989567893908e+00  
  6.982676383823e-03  ,1.497085984567e+01  ,2.848517010368e+00  ,1.003366775836e+01  
  6.982989618152e-03  ,1.501195244248e+01  ,2.873522258226e+00  ,1.012180872143e+01  
  6.983616086811e-03  ,1.499229558426e+01  ,2.923511087485e+00  ,1.029785584879e+01  
  6.984715291828e-03  ,1.499816143877e+01  ,3.010989361588e+00  ,1.060599338335e+01  
  6.986913701862e-03  ,1.500018800142e+01  ,3.185134098537e+00  ,1.121939440572e+01  
  6.991310521930e-03  ,1.499992857664e+01  ,3.530183880491e+00  ,1.243477840316e+01  
  6.992010000020e-03  ,1.500001314443e+01  ,3.584680379537e+00  ,1.262673420485e+01  
  6.992011000018e-03  ,1.442323041345e+01  ,3.584610858953e+00  ,1.262700834933e+01  
  6.992013000126e-03  ,1.321550474196e+01  ,3.584379639370e+00  ,1.262755659927e+01  
  6.992017000343e-03  ,1.067413285976e+01  ,3.583935624900e+00  ,1.262865339788e+01  
  6.992020000020e-03  ,8.649181101380e+00  ,3.583662997246e+00  ,1.262947579482e+01  
  6.992020800063e-03  ,8.545484281832e+00  ,3.583717487272e+00  ,1.262969509562e+01  
  6.992022400076e-03  ,8.340587514525e+00  ,3.583913272101e+00  ,1.263013379695e+01  
  6.992025600100e-03  ,7.945359637601e+00  ,3.584439122287e+00  ,1.263101116924e+01  
  6.992032000149e-03  ,7.209790475802e+00  ,3.585533459204e+00  ,1.263276568276e+01  
  6.992044800246e-03  ,5.933924145584e+00  ,3.588486743700e+00  ,1.263627457051e+01  
  6.992058726871e-03  ,4.792935208135e+00  ,3.598333518001e+00  ,1.264009122876e+01  
  6.992067645216e-03  ,4.356526482064e+00  ,1.396955226800e+01  ,1.264189465927e+01  
  6.992076016689e-03  ,4.341955204631e+00  ,4.349879845029e+01  ,1.264195637840e+01  
  6.992082297528e-03  ,4.134800520265e+00  ,5.282491468227e+01  ,3.995194661110e-02  
  6.992085569078e-03  ,3.936900521035e+00  ,5.285438811254e+01  ,-2.063231926061e-01  
  6.992087138170e-03  ,3.844051611413e+00  ,5.283603873002e+01  ,-4.160831874281e-03  
  6.992090276355e-03  ,3.665479240435e+00  ,5.283920848082e+01  ,1.014686728808e-02  
  6.992096552724e-03  ,3.332421397660e+00  ,5.284898390108e+01  ,5.649668665845e-03  
  6.992109105462e-03  ,2.753407138026e+00  ,5.286781372627e+01  ,4.426812746806e-03  
  6.992134210939e-03  ,1.873203178252e+00  ,5.290528621785e+01  ,3.517805092760e-03  
  6.992173514241e-03  ,9.864506126439e-01  ,5.296386996290e+01  ,2.038247654181e-03  
  6.992218116397e-03  ,4.425102519581e-01  ,5.303012916790e+01  ,1.243066940507e-03  
  6.992263624543e-03  ,1.762557663880e-01  ,5.309754161566e+01  ,8.534774004573e-04  
  6.992332742089e-03  ,5.624304702712e-02  ,5.319959049506e+01  ,6.760032169638e-04  
  6.992413828248e-03  ,4.608560890659e-03  ,5.331883700982e+01  ,5.977250311139e-04  
  6.992510125512e-03  ,-7.864189551915e-03  ,5.345979811354e+01  ,5.759582339996e-04  
  6.992702720040e-03  ,-5.377301243297e-03  ,5.373959825878e+01  ,5.724243836605e-04  
  6.992993447656e-03  ,4.389823756972e-03  ,5.415659908979e+01  ,5.759603035099e-04  
  6.993574902886e-03  ,-2.638107312563e-05  ,5.497111030492e+01  ,5.483274959830e-04  
  6.994478413934e-03  ,1.129335672590e-03  ,5.618464919556e+01  ,5.176654375921e-04  
  6.995734403009e-03  ,1.471382521051e-03  ,5.776504743850e+01  ,4.746388884867e-04  
  6.998246381158e-03  ,1.202453354013e-03  ,6.054886159294e+01  ,3.919951844421e-04  
  7.002000000020e-03  ,8.921842314342e-04  ,6.376030636244e+01  ,2.764975425210e-04  
  7.002001000018e-03  ,5.775375969820e-01  ,6.376114253395e+01  ,-1.013476616397e-03  
  7.002001884961e-03  ,1.095233048544e+00  ,6.376188599268e+01  ,-2.188115043341e-03  
  7.002003654846e-03  ,2.160395445692e+00  ,6.376337006230e+01  ,-4.505786006583e-03  
  7.002007194617e-03  ,4.413016483615e+00  ,6.376632128345e+01  ,-8.960674545901e-03  
  7.002010000020e-03  ,6.312035962667e+00  ,6.376864466292e+01  ,-1.232537229418e-02  
  7.002010707974e-03  ,6.404345068791e+00  ,6.376913579077e+01  ,-1.224583085098e-02  
  7.002012123957e-03  ,6.585090831908e+00  ,6.377010749335e+01  ,-1.198563201075e-02  
  7.002014955923e-03  ,6.937499876182e+00  ,6.377205103898e+01  ,-1.147237608411e-02  
  7.002020619854e-03  ,7.601678743476e+00  ,6.377594157700e+01  ,-1.050456143857e-02  
  7.002031947717e-03  ,8.774858211005e+00  ,6.378373511350e+01  ,-8.795491077911e-03  
  7.002043359026e-03  ,9.772332341869e+00  ,6.379159959136e+01  ,-7.342347341587e-03  
  7.002051398203e-03  ,9.973430678658e+00  ,4.105807514634e+01  ,9.859125570091e+00  
  7.002059073791e-03  ,1.000025158128e+01  ,1.068214137263e+01  ,9.859298414737e+00  
  7.002063388422e-03  ,1.018845336278e+01  ,3.397398765653e+00  ,9.860214597198e+00  
  7.002067476555e-03  ,1.046834608537e+01  ,2.663173436851e+00  ,9.861293908661e+00  
  7.002069798529e-03  ,1.062574873986e+01  ,2.744810047899e+00  ,9.861943240083e+00  
  7.002072731077e-03  ,1.081657171892e+01  ,2.800180007945e+00  ,9.862767132518e+00  
  7.002078596174e-03  ,1.117312362816e+01  ,2.809865725017e+00  ,9.864416748621e+00  
  7.002090326369e-03  ,1.179985130468e+01  ,2.804860567722e+00  ,9.867720545890e+00  
  7.002110171735e-03  ,1.263709269508e+01  ,2.803507295569e+00  ,9.873316063645e+00  
  7.002149862468e-03  ,1.373051201371e+01  ,2.807644997481e+00  ,9.884506678047e+00  
  7.002229243934e-03  ,1.477082584003e+01  ,2.812636164952e+00  ,9.906884443108e+00  
  7.002346700847e-03  ,1.516360800786e+01  ,2.821833937258e+00  ,9.939986923489e+00  
  7.002519721210e-03  ,1.497797520666e+01  ,2.835759103779e+00  ,9.988728842157e+00  
  7.002676338374e-03  ,1.497086345866e+01  ,2.848278905776e+00  ,1.003282907961e+01  
  7.002989572704e-03  ,1.501195097086e+01  ,2.873284368186e+00  ,1.012097078816e+01  
  7.003616041362e-03  ,1.499229654487e+01  ,2.923273618816e+00  ,1.029701940456e+01  
  7.004715055644e-03  ,1.499816167101e+01  ,3.010737477037e+00  ,1.060510615979e+01  
  7.006913084209e-03  ,1.500018800729e+01  ,3.184853657024e+00  ,1.121840659406e+01  
  7.011309141338e-03  ,1.499992857361e+01  ,3.529847415466e+00  ,1.243359325696e+01  
  7.012010000020e-03  ,1.500001315976e+01  ,3.584452039363e+00  ,1.262592991170e+01  
  7.012011000018e-03  ,1.442323031309e+01  ,3.584382520801e+00  ,1.262620405846e+01  
  7.012013000126e-03  ,1.321550464456e+01  ,3.584151302560e+00  ,1.262675231296e+01  
  7.012017000343e-03  ,1.067413276801e+01  ,3.583707286362e+00  ,1.262784912071e+01  
  7.012020000020e-03  ,8.649181013607e+00  ,3.583434653798e+00  ,1.262867152450e+01  
  7.012020800063e-03  ,8.545484195062e+00  ,3.583489140742e+00  ,1.262889082713e+01  
  7.012022400076e-03  ,8.340587429737e+00  ,3.583684919782e+00  ,1.262932953211e+01  
  7.012025600100e-03  ,7.945359556656e+00  ,3.584210760868e+00  ,1.263020691170e+01  
  7.012032000149e-03  ,7.209790401904e+00  ,3.585305074149e+00  ,1.263196143985e+01  
  7.012044800246e-03  ,5.933924083008e+00  ,3.588258256932e+00  ,1.263547035683e+01  
  7.012058726871e-03  ,4.792935147800e+00  ,3.598104432351e+00  ,1.263928704695e+01  
  7.012067645216e-03  ,4.356521496084e+00  ,1.396902618914e+01  ,1.264109053822e+01  
  7.012076016689e-03  ,4.341950267498e+00  ,4.349823392059e+01  ,1.264115227156e+01  
  7.012082296783e-03  ,4.134765334568e+00  ,5.282002570356e+01  ,3.971257918635e-02  
  7.012085568333e-03  ,3.936866157457e+00  ,5.284947019319e+01  ,-2.062803691441e-01  
  7.012088130215e-03  ,3.786733749010e+00  ,5.283229485593e+01  ,-1.742951301634e-03  
  7.012090905556e-03  ,3.630743350536e+00  ,5.283540765477e+01  ,7.844278135919e-03  
  7.012096456239e-03  ,3.337476204408e+00  ,5.284387330737e+01  ,5.601012442942e-03  
  7.012107557604e-03  ,2.819424942596e+00  ,5.286051991481e+01  ,4.578564221952e-03  
  7.012129760334e-03  ,2.007297128935e+00  ,5.289367477706e+01  ,3.658172892064e-03  
  7.012174165795e-03  ,9.673824742192e-01  ,5.295986432044e+01  ,2.010269118857e-03  
  7.012217456648e-03  ,4.397741693195e-01  ,5.302417305706e+01  ,1.239159046829e-03  
  7.012265033076e-03  ,1.637800590888e-01  ,5.309464504464e+01  ,8.352515035066e-04  
  7.012331206152e-03  ,5.550910833585e-02  ,5.319234242943e+01  ,6.749988948469e-04  
  7.012415117571e-03  ,1.370764369519e-02  ,5.331573871358e+01  ,6.109446461353e-04  
  7.012508410761e-03  ,-3.617138733026e-04  ,5.345229934395e+01  ,5.869624813252e-04  
  7.012694997141e-03  ,-3.213720747743e-03  ,5.372342931875e+01  ,5.758717668129e-04  
  7.013064832041e-03  ,5.993137496821e-05  ,5.425297055970e+01  ,5.669955746522e-04  
  7.013717145273e-03  ,1.735788480067e-03  ,5.516130015069e+01  ,5.457017573455e-04  
  7.015021771738e-03  ,1.452078875391e-03  ,5.687861892677e+01  ,4.993567007671e-04  
  7.017631024668e-03  ,1.340528174612e-03  ,5.990857978688e+01  ,4.113624217302e-04  
  7.022000000020e-03  ,8.190124627833e-04  ,6.375594009529e+01  ,2.764159048145e-04  
  7.022001000018e-03  ,5.774654923031e-01  ,6.375677673688e+01  ,-1.014094684860e-03  
  7.022001884961e-03  ,1.095161907529e+00  ,6.375752046837e+01  ,-2.187812972555e-03  
  7.022003654846e-03  ,2.160326201052e+00  ,6.375900529431e+01  ,-4.505698376353e-03  
  7.022007194617e-03  ,4.412950885013e+00  ,6.376195798755e+01  ,-8.960619530184e-03  
  7.022010000020e-03  ,6.311973118204e+00  ,6.376428254435e+01  ,-1.232530790904e-02  
  7.022010707974e-03  ,6.404282897265e+00  ,6.376477396528e+01  ,-1.224576355691e-02  
  7.022012123957e-03  ,6.585029977920e+00  ,6.376574624835e+01  ,-1.198557119151e-02  
  7.022014955923e-03  ,6.937441591472e+00  ,6.376769097846e+01  ,-1.147231075785e-02  
  7.022020619854e-03  ,7.600805671592e+00  ,6.377158393061e+01  ,-1.050575428044e-02  
  7.022031947717e-03  ,8.773475866399e+00  ,6.377938219127e+01  ,-8.797352521149e-03  
  7.022044011697e-03  ,9.823434232066e+00  ,6.378770186402e+01  ,-7.267747491054e-03  
  7.022052550062e-03  ,9.976748195071e+00  ,3.634189391476e+01  ,9.860755414502e+00  
  7.022060684606e-03  ,1.001041901386e+01  ,4.536512955770e+00  ,9.861837411000e+00  
  7.022064598396e-03  ,1.027255330498e+01  ,2.838972293929e+00  ,9.862275862972e+00  
  7.022066721439e-03  ,1.042098221090e+01  ,2.762597202660e+00  ,9.862861510625e+00  
  7.022069401785e-03  ,1.060345100948e+01  ,2.788058399558e+00  ,9.863608735662e+00  
  7.022074641779e-03  ,1.093967765907e+01  ,2.805867523177e+00  ,9.865078588201e+00  
  7.022083399191e-03  ,1.144619281052e+01  ,2.805693177700e+00  ,9.867542562822e+00  
  7.022100914016e-03  ,1.227956537919e+01  ,2.803499425373e+00  ,9.872480886036e+00  
  7.022135943666e-03  ,1.344274997154e+01  ,2.806276289482e+00  ,9.882357305957e+00  
  7.022206002965e-03  ,1.452341509654e+01  ,2.811451472936e+00  ,9.902107822209e+00  
  7.022332412496e-03  ,1.498999517599e+01  ,2.821194293184e+00  ,9.937734672554e+00  
  7.022463065877e-03  ,1.506593936480e+01  ,2.831689335892e+00  ,9.974544149145e+00  
  7.022703058019e-03  ,1.503766567808e+01  ,2.850888297871e+00  ,1.004212292606e+01  
  7.023152953878e-03  ,1.500330836515e+01  ,2.886834013771e+00  ,1.016868375597e+01  
  7.024052745595e-03  ,1.499763374343e+01  ,2.958560709895e+00  ,1.042132099918e+01  
  7.025852329030e-03  ,1.499965433160e+01  ,3.101460214556e+00  ,1.092466529531e+01  
  7.029451495900e-03  ,1.500042662504e+01  ,3.385080863899e+00  ,1.192367630675e+01  
  7.032010000020e-03  ,1.499996127163e+01  ,3.584939947412e+00  ,1.262764844931e+01  
  7.032011000018e-03  ,1.442331848802e+01  ,3.584870387502e+00  ,1.262792259081e+01  
  7.032013000126e-03  ,1.321559022313e+01  ,3.584639152201e+00  ,1.262847083772e+01  
  7.032017000343e-03  ,1.067421333665e+01  ,3.584195135442e+00  ,1.262956762417e+01  
  7.032020000020e-03  ,8.649257998254e+00  ,3.583922513118e+00  ,1.263039001332e+01  
  7.032020800063e-03  ,8.545560256806e+00  ,3.583977005736e+00  ,1.263060931205e+01  
  7.032022400076e-03  ,8.340661667886e+00  ,3.584172795449e+00  ,1.263104800922e+01  
  7.032025600100e-03  ,7.945430277189e+00  ,3.584698652156e+00  ,1.263192537321e+01  
  7.032032000149e-03  ,7.209854575841e+00  ,3.585793003809e+00  ,1.263367987012e+01  
  7.032044800246e-03  ,5.933976902715e+00  ,3.588746333444e+00  ,1.263718872465e+01  
  7.032058726871e-03  ,4.792977815809e+00  ,3.598592873628e+00  ,1.264100534676e+01  
  7.032067645216e-03  ,4.356535107018e+00  ,1.396811992638e+01  ,1.264280886730e+01  
  7.032076016689e-03  ,4.341959063456e+00  ,4.349707613320e+01  ,1.264287067135e+01  
  7.032082296783e-03  ,4.134781207210e+00  ,5.281916556654e+01  ,3.974235909737e-02  
  7.032085568333e-03  ,3.936881402203e+00  ,5.284861510720e+01  ,-2.062897863436e-01  
  7.032088130215e-03  ,3.786748415979e+00  ,5.283143981895e+01  ,-1.743327548777e-03  
  7.032090905556e-03  ,3.630757431547e+00  ,5.283455356298e+01  ,7.844525002254e-03  
  7.032096456239e-03  ,3.337489184404e+00  ,5.284302124350e+01  ,5.601185861366e-03  
  7.032107557604e-03  ,2.819435974802e+00  ,5.285967190617e+01  ,4.578717953168e-03  
  7.032129760334e-03  ,2.007305107552e+00  ,5.289283487176e+01  ,3.658338558962e-03  
  7.032174165795e-03  ,9.673865427261e-01  ,5.295904061696e+01  ,2.010420564832e-03  
  7.032217456648e-03  ,4.397762538552e-01  ,5.302336513654e+01  ,1.239307247586e-03  
  7.032265033076e-03  ,1.637811056312e-01  ,5.309385445646e+01  ,8.353978567706e-04  
  7.032331206152e-03  ,5.550974735316e-02  ,5.319157592566e+01  ,6.751441866374e-04  
  7.032415117571e-03  ,1.370812496806e-02  ,5.331500271190e+01  ,6.110891171549e-04  
  7.032508410761e-03  ,-3.612861510528e-04  ,5.345159720383e+01  ,5.871062221911e-04  
  7.032694997141e-03  ,-3.213305074811e-03  ,5.372279473904e+01  ,5.760141977533e-04  
  7.033064832041e-03  ,6.035665312992e-05  ,5.425246923583e+01  ,5.671355027269e-04  
  7.033717145273e-03  ,2.740738547626e-03  ,5.516106293371e+01  ,5.474232921935e-04  
  7.035021771738e-03  ,6.323766896876e-04  ,5.687883228476e+01  ,4.981633459979e-04  
  7.037631024668e-03  ,2.082120860073e-03  ,5.990965326449e+01  ,4.126781671741e-04  
  7.042000000020e-03  ,1.215659798802e-04  ,6.375831461988e+01  ,2.753670256983e-04  
  7.042001000018e-03  ,5.767784710210e-01  ,6.375915152391e+01  ,-1.015010174537e-03  
  7.042001885520e-03  ,1.094814777488e+00  ,6.375989596717e+01  ,-2.189446360209e-03  
  7.042003656523e-03  ,2.160696623223e+00  ,6.376138221346e+01  ,-4.508731640240e-03  
  7.042007198529e-03  ,4.414905808563e+00  ,6.376433772643e+01  ,-8.966229653274e-03  
  7.042010000020e-03  ,6.310594115180e+00  ,6.376665990396e+01  ,-1.232724384759e-02  
  7.042010708421e-03  ,6.402976226172e+00  ,6.376715182397e+01  ,-1.224757835588e-02  
  7.042012125149e-03  ,6.585378728067e+00  ,6.376812507634e+01  ,-1.198696850882e-02  
  7.042014958605e-03  ,6.939179218979e+00  ,6.377007131137e+01  ,-1.146969403634e-02  
  7.042020625517e-03  ,7.603705570151e+00  ,6.377396780841e+01  ,-1.050148825368e-02  
  7.042031959340e-03  ,8.774676281593e+00  ,6.378177363000e+01  ,-8.795475513286e-03  
  7.042044029280e-03  ,9.824218299991e+00  ,6.379010085630e+01  ,-7.266513863535e-03  
  7.042052572116e-03  ,9.976792478420e+00  ,3.629550168928e+01  ,9.862366027463e+00  
  7.042060711130e-03  ,1.001055668736e+01  ,4.478261977367e+00  ,9.863425365432e+00  
  7.042064621195e-03  ,1.027339190274e+01  ,2.831991004049e+00  ,9.863890553959e+00  
  7.042066733062e-03  ,1.042109818927e+01  ,2.762711944279e+00  ,9.864473993454e+00  
  7.042069402232e-03  ,1.060282918780e+01  ,2.789144092133e+00  ,9.865217717276e+00  
  7.042074665323e-03  ,1.094052472157e+01  ,2.806561349066e+00  ,9.866694042699e+00  
  7.042083607509e-03  ,1.145695627426e+01  ,2.806142189021e+00  ,9.869209958633e+00  
  7.042101491883e-03  ,1.230820705324e+01  ,2.805069024066e+00  ,9.874248145627e+00  
  7.042137260630e-03  ,1.348303527924e+01  ,2.806861775891e+00  ,9.884329313414e+00  
  7.042208798125e-03  ,1.455014383634e+01  ,2.812067043680e+00  ,9.904496117744e+00  
  7.042333371833e-03  ,1.498727089997e+01  ,2.821775315786e+00  ,9.939604822624e+00  
  7.042465717986e-03  ,1.500007927303e+01  ,2.832414244449e+00  ,9.976890580354e+00  
  7.042710335448e-03  ,1.500292906868e+01  ,2.851938872212e+00  ,1.004576956892e+01  
  7.043105061248e-03  ,1.500103994409e+01  ,2.883465408196e+00  ,1.015681501954e+01  
  7.043894512847e-03  ,1.500141775032e+01  ,2.946411466224e+00  ,1.037853308187e+01  
  7.045473416045e-03  ,1.499982558745e+01  ,3.071882386973e+00  ,1.082048229723e+01  
  7.048631222442e-03  ,1.500000394239e+01  ,3.321144192462e+00  ,1.169846847724e+01  
  7.052010000020e-03  ,1.499989230411e+01  ,3.585388120683e+00  ,1.262922673167e+01  
  7.052011000018e-03  ,1.442325055054e+01  ,3.585318512844e+00  ,1.262950086869e+01  
  7.052013000126e-03  ,1.321552428582e+01  ,3.585087259253e+00  ,1.263004910672e+01  
  7.052017000343e-03  ,1.067415125954e+01  ,3.584643240665e+00  ,1.263114587518e+01  
  7.052020000020e-03  ,8.649198682966e+00  ,3.584370631160e+00  ,1.263196825090e+01  
  7.052020800063e-03  ,8.545501652770e+00  ,3.584425129910e+00  ,1.263218754603e+01  
  7.052022400076e-03  ,8.340604469240e+00  ,3.584620931824e+00  ,1.263262623604e+01  
  7.052025600100e-03  ,7.945375789415e+00  ,3.585146809491e+00  ,1.263350358569e+01  
  7.052032000149e-03  ,7.209805133608e+00  ,3.586241216835e+00  ,1.263525805392e+01  
  7.052044800246e-03  ,5.933936214587e+00  ,3.589194800724e+00  ,1.263876685105e+01  
  7.052058726871e-03  ,4.792944983146e+00  ,3.599043224751e+00  ,1.264258341054e+01  
  7.052067645216e-03  ,4.356542599600e+00  ,1.397072493135e+01  ,1.264438668274e+01  
  7.052076016689e-03  ,4.341970108628e+00  ,4.350001502448e+01  ,1.264444830067e+01  
  7.052082296783e-03  ,4.134710425311e+00  ,5.281711880303e+01  ,3.932875763933e-02  
  7.052085568333e-03  ,3.936812656519e+00  ,5.284651680326e+01  ,-2.061883895553e-01  
  7.052088130588e-03  ,3.786661095451e+00  ,5.282935270285e+01  ,-1.736918351927e-03  
  7.052090905929e-03  ,3.630673711371e+00  ,5.283246822557e+01  ,7.843316775432e-03  
  7.052096456611e-03  ,3.337412235496e+00  ,5.284093779472e+01  ,5.601127533162e-03  
  7.052107557977e-03  ,2.819371043658e+00  ,5.285759246102e+01  ,4.578872262624e-03  
  7.052129760707e-03  ,2.007259017289e+00  ,5.289076349309e+01  ,3.658327214862e-03  
  7.052174166167e-03  ,9.673645769742e-01  ,5.295698531884e+01  ,2.010539739009e-03  
  7.052217457021e-03  ,4.397665278343e-01  ,5.302132551992e+01  ,1.239444406378e-03  
  7.052265033448e-03  ,1.637777821101e-01  ,5.309183206725e+01  ,8.355439708492e-04  
  7.052331206525e-03  ,5.550893519890e-02  ,5.318957748542e+01  ,6.752935083701e-04  
  7.052415117944e-03  ,1.370828203495e-02  ,5.331303461828e+01  ,6.112392830726e-04  
  7.052508411134e-03  ,-3.608032881112e-04  ,5.344966281988e+01  ,5.872562351460e-04  
  7.052694997514e-03  ,-3.212757269502e-03  ,5.372092767759e+01  ,5.761630626798e-04  
  7.053064832414e-03  ,6.082600745535e-05  ,5.425073521651e+01  ,5.672818348804e-04  
  7.053717145646e-03  ,2.741141033418e-03  ,5.515956220421e+01  ,5.475654647636e-04  
  7.055021772111e-03  ,6.328177261522e-04  ,5.687779220721e+01  ,4.982978817359e-04  
  7.057631025040e-03  ,2.082503860249e-03  ,5.990950588164e+01  ,4.127990640865e-04  
  7.062000000020e-03  ,1.219448213061e-04  ,6.375955353216e+01  ,2.754691779128e-04  
  7.062001000018e-03  ,5.767788495872e-01  ,6.376039073604e+01  ,-1.014907794327e-03  
  7.062001885520e-03  ,1.094815155806e+00  ,6.376113544485e+01  ,-2.189344279652e-03  
  7.062003656523e-03  ,2.160697001051e+00  ,6.376262222218e+01  ,-4.508629485330e-03  
  7.062007198529e-03  ,4.414906185449e+00  ,6.376557879722e+01  ,-8.966127465672e-03  
  7.062010000020e-03  ,6.310594491355e+00  ,6.376790181476e+01  ,-1.232714164817e-02  
  7.062010708421e-03  ,6.402976602179e+00  ,6.376839394750e+01  ,-1.224747550086e-02  
  7.062012125149e-03  ,6.585379103745e+00  ,6.376936762547e+01  ,-1.198686554108e-02  
  7.062014958605e-03  ,6.939179594018e+00  ,6.377131471166e+01  ,-1.146959111914e-02  
  7.062020625517e-03  ,7.603705943985e+00  ,6.377521291077e+01  ,-1.050138537853e-02  
  7.062031959340e-03  ,8.774676653288e+00  ,6.378302213557e+01  ,-8.795372690642e-03  
  7.062044029280e-03  ,9.824218669743e+00  ,6.379135298449e+01  ,-7.266411115506e-03  
  7.062052572116e-03  ,9.976800875410e+00  ,3.629742105868e+01  ,9.863980532732e+00  
  7.062060711130e-03  ,1.001056300214e+01  ,4.480077390725e+00  ,9.865039825084e+00  
  7.062064621195e-03  ,1.027337515460e+01  ,2.832623539455e+00  ,9.865504934412e+00  
  7.062066733435e-03  ,1.042110590756e+01  ,2.763177568258e+00  ,9.866088446992e+00  
  7.062069402605e-03  ,1.060283636012e+01  ,2.789589775193e+00  ,9.866832164997e+00  
  7.062074666440e-03  ,1.094057736652e+01  ,2.807016249616e+00  ,9.868308674272e+00  
  7.062083604157e-03  ,1.145676027681e+01  ,2.806600769678e+00  ,9.870823291530e+00  
  7.062101479590e-03  ,1.230767898815e+01  ,2.805527260748e+00  ,9.875858877882e+00  
  7.062137230456e-03  ,1.348225013467e+01  ,2.807318159199e+00  ,9.885934842456e+00  
  7.062208732187e-03  ,1.454956489968e+01  ,2.812520190638e+00  ,9.906091239899e+00  
  7.062333305895e-03  ,1.498725444838e+01  ,2.822228023644e+00  ,9.941199380551e+00  
  7.062465628206e-03  ,1.500007814926e+01  ,2.832864864263e+00  ,9.978477823685e+00  
  7.062710197985e-03  ,1.500293248547e+01  ,2.852385368775e+00  ,1.004734228850e+01  
  7.063104637682e-03  ,1.500104152261e+01  ,2.883888568194e+00  ,1.015830553681e+01  
  7.063893517077e-03  ,1.500142011011e+01  ,2.946788105955e+00  ,1.037985974020e+01  
  7.065471275866e-03  ,1.499982527548e+01  ,3.072166605045e+00  ,1.082148341068e+01  
  7.068626793444e-03  ,1.500000382436e+01  ,3.321246010562e+00  ,1.169882711580e+01  
  7.072010000020e-03  ,1.499989212026e+01  ,3.585833688868e+00  ,1.263079617638e+01  
  7.072011000018e-03  ,1.442325036939e+01  ,3.585764077063e+00  ,1.263107030894e+01  
  7.072013000126e-03  ,1.321552411000e+01  ,3.585532820853e+00  ,1.263161853806e+01  
  7.072017000343e-03  ,1.067415109413e+01  ,3.585088805635e+00  ,1.263271528870e+01  
  7.072020000020e-03  ,8.649198525107e+00  ,3.584816205719e+00  ,1.263353765105e+01  
  7.072020800063e-03  ,8.545501496901e+00  ,3.584870710484e+00  ,1.263375694261e+01  
  7.072022400076e-03  ,8.340604317298e+00  ,3.585066523701e+00  ,1.263419562550e+01  
  7.072025600100e-03  ,7.945375645017e+00  ,3.585592419143e+00  ,1.263507296090e+01  
  7.072032000149e-03  ,7.209805003449e+00  ,3.586686872659e+00  ,1.263682740059e+01  
  7.072044800246e-03  ,5.933936110893e+00  ,3.589640655329e+00  ,1.264033614067e+01  
  7.072058726871e-03  ,4.792944918568e+00  ,3.599490251944e+00  ,1.264415263796e+01  
  7.072067645216e-03  ,4.356552315245e+00  ,1.397176012844e+01  ,1.264595578853e+01  
  7.072076016689e-03  ,4.341979748893e+00  ,4.350112665430e+01  ,1.264601734481e+01  
  7.072082296783e-03  ,4.134721469337e+00  ,5.281816491707e+01  ,3.933781456272e-02  
  7.072085568333e-03  ,3.936823217445e+00  ,5.284756436857e+01  ,-2.061854322535e-01  
  7.072088130588e-03  ,3.786671273373e+00  ,5.283040133541e+01  ,-1.736699731038e-03  
  7.072090906301e-03  ,3.630662982579e+00  ,5.283351822000e+01  ,7.843531457562e-03  
  7.072096457729e-03  ,3.337364589756e+00  ,5.284199054424e+01  ,5.601148436782e-03  
  7.072107560584e-03  ,2.819266717864e+00  ,5.285865070925e+01  ,4.578844955469e-03  
  7.072129766295e-03  ,2.007091569945e+00  ,5.289183273241e+01  ,3.658174062114e-03  
  7.072174177716e-03  ,9.671721649687e-01  ,5.295807647640e+01  ,2.010366233730e-03  
  7.072217468569e-03  ,4.396662144595e-01  ,5.302242935861e+01  ,1.239405031778e-03  
  7.072265050957e-03  ,1.637057399863e-01  ,5.309295865364e+01  ,8.355452642744e-04  
  7.072331224034e-03  ,5.548527317398e-02  ,5.319072338134e+01  ,6.753649076571e-04  
  7.072415147373e-03  ,1.369966809553e-02  ,5.331422245644e+01  ,6.113316639117e-04  
  7.072508440563e-03  ,-3.605409602436e-04  ,5.345087767530e+01  ,5.873609987986e-04  
  7.072695026943e-03  ,-3.209810911349e-03  ,5.372219634624e+01  ,5.762706430576e-04  
  7.073064957211e-03  ,6.236537679249e-05  ,5.425224495030e+01  ,5.673817162184e-04  
  7.073717365811e-03  ,2.740725133165e-03  ,5.516138125302e+01  ,5.476555549463e-04  
  7.075022183010e-03  ,6.336742643560e-04  ,5.688018886707e+01  ,4.983765335161e-04  
  7.077631817410e-03  ,2.082215004775e-03  ,5.991288846873e+01  ,4.128522534816e-04  
  7.082000000020e-03  ,1.226643972700e-04  ,6.376305756721e+01  ,2.755331724205e-04  
  7.082001000018e-03  ,5.767795619678e-01  ,6.376389496664e+01  ,-1.014844995538e-03  
  7.082001885520e-03  ,1.094815861829e+00  ,6.376463984864e+01  ,-2.189283079217e-03  
  7.082003656523e-03  ,2.160697694586e+00  ,6.376612697196e+01  ,-4.508567907161e-03  
  7.082007198529e-03  ,4.414906854969e+00  ,6.376908423902e+01  ,-8.966065789477e-03  
  7.082010000020e-03  ,6.310595142766e+00  ,6.377140780388e+01  ,-1.232707995759e-02  
  7.082010708421e-03  ,6.402977249161e+00  ,6.377190007517e+01  ,-1.224741232340e-02  
  7.082012125149e-03  ,6.585379741985e+00  ,6.377287403054e+01  ,-1.198680211209e-02  
  7.082014958605e-03  ,6.939180215304e+00  ,6.377482167152e+01  ,-1.146952782229e-02  
  7.082020625517e-03  ,7.603706533421e+00  ,6.377872097992e+01  ,-1.050132217256e-02  
  7.082031959340e-03  ,8.774677186581e+00  ,6.378653242211e+01  ,-8.795309637239e-03  
  7.082044029280e-03  ,9.824219152684e+00  ,6.379486563058e+01  ,-7.266348211635e-03  
  7.082052572116e-03  ,9.976806555506e+00  ,3.630139424982e+01  ,9.865312216668e+00  
  7.082060711130e-03  ,1.001056305655e+01  ,4.483676105526e+00  ,9.866371351731e+00  
  7.082064621195e-03  ,1.027332170518e+01  ,2.833427006839e+00  ,9.866836309092e+00  
  7.082066734180e-03  ,1.042110125607e+01  ,2.763575131319e+00  ,9.867419972952e+00  
  7.082069404095e-03  ,1.060288089883e+01  ,2.789933964010e+00  ,9.868163902659e+00  
  7.082074666440e-03  ,1.094052676394e+01  ,2.807381492576e+00  ,9.869639972862e+00  
  7.082083595216e-03  ,1.145623166959e+01  ,2.806979546887e+00  ,9.872152040827e+00  
  7.082101452768e-03  ,1.230651834350e+01  ,2.805905117582e+00  ,9.877182522077e+00  
  7.082137167871e-03  ,1.348061976959e+01  ,2.807692141504e+00  ,9.887248272917e+00  
  7.082208598077e-03  ,1.454838772977e+01  ,2.812887846597e+00  ,9.907384242366e+00  
  7.082333171785e-03  ,1.498722099807e+01  ,2.822594997189e+00  ,9.942491925440e+00  
  7.082465398729e-03  ,1.500007358045e+01  ,2.833224055454e+00  ,9.979743021135e+00  
  7.082709873140e-03  ,1.500293956844e+01  ,2.852736687560e+00  ,1.004857976446e+01  
  7.083103740632e-03  ,1.500104507253e+01  ,2.884193821097e+00  ,1.015938074789e+01  
  7.083891475618e-03  ,1.500142577702e+01  ,2.947001530740e+00  ,1.038061150453e+01  
  7.085466945588e-03  ,1.499982453476e+01  ,3.072197602730e+00  ,1.082159259417e+01  
  7.088617885530e-03  ,1.500000355619e+01  ,3.320917002272e+00  ,1.169766823504e+01  
  7.092010000020e-03  ,1.499989166718e+01  ,3.586201150567e+00  ,1.263209050219e+01  
  7.092011000018e-03  ,1.442324992306e+01  ,3.586131535401e+00  ,1.263236463107e+01  
  7.092013000126e-03  ,1.321552367680e+01  ,3.585900277004e+00  ,1.263291285283e+01  
  7.092017000343e-03  ,1.067415068638e+01  ,3.585456264557e+00  ,1.263400958878e+01  
  7.092020000020e-03  ,8.649198135661e+00  ,3.585183672557e+00  ,1.263483194011e+01  
  7.092020800063e-03  ,8.545501112204e+00  ,3.585238182285e+00  ,1.263505122873e+01  
  7.092022400076e-03  ,8.340603941982e+00  ,3.585434004827e+00  ,1.263548990574e+01  
  7.092025600100e-03  ,7.945375287770e+00  ,3.585959914940e+00  ,1.263636722938e+01  
  7.092032000149e-03  ,7.209804679996e+00  ,3.587054406576e+00  ,1.263812164555e+01  
  7.092044800246e-03  ,5.933935847514e+00  ,3.590008353421e+00  ,1.264163033857e+01  
  7.092058726871e-03  ,4.792944721703e+00  ,3.599858920189e+00  ,1.264544678457e+01  
  7.092067645216e-03  ,4.356560317477e+00  ,1.397262069465e+01  ,1.264724983490e+01  
  7.092076016689e-03  ,4.341987704856e+00  ,4.350205137857e+01  ,1.264731134770e+01  
  7.092082296783e-03  ,4.134764622910e+00  ,5.282103350013e+01  ,3.952090496936e-02  
  7.092085568333e-03  ,3.936864918190e+00  ,5.285045584345e+01  ,-2.062212029667e-01  
  7.092088130588e-03  ,3.786711355694e+00  ,5.283328990805e+01  ,-1.738747972368e-03  
  7.092090905929e-03  ,3.630721932605e+00  ,5.283640656560e+01  ,7.843760698690e-03  
  7.092096456611e-03  ,3.337456618652e+00  ,5.284487889315e+01  ,5.601383959761e-03  
  7.092107557977e-03  ,2.819408626277e+00  ,5.286153906441e+01  ,4.579073039672e-03  
  7.092129760707e-03  ,2.007285938620e+00  ,5.289472108582e+01  ,3.658557471057e-03  
  7.092174166167e-03  ,9.673778465775e-01  ,5.296096487367e+01  ,2.010727202203e-03  
  7.092217457021e-03  ,4.397728706782e-01  ,5.302532644796e+01  ,1.239621253179e-03  
  7.092265033448e-03  ,1.637805010181e-01  ,5.309585644414e+01  ,8.357150537812e-04  
  7.092331206525e-03  ,5.551023146471e-02  ,5.319363440705e+01  ,6.754618285287e-04  
  7.092415117944e-03  ,1.370902781793e-02  ,5.331713269188e+01  ,6.114059252154e-04  
  7.092508411134e-03  ,-3.602441559371e-04  ,5.345380649294e+01  ,5.874216365271e-04  
  7.092694997514e-03  ,-3.212239523028e-03  ,5.372516206253e+01  ,5.763264811610e-04  
  7.093064832414e-03  ,6.137883112014e-05  ,5.425514746849e+01  ,5.674415528470e-04  
  7.093717145646e-03  ,2.741714896474e-03  ,5.516428184234e+01  ,5.477188561844e-04  
  7.095021772111e-03  ,6.333348463708e-04  ,5.688310178003e+01  ,4.984390705267e-04  
  7.097631025040e-03  ,2.082979247544e-03  ,5.991589220425e+01  ,4.129184187159e-04  
  7.102000000020e-03  ,1.222869278900e-04  ,6.376742070308e+01  ,2.755573465223e-04  
  7.102001000018e-03  ,5.767791917938e-01  ,6.376825819839e+01  ,-1.014822410961e-03  
  7.102001885613e-03  ,1.094870623259e+00  ,6.376900324332e+01  ,-2.189382113202e-03  
  7.102003656802e-03  ,2.160869072217e+00  ,6.377049069198e+01  ,-4.508904621034e-03  
  7.102007199180e-03  ,4.415336602894e+00  ,6.377344860613e+01  ,-8.966840237625e-03  
  7.102010000020e-03  ,6.311377152147e+00  ,6.377577179475e+01  ,-1.232589853531e-02  
  7.102010708496e-03  ,6.403760558659e+00  ,6.377626418787e+01  ,-1.224624416088e-02  
  7.102012125410e-03  ,6.586170118174e+00  ,6.377723840947e+01  ,-1.198562439172e-02  
  7.102014959238e-03  ,6.939982878491e+00  ,6.377918658279e+01  ,-1.146833190726e-02  
  7.102020626895e-03  ,7.604526875646e+00  ,6.378308695605e+01  ,-1.050010058005e-02  
  7.102031962208e-03  ,8.775509437252e+00  ,6.379090052787e+01  ,-8.794070779176e-03  
  7.102044033639e-03  ,9.825031170796e+00  ,6.379923594128e+01  ,-7.265138729228e-03  
  7.102052577965e-03  ,9.976847426085e+00  ,3.625924031726e+01  ,9.866240643948e+00  
  7.102060719959e-03  ,1.001067421971e+01  ,4.434220016144e+00  ,9.867277039452e+00  
  7.102064624808e-03  ,1.027388299230e+01  ,2.827508873554e+00  ,9.867767673459e+00  
  7.102066727735e-03  ,1.042101307214e+01  ,2.763547671908e+00  ,9.868349135542e+00  
  7.102069387965e-03  ,1.060216033743e+01  ,2.790718710306e+00  ,9.869090208291e+00  
  7.102074668191e-03  ,1.094109070308e+01  ,2.819360087885e+00  ,9.870542802005e+00  
  7.102083909891e-03  ,1.147355298273e+01  ,2.808961681272e+00  ,9.873184930034e+00  
  7.102102393292e-03  ,1.234600791217e+01  ,2.805906945077e+00  ,9.878395970284e+00  
  7.102139360092e-03  ,1.350827958207e+01  ,2.808375074047e+00  ,9.888817978408e+00  
  7.102213293694e-03  ,1.466412271020e+01  ,2.813453360017e+00  ,9.909659169240e+00  
  7.102322727822e-03  ,1.514886429573e+01  ,2.821988040676e+00  ,9.940500054238e+00  
  7.102484923981e-03  ,1.516437118675e+01  ,2.834955005528e+00  ,9.986193045415e+00  
  7.102707654617e-03  ,1.495794648816e+01  ,2.852848700511e+00  ,1.004890527037e+01  
  7.103128368042e-03  ,1.502206742092e+01  ,2.886419646027e+00  ,1.016725345174e+01  
  7.103536254547e-03  ,1.500831811762e+01  ,2.918962330857e+00  ,1.028185859337e+01  
  7.104352027558e-03  ,1.499409180749e+01  ,2.983928987174e+00  ,1.051067119889e+01  
  7.105983573578e-03  ,1.500512640577e+01  ,3.113394328695e+00  ,1.096671014736e+01  
  7.109246665619e-03  ,1.500050719321e+01  ,3.370547829058e+00  ,1.187248597946e+01  
  7.112010000020e-03  ,1.499961324666e+01  ,3.586458546630e+00  ,1.263299696890e+01  
  7.112011000018e-03  ,1.441997251222e+01  ,3.586389977009e+00  ,1.263327109665e+01  
  7.112013000126e-03  ,1.321234276918e+01  ,3.586159103486e+00  ,1.263381930487e+01  
  7.112017000343e-03  ,1.067115599961e+01  ,3.585715226336e+00  ,1.263491603735e+01  
  7.112020000020e-03  ,8.646336671573e+00  ,3.585442636967e+00  ,1.263573838091e+01  
  7.112020800063e-03  ,8.542673955781e+00  ,3.585497186715e+00  ,1.263595766737e+01  
  7.112022400076e-03  ,8.337844575084e+00  ,3.585693081101e+00  ,1.263639634032e+01  
  7.112025600100e-03  ,7.942746681729e+00  ,3.586219143646e+00  ,1.263727365579e+01  
  7.112032000149e-03  ,7.207419439878e+00  ,3.587314114964e+00  ,1.263902805524e+01  
  7.112044800246e-03  ,5.931972767119e+00  ,3.590270807521e+00  ,1.264253671483e+01  
  7.112058725381e-03  ,4.791470667749e+00  ,3.600153390476e+00  ,1.264635271301e+01  
  7.112067642236e-03  ,4.356469750279e+00  ,1.403801738456e+01  ,1.264815021874e+01  
  7.112076010728e-03  ,4.342052073480e+00  ,4.356761724550e+01  ,1.264820749771e+01  
  7.112082281882e-03  ,4.134399412326e+00  ,5.282847145425e+01  ,3.650266189189e-02  
  7.112085551569e-03  ,3.936615760714e+00  ,5.285749334713e+01  ,-2.053423176565e-01  
  7.112087121965e-03  ,3.843699274065e+00  ,5.283924136662e+01  ,-4.095928428800e-03  
  7.112090262758e-03  ,3.664998326957e+00  ,5.284242756543e+01  ,1.012446484701e-02  
  7.112096544342e-03  ,3.331719519370e+00  ,5.285221606993e+01  ,5.647836614391e-03  
  7.112109107511e-03  ,2.752388330085e+00  ,5.287107623471e+01  ,4.427002863009e-03  
  7.112134233849e-03  ,1.871896615549e+00  ,5.290861004528e+01  ,3.515119632092e-03  
  7.112173507350e-03  ,9.862639894927e-01  ,5.296719599677e+01  ,2.038411562708e-03  
  7.112218109505e-03  ,4.424640869807e-01  ,5.303350831966e+01  ,1.243440408644e-03  
  7.112263623612e-03  ,1.762293266663e-01  ,5.310098373848e+01  ,8.538776644687e-04  
  7.112332753079e-03  ,5.622219532785e-02  ,5.320313228591e+01  ,6.764095421021e-04  
  7.112413851159e-03  ,4.599592736422e-03  ,5.332249234051e+01  ,5.981462583666e-04  
  7.112510172265e-03  ,-7.865920490652e-03  ,5.346360197032e+01  ,5.763868140900e-04  
  7.112702814477e-03  ,-5.373814053444e-03  ,5.374369721456e+01  ,5.728542429469e-04  
  7.112993589776e-03  ,4.390928853942e-03  ,5.416110393515e+01  ,5.763782433881e-04  
  7.113575140374e-03  ,-2.498020875011e-05  ,5.497641201407e+01  ,5.487293016226e-04  
  7.114479223626e-03  ,1.130692317323e-03  ,5.619170361110e+01  ,5.180273396020e-04  
  7.115735594170e-03  ,1.472537987576e-03  ,5.777385280720e+01  ,4.749630450093e-04  
  7.118248335259e-03  ,1.203445895481e-03  ,6.056075691091e+01  ,3.922525679229e-04  
  7.122000000020e-03  ,8.931479055215e-04  ,6.377357699276e+01  ,2.767593600566e-04  
  7.122001000018e-03  ,5.775385608758e-01  ,6.377441397446e+01  ,-1.013219100198e-03  
  7.122001885147e-03  ,1.095344259871e+00  ,6.377515830660e+01  ,-2.188107015817e-03  
  7.122003655405e-03  ,2.160739850630e+00  ,6.377664412055e+01  ,-4.506251857967e-03  
  7.122007195921e-03  ,4.413877525711e+00  ,6.377959882343e+01  ,-8.962015683747e-03  
  7.122010000020e-03  ,6.312037687527e+00  ,6.378192338994e+01  ,-1.232511553115e-02  
  7.122010708123e-03  ,6.404366008610e+00  ,6.378241519398e+01  ,-1.224554102571e-02  
  7.122012124292e-03  ,6.587055453341e+00  ,6.378338830829e+01  ,-1.198547129602e-02  
  7.122014956631e-03  ,6.940957664252e+00  ,6.378533399271e+01  ,-1.146708111234e-02  
  7.122020621307e-03  ,7.604935527154e+00  ,6.378922966861e+01  ,-1.049962554056e-02  
  7.122031950660e-03  ,8.777741449414e+00  ,6.379703347220e+01  ,-8.791005497686e-03  
  7.122043364949e-03  ,9.774995467212e+00  ,6.380490931645e+01  ,-7.338206664624e-03  
  7.122051408596e-03  ,9.973571926504e+00  ,4.092101530578e+01  ,9.864521737707e+00  
  7.122059088655e-03  ,1.000046299035e+01  ,1.053153599810e+01  ,9.864700946506e+00  
  7.122063386894e-03  ,1.019005909790e+01  ,3.389530072103e+00  ,9.865616738343e+00  
  7.122067448206e-03  ,1.046816073265e+01  ,2.666752012944e+00  ,9.866692798812e+00  
  7.122069772415e-03  ,1.062570498182e+01  ,2.746964111190e+00  ,9.867342687680e+00  
  7.122072716884e-03  ,1.081728121093e+01  ,2.801752962205e+00  ,9.868169830730e+00  
  7.122078605823e-03  ,1.117516054791e+01  ,2.811317801201e+00  ,9.869826085392e+00  
  7.122090383701e-03  ,1.180230407521e+01  ,2.800950857272e+00  ,9.873146496918e+00  
  7.122102742724e-03  ,1.235336320281e+01  ,2.805124892002e+00  ,9.876631155971e+00  
  7.122127460770e-03  ,1.318900029536e+01  ,2.807351685750e+00  ,9.883600125503e+00  
  7.122176896862e-03  ,1.417667235970e+01  ,2.809799102460e+00  ,9.897536842779e+00  
  7.122275769047e-03  ,1.498256337884e+01  ,2.817763914355e+00  ,9.925404879351e+00  
  7.122404228978e-03  ,1.499982710087e+01  ,2.828056013387e+00  ,9.961601150178e+00  
  7.122631298832e-03  ,1.500011590536e+01  ,2.846188107356e+00  ,1.002555055511e+01  
  7.122871577076e-03  ,1.500010365999e+01  ,2.865398255668e+00  ,1.009317495294e+01  
  7.123352133564e-03  ,1.500016901478e+01  ,2.903756447911e+00  ,1.022828546333e+01  
  7.124313246540e-03  ,1.500020560614e+01  ,2.980315929204e+00  ,1.049795436339e+01  
  7.126235472493e-03  ,1.500027424030e+01  ,3.132809800194e+00  ,1.103509036417e+01  
  7.130079924397e-03  ,1.500028846690e+01  ,3.435314500871e+00  ,1.210061626509e+01  
  7.132010000020e-03  ,1.500070856941e+01  ,3.585942720956e+00  ,1.263118192145e+01  
  7.132011000018e-03  ,1.442405462056e+01  ,3.585873168917e+00  ,1.263145605289e+01  
  7.132013000126e-03  ,1.321630468128e+01  ,3.585641939230e+00  ,1.263200427983e+01  
  7.132017000343e-03  ,1.067488596864e+01  ,3.585197933034e+00  ,1.263310102610e+01  
  7.132020000020e-03  ,8.649900707643e+00  ,3.584925319815e+00  ,1.263392338518e+01  
  7.132020800063e-03  ,8.546195260658e+00  ,3.584979820505e+00  ,1.263414267589e+01  
  7.132022400076e-03  ,8.341281446098e+00  ,3.585175623090e+00  ,1.263458135701e+01  
  7.132025600100e-03  ,7.946020686168e+00  ,3.585701487306e+00  ,1.263545868889e+01  
  7.132032000149e-03  ,7.210390324686e+00  ,3.586795841632e+00  ,1.263721312164e+01  
  7.132044800246e-03  ,5.934417838435e+00  ,3.589749028431e+00  ,1.264072184780e+01  
  7.132058726871e-03  ,4.793333873943e+00  ,3.599590551686e+00  ,1.264453833074e+01  
  7.132067645216e-03  ,4.356581753339e+00  ,1.395345003309e+01  ,1.264634294009e+01  
  7.132076016689e-03  ,4.341966085857e+00  ,4.347978353950e+01  ,1.264640586441e+01  
  7.132082300508e-03  ,4.135081659286e+00  ,5.283225597336e+01  ,4.159863835919e-02  
  7.132085572431e-03  ,3.937152127146e+00  ,5.286194211095e+01  ,-2.067346765056e-01  
  7.132087140964e-03  ,3.844329181340e+00  ,5.284355397487e+01  ,-4.188002374331e-03  
  7.132090278031e-03  ,3.665806116923e+00  ,5.284672064674e+01  ,1.015652506550e-02  
  7.132096552165e-03  ,3.332832161103e+00  ,5.285649823661e+01  ,5.651021179328e-03  
  7.132109100433e-03  ,2.753934956282e+00  ,5.287533078230e+01  ,4.427322058082e-03  
  7.132134196969e-03  ,1.873825829466e+00  ,5.291280843585e+01  ,3.519454479883e-03  
  7.132173512192e-03  ,9.865793090883e-01  ,5.297143910942e+01  ,2.038679359355e-03  
  7.132218114348e-03  ,4.425541574368e-01  ,5.303773124564e+01  ,1.243372041203e-03  
  7.132263628455e-03  ,1.762380246682e-01  ,5.310518604593e+01  ,8.536919758031e-04  
  7.132332734080e-03  ,5.625169471654e-02  ,5.320726811173e+01  ,6.762555922180e-04  
  7.132413832160e-03  ,4.608284458475e-03  ,5.332659157074e+01  ,5.979626714804e-04  
  7.132510117503e-03  ,-7.862306172184e-03  ,5.346760549888e+01  ,5.761979469925e-04  
  7.132702688189e-03  ,-5.375996230148e-03  ,5.374751095272e+01  ,5.726611152240e-04  
  7.132993415805e-03  ,4.390522101598e-03  ,5.416472113216e+01  ,5.761916617228e-04  
  7.133574871035e-03  ,-2.543940824717e-05  ,5.497964304561e+01  ,5.485504347719e-04  
  7.134478382083e-03  ,1.130167054382e-03  ,5.619379860547e+01  ,5.178750733235e-04  
  7.135734561892e-03  ,1.472125833236e-03  ,5.777524038042e+01  ,4.748246922088e-04  
  7.138246921511e-03  ,1.203044363076e-03  ,6.056086795092e+01  ,3.921383964591e-04  
  7.142000000020e-03  ,8.926821352470e-04  ,6.377354558081e+01  ,2.766179162563e-04  
  7.142001000018e-03  ,5.775380947515e-01  ,6.377438215955e+01  ,-1.013361466579e-03  
  7.142001885147e-03  ,1.095343793508e+00  ,6.377512613470e+01  ,-2.188246990892e-03  
  7.142003655405e-03  ,2.160739383811e+00  ,6.377661123522e+01  ,-4.506392394771e-03  
  7.142007195921e-03  ,4.413877058012e+00  ,6.377956451115e+01  ,-8.962156317134e-03  
  7.142010000020e-03  ,6.312037219164e+00  ,6.378188794747e+01  ,-1.232525614929e-02  
  7.142010708123e-03  ,6.404365540076e+00  ,6.378237946566e+01  ,-1.224568188558e-02  
  7.142012124292e-03  ,6.587054984468e+00  ,6.378335200820e+01  ,-1.198561220001e-02  
  7.142014956631e-03  ,6.940957194722e+00  ,6.378529654910e+01  ,-1.146722198910e-02  
  7.142020621307e-03  ,7.604935056396e+00  ,6.378918993821e+01  ,-1.049976636968e-02  
  7.142031950660e-03  ,8.777740976504e+00  ,6.379698916916e+01  ,-8.791146288255e-03  
  7.142043364949e-03  ,9.774994992494e+00  ,6.380486040788e+01  ,-7.338347395393e-03  
  7.142051408596e-03  ,9.973560822388e+00  ,4.092009842904e+01  ,9.862521050652e+00  
  7.142059088655e-03  ,1.000045143809e+01  ,1.053052593594e+01  ,9.862700275268e+00  
  7.142063386894e-03  ,1.019005604133e+01  ,3.388956153975e+00  ,9.863616079832e+00  
  7.142067448206e-03  ,1.046815804162e+01  ,2.666190509651e+00  ,9.864692184269e+00  
  7.142069772415e-03  ,1.062570229525e+01  ,2.746393049618e+00  ,9.865342085485e+00  
  7.142072716884e-03  ,1.081727864975e+01  ,2.801182190194e+00  ,9.866169245799e+00  
  7.142078605823e-03  ,1.117515823441e+01  ,2.810749414183e+00  ,9.867825534077e+00  
  7.142090383701e-03  ,1.180230214324e+01  ,2.800382496048e+00  ,9.871146012562e+00  
  7.142102741234e-03  ,1.235330059733e+01  ,2.804556635164e+00  ,9.874630321704e+00  
  7.142127456300e-03  ,1.318887260899e+01  ,2.806783476727e+00  ,9.881598591436e+00  
  7.142176886432e-03  ,1.417652768802e+01  ,2.809230457789e+00  ,9.895533909347e+00  
  7.142275746695e-03  ,1.498247907234e+01  ,2.817194516142e+00  ,9.923399148420e+00  
  7.142404206626e-03  ,1.499982600081e+01  ,2.827486793974e+00  ,9.959596150581e+00  
  7.142631252639e-03  ,1.500011618735e+01  ,2.845617341727e+00  ,1.002354013510e+01  
  7.142871530883e-03  ,1.500010389417e+01  ,2.864827882622e+00  ,1.009116590388e+01  
  7.143352087371e-03  ,1.500016956893e+01  ,2.903186852441e+00  ,1.022627915337e+01  
  7.144313200347e-03  ,1.500020634157e+01  ,2.979747885808e+00  ,1.049595352043e+01  
  7.146235426299e-03  ,1.500022735342e+01  ,3.132245259520e+00  ,1.103310174256e+01  
  7.150079878203e-03  ,1.500028961754e+01  ,3.434756044354e+00  ,1.209864923002e+01  
  7.152010000020e-03  ,1.500071192237e+01  ,3.585390933005e+00  ,1.262923829925e+01  
  7.152011000018e-03  ,1.442405792339e+01  ,3.585321378235e+00  ,1.262951243621e+01  
  7.152013000126e-03  ,1.321630788684e+01  ,3.585090148818e+00  ,1.263006067420e+01  
  7.152017000343e-03  ,1.067488898639e+01  ,3.584646137435e+00  ,1.263115744253e+01  
  7.152020000020e-03  ,8.649903590907e+00  ,3.584373512719e+00  ,1.263197981816e+01  
  7.152020800063e-03  ,8.546198109232e+00  ,3.584428005850e+00  ,1.263219911329e+01  
  7.152022400076e-03  ,8.341284226132e+00  ,3.584623794320e+00  ,1.263263780323e+01  
  7.152025600100e-03  ,7.946023334038e+00  ,3.585149636414e+00  ,1.263351515277e+01  
  7.152032000149e-03  ,7.210392726329e+00  ,3.586243933146e+00  ,1.263526962084e+01  
  7.152044800246e-03  ,5.934419810773e+00  ,3.589196871426e+00  ,1.263877841767e+01  
  7.152058726871e-03  ,4.793335442741e+00  ,3.599036912119e+00  ,1.264259497764e+01  
  7.152067645216e-03  ,4.356569825741e+00  ,1.395209704161e+01  ,1.264439974379e+01  
  7.152076016689e-03  ,4.341954082680e+00  ,4.347832393692e+01  ,1.264446275307e+01  
  7.152082301253e-03  ,4.135041410344e+00  ,5.283194782872e+01  ,4.153262379236e-02  
  7.152085573176e-03  ,3.937113639557e+00  ,5.286162462532e+01  ,-2.067198851329e-01  
  7.152087141709e-03  ,3.844291625339e+00  ,5.284323727743e+01  ,-4.187372728181e-03  
  7.152090278776e-03  ,3.665770289691e+00  ,5.284640284940e+01  ,1.015612211894e-02  
  7.152096552910e-03  ,3.332799550198e+00  ,5.285617800725e+01  ,5.650815090257e-03  
  7.152109101178e-03  ,2.753907932281e+00  ,5.287500570862e+01  ,4.427146634898e-03  
  7.152134197714e-03  ,1.873807299508e+00  ,5.291247368437e+01  ,3.519269409338e-03  
  7.152173512937e-03  ,9.865693421285e-01  ,5.297108920415e+01  ,2.038518101831e-03  
  7.152218115093e-03  ,4.425494411831e-01  ,5.303736416682e+01  ,1.243218822943e-03  
  7.152263629200e-03  ,1.762358790156e-01  ,5.310480146073e+01  ,8.535428480261e-04  
  7.152332734825e-03  ,5.625070769567e-02  ,5.320685698129e+01  ,6.761086818828e-04  
  7.152413832905e-03  ,4.607796628200e-03  ,5.332614934272e+01  ,5.978171100178e-04  
  7.152510118248e-03  ,-7.862672705287e-03  ,5.346712642606e+01  ,5.760532937158e-04  
  7.152702688934e-03  ,-5.376384845878e-03  ,5.374695844141e+01  ,5.725178804005e-04  
  7.152993416550e-03  ,4.390042166323e-03  ,5.416405839040e+01  ,5.760504336342e-04  
  7.153574871780e-03  ,-2.587068804110e-05  ,5.497876221426e+01  ,5.484134651052e-04  
  7.154478382828e-03  ,1.129734433856e-03  ,5.619258542223e+01  ,5.177443441124e-04  
  7.155734562637e-03  ,1.471704377574e-03  ,5.777357897838e+01  ,4.747020437388e-04  
  7.158246922256e-03  ,1.202657055418e-03  ,6.055836179835e+01  ,3.920300235019e-04  
  7.162000000020e-03  ,8.923506962933e-04  ,6.376991789342e+01  ,2.765283731833e-04  
  7.162001000018e-03  ,5.775377633394e-01  ,6.377075419741e+01  ,-1.013449952104e-03  
  7.162001885054e-03  ,1.095288338149e+00  ,6.377149785127e+01  ,-2.188212179375e-03  
  7.162003655126e-03  ,2.160567331592e+00  ,6.377298231010e+01  ,-4.506120282898e-03  
  7.162007195269e-03  ,4.413446685076e+00  ,6.377593430612e+01  ,-8.961446447131e-03  
  7.162010000020e-03  ,6.311253548561e+00  ,6.377825761578e+01  ,-1.232650087874e-02  
  7.162010708049e-03  ,6.403580580915e+00  ,6.377874888571e+01  ,-1.224691577846e-02  
  7.162012124032e-03  ,6.586262924426e+00  ,6.377972090852e+01  ,-1.198685578560e-02  
  7.162014955997e-03  ,6.940152850622e+00  ,6.378166441009e+01  ,-1.146848378559e-02  
  7.162020619929e-03  ,7.604113204818e+00  ,6.378555572042e+01  ,-1.050105358130e-02  
  7.162031947791e-03  ,8.776906699646e+00  ,6.379335079428e+01  ,-8.792451498294e-03  
  7.162043360591e-03  ,9.774173009221e+00  ,6.380121785270e+01  ,-7.339634625509e-03  
  7.162051401257e-03  ,9.973512597395e+00  ,4.096969821947e+01  ,9.860782370955e+00  
  7.162059078335e-03  ,1.000036778463e+01  ,1.059004030346e+01  ,9.860958794114e+00  
  7.162063381791e-03  ,1.018933559906e+01  ,3.392379649573e+00  ,9.861874989288e+00  
  7.162067452788e-03  ,1.046808615417e+01  ,2.664879932276e+00  ,9.862951987552e+00  
  7.162069775507e-03  ,1.062553916992e+01  ,2.745635618423e+00  ,9.863601494865e+00  
  7.162072714388e-03  ,1.081677018642e+01  ,2.800666936789e+00  ,9.864427135373e+00  
  7.162078592151e-03  ,1.117404269172e+01  ,2.810289937161e+00  ,9.866080298384e+00  
  7.162090347677e-03  ,1.180186961412e+01  ,2.805322694821e+00  ,9.869391188037e+00  
  7.162110300332e-03  ,1.264251219302e+01  ,2.803992840158e+00  ,9.875016862450e+00  
  7.162150205642e-03  ,1.373795113099e+01  ,2.808133805514e+00  ,9.886267780795e+00  
  7.162230016261e-03  ,1.477658969742e+01  ,2.813167426225e+00  ,9.908766115242e+00  
  7.162347473174e-03  ,1.516399621793e+01  ,2.822367855175e+00  ,9.941867970208e+00  
  7.162521232635e-03  ,1.497757985227e+01  ,2.836352090302e+00  ,9.990817122510e+00  
  7.162678016692e-03  ,1.497074364168e+01  ,2.848884900932e+00  ,1.003496341375e+01  
  7.162991584807e-03  ,1.501201280845e+01  ,2.873916396964e+00  ,1.012319710618e+01  
  7.163618721038e-03  ,1.499225255258e+01  ,2.923957782234e+00  ,1.029942919412e+01  
  7.164720787078e-03  ,1.499815314711e+01  ,3.011661986506e+00  ,1.060836258646e+01  
  7.166924919158e-03  ,1.500018859578e+01  ,3.186254380883e+00  ,1.122334042684e+01  
  7.171333183318e-03  ,1.499992799121e+01  ,3.532182743583e+00  ,1.244181908908e+01  
  7.172010000020e-03  ,1.500001282466e+01  ,3.584911535458e+00  ,1.262754841656e+01  
  7.172011000018e-03  ,1.442323122010e+01  ,3.584842012691e+00  ,1.262782255871e+01  
  7.172013000126e-03  ,1.321550552485e+01  ,3.584610791702e+00  ,1.262837080410e+01  
  7.172017000343e-03  ,1.067413359688e+01  ,3.584166778986e+00  ,1.262946759340e+01  
  7.172020000020e-03  ,8.649181805809e+00  ,3.583894156267e+00  ,1.263028998341e+01  
  7.172020800063e-03  ,8.545484977865e+00  ,3.583948649412e+00  ,1.263050928236e+01  
  7.172022400076e-03  ,8.340588193967e+00  ,3.584144440094e+00  ,1.263094797999e+01  
  7.172025600100e-03  ,7.945360285024e+00  ,3.584670299461e+00  ,1.263182534488e+01  
  7.172032000149e-03  ,7.209791063736e+00  ,3.585764660208e+00  ,1.263357984361e+01  
  7.172044800246e-03  ,5.933924631240e+00  ,3.588718047106e+00  ,1.263708870176e+01  
  7.172058726871e-03  ,4.792935610189e+00  ,3.598565420350e+00  ,1.264090532774e+01  
  7.172067645216e-03  ,4.356531553124e+00  ,1.397006855328e+01  ,1.264270869748e+01  
  7.172076016689e-03  ,4.341960188427e+00  ,4.349935098070e+01  ,1.264277039556e+01  
  7.172082298273e-03  ,4.134803129397e+00  ,5.282787620277e+01  ,4.002295043278e-02  
  7.172085570196e-03  ,3.936881364764e+00  ,5.285735992664e+01  ,-2.063458315998e-01  
  7.172088132078e-03  ,3.786748344178e+00  ,5.284017869667e+01  ,-1.746353484561e-03  
  7.172090907419e-03  ,3.630757378620e+00  ,5.284329153556e+01  ,7.844818346819e-03  
  7.172096458102e-03  ,3.337489144485e+00  ,5.285175812273e+01  ,5.601089710671e-03  
  7.172107559467e-03  ,2.819435903157e+00  ,5.286840652354e+01  ,4.578555761574e-03  
  7.172129762197e-03  ,2.007304985653e+00  ,5.290156494029e+01  ,3.658241933043e-03  
  7.172174167657e-03  ,9.673863565259e-01  ,5.296776158480e+01  ,2.010291460924e-03  
  7.172217458511e-03  ,4.397760346570e-01  ,5.303207720360e+01  ,1.239178133981e-03  
  7.172265040899e-03  ,1.637531762735e-01  ,5.310256553107e+01  ,8.352282898452e-04  
  7.172331213975e-03  ,5.550031694670e-02  ,5.320027327273e+01  ,6.750017502254e-04  
  7.172415137315e-03  ,1.370220612017e-02  ,5.332370006451e+01  ,6.109515632402e-04  
  7.172508430505e-03  ,-3.622092318927e-04  ,5.346027491997e+01  ,5.869761798237e-04  
  7.172695016885e-03  ,-3.212327160623e-03  ,5.373143284229e+01  ,5.758873794739e-04  
  7.173064947152e-03  ,6.083860433069e-05  ,5.426116270497e+01  ,5.670053209865e-04  
  7.173717355752e-03  ,2.740018566803e-03  ,5.516973696707e+01  ,5.472894289631e-04  
  7.175022172952e-03  ,6.323770493833e-04  ,5.688742272649e+01  ,4.980266746839e-04  
  7.177631807351e-03  ,2.081443006954e-03  ,5.991790123063e+01  ,4.125330391931e-04  
  7.182000000020e-03  ,1.214784468967e-04  ,6.376449307835e+01  ,2.752537532395e-04  
  7.182001000018e-03  ,5.767783794172e-01  ,6.376532968139e+01  ,-1.015127168775e-03  
  7.182001885613e-03  ,1.094869807443e+00  ,6.376607393612e+01  ,-2.189687386207e-03  
  7.182003656802e-03  ,2.160868249649e+00  ,6.376755980430e+01  ,-4.509209790959e-03  
  7.182007199180e-03  ,4.415335767340e+00  ,6.377051455750e+01  ,-8.967145455301e-03  
  7.182010000020e-03  ,6.311376306808e+00  ,6.377283524689e+01  ,-1.232620379979e-02  
  7.182010708496e-03  ,6.403759710906e+00  ,6.377332700686e+01  ,-1.224655107954e-02  
  7.182012125410e-03  ,6.586169265647e+00  ,6.377429996180e+01  ,-1.198593160023e-02  
  7.182014959238e-03  ,6.939982016706e+00  ,6.377624560187e+01  ,-1.146863900278e-02  
  7.182020626895e-03  ,7.604525996483e+00  ,6.378014090932e+01  ,-1.050040758612e-02  
  7.182031962208e-03  ,8.775508527513e+00  ,6.378794435218e+01  ,-8.794377693688e-03  
  7.182044033639e-03  ,9.825030233727e+00  ,6.379626898347e+01  ,-7.265445477279e-03  
  7.182052577965e-03  ,9.976822501932e+00  ,3.625429035235e+01  ,9.861514783884e+00  
  7.182060719959e-03  ,1.001065434228e+01  ,4.429496979910e+00  ,9.862551275191e+00  
  7.182064624063e-03  ,1.027386934017e+01  ,2.825798335739e+00  ,9.863041960740e+00  
  7.182066726245e-03  ,1.042095213562e+01  ,2.762185593129e+00  ,9.863623280303e+00  
  7.182069385729e-03  ,1.060205270580e+01  ,2.789401314530e+00  ,9.864364175051e+00  
  7.182074665956e-03  ,1.094099091540e+01  ,2.817998639000e+00  ,9.865816760194e+00  
  7.182083915107e-03  ,1.147386820765e+01  ,2.807614921443e+00  ,9.868461191517e+00  
  7.182102413408e-03  ,1.234144073819e+01  ,2.802231124554e+00  ,9.873676673774e+00  
  7.182139410011e-03  ,1.350648295368e+01  ,2.809242447877e+00  ,9.884107709107e+00  
  7.182213403217e-03  ,1.466444605776e+01  ,2.812192956423e+00  ,9.904966627662e+00  
  7.182325507633e-03  ,1.515722146227e+01  ,2.820857315676e+00  ,9.936561428830e+00  
  7.182485820286e-03  ,1.498475037989e+01  ,2.833774696013e+00  ,9.981725806342e+00  
  7.182631374828e-03  ,1.497369316149e+01  ,2.845406185776e+00  ,1.002271457095e+01  
  7.182922483913e-03  ,1.500998083013e+01  ,2.868649213530e+00  ,1.010464133432e+01  
  7.183504702083e-03  ,1.499379546048e+01  ,2.915117255299e+00  ,1.026829202389e+01  
  7.184527231686e-03  ,1.499840107871e+01  ,2.996526935646e+00  ,1.055505214680e+01  
  7.186572290890e-03  ,1.500015834501e+01  ,3.158643027554e+00  ,1.112608368550e+01  
  7.190662409298e-03  ,1.500057727362e+01  ,3.480068218049e+00  ,1.225825481717e+01  
  7.192010000020e-03  ,1.499959576987e+01  ,3.585154261249e+00  ,1.262840279990e+01  
  7.192011000018e-03  ,1.442162489354e+01  ,3.585085153759e+00  ,1.262867693897e+01  
  7.192013000126e-03  ,1.321394649614e+01  ,3.584854084298e+00  ,1.262922518318e+01  
  7.192017000343e-03  ,1.067266583879e+01  ,3.584410128890e+00  ,1.263032195971e+01  
  7.192020000020e-03  ,8.647779342978e+00  ,3.584137511579e+00  ,1.263114434241e+01  
  7.192020800063e-03  ,8.544099329953e+00  ,3.584192025555e+00  ,1.263136363937e+01  
  7.192022400076e-03  ,8.339235771151e+00  ,3.584387854111e+00  ,1.263180233315e+01  
  7.192025600100e-03  ,7.944071950899e+00  ,3.584913792835e+00  ,1.263267969032e+01  
  7.192032000149e-03  ,7.208622008501e+00  ,3.586008400470e+00  ,1.263443417339e+01  
  7.192044800246e-03  ,5.932962486038e+00  ,3.588963183563e+00  ,1.263794300025e+01  
  7.192058725381e-03  ,4.792269735473e+00  ,3.598825055843e+00  ,1.264175918239e+01  
  7.192067642236e-03  ,4.356496758356e+00  ,1.399685052805e+01  ,1.264356008653e+01  
  7.192076012218e-03  ,4.341990305466e+00  ,4.352535304272e+01  ,1.264362007144e+01  
  7.192082288587e-03  ,4.134678755069e+00  ,5.282581115000e+01  ,3.871392116641e-02  
  7.192085559392e-03  ,3.936823857424e+00  ,5.285512229365e+01  ,-2.059731014298e-01  
  7.192088121647e-03  ,3.786672060715e+00  ,5.283797813803e+01  ,-1.726113321649e-03  
  7.192090896988e-03  ,3.630684160342e+00  ,5.284109401231e+01  ,7.841126008931e-03  
  7.192096447671e-03  ,3.337421740312e+00  ,5.284956145274e+01  ,5.600776885748e-03  
  7.192107549036e-03  ,2.819379006517e+00  ,5.286621220860e+01  ,4.578876318418e-03  
  7.192129751766e-03  ,2.007264564949e+00  ,5.289937552461e+01  ,3.657975565847e-03  
  7.192174157226e-03  ,9.673670303679e-01  ,5.296558181340e+01  ,2.010358527624e-03  
  7.192217448080e-03  ,4.397674112887e-01  ,5.302990686546e+01  ,1.239262075110e-03  
  7.192265030468e-03  ,1.637501520917e-01  ,5.310040556189e+01  ,8.353200525622e-04  
  7.192331203544e-03  ,5.549948860012e-02  ,5.319812772374e+01  ,6.750964492471e-04  
  7.192415126884e-03  ,1.370222549521e-02  ,5.332157280251e+01  ,6.110471716795e-04  
  7.192508420074e-03  ,-3.619047536885e-04  ,5.345816798440e+01  ,5.870718415600e-04  
  7.192695006454e-03  ,-3.211965284910e-03  ,5.372936655072e+01  ,5.759824093464e-04  
  7.193064889038e-03  ,6.107527747236e-05  ,5.425910933440e+01  ,5.671005335530e-04  
  7.193717297638e-03  ,2.740302850671e-03  ,5.516782782766e+01  ,5.473823225699e-04  
  7.195022114837e-03  ,6.326248785865e-04  ,5.688580088015e+01  ,4.981150767982e-04  
  7.197631749237e-03  ,2.081714939498e-03  ,5.991684587029e+01  ,4.126136481823e-04  
  7.202000000020e-03  ,1.217003327987e-04  ,6.376438638562e+01  ,2.753219082579e-04  
  7.202001000018e-03  ,5.767786015060e-01  ,6.376522318453e+01  ,-1.015058446757e-03  
  7.202001885613e-03  ,1.094870029706e+00  ,6.376596761277e+01  ,-2.189618814889e-03  
  7.202003656802e-03  ,2.160868472251e+00  ,6.376745382795e+01  ,-4.509141186532e-03  
  7.202007199180e-03  ,4.415335990596e+00  ,6.377040927516e+01  ,-8.967076847653e-03  
  7.202010000020e-03  ,6.311376530557e+00  ,6.377273051328e+01  ,-1.232613519554e-02  
  7.202010708496e-03  ,6.403759934779e+00  ,6.377322241228e+01  ,-1.224648240848e-02  
  7.202012125410e-03  ,6.586169489767e+00  ,6.377419564530e+01  ,-1.198586291957e-02  
  7.202014959238e-03  ,6.939982241305e+00  ,6.377614184151e+01  ,-1.146857032837e-02  
  7.202020626895e-03  ,7.604526221979e+00  ,6.378003826113e+01  ,-1.050033893060e-02  
  7.202031962208e-03  ,8.775508754582e+00  ,6.378784392791e+01  ,-8.794309054940e-03  
  7.202044033639e-03  ,9.825030462193e+00  ,6.379617092675e+01  ,-7.265376873663e-03  
  7.202052577965e-03  ,9.976827920601e+00  ,3.625461608436e+01  ,9.862474649462e+00  
  7.202060719959e-03  ,1.001065985164e+01  ,4.429859065788e+00  ,9.863511153024e+00  
  7.202064624063e-03  ,1.027387290814e+01  ,2.826078419485e+00  ,9.864001822579e+00  
  7.202066726245e-03  ,1.042095552319e+01  ,2.762459630408e+00  ,9.864583135567e+00  
  7.202069385729e-03  ,1.060205594823e+01  ,2.789674598310e+00  ,9.865324023322e+00  
  7.202074665956e-03  ,1.094099390371e+01  ,2.818271649568e+00  ,9.866776593668e+00  
  7.202083915107e-03  ,1.147387079827e+01  ,2.807887514898e+00  ,9.869421000151e+00  
  7.202102413408e-03  ,1.234144269132e+01  ,2.802503792753e+00  ,9.874636431974e+00  
  7.202139410011e-03  ,1.350648404845e+01  ,2.809514860526e+00  ,9.885067366478e+00  
  7.202213403217e-03  ,1.466444630287e+01  ,2.812465348274e+00  ,9.905926083437e+00  
  7.202325507633e-03  ,1.515722134604e+01  ,2.821129618218e+00  ,9.937520579279e+00  
  7.202485820286e-03  ,1.498475039064e+01  ,2.834046876414e+00  ,9.982684520354e+00  
  7.202631374828e-03  ,1.497369318036e+01  ,2.845678254578e+00  ,1.002367288887e+01  
  7.202922483913e-03  ,1.500998082228e+01  ,2.868921056903e+00  ,1.010559886055e+01  
  7.203504702083e-03  ,1.499379546456e+01  ,2.915388649964e+00  ,1.026924796869e+01  
  7.204527231686e-03  ,1.499840107939e+01  ,2.996797543482e+00  ,1.055600532055e+01  
  7.206572290890e-03  ,1.500015834440e+01  ,3.158912068704e+00  ,1.112703134117e+01  
  7.210662409298e-03  ,1.500057727272e+01  ,3.480334153052e+00  ,1.225919153226e+01  
  7.212010000020e-03  ,1.499959576966e+01  ,3.585419180777e+00  ,1.262933593811e+01  
  7.212011000018e-03  ,1.442162489437e+01  ,3.585350070986e+00  ,1.262961007453e+01  
  7.212013000126e-03  ,1.321394649694e+01  ,3.585118999980e+00  ,1.263015831343e+01  
  7.212017000343e-03  ,1.067266583961e+01  ,3.584675046580e+00  ,1.263125507937e+01  
  7.212020000020e-03  ,8.647779343878e+00  ,3.584402434970e+00  ,1.263207745413e+01  
  7.212020800063e-03  ,8.544099330901e+00  ,3.584456952524e+00  ,1.263229674897e+01  
  7.212022400076e-03  ,8.339235772189e+00  ,3.584652787801e+00  ,1.263273543851e+01  
  7.212025600100e-03  ,7.944071952092e+00  ,3.585178737096e+00  ,1.263361278720e+01  
  7.212032000149e-03  ,7.208622010102e+00  ,3.586273372187e+00  ,1.263536725332e+01  
  7.212044800246e-03  ,5.932962489395e+00  ,3.589228273490e+00  ,1.263887604625e+01  
  7.212058725381e-03  ,4.792269749587e+00  ,3.599090843089e+00  ,1.264269219141e+01  
  7.212067642236e-03  ,4.356502539330e+00  ,1.399746356530e+01  ,1.264449302337e+01  
  7.212076012218e-03  ,4.341996033152e+00  ,4.352601092571e+01  ,1.264455296895e+01  
  7.212082288587e-03  ,4.134673770046e+00  ,5.282575235431e+01  ,3.865969799441e-02  
  7.212085559392e-03  ,3.936818942831e+00  ,5.285505699734e+01  ,-2.059583750829e-01  
  7.212088121647e-03  ,3.786667360363e+00  ,5.283791475993e+01  ,-1.725226795455e-03  
  7.212090896988e-03  ,3.630679661611e+00  ,5.284103125439e+01  ,7.841071015971e-03  
  7.212096447671e-03  ,3.337417620368e+00  ,5.284949973338e+01  ,5.600832430873e-03  
  7.212107549036e-03  ,2.819375561738e+00  ,5.286615259335e+01  ,4.578956932172e-03  
  7.212129751766e-03  ,2.007262178721e+00  ,5.289932012371e+01  ,3.658033799128e-03  
  7.212174157226e-03  ,9.673659994233e-01  ,5.296553482954e+01  ,2.010430387874e-03  
  7.212217448080e-03  ,4.397670678728e-01  ,5.302986808138e+01  ,1.239334832045e-03  
  7.212265030468e-03  ,1.637501682425e-01  ,5.310037578214e+01  ,8.353931491003e-04  
  7.212331203544e-03  ,5.549964554138e-02  ,5.319811045174e+01  ,6.751695035942e-04  
  7.212415126884e-03  ,1.370243651566e-02  ,5.332157136862e+01  ,6.111199923473e-04  
  7.212508420074e-03  ,-3.616758532944e-04  ,5.345818412417e+01  ,5.871443429984e-04  
  7.212695006454e-03  ,-3.211733585175e-03  ,5.372941773334e+01  ,5.760542306107e-04  
  7.213064889038e-03  ,6.130085860571e-05  ,5.425922956553e+01  ,5.671710124132e-04  
  7.213717297638e-03  ,2.740521556736e-03  ,5.516806845471e+01  ,5.474505432313e-04  
  7.215022114837e-03  ,6.328391432691e-04  ,5.688627665803e+01  ,4.981790210854e-04  
  7.217631749237e-03  ,2.081911394012e-03  ,5.991776726415e+01  ,4.126699797552e-04  
  7.222000000020e-03  ,1.218702051360e-04  ,6.376597067725e+01  ,2.753675751000e-04  
  7.222001000018e-03  ,5.767787713527e-01  ,6.376680761517e+01  ,-1.015013130967e-03  
  7.222001885613e-03  ,1.094870199529e+00  ,6.376755216648e+01  ,-2.189573611179e-03  
  7.222003656802e-03  ,2.160868642027e+00  ,6.376903862777e+01  ,-4.509095947988e-03  
  7.222007199180e-03  ,4.415336160281e+00  ,6.377199456719e+01  ,-8.967031574487e-03  
  7.222010000020e-03  ,6.311376699571e+00  ,6.377431619447e+01  ,-1.232608990246e-02  
  7.222010708496e-03  ,6.403760103772e+00  ,6.377480819204e+01  ,-1.224643641160e-02  
  7.222012125410e-03  ,6.586169658719e+00  ,6.377578162233e+01  ,-1.198581679898e-02  
  7.222014959238e-03  ,6.939982410178e+00  ,6.377772821310e+01  ,-1.146852425898e-02  
  7.222020626895e-03  ,7.604526390701e+00  ,6.378162542164e+01  ,-1.050029288691e-02  
  7.222031962208e-03  ,8.775508923026e+00  ,6.378943266563e+01  ,-8.794263049021e-03  
  7.222044033639e-03  ,9.825030630372e+00  ,6.379776134304e+01  ,-7.265330912545e-03  
  7.222052577965e-03  ,9.976831885218e+00  ,3.625652996312e+01  ,9.863327576867e+00  
  7.222060719959e-03  ,1.001066122786e+01  ,4.431608031884e+00  ,9.864364013877e+00  
  7.222064624063e-03  ,1.027384914756e+01  ,2.826519981471e+00  ,9.864854606548e+00  
  7.222066726617e-03  ,1.042095620505e+01  ,2.762711237158e+00  ,9.865435999374e+00  
  7.222069386475e-03  ,1.060208112977e+01  ,2.789901163399e+00  ,9.866176987087e+00  
  7.222074665956e-03  ,1.094084245258e+01  ,2.807019777262e+00  ,9.867657912705e+00  
  7.222083761625e-03  ,1.146553789742e+01  ,2.806409347989e+00  ,9.870216982486e+00  
  7.222101952962e-03  ,1.232769504800e+01  ,2.805349138444e+00  ,9.875341594225e+00  
  7.222138335637e-03  ,1.348348834973e+01  ,2.807204398011e+00  ,9.885599222047e+00  
  7.222211100988e-03  ,1.456207748589e+01  ,2.812537244009e+00  ,9.906111870632e+00  
  7.222324230604e-03  ,1.509510549115e+01  ,2.821301676793e+00  ,9.937995215189e+00  
  7.222467377118e-03  ,1.514078054015e+01  ,2.832730874150e+00  ,9.978323761201e+00  
  7.222724344663e-03  ,1.505127784601e+01  ,2.853310984332e+00  ,1.005067795978e+01  
  7.223086979322e-03  ,1.497615049590e+01  ,2.882306772095e+00  ,1.015269504671e+01  
  7.223812248639e-03  ,1.501660507608e+01  ,2.940125177605e+00  ,1.035641437252e+01  
  7.225262787275e-03  ,1.500349945922e+01  ,3.055447195831e+00  ,1.076259776615e+01  
  7.227815201215e-03  ,1.499694856219e+01  ,3.257215159038e+00  ,1.147328345173e+01  
  7.232010000020e-03  ,1.500294125386e+01  ,3.585648410394e+00  ,1.263014890210e+01  
  7.232011000018e-03  ,1.442625394646e+01  ,3.585578830873e+00  ,1.263042303642e+01  
  7.232013000126e-03  ,1.321843925084e+01  ,3.585347608309e+00  ,1.263097126971e+01  
  7.232017000343e-03  ,1.067689557431e+01  ,3.584903598979e+00  ,1.263206802739e+01  
  7.232020000020e-03  ,8.651820912885e+00  ,3.584630946272e+00  ,1.263289039529e+01  
  7.232020800063e-03  ,8.548092443555e+00  ,3.584685425845e+00  ,1.263310968842e+01  
  7.232022400076e-03  ,8.343133138373e+00  ,3.584881182850e+00  ,1.263354837419e+01  
  7.232025600100e-03  ,7.947784630360e+00  ,3.585406938600e+00  ,1.263442571541e+01  
  7.232032000149e-03  ,7.211990956288e+00  ,3.586500960386e+00  ,1.263618016710e+01  
  7.232044800246e-03  ,5.935735176052e+00  ,3.589452256261e+00  ,1.263968893114e+01  
  7.232058726871e-03  ,4.794397491502e+00  ,3.599270219844e+00  ,1.264350545755e+01  
  7.232067645216e-03  ,4.356649416178e+00  ,1.390201395927e+01  ,1.264531420984e+01  
  7.232076018179e-03  ,4.341915005472e+00  ,4.342531310538e+01  ,1.264538057245e+01  
  7.232082308704e-03  ,4.135434703006e+00  ,5.282628397807e+01  ,4.419932101930e-02  
  7.232085581744e-03  ,3.937431931108e+00  ,5.285630956335e+01  ,-2.074058482027e-01  
  7.232088141018e-03  ,3.787426288681e+00  ,5.283902678735e+01  ,-1.833362286915e-03  
  7.232090914870e-03  ,3.631489634438e+00  ,5.284212887378e+01  ,7.856852970553e-03  
  7.232096462572e-03  ,3.338313921309e+00  ,5.285059506792e+01  ,5.603792118415e-03  
  7.232107557977e-03  ,2.819275693302e+00  ,5.286719867438e+01  ,4.702015217411e-03  
  7.232129748786e-03  ,2.007564861273e+00  ,5.290037667264e+01  ,3.536361713815e-03  
  7.232174130404e-03  ,9.679597304612e-01  ,5.296655001877e+01  ,2.010812985002e-03  
  7.232216717923e-03  ,4.469884654968e-01  ,5.302984571605e+01  ,1.249995607594e-03  
  7.232264437402e-03  ,2.103774119608e-01  ,5.310056075877e+01  ,9.034189930025e-04  
  7.232334460938e-03  ,6.566740145916e-02  ,5.320398943422e+01  ,6.899070655744e-04  
  7.232397892201e-03  ,2.415664886934e-02  ,5.329734833479e+01  ,6.270558275855e-04  
  7.232524754727e-03  ,-3.262758215966e-03  ,5.348314161732e+01  ,5.823560713731e-04  
  7.232683779919e-03  ,-5.041632881656e-03  ,5.371430261419e+01  ,5.738542281505e-04  
  7.233001830304e-03  ,-3.906684793017e-04  ,5.417082341285e+01  ,5.688845530007e-04  
  7.233549430096e-03  ,2.951070202498e-03  ,5.493862142236e+01  ,5.538554886386e-04  
  7.234644629681e-03  ,5.499672606654e-04  ,5.640434027481e+01  ,5.112979424327e-04  
  7.236835028851e-03  ,2.248499631279e-03  ,5.905172563621e+01  ,4.391181669776e-04  
  7.241215827191e-03  ,8.419365461152e-05  ,6.319075580821e+01  ,2.980399472889e-04  
  7.242000000020e-03  ,1.479774697601e-03  ,6.376802603005e+01  ,2.806308771841e-04  
  7.242001000018e-03  ,5.781164965647e-01  ,6.376886307998e+01  ,-1.010887249944e-03  
  7.242001884588e-03  ,1.095583774824e+00  ,6.376960707803e+01  ,-2.187128734619e-03  
  7.242003653729e-03  ,2.160264707599e+00  ,6.377109175122e+01  ,-4.503379582841e-03  
  7.242007192009e-03  ,4.411823506757e+00  ,6.377404428551e+01  ,-8.956472974220e-03  
  7.242010000020e-03  ,6.311755630763e+00  ,6.377637195298e+01  ,-1.232556064377e-02  
  7.242010707676e-03  ,6.404029276969e+00  ,6.377686338513e+01  ,-1.224605540111e-02  
  7.242012122914e-03  ,6.586607003680e+00  ,6.377783573397e+01  ,-1.198614429714e-02  
  7.242014953389e-03  ,6.940300150108e+00  ,6.377977987776e+01  ,-1.146806100414e-02  
  7.242020614341e-03  ,7.603913455813e+00  ,6.378367247467e+01  ,-1.050113814716e-02  
  7.242031936243e-03  ,8.776167898929e+00  ,6.379147010826e+01  ,-8.793321079997e-03  
  7.242043341592e-03  ,9.772946868674e+00  ,6.379933873195e+01  ,-7.341213293388e-03  
  7.242051376298e-03  ,9.973465216430e+00  ,4.105629901910e+01  ,9.863500503283e+00  
  7.242059047416e-03  ,1.000025261857e+01  ,1.069688295898e+01  ,9.863671784235e+00  
  7.242063359812e-03  ,1.018807132493e+01  ,3.399977931037e+00  ,9.864588711033e+00  
  7.242067447200e-03  ,1.046791936545e+01  ,2.664226318135e+00  ,9.865667061013e+00  
  7.242069766566e-03  ,1.062516484141e+01  ,2.745958697173e+00  ,9.866315663885e+00  
  7.242072695762e-03  ,1.081580110216e+01  ,2.801411237682e+00  ,9.867138589335e+00  
  7.242078554153e-03  ,1.117202808255e+01  ,2.811122863405e+00  ,9.868786247793e+00  
  7.242090270936e-03  ,1.179827317992e+01  ,2.806106719004e+00  ,9.872086121844e+00  
  7.242110086500e-03  ,1.263483374915e+01  ,2.804743844554e+00  ,9.877672990467e+00  
  7.242149717629e-03  ,1.372803463165e+01  ,2.808881268990e+00  ,9.888846309805e+00  
  7.242228979885e-03  ,1.476914058196e+01  ,2.813859273248e+00  ,9.911189495801e+00  
  7.242346412956e-03  ,1.516349622919e+01  ,2.823053851578e+00  ,9.944283822320e+00  
  7.242519218743e-03  ,1.497808986587e+01  ,2.836961215037e+00  ,9.992963199444e+00  
  7.242675740540e-03  ,1.497090205432e+01  ,2.849472877452e+00  ,1.003703470815e+01  
  7.242988784134e-03  ,1.501192783465e+01  ,2.874462072000e+00  ,1.012511903318e+01  
  7.243614871323e-03  ,1.499231370935e+01  ,2.924418808016e+00  ,1.030105317827e+01  
  7.244712931931e-03  ,1.499816461176e+01  ,3.011803325863e+00  ,1.060886045018e+01  
  7.246909053147e-03  ,1.500018771372e+01  ,3.185762259863e+00  ,1.122160700622e+01  
  7.251301295578e-03  ,1.499992885374e+01  ,3.530447243300e+00  ,1.243570605877e+01  
  7.252010000020e-03  ,1.500001327119e+01  ,3.585661322245e+00  ,1.263018942431e+01  
  7.252011000018e-03  ,1.442323013880e+01  ,3.585591793127e+00  ,1.263046355898e+01  
  7.252013000126e-03  ,1.321550447538e+01  ,3.585360567839e+00  ,1.263101178926e+01  
  7.252017000343e-03  ,1.067413260903e+01  ,3.584916560795e+00  ,1.263210854867e+01  
  7.252020000020e-03  ,8.649180862236e+00  ,3.584643954256e+00  ,1.263293091618e+01  
  7.252020800063e-03  ,8.545484045768e+00  ,3.584698457524e+00  ,1.263315020913e+01  
  7.252022400076e-03  ,8.340587284539e+00  ,3.584894267234e+00  ,1.263358889477e+01  
  7.252025600100e-03  ,7.945359419271e+00  ,3.585420156549e+00  ,1.263446623568e+01  
  7.252032000149e-03  ,7.209790279603e+00  ,3.586514595097e+00  ,1.263622068640e+01  
  7.252044800246e-03  ,5.933923991657e+00  ,3.589468317122e+00  ,1.263972944853e+01  
  7.252058726871e-03  ,4.792935126001e+00  ,3.599317671645e+00  ,1.264354596985e+01  
  7.252067645216e-03  ,4.356547876694e+00  ,1.397182850218e+01  ,1.264534913250e+01  
  7.252076016689e-03  ,4.341976426599e+00  ,4.350124248794e+01  ,1.264541071291e+01  
  7.252082297528e-03  ,4.134810883197e+00  ,5.282639576548e+01  ,3.989991721872e-02  
  7.252085569078e-03  ,3.936910252453e+00  ,5.285586349993e+01  ,-2.063010253805e-01  
  7.252087138357e-03  ,3.844050338287e+00  ,5.283751754262e+01  ,-4.158464723721e-03  
  7.252090276914e-03  ,3.665457367130e+00  ,5.284069023795e+01  ,1.014615908555e-02  
  7.252096554028e-03  ,3.332363789300e+00  ,5.285047084856e+01  ,5.649768902715e-03  
  7.252109108256e-03  ,2.751701913057e+00  ,5.286926258727e+01  ,4.594540245717e-03  
  7.252134216713e-03  ,1.862090458449e+00  ,5.290676870469e+01  ,3.314685310126e-03  
  7.252175367759e-03  ,9.416262478665e-01  ,5.296809442831e+01  ,1.972378144378e-03  
  7.252221358703e-03  ,4.555520903420e-01  ,5.303642887753e+01  ,1.262293626983e-03  
  7.252269453691e-03  ,1.918522673451e-01  ,5.310768659085e+01  ,8.762351497832e-04  
  7.252324361490e-03  ,8.008918845445e-02  ,5.318879949070e+01  ,7.113137641058e-04  
  7.252413053201e-03  ,6.893400690524e-03  ,5.331932280989e+01  ,6.013304327057e-04  
  7.252507860349e-03  ,2.597047633389e-03  ,5.345817571404e+01  ,5.915372340788e-04  
  7.252697474645e-03  ,7.907640417423e-04  ,5.373382659419e+01  ,5.818500105683e-04  
  7.252919084715e-03  ,1.963037617824e-03  ,5.405251221028e+01  ,5.754019758642e-04  
  7.253362304853e-03  ,1.918206350488e-03  ,5.467856615197e+01  ,5.590769687422e-04  
  7.254248745130e-03  ,1.422136392838e-03  ,5.588506690169e+01  ,5.266089069606e-04  
  7.256021625685e-03  ,1.581940388325e-03  ,5.811295834111e+01  ,4.653471495453e-04  
  7.259567386793e-03  ,9.472327089928e-04  ,6.181468646611e+01  ,3.495823895127e-04  
  7.262000000020e-03  ,1.006471641538e-03  ,6.376717158379e+01  ,2.787456658708e-04  
  7.262001000018e-03  ,5.776502289334e-01  ,6.376800819132e+01  ,-1.012292911229e-03  
  7.262001884961e-03  ,1.095344190388e+00  ,6.376875206982e+01  ,-2.188202563717e-03  
  7.262003654846e-03  ,2.160503655928e+00  ,6.377023668770e+01  ,-4.505577747177e-03  
  7.262007194617e-03  ,4.413119057302e+00  ,6.377318906151e+01  ,-8.960422111822e-03  
  7.262010000020e-03  ,6.312134278941e+00  ,6.377551335600e+01  ,-1.232513279272e-02  
  7.262010707974e-03  ,6.404442344727e+00  ,6.377600471538e+01  ,-1.224558838585e-02  
  7.262012123957e-03  ,6.585186070853e+00  ,6.377697688324e+01  ,-1.198539015885e-02  
  7.262014955923e-03  ,6.937591143415e+00  ,6.377892135431e+01  ,-1.147214018716e-02  
  7.262020619854e-03  ,7.601762525342e+00  ,6.378281374653e+01  ,-1.050433727556e-02  
  7.262031947717e-03  ,8.774928770977e+00  ,6.379061098886e+01  ,-8.795286273093e-03  
  7.262043359026e-03  ,9.772391660135e+00  ,6.379847919671e+01  ,-7.342158431020e-03  
  7.262051398203e-03  ,9.973442915918e+00  ,4.106283420880e+01  ,9.861456277887e+00  
  7.262059073791e-03  ,1.000025912757e+01  ,1.068662871667e+01  ,9.861628723858e+00  
  7.262063389167e-03  ,1.018844687211e+01  ,3.398201906821e+00  ,9.862545083309e+00  
  7.262067477300e-03  ,1.046833809742e+01  ,2.663832282095e+00  ,9.863624307953e+00  
  7.262069798901e-03  ,1.062571632928e+01  ,2.745472346218e+00  ,9.864273521619e+00  
  7.262072731450e-03  ,1.081654070868e+01  ,2.800845196865e+00  ,9.865097393573e+00  
  7.262078596547e-03  ,1.117309520223e+01  ,2.810528265685e+00  ,9.866746970005e+00  
  7.262090326741e-03  ,1.179824271493e+01  ,2.800018022897e+00  ,9.870054035496e+00  
  7.262102569535e-03  ,1.234521900736e+01  ,2.804236689464e+00  ,9.873506033158e+00  
  7.262127055123e-03  ,1.317677931698e+01  ,2.806462802392e+00  ,9.880409681992e+00  
  7.262176026299e-03  ,1.416429726314e+01  ,2.808854827675e+00  ,9.894215781245e+00  
  7.262273968652e-03  ,1.497587698109e+01  ,2.816749538010e+00  ,9.921822691424e+00  
  7.262402237847e-03  ,1.499972180842e+01  ,2.827024492299e+00  ,9.957966530859e+00  
  7.262627304986e-03  ,1.500014245966e+01  ,2.844996499009e+00  ,1.002135441455e+01  
  7.262866581872e-03  ,1.500012588382e+01  ,2.864127776795e+00  ,1.008869993381e+01  
  7.263345135644e-03  ,1.500022196436e+01  ,2.902327934834e+00  ,1.022325382986e+01  
  7.264302243188e-03  ,1.500027599696e+01  ,2.978572654958e+00  ,1.049181406379e+01  
  7.266216458276e-03  ,1.500030705765e+01  ,3.130442579130e+00  ,1.102675221493e+01  
  7.270044888451e-03  ,1.500039876292e+01  ,3.431718942856e+00  ,1.208795168394e+01  
  7.272010000020e-03  ,1.499972396283e+01  ,3.585094413665e+00  ,1.262819216494e+01  
  7.272011000018e-03  ,1.442046911586e+01  ,3.585025719865e+00  ,1.262846630677e+01  
  7.272013000126e-03  ,1.321282475046e+01  ,3.584794804355e+00  ,1.262901453985e+01  
  7.272017000343e-03  ,1.067160976381e+01  ,3.584350898387e+00  ,1.263011132889e+01  
  7.272020000020e-03  ,8.646770248874e+00  ,3.584078280536e+00  ,1.263093371338e+01  
  7.272020800063e-03  ,8.543102334397e+00  ,3.584132806222e+00  ,1.263115301078e+01  
  7.272022400076e-03  ,8.338262681476e+00  ,3.584328656012e+00  ,1.263159170554e+01  
  7.272025600100e-03  ,7.943144973875e+00  ,3.584854642563e+00  ,1.263246906463e+01  
  7.272032000149e-03  ,7.207780854091e+00  ,3.585949403703e+00  ,1.263422355145e+01  
  7.272044800246e-03  ,5.932270205005e+00  ,3.588905088043e+00  ,1.263773238580e+01  
  7.272058725381e-03  ,4.791710767642e+00  ,3.598778875819e+00  ,1.264154857494e+01  
  7.272067643726e-03  ,4.356450338218e+00  ,1.402889777246e+01  ,1.264334724057e+01  
  7.272076013708e-03  ,4.342015383103e+00  ,4.356244675679e+01  ,1.264340493558e+01  
  7.272082287097e-03  ,4.134286282702e+00  ,5.282724458717e+01  ,3.637259667795e-02  
  7.272085557902e-03  ,3.936441933571e+00  ,5.285625362374e+01  ,-2.053584720938e-01  
  7.272087128485e-03  ,3.843518656154e+00  ,5.283799859123e+01  ,-4.095301875998e-03  
  7.272090269649e-03  ,3.664805371111e+00  ,5.284118249969e+01  ,1.012401261645e-02  
  7.272096551979e-03  ,3.331506242694e+00  ,5.285096622870e+01  ,5.647140495228e-03  
  7.272109116638e-03  ,2.750550523291e+00  ,5.286976814998e+01  ,4.592798610353e-03  
  7.272134245956e-03  ,1.860674512730e+00  ,5.290729486932e+01  ,3.312461226972e-03  
  7.272175361240e-03  ,9.414917767134e-01  ,5.296855009583e+01  ,1.972019175024e-03  
  7.272221358145e-03  ,4.554402107907e-01  ,5.303687428719e+01  ,1.261968009890e-03  
  7.272269447172e-03  ,1.918260178551e-01  ,5.310810320892e+01  ,8.760347781301e-04  
  7.272324372852e-03  ,8.005238960854e-02  ,5.318921972706e+01  ,7.110978283579e-04  
  7.272413076485e-03  ,6.878050501682e-03  ,5.331972372505e+01  ,6.011459914576e-04  
  7.272507895553e-03  ,2.593807725922e-03  ,5.345855466753e+01  ,5.913708053693e-04  
  7.272697533691e-03  ,7.928887713587e-04  ,5.373416132593e+01  ,5.816920026285e-04  
  7.272919191444e-03  ,1.961964439518e-03  ,5.405282307581e+01  ,5.752393058578e-04  
  7.273362506950e-03  ,1.917037553206e-03  ,5.467882562357e+01  ,5.589141472465e-04  
  7.274249137962e-03  ,1.422100228777e-03  ,5.588520892003e+01  ,5.264476527725e-04  
  7.276022399986e-03  ,1.581000319116e-03  ,5.811280688400e+01  ,4.651842989804e-04  
  7.279568924034e-03  ,9.470486682044e-04  ,6.181371943058e+01  ,3.494199026041e-04  
  7.282000000020e-03  ,1.005749604994e-03  ,6.376402501778e+01  ,2.786424295836e-04  
  7.282001000018e-03  ,5.776495121496e-01  ,6.376486131415e+01  ,-1.012394716575e-03  
  7.282001884868e-03  ,1.095288355104e+00  ,6.376560483934e+01  ,-2.188182256623e-03  
  7.282003654567e-03  ,2.160331234866e+00  ,6.376708875122e+01  ,-4.505319866877e-03  
  7.282007193965e-03  ,4.412688341832e+00  ,6.377003971655e+01  ,-8.959726370788e-03  
  7.282010000020e-03  ,6.311349860538e+00  ,6.377236378151e+01  ,-1.232638862872e-02  
  7.282010707900e-03  ,6.403656643695e+00  ,6.377285486724e+01  ,-1.224683662557e-02  
  7.282012123696e-03  ,6.584393603660e+00  ,6.377382646389e+01  ,-1.198664809248e-02  
  7.282014955289e-03  ,6.936786648577e+00  ,6.377576979255e+01  ,-1.147341563454e-02  
  7.282020618476e-03  ,7.600940487511e+00  ,6.377965989987e+01  ,-1.050563819913e-02  
  7.282031944848e-03  ,8.774094250682e+00  ,6.378745257289e+01  ,-8.796605275129e-03  
  7.282043354667e-03  ,9.771569374085e+00  ,6.379531618523e+01  ,-7.343459554544e-03  
  7.282051392354e-03  ,9.973397567370e+00  ,4.110649464302e+01  ,9.859587273264e+00  
  7.282059064962e-03  ,1.000018297530e+01  ,1.074053838867e+01  ,9.859757402030e+00  
  7.282063385553e-03  ,1.018782645822e+01  ,3.401095974729e+00  ,9.860673922790e+00  
  7.282067482628e-03  ,1.046831614464e+01  ,2.662574964712e+00  ,9.861754107303e+00  
  7.282069803111e-03  ,1.062562559567e+01  ,2.744713131518e+00  ,9.862403041164e+00  
  7.282072731189e-03  ,1.081617207322e+01  ,2.800297898531e+00  ,9.863225686893e+00  
  7.282078587346e-03  ,1.117223727824e+01  ,2.810027145002e+00  ,9.864872773818e+00  
  7.282090299658e-03  ,1.179822729496e+01  ,2.804997513113e+00  ,9.868171511764e+00  
  7.282110079460e-03  ,1.264082841197e+01  ,2.804432420771e+00  ,9.873746224928e+00  
  7.282149639062e-03  ,1.372973202754e+01  ,2.806994656394e+00  ,9.884899777022e+00  
  7.282228758268e-03  ,1.476796623707e+01  ,2.812704866395e+00  ,9.907203551468e+00  
  7.282342579297e-03  ,1.515447905895e+01  ,2.821640415375e+00  ,9.939281405195e+00  
  7.282517983846e-03  ,1.514285336892e+01  ,2.835674538520e+00  ,9.988695088775e+00  
  7.282756831579e-03  ,1.495884346702e+01  ,2.854846027389e+00  ,1.005594202969e+01  
  7.283234527044e-03  ,1.502343717747e+01  ,2.892961758983e+00  ,1.019029907135e+01  
  7.283719947271e-03  ,1.500775250841e+01  ,2.931676775999e+00  ,1.032664244515e+01  
  7.284690787725e-03  ,1.499419871060e+01  ,3.008939269950e+00  ,1.059876601820e+01  
  7.286632468633e-03  ,1.500516634667e+01  ,3.162809958167e+00  ,1.114076926168e+01  
  7.290515830449e-03  ,1.500043629425e+01  ,3.468035572312e+00  ,1.221587133322e+01  
  7.292010000020e-03  ,1.499970534894e+01  ,3.584578452985e+00  ,1.262637489396e+01  
  7.292011000018e-03  ,1.442197324765e+01  ,3.584509291197e+00  ,1.262664903973e+01  
  7.292013000126e-03  ,1.321428459319e+01  ,3.584278204304e+00  ,1.262719729001e+01  
  7.292017000343e-03  ,1.067298414244e+01  ,3.583834235209e+00  ,1.262829409407e+01  
  7.292020000020e-03  ,8.648083486226e+00  ,3.583561605813e+00  ,1.262911649405e+01  
  7.292020800063e-03  ,8.544399826541e+00  ,3.583616108134e+00  ,1.262933579563e+01  
  7.292022400076e-03  ,8.339529062201e+00  ,3.583811915146e+00  ,1.262977449861e+01  
  7.292025600100e-03  ,7.944351343053e+00  ,3.584337815799e+00  ,1.263065187419e+01  
  7.292032000149e-03  ,7.208875532439e+00  ,3.585432315649e+00  ,1.263240639415e+01  
  7.292044800246e-03  ,5.933171134972e+00  ,3.588386562417e+00  ,1.263591529478e+01  
  7.292058725381e-03  ,4.792438179235e+00  ,3.598243286916e+00  ,1.263973155768e+01  
  7.292067642236e-03  ,4.356495899220e+00  ,1.398747649730e+01  ,1.264153326037e+01  
  7.292076012218e-03  ,4.341970926099e+00  ,4.351456143753e+01  ,1.264159389447e+01  
  7.292082289332e-03  ,4.134741718011e+00  ,5.282284248252e+01  ,3.918487284764e-02  
  7.292085559765e-03  ,3.936907417275e+00  ,5.285221240611e+01  ,-2.060916214356e-01  
  7.292087128857e-03  ,3.844058697354e+00  ,5.283388525652e+01  ,-4.147605207182e-03  
  7.292090267042e-03  ,3.665485950042e+00  ,5.283705672543e+01  ,1.014231292651e-02  
  7.292096543411e-03  ,3.332427413601e+00  ,5.284683152131e+01  ,5.649459050748e-03  
  7.292109096149e-03  ,2.753412101360e+00  ,5.286566095255e+01  ,4.427038573675e-03  
  7.292134201625e-03  ,1.873206544104e+00  ,5.290313279169e+01  ,3.517596178805e-03  
  7.292173504928e-03  ,9.864523676544e-01  ,5.296171543060e+01  ,2.038251020242e-03  
  7.292218107084e-03  ,4.425110193041e-01  ,5.302797341400e+01  ,1.243069876259e-03  
  7.292263615230e-03  ,1.762560504261e-01  ,5.309538462564e+01  ,8.534795383894e-04  
  7.292332720855e-03  ,5.625669517660e-02  ,5.319741407868e+01  ,6.760253459214e-04  
  7.292413807014e-03  ,4.613078323697e-03  ,5.331665851803e+01  ,5.977339235155e-04  
  7.292510104278e-03  ,-7.863843479096e-03  ,5.345761719828e+01  ,5.759611337255e-04  
  7.292702698806e-03  ,-5.378406137880e-03  ,5.373741263272e+01  ,5.724253444187e-04  
  7.292993378738e-03  ,4.389703734730e-03  ,5.415433883574e+01  ,5.759647171691e-04  
  7.293574738601e-03  ,-2.619846222023e-05  ,5.496870845147e+01  ,5.483362833149e-04  
  7.294477963546e-03  ,1.129329034740e-03  ,5.618186744278e+01  ,5.176847868044e-04  
  7.295733761886e-03  ,1.471431563637e-03  ,5.776206226130e+01  ,4.746653241827e-04  
  7.298245358566e-03  ,1.202551338298e-03  ,6.054560797330e+01  ,3.920343763800e-04  
  7.302000000020e-03  ,8.922058589623e-04  ,6.375811537294e+01  ,2.765060009023e-04  
  7.302001000018e-03  ,5.775376185426e-01  ,6.375895156137e+01  ,-1.013467152228e-03  
  7.302001884868e-03  ,1.095177946858e+00  ,6.375969495683e+01  ,-2.187981040851e-03  
  7.302003654567e-03  ,2.160223748928e+00  ,6.376117890104e+01  ,-4.505414988104e-03  
  7.302007193965e-03  ,4.412586474581e+00  ,6.376412987483e+01  ,-8.959865782793e-03  
  7.302010000020e-03  ,6.311252240080e+00  ,6.376645394538e+01  ,-1.232651871813e-02  
  7.302010707900e-03  ,6.403560060254e+00  ,6.376694503177e+01  ,-1.224696569850e-02  
  7.302012123696e-03  ,6.584299050680e+00  ,6.376791662843e+01  ,-1.198677632633e-02  
  7.302014955289e-03  ,6.936696054589e+00  ,6.376985996224e+01  ,-1.147353793466e-02  
  7.302020618476e-03  ,7.600857354970e+00  ,6.377375007631e+01  ,-1.050574883433e-02  
  7.302031944848e-03  ,8.774024297974e+00  ,6.378154276444e+01  ,-8.796696666368e-03  
  7.302043354667e-03  ,9.771510627558e+00  ,6.378940639377e+01  ,-7.343535165434e-03  
  7.302051392354e-03  ,9.973394493983e+00  ,4.110341898160e+01  ,9.858981299175e+00  
  7.302059064962e-03  ,1.000018413813e+01  ,1.073775344243e+01  ,9.859151748491e+00  
  7.302063385553e-03  ,1.018787185498e+01  ,3.400727750120e+00  ,9.860068157086e+00  
  7.302067482628e-03  ,1.046836134134e+01  ,2.662426276385e+00  ,9.861148441816e+00  
  7.302069803484e-03  ,1.062569382178e+01  ,2.744552486118e+00  ,9.861797480804e+00  
  7.302072731934e-03  ,1.081626090020e+01  ,2.800126738683e+00  ,9.862620235252e+00  
  7.302078588836e-03  ,1.117236195541e+01  ,2.809853257257e+00  ,9.864267541982e+00  
  7.302090302638e-03  ,1.179840514978e+01  ,2.804825035858e+00  ,9.867566720050e+00  
  7.302110085420e-03  ,1.263372777605e+01  ,2.803456922754e+00  ,9.873144599751e+00  
  7.302149650983e-03  ,1.372604807941e+01  ,2.807593298408e+00  ,9.884299943657e+00  
  7.302228782110e-03  ,1.476741593477e+01  ,2.812559210798e+00  ,9.906607190133e+00  
  7.302346227102e-03  ,1.516336418215e+01  ,2.821754367160e+00  ,9.939706402693e+00  
  7.302518818311e-03  ,1.497820724614e+01  ,2.835645119206e+00  ,9.988327590702e+00  
  7.302675292425e-03  ,1.497094028067e+01  ,2.848153573393e+00  ,1.003238773506e+01  
  7.302988240652e-03  ,1.501190857080e+01  ,2.873136353406e+00  ,1.012044936432e+01  
  7.303614137105e-03  ,1.499232731299e+01  ,2.923080224207e+00  ,1.029633824999e+01  
  7.304711434774e-03  ,1.499816730930e+01  ,3.010408288290e+00  ,1.060394665282e+01  
  7.306906030111e-03  ,1.500018751721e+01  ,3.184255395044e+00  ,1.121629930859e+01  
  7.311295220785e-03  ,1.499992905024e+01  ,3.528721033290e+00  ,1.242962575035e+01  
  7.312010000020e-03  ,1.500001335774e+01  ,3.584411412811e+00  ,1.262578681058e+01  
  7.312011000018e-03  ,1.442322997542e+01  ,3.584341894651e+00  ,1.262606095775e+01  
  7.312013000126e-03  ,1.321550431683e+01  ,3.584110676662e+00  ,1.262660921303e+01  
  7.312017000343e-03  ,1.067413245946e+01  ,3.583666660147e+00  ,1.262770602243e+01  
  7.312020000020e-03  ,8.649180718764e+00  ,3.583394026734e+00  ,1.262852842744e+01  
  7.312020800063e-03  ,8.545483903745e+00  ,3.583448513128e+00  ,1.262874773039e+01  
  7.312022400076e-03  ,8.340587145388e+00  ,3.583644291140e+00  ,1.262918643602e+01  
  7.312025600100e-03  ,7.945359285750e+00  ,3.584170130621e+00  ,1.263006381692e+01  
  7.312032000149e-03  ,7.209790156000e+00  ,3.585264439742e+00  ,1.263181834766e+01  
  7.312044800246e-03  ,5.933923880313e+00  ,3.588217604684e+00  ,1.263532726985e+01  
  7.312058726871e-03  ,4.792934982397e+00  ,3.598063676876e+00  ,1.263914396564e+01  
  7.312067645216e-03  ,4.356520598204e+00  ,1.396893996963e+01  ,1.264094746686e+01  
  7.312076016689e-03  ,4.341949395414e+00  ,4.349814207122e+01  ,1.264100919863e+01  
  7.312082296783e-03  ,4.134735516427e+00  ,5.281824811824e+01  ,3.956313088503e-02  
  7.312085568333e-03  ,3.936837275540e+00  ,5.284767410875e+01  ,-2.062482466122e-01  
  7.312088130215e-03  ,3.786706004253e+00  ,5.283050187982e+01  ,-1.741082877715e-03  
  7.312090905556e-03  ,3.630716744437e+00  ,5.283361492110e+01  ,7.844016081081e-03  
  7.312096456239e-03  ,3.337451740742e+00  ,5.284208060131e+01  ,5.600965822244e-03  
  7.312107557604e-03  ,2.819404279823e+00  ,5.285872730158e+01  ,4.578572217195e-03  
  7.312129760334e-03  ,2.007282424975e+00  ,5.289188236592e+01  ,3.658141007878e-03  
  7.312174165795e-03  ,9.673754002624e-01  ,5.295807230675e+01  ,2.010272436337e-03  
  7.312217456648e-03  ,4.397709666003e-01  ,5.302238144018e+01  ,1.239168110152e-03  
  7.312265033076e-03  ,1.637788815161e-01  ,5.309285387155e+01  ,8.352635098067e-04  
  7.312331206152e-03  ,5.550872538009e-02  ,5.319055188672e+01  ,6.750120668378e-04  
  7.312415117571e-03  ,1.370756772688e-02  ,5.331394899182e+01  ,6.109582769401e-04  
  7.312508410761e-03  ,-3.616862946965e-04  ,5.345051056312e+01  ,5.869762762892e-04  
  7.312694997141e-03  ,-3.213671608262e-03  ,5.372164250841e+01  ,5.758856205903e-04  
  7.313064832041e-03  ,5.995774256875e-05  ,5.425118800190e+01  ,5.670094511416e-04  
  7.313717145273e-03  ,2.740317051697e-03  ,5.515955747477e+01  ,5.473015536269e-04  
  7.315021771738e-03  ,6.319936005681e-04  ,5.687689156811e+01  ,4.980499296310e-04  
  7.317631024668e-03  ,2.081754196705e-03  ,5.990689832801e+01  ,4.125795239292e-04  
  7.322000000020e-03  ,1.212817635971e-04  ,6.375437934777e+01  ,2.752892907755e-04  
  7.322001000018e-03  ,5.767781867050e-01  ,6.375521600924e+01  ,-1.015086768853e-03  
  7.322001885426e-03  ,1.094759368057e+00  ,6.375596015957e+01  ,-2.189399694124e-03  
  7.322003656243e-03  ,2.160524610481e+00  ,6.375744582090e+01  ,-4.508447654911e-03  
  7.322007197877e-03  ,4.414475453807e+00  ,6.376040016745e+01  ,-8.965507949977e-03  
  7.322010000020e-03  ,6.310593248648e+00  ,6.376272220776e+01  ,-1.232732131802e-02  
  7.322010708347e-03  ,6.402965752836e+00  ,6.376321390469e+01  ,-1.224767119186e-02  
  7.322012125075e-03  ,6.583833646635e+00  ,6.376418674293e+01  ,-1.198730043102e-02  
  7.322014958530e-03  ,6.936476153523e+00  ,6.376613258485e+01  ,-1.147370364518e-02  
  7.322020625442e-03  ,7.600254098492e+00  ,6.377002776496e+01  ,-1.050654379676e-02  
  7.322031959265e-03  ,8.773582214683e+00  ,6.377783049581e+01  ,-8.797183770716e-03  
  7.322044029206e-03  ,9.824004254708e+00  ,6.378615468423e+01  ,-7.266902905435e-03  
  7.322052573532e-03  ,9.976787988007e+00  ,3.628626100994e+01  ,9.860756648059e+00  
  7.322060714036e-03  ,1.001057784237e+01  ,4.464589322106e+00  ,9.861822462269e+00  
  7.322064623356e-03  ,1.027357872026e+01  ,2.829869532201e+00  ,9.862282166316e+00  
  7.322066732987e-03  ,1.042114160679e+01  ,2.762169829133e+00  ,9.862865160804e+00  
  7.322069399550e-03  ,1.060269974028e+01  ,2.788824802590e+00  ,9.863608119712e+00  
  7.322074668601e-03  ,1.094090494828e+01  ,2.818002140713e+00  ,9.865058665034e+00  
  7.322083801523e-03  ,1.146751736283e+01  ,2.807466612749e+00  ,9.867669258805e+00  
  7.322102067366e-03  ,1.233231430649e+01  ,2.804333121726e+00  ,9.872819245853e+00  
  7.322138599053e-03  ,1.348981494713e+01  ,2.806773241505e+00  ,9.883119163242e+00  
  7.322211662426e-03  ,1.464914177813e+01  ,2.811773270285e+00  ,9.903716245392e+00  
  7.322321096554e-03  ,1.514729140481e+01  ,2.820301988695e+00  ,9.934558971398e+00  
  7.322481814518e-03  ,1.516621744676e+01  ,2.833150123021e+00  ,9.979838337230e+00  
  7.322703925267e-03  ,1.495768977274e+01  ,2.850996299091e+00  ,1.004238008546e+01  
  7.323118630543e-03  ,1.502197936094e+01  ,2.884089808102e+00  ,1.015904682581e+01  
  7.323521081105e-03  ,1.500840742735e+01  ,2.916201705386e+00  ,1.027213484972e+01  
  7.324325982228e-03  ,1.499405433922e+01  ,2.980309968891e+00  ,1.049792373025e+01  
  7.325935784474e-03  ,1.500514708325e+01  ,3.108070267417e+00  ,1.094795698571e+01  
  7.329155388966e-03  ,1.500051534188e+01  ,3.361860679857e+00  ,1.184188685561e+01  
  7.332010000020e-03  ,1.499960454952e+01  ,3.584944556227e+00  ,1.262766414767e+01  
  7.332011000018e-03  ,1.441978775100e+01  ,3.584876056006e+00  ,1.262793829062e+01  
  7.332013000126e-03  ,1.321216344827e+01  ,3.584645212082e+00  ,1.262848652881e+01  
  7.332017000343e-03  ,1.067098717637e+01  ,3.584201330683e+00  ,1.262958332210e+01  
  7.332020000020e-03  ,8.646175357975e+00  ,3.583928708628e+00  ,1.263040571107e+01  
  7.332020800063e-03  ,8.542514575928e+00  ,3.583983239968e+00  ,1.263062500965e+01  
  7.332022400076e-03  ,8.337689016187e+00  ,3.584179099597e+00  ,1.263106370682e+01  
  7.332025600100e-03  ,7.942598493275e+00  ,3.584705109719e+00  ,1.263194107072e+01  
  7.332032000149e-03  ,7.207284968260e+00  ,3.585799949561e+00  ,1.263369556708e+01  
  7.332044800246e-03  ,5.931862083632e+00  ,3.588756114407e+00  ,1.263720442052e+01  
  7.332058725381e-03  ,4.791381233856e+00  ,3.598636637839e+00  ,1.264102062980e+01  
  7.332067642236e-03  ,4.356430511704e+00  ,1.403877944559e+01  ,1.264281820324e+01  
  7.332076010728e-03  ,4.342023021614e+00  ,4.356882304110e+01  ,1.264287535919e+01  
  7.332082280392e-03  ,4.134250043054e+00  ,5.281777678556e+01  ,3.572717753607e-02  
  7.332085550079e-03  ,3.936470769018e+00  ,5.284670119947e+01  ,-2.051860064467e-01  
  7.332088114196e-03  ,3.786226588528e+00  ,5.282963538128e+01  ,-1.680185295823e-03  
  7.332090890283e-03  ,3.630215877900e+00  ,5.283275801621e+01  ,7.832094818956e-03  
  7.332096442455e-03  ,3.336915431334e+00  ,5.284122701722e+01  ,5.599352716161e-03  
  7.332107546801e-03  ,2.817706723800e+00  ,5.285784023695e+01  ,4.699765178160e-03  
  7.332129755491e-03  ,2.005888318729e+00  ,5.289103802991e+01  ,3.533750782495e-03  
  7.332174172873e-03  ,9.664804740515e-01  ,5.295725071743e+01  ,2.008589336670e-03  
  7.332216730589e-03  ,4.465219419017e-01  ,5.302048881733e+01  ,1.249249683865e-03  
  7.332264521593e-03  ,2.098985944363e-01  ,5.309129494226e+01  ,9.026527091431e-04  
  7.332334497446e-03  ,6.558471303754e-02  ,5.319463142143e+01  ,6.897204732318e-04  
  7.332398012156e-03  ,2.409062497696e-02  ,5.328809343117e+01  ,6.268907724740e-04  
  7.332525041575e-03  ,-3.283872410175e-03  ,5.347409082017e+01  ,5.822512931243e-04  
  7.332684233660e-03  ,-5.036126780479e-03  ,5.370544245206e+01  ,5.737833281497e-04  
  7.333002617830e-03  ,-3.824669209657e-04  ,5.416233422725e+01  ,5.688078748256e-04  
  7.333551075930e-03  ,2.946337683367e-03  ,5.493113004924e+01  ,5.537335071041e-04  
  7.334647992128e-03  ,5.523036986378e-04  ,5.639864629247e+01  ,5.111355590917e-04  
  7.336841824526e-03  ,2.245169485148e-03  ,5.904881521531e+01  ,4.388548152931e-04  
  7.341229489321e-03  ,8.499327459293e-05  ,6.319011988850e+01  ,2.976255231805e-04  
  7.342000000020e-03  ,1.474410343524e-03  ,6.375685378863e+01  ,2.806263764140e-04  
  7.342001000018e-03  ,5.781112114248e-01  ,6.375769078113e+01  ,-1.010889822769e-03  
  7.342001884402e-03  ,1.095468315294e+00  ,6.375843457228e+01  ,-2.186887337066e-03  
  7.342003653170e-03  ,2.159916204953e+00  ,6.375991883286e+01  ,-4.502662850716e-03  
  7.342007190705e-03  ,4.410958685675e+00  ,6.376287054908e+01  ,-8.954880203323e-03  
  7.342010000020e-03  ,6.311749844930e+00  ,6.376519914016e+01  ,-1.232556618752e-02  
  7.342010707527e-03  ,6.404004328006e+00  ,6.376569042967e+01  ,-1.224609268262e-02  
  7.342012122579e-03  ,6.584640885042e+00  ,6.376666243425e+01  ,-1.198605074568e-02  
  7.342014952682e-03  ,6.936842824924e+00  ,6.376860657376e+01  ,-1.147309681254e-02  
  7.342020612888e-03  ,7.600656980433e+00  ,6.377249830203e+01  ,-1.050581517341e-02  
  7.342031933300e-03  ,8.773284715821e+00  ,6.378029420486e+01  ,-8.797548287458e-03  
  7.342043335668e-03  ,9.770283511498e+00  ,6.378816005769e+01  ,-7.345096187257e-03  
  7.342051367394e-03  ,9.973348853676e+00  ,4.119084916056e+01  ,9.862051228785e+00  
  7.342059034042e-03  ,1.000007137182e+01  ,1.084548610697e+01  ,9.862216698233e+00  
  7.342063362829e-03  ,1.018654482100e+01  ,3.408516762325e+00  ,9.863133442027e+00  
  7.342067477040e-03  ,1.046818471143e+01  ,2.661792908256e+00  ,9.864215266790e+00  
  7.342069794915e-03  ,1.062533535473e+01  ,2.744961653553e+00  ,9.864863505230e+00  
  7.342072713308e-03  ,1.081528337020e+01  ,2.800970479501e+00  ,9.865683439283e+00  
  7.342078550093e-03  ,1.117029548183e+01  ,2.810788593241e+00  ,9.867325026581e+00  
  7.342090223662e-03  ,1.179312400283e+01  ,2.800119351110e+00  ,9.870616102333e+00  
  7.342102341287e-03  ,1.233580655419e+01  ,2.804386030145e+00  ,9.874032789812e+00  
  7.342126576535e-03  ,1.316310793043e+01  ,2.806611423189e+00  ,9.880865820691e+00  
  7.342175047032e-03  ,1.415059240263e+01  ,2.808942724683e+00  ,9.894530709064e+00  
  7.342271988027e-03  ,1.496846459109e+01  ,2.816761700401e+00  ,9.921855314851e+00  
  7.342400066487e-03  ,1.499959598498e+01  ,2.827018893902e+00  ,9.957945404611e+00  
  7.342622964017e-03  ,1.500017323768e+01  ,2.844816728610e+00  ,1.002072244566e+01  
  7.342861191861e-03  ,1.500015241841e+01  ,2.863864670762e+00  ,1.008777323534e+01  
  7.343337647550e-03  ,1.500028559430e+01  ,2.901897807220e+00  ,1.022173886918e+01  
  7.344290558926e-03  ,1.500036078958e+01  ,2.977809856044e+00  ,1.048912735908e+01  
  7.346196381680e-03  ,1.500050137162e+01  ,3.129019431975e+00  ,1.102173974197e+01  
  7.350008027188e-03  ,1.499963761834e+01  ,3.428997828188e+00  ,1.207836566471e+01  
  7.352010000020e-03  ,1.500000216580e+01  ,3.585258885229e+00  ,1.262877180882e+01  
  7.352011000018e-03  ,1.442252821389e+01  ,3.585189573036e+00  ,1.262904594834e+01  
  7.352013000126e-03  ,1.321482321859e+01  ,3.584958428776e+00  ,1.262959418203e+01  
  7.352017000343e-03  ,1.067349123513e+01  ,3.584514444927e+00  ,1.263069096134e+01  
  7.352020000020e-03  ,8.648568020537e+00  ,3.584241830954e+00  ,1.263151334092e+01  
  7.352020800063e-03  ,8.544878551661e+00  ,3.584296336221e+00  ,1.263173263706e+01  
  7.352022400076e-03  ,8.339996308765e+00  ,3.584492149403e+00  ,1.263217132915e+01  
  7.352025600100e-03  ,7.944796448299e+00  ,3.585018053163e+00  ,1.263304868295e+01  
  7.352032000149e-03  ,7.209279429637e+00  ,3.586112546876e+00  ,1.263480315938e+01  
  7.352044800246e-03  ,5.933503552651e+00  ,3.589066652145e+00  ,1.263831197295e+01  
  7.352058725381e-03  ,4.792706611210e+00  ,3.598919384373e+00  ,1.264212814152e+01  
  7.352067643726e-03  ,4.356523075779e+00  ,1.398174247829e+01  ,1.264393055570e+01  
  7.352076013708e-03  ,4.341978023390e+00  ,4.350752276336e+01  ,1.264399159507e+01  
  7.352082292313e-03  ,4.134690448144e+00  ,5.281758207450e+01  ,3.902844584424e-02  
  7.352085563490e-03  ,3.936814393232e+00  ,5.284693937859e+01  ,-2.060981383153e-01  
  7.352087132955e-03  ,3.843946198877e+00  ,5.282861287094e+01  ,-4.145406220514e-03  
  7.352090271885e-03  ,3.665337318617e+00  ,5.283178756861e+01  ,1.014186501996e-02  
  7.352096549744e-03  ,3.332216777478e+00  ,5.284156826577e+01  ,5.649345213450e-03  
  7.352109105462e-03  ,2.751517145663e+00  ,5.286036095563e+01  ,4.594301650134e-03  
  7.352134216899e-03  ,1.861874384240e+00  ,5.289786902830e+01  ,3.314383866876e-03  
  7.352175367946e-03  ,9.415105692875e-01  ,5.295919068525e+01  ,1.972222419070e-03  
  7.352221358890e-03  ,4.554961784597e-01  ,5.302752063685e+01  ,1.262225165750e-03  
  7.352269453878e-03  ,1.918287797579e-01  ,5.309877369605e+01  ,8.762140633731e-04  
  7.352324361676e-03  ,8.007944359874e-02  ,5.317988134198e+01  ,7.113128970673e-04  
  7.352413053388e-03  ,6.892656889217e-03  ,5.331039630387e+01  ,6.013429821362e-04  
  7.352507848615e-03  ,2.597148009439e-03  ,5.344922303442e+01  ,5.915518018198e-04  
  7.352697439069e-03  ,7.909089147467e-04  ,5.372482262287e+01  ,5.818661837573e-04  
  7.352919049138e-03  ,1.962876377233e-03  ,5.404348990931e+01  ,5.754184611517e-04  
  7.353362269277e-03  ,1.918056721075e-03  ,5.466951012053e+01  ,5.590949869263e-04  
  7.354248709554e-03  ,1.422115700044e-03  ,5.587595504581e+01  ,5.266300881111e-04  
  7.356021590108e-03  ,1.581875157888e-03  ,5.810378056699e+01  ,4.653739996006e-04  
  7.359567351216e-03  ,9.473215848298e-04  ,6.180555209293e+01  ,3.496201490277e-04  
  7.362000000020e-03  ,1.006537074634e-03  ,6.375822084609e+01  ,2.787894314162e-04  
  7.362001000018e-03  ,5.776502948813e-01  ,6.375905753634e+01  ,-1.012245466226e-03  
  7.362001884774e-03  ,1.095234010764e+00  ,6.375980133190e+01  ,-2.187908661061e-03  
  7.362003654287e-03  ,2.160160288610e+00  ,6.376128578564e+01  ,-4.504809280318e-03  
  7.362007193313e-03  ,4.412259072643e+00  ,6.376423783821e+01  ,-8.958778115502e-03  
  7.362010000020e-03  ,6.312133588410e+00  ,6.376656344971e+01  ,-1.232508669610e-02  
  7.362010707825e-03  ,6.404422439773e+00  ,6.376705476593e+01  ,-1.224557313758e-02  
  7.362012123435e-03  ,6.587039355304e+00  ,6.376802693071e+01  ,-1.198560871062e-02  
  7.362014954656e-03  ,6.940805477231e+00  ,6.376997071021e+01  ,-1.146741712061e-02  
  7.362020617097e-03  ,7.604544627471e+00  ,6.377386257822e+01  ,-1.050031019291e-02  
  7.362031941980e-03  ,8.776984383005e+00  ,6.378165876144e+01  ,-8.792223088275e-03  
  7.362043351799e-03  ,9.773995602632e+00  ,6.378952694704e+01  ,-7.339777213551e-03  
  7.362051390975e-03  ,9.973508142121e+00  ,4.097383467555e+01  ,9.860947756881e+00  
  7.362059066564e-03  ,1.000035822897e+01  ,1.060008596183e+01  ,9.861123941787e+00  
  7.362063370764e-03  ,1.018921161481e+01  ,3.393083458231e+00  ,9.862040125486e+00  
  7.362067443251e-03  ,1.046806205900e+01  ,2.664789842141e+00  ,9.863117226761e+00  
  7.362069765597e-03  ,1.062549207663e+01  ,2.745638207095e+00  ,9.863766635185e+00  
  7.362072703734e-03  ,1.081667824200e+01  ,2.800711988396e+00  ,9.864592067989e+00  
  7.362078580007e-03  ,1.117387184135e+01  ,2.810342782361e+00  ,9.866244808182e+00  
  7.362090332553e-03  ,1.180157978142e+01  ,2.805370768494e+00  ,9.869554851747e+00  
  7.362110273286e-03  ,1.264186219502e+01  ,2.804038042661e+00  ,9.875177155663e+00  
  7.362150154754e-03  ,1.373710053290e+01  ,2.808178743425e+00  ,9.886421334118e+00  
  7.362229917690e-03  ,1.477594766587e+01  ,2.813207526061e+00  ,9.908906193089e+00  
  7.362347374603e-03  ,1.516395684549e+01  ,2.822407620082e+00  ,9.942008001129e+00  
  7.362521062538e-03  ,1.497761835759e+01  ,2.836386096235e+00  ,9.990936940154e+00  
  7.362677822754e-03  ,1.497075619285e+01  ,2.848916991372e+00  ,1.003507646634e+01  
  7.362991343185e-03  ,1.501200583103e+01  ,2.873944659676e+00  ,1.012329664663e+01  
  7.363618384048e-03  ,1.499225762735e+01  ,2.923978387908e+00  ,1.029950178212e+01  
  7.364720068618e-03  ,1.499815406918e+01  ,3.011652218085e+00  ,1.060832818018e+01  
  7.366923437759e-03  ,1.500018852605e+01  ,3.186184428031e+00  ,1.122309402872e+01  
  7.371330176040e-03  ,1.499992806000e+01  ,3.531994665022e+00  ,1.244115661150e+01  
  7.372010000020e-03  ,1.500001286717e+01  ,3.584957883253e+00  ,1.262771166946e+01  
  7.372011000018e-03  ,1.442323110121e+01  ,3.584888360106e+00  ,1.262798581115e+01  
  7.372013000126e-03  ,1.321550540946e+01  ,3.584657138857e+00  ,1.262853405560e+01  
  7.372017000343e-03  ,1.067413348826e+01  ,3.584213126492e+00  ,1.262963084306e+01  
  7.372020000020e-03  ,8.649181702039e+00  ,3.583940504774e+00  ,1.263045323168e+01  
  7.372020800063e-03  ,8.545484875349e+00  ,3.583994998546e+00  ,1.263067253025e+01  
  7.372022400076e-03  ,8.340588093929e+00  ,3.584190790405e+00  ,1.263111122714e+01  
  7.372025600100e-03  ,7.945360189762e+00  ,3.584716651625e+00  ,1.263198859056e+01  
  7.372032000149e-03  ,7.209790977385e+00  ,3.585811017188e+00  ,1.263374308632e+01  
  7.372044800246e-03  ,5.933924560528e+00  ,3.588764424844e+00  ,1.263725193853e+01  
  7.372058726871e-03  ,4.792935555087e+00  ,3.598611921098e+00  ,1.264106855804e+01  
  7.372067645216e-03  ,4.356532560426e+00  ,1.397017854600e+01  ,1.264287191213e+01  
  7.372076016689e-03  ,4.341961193036e+00  ,4.349946928726e+01  ,1.264293356598e+01  
  7.372082296783e-03  ,4.134729759949e+00  ,5.281836423217e+01  ,3.947467116857e-02  
  7.372085568333e-03  ,3.936831524558e+00  ,5.284777971589e+01  ,-2.062230673788e-01  
  7.372088130588e-03  ,3.786679188632e+00  ,5.283061140582e+01  ,-1.739012323038e-03  
  7.372090905929e-03  ,3.630691047130e+00  ,5.283372577988e+01  ,7.843477221150e-03  
  7.372096456611e-03  ,3.337428146540e+00  ,5.284219353437e+01  ,5.601042451930e-03  
  7.372107557977e-03  ,2.819384421783e+00  ,5.285884451577e+01  ,4.578728999446e-03  
  7.372129760707e-03  ,2.007268424359e+00  ,5.289200816262e+01  ,3.658232266371e-03  
  7.372174166167e-03  ,9.673688994964e-01  ,5.295821523789e+01  ,2.010410914889e-03  
  7.372217457021e-03  ,4.397682707614e-01  ,5.302254106409e+01  ,1.239311981248e-03  
  7.372265033448e-03  ,1.637781757845e-01  ,5.309303182296e+01  ,8.354098978588e-04  
  7.372331206525e-03  ,5.550879984668e-02  ,5.319075529810e+01  ,6.751590854615e-04  
  7.372415117944e-03  ,1.370794278171e-02  ,5.331418463464e+01  ,6.111050939899e-04  
  7.372508411134e-03  ,-3.612107786507e-04  ,5.345078197045e+01  ,5.871225328450e-04  
  7.372694997514e-03  ,-3.213177571129e-03  ,5.372198521964e+01  ,5.760305028340e-04  
  7.373064832414e-03  ,6.042403253863e-05  ,5.425167114308e+01  ,5.671515624768e-04  
  7.373717145646e-03  ,2.740756480933e-03  ,5.516028531207e+01  ,5.474390203341e-04  
  7.375021772111e-03  ,6.324323274327e-04  ,5.687809672748e+01  ,4.981786455074e-04  
  7.377631025040e-03  ,2.082147561502e-03  ,5.990900563565e+01  ,4.126926127393e-04  
  7.382000000020e-03  ,1.216235617046e-04  ,6.375782177998e+01  ,2.753804887983e-04  
  7.382001000018e-03  ,5.767785283972e-01  ,6.375865872034e+01  ,-1.014996392826e-03  
  7.382001885520e-03  ,1.094814834682e+00  ,6.375940319581e+01  ,-2.189432633033e-03  
  7.382003656523e-03  ,2.160696680058e+00  ,6.376088950651e+01  ,-4.508717904390e-03  
  7.382007198529e-03  ,4.414905864708e+00  ,6.376384514829e+01  ,-8.966215926266e-03  
  7.382010000020e-03  ,6.310594170804e+00  ,6.376616742771e+01  ,-1.232723012841e-02  
  7.382010708421e-03  ,6.402976281670e+00  ,6.376665937353e+01  ,-1.224756481164e-02  
  7.382012125149e-03  ,6.585378783315e+00  ,6.376763267751e+01  ,-1.198695499672e-02  
  7.382014958605e-03  ,6.939179273742e+00  ,6.376957901573e+01  ,-1.146968051304e-02  
  7.382020625517e-03  ,7.603705624002e+00  ,6.377347571915e+01  ,-1.050147473220e-02  
  7.382031959340e-03  ,8.774676333838e+00  ,6.378128195353e+01  ,-8.795461990946e-03  
  7.382044029280e-03  ,9.824218350796e+00  ,6.378960961942e+01  ,-7.266500345004e-03  
  7.382052572116e-03  ,9.976793449731e+00  ,3.629508206647e+01  ,9.862495146929e+00  
  7.382060711130e-03  ,1.001055842821e+01  ,4.477903198190e+00  ,9.863554507869e+00  
  7.382064621195e-03  ,1.027340006836e+01  ,2.831973980177e+00  ,9.864019712876e+00  
  7.382066733062e-03  ,1.042110662329e+01  ,2.762744081121e+00  ,9.864603156130e+00  
  7.382069402232e-03  ,1.060283738848e+01  ,2.789185148827e+00  ,9.865346877256e+00  
  7.382074666068e-03  ,1.094057823656e+01  ,2.806600062899e+00  ,9.866823409583e+00  
  7.382083609745e-03  ,1.145708381094e+01  ,2.806178671690e+00  ,9.869339741382e+00  
  7.382101497099e-03  ,1.230843046738e+01  ,2.805105762073e+00  ,9.874378761333e+00  
  7.382137271806e-03  ,1.348332376384e+01  ,2.806899155290e+00  ,9.884461595730e+00  
  7.382208821222e-03  ,1.455034464534e+01  ,2.812105449081e+00  ,9.904631733522e+00  
  7.382333394929e-03  ,1.498727660594e+01  ,2.821813803268e+00  ,9.939740390508e+00  
  7.382465764925e-03  ,1.500008041334e+01  ,2.832454622236e+00  ,9.977032812985e+00  
  7.382710382387e-03  ,1.500292772220e+01  ,2.851979224822e+00  ,1.004591170281e+01  
  7.383105203554e-03  ,1.500103928346e+01  ,2.883513327918e+00  ,1.015698380823e+01  
  7.383894845888e-03  ,1.500141665855e+01  ,2.946474469872e+00  ,1.037875500068e+01  
  7.385474130556e-03  ,1.499982573238e+01  ,3.071975354649e+00  ,1.082080976159e+01  
  7.388632699892e-03  ,1.500000399203e+01  ,3.321296284925e+00  ,1.169900419942e+01  
  7.392010000020e-03  ,1.499989239332e+01  ,3.585423765991e+00  ,1.262935228706e+01  
  7.392011000018e-03  ,1.442325063841e+01  ,3.585354157866e+00  ,1.262962642372e+01  
  7.392013000126e-03  ,1.321552437111e+01  ,3.585122904075e+00  ,1.263017466104e+01  
  7.392017000343e-03  ,1.067415133985e+01  ,3.584678885760e+00  ,1.263127142807e+01  
  7.392020000020e-03  ,8.649198759713e+00  ,3.584406277019e+00  ,1.263209380272e+01  
  7.392020800063e-03  ,8.545501728605e+00  ,3.584460776250e+00  ,1.263231309757e+01  
  7.392022400076e-03  ,8.340604543272e+00  ,3.584656579067e+00  ,1.263275178701e+01  
  7.392025600100e-03  ,7.945375859966e+00  ,3.585182458151e+00  ,1.263362913552e+01  
  7.392032000149e-03  ,7.209805197696e+00  ,3.586276869175e+00  ,1.263538360146e+01  
  7.392044800246e-03  ,5.933936267606e+00  ,3.589230468884e+00  ,1.263889239403e+01  
  7.392058726871e-03  ,4.792945027486e+00  ,3.599078985651e+00  ,1.264270894854e+01  
  7.392067645216e-03  ,4.356543380306e+00  ,1.397080538495e+01  ,1.264451221106e+01  
  7.392076016689e-03  ,4.341970877814e+00  ,4.350010120386e+01  ,1.264457382235e+01  
  7.392082296783e-03  ,4.134703211268e+00  ,5.281672460959e+01  ,3.928771049165e-02  
  7.392085568333e-03  ,3.936805654619e+00  ,5.284611756610e+01  ,-2.061790678776e-01  
  7.392088130588e-03  ,3.786654372714e+00  ,5.282895445046e+01  ,-1.736370913541e-03  
  7.392090906301e-03  ,3.630646763275e+00  ,5.283207066256e+01  ,7.843387602669e-03  
  7.392096457729e-03  ,3.337349653268e+00  ,5.284054153999e+01  ,5.601030374866e-03  
  7.392107560584e-03  ,2.819254052702e+00  ,5.285719880498e+01  ,4.578737649368e-03  
  7.392129766295e-03  ,2.007082465423e+00  ,5.289037503334e+01  ,3.658064704691e-03  
  7.392174177716e-03  ,9.671676196599e-01  ,5.295660719861e+01  ,2.010267410544e-03  
  7.392217468569e-03  ,4.396639820452e-01  ,5.302094881072e+01  ,1.239309816470e-03  
  7.392265050957e-03  ,1.637047177856e-01  ,5.309146573675e+01  ,8.354520668046e-04  
  7.392331224034e-03  ,5.548472603176e-02  ,5.318921329478e+01  ,6.752727593193e-04  
  7.392415147373e-03  ,1.369930495223e-02  ,5.331269064814e+01  ,6.112402362025e-04  
  7.392508440563e-03  ,-3.608415511304e-04  ,5.344932179058e+01  ,5.872701625523e-04  
  7.392695026943e-03  ,-3.210097169340e-03  ,5.372059253256e+01  ,5.761808203006e-04  
  7.393064957211e-03  ,6.206846807032e-05  ,5.425054700274e+01  ,5.672938145199e-04  
  7.393717365811e-03  ,2.740423125761e-03  ,5.515952021784e+01  ,5.475709223472e-04  
  7.395022183010e-03  ,6.333952385633e-04  ,5.687801320205e+01  ,4.982981746445e-04  
  7.397631817410e-03  ,2.081958719206e-03  ,5.991013198368e+01  ,4.127851042885e-04  
  7.402000000020e-03  ,1.224690685817e-04  ,6.375948245894e+01  ,2.754819466313e-04  
  7.402001000018e-03  ,5.767793666122e-01  ,6.376031969382e+01  ,-1.014895038630e-03  
  7.402001885520e-03  ,1.094815666448e+00  ,6.376106443022e+01  ,-2.189333032409e-03  
  7.402003656523e-03  ,2.160697499154e+00  ,6.376255126240e+01  ,-4.508617902636e-03  
  7.402007198529e-03  ,4.414906659442e+00  ,6.376550794721e+01  ,-8.966115858085e-03  
  7.402010000020e-03  ,6.310594947167e+00  ,6.376783105158e+01  ,-1.232713007208e-02  
  7.402010708421e-03  ,6.402977053542e+00  ,6.376832320630e+01  ,-1.224746394265e-02  
  7.402012125149e-03  ,6.585379546322e+00  ,6.376929692825e+01  ,-1.198685399812e-02  
  7.402014958605e-03  ,6.939180019555e+00  ,6.377124410240e+01  ,-1.146957960062e-02  
  7.402020625517e-03  ,7.603706337515e+00  ,6.377514247742e+01  ,-1.050137390947e-02  
  7.402031959340e-03  ,8.774676990418e+00  ,6.378295205397e+01  ,-8.795361305989e-03  
  7.402044029280e-03  ,9.824218956319e+00  ,6.379128327738e+01  ,-7.266399809749e-03  
  7.402052572116e-03  ,9.976801739025e+00  ,3.629740517877e+01  ,9.864126747756e+00  
  7.402060711130e-03  ,1.001056398030e+01  ,4.480074499351e+00  ,9.865186036918e+00  
  7.402064621195e-03  ,1.027337678825e+01  ,2.832658376334e+00  ,9.865651154369e+00  
  7.402066733435e-03  ,1.042110755571e+01  ,2.763218625967e+00  ,9.866234666577e+00  
  7.402069402605e-03  ,1.060283795596e+01  ,2.789632017724e+00  ,9.866978383290e+00  
  7.402074666440e-03  ,1.094057883609e+01  ,2.807058049924e+00  ,9.868454890391e+00  
  7.402083604157e-03  ,1.145676155721e+01  ,2.806642299905e+00  ,9.870969503944e+00  
  7.402101479590e-03  ,1.230767996106e+01  ,2.805568773200e+00  ,9.876005082884e+00  
  7.402137230456e-03  ,1.348225068324e+01  ,2.807359668569e+00  ,9.886081032624e+00  
  7.402208732187e-03  ,1.454956506239e+01  ,2.812561687429e+00  ,9.906237400392e+00  
  7.402333305895e-03  ,1.498725445291e+01  ,2.822269504058e+00  ,9.941345489360e+00  
  7.402465628206e-03  ,1.500007814917e+01  ,2.832906329456e+00  ,9.978623877616e+00  
  7.402710197985e-03  ,1.500293248436e+01  ,2.852426804980e+00  ,1.004748824106e+01  
  7.403104637682e-03  ,1.500104152217e+01  ,2.883929958027e+00  ,1.015845132602e+01  
  7.403893517077e-03  ,1.500142010954e+01  ,2.946829403188e+00  ,1.038000520326e+01  
  7.405471275866e-03  ,1.499982527548e+01  ,3.072207717705e+00  ,1.082162822362e+01  
  7.408626793444e-03  ,1.500000382430e+01  ,3.321286756538e+00  ,1.169897063720e+01  
  7.412010000020e-03  ,1.499989212022e+01  ,3.585874045334e+00  ,1.263093832583e+01  
  7.412011000018e-03  ,1.442325036936e+01  ,3.585804433177e+00  ,1.263121245798e+01  
  7.412013000126e-03  ,1.321552410997e+01  ,3.585573176732e+00  ,1.263176068629e+01  
  7.412017000343e-03  ,1.067415109411e+01  ,3.585129161820e+00  ,1.263285743532e+01  
  7.412020000020e-03  ,8.649198525103e+00  ,3.584856562772e+00  ,1.263367979646e+01  
  7.412020800063e-03  ,8.545501496906e+00  ,3.584911068082e+00  ,1.263389908770e+01  
  7.412022400076e-03  ,8.340604317321e+00  ,3.585106882322e+00  ,1.263433776994e+01  
  7.412025600100e-03  ,7.945375645070e+00  ,3.585632779373e+00  ,1.263521510405e+01  
  7.412032000149e-03  ,7.209805003576e+00  ,3.586727237069e+00  ,1.263696954116e+01  
  7.412044800246e-03  ,5.933936111308e+00  ,3.589681037730e+00  ,1.264047827607e+01  
  7.412058726871e-03  ,4.792944920637e+00  ,3.599530740381e+00  ,1.264429476773e+01  
  7.412067645216e-03  ,4.356553195750e+00  ,1.397185351028e+01  ,1.264609790727e+01  
  7.412076016689e-03  ,4.341980621688e+00  ,4.350122689615e+01  ,1.264615945740e+01  
  7.412082296783e-03  ,4.134719953482e+00  ,5.281811156368e+01  ,3.932565538772e-02  
  7.412085568333e-03  ,3.936821735759e+00  ,5.284750954317e+01  ,-2.061823400081e-01  
  7.412088130588e-03  ,3.786669853264e+00  ,5.283034688625e+01  ,-1.736515201359e-03  
  7.412090906301e-03  ,3.630661622120e+00  ,5.283346387368e+01  ,7.843516408142e-03  
  7.412096457729e-03  ,3.337363341443e+00  ,5.284193636079e+01  ,5.601155961638e-03  
  7.412107560584e-03  ,2.819265668998e+00  ,5.285859685670e+01  ,4.578857741624e-03  
  7.412129766295e-03  ,2.007090833762e+00  ,5.289177954303e+01  ,3.658182371173e-03  
  7.412174177716e-03  ,9.671718291176e-01  ,5.295802461135e+01  ,2.010377539324e-03  
  7.412217468569e-03  ,4.396660816688e-01  ,5.302237878378e+01  ,1.239416619404e-03  
  7.412265050957e-03  ,1.637057134086e-01  ,5.309290949582e+01  ,8.355569776357e-04  
  7.412331224034e-03  ,5.548528821729e-02  ,5.319067619222e+01  ,6.753766432621e-04  
  7.412415147373e-03  ,1.369969917027e-02  ,5.331417776077e+01  ,6.113433743814e-04  
  7.412508440563e-03  ,-3.605045351224e-04  ,5.345083574705e+01  ,5.873726633868e-04  
  7.412695026943e-03  ,-3.209773516449e-03  ,5.372215993874e+01  ,5.762822028861e-04  
  7.413064957211e-03  ,6.240125369284e-05  ,5.425221943150e+01  ,5.673930669318e-04  
  7.413717365811e-03  ,2.740759504393e-03  ,5.516137474752e+01  ,5.476665548911e-04  
  7.415022183010e-03  ,6.337084275844e-04  ,5.688021961053e+01  ,4.983868718243e-04  
  7.417631817410e-03  ,2.082246313890e-03  ,5.991299024658e+01  ,4.128614151055e-04  
  7.422000000020e-03  ,1.226919812161e-04  ,6.376326633023e+01  ,2.755406922810e-04  
  7.422001000018e-03  ,5.767795895459e-01  ,6.376410375230e+01  ,-1.014837509717e-03  
  7.422001885520e-03  ,1.094815889402e+00  ,6.376484865434e+01  ,-2.189275614163e-03  
  7.422003656523e-03  ,2.160697722148e+00  ,6.376633581776e+01  ,-4.508560436142e-03  
  7.422007198529e-03  ,4.414906882510e+00  ,6.376929316499e+01  ,-8.966058313676e-03  
  7.422010000020e-03  ,6.310595170291e+00  ,6.377161679325e+01  ,-1.232707247937e-02  
  7.422010708421e-03  ,6.402977276682e+00  ,6.377210908060e+01  ,-1.224740475010e-02  
  7.422012125149e-03  ,6.585379769500e+00  ,6.377308306809e+01  ,-1.198679452212e-02  
  7.422014958605e-03  ,6.939180242806e+00  ,6.377503077333e+01  ,-1.146952023927e-02  
  7.422020625517e-03  ,7.603706560899e+00  ,6.377893021022e+01  ,-1.050131459336e-02  
  7.422031959340e-03  ,8.774677214015e+00  ,6.378674190930e+01  ,-8.795302063534e-03  
  7.422044029280e-03  ,9.824219180075e+00  ,6.379507539119e+01  ,-7.266340644639e-03  
  7.422052572116e-03  ,9.976807197799e+00  ,3.630165601782e+01  ,9.865446041334e+00  
  7.422060711130e-03  ,1.001056335882e+01  ,4.483916886654e+00  ,9.866505167814e+00  
  7.422064621195e-03  ,1.027331861397e+01  ,2.833491535086e+00  ,9.866970114551e+00  
  7.422066734180e-03  ,1.042109800336e+01  ,2.763615517787e+00  ,9.867553775209e+00  
  7.422069404095e-03  ,1.060287772596e+01  ,2.789970063071e+00  ,9.868297704867e+00  
  7.422074666440e-03  ,1.094052384194e+01  ,2.807418744975e+00  ,9.869773772999e+00  
  7.422083593726e-03  ,1.145614840586e+01  ,2.807017562414e+00  ,9.872285418483e+00  
  7.422101448297e-03  ,1.230632857953e+01  ,2.805943011905e+00  ,9.877315053528e+00  
  7.422137157440e-03  ,1.348035003878e+01  ,2.807729463311e+00  ,9.887379111169e+00  
  7.422208575725e-03  ,1.454819193648e+01  ,2.812924125528e+00  ,9.907511693861e+00  
  7.422333149433e-03  ,1.498721543448e+01  ,2.822631169796e+00  ,9.942619331807e+00  
  7.422465376377e-03  ,1.500007358811e+01  ,2.833260213558e+00  ,9.979870379682e+00  
  7.422709850788e-03  ,1.500294081863e+01  ,2.852772819261e+00  ,1.004870703464e+01  
  7.423103622913e-03  ,1.500104555017e+01  ,2.884222300406e+00  ,1.015948106253e+01  
  7.423891167164e-03  ,1.500142641605e+01  ,2.947014755631e+00  ,1.038065808814e+01  
  7.425466255665e-03  ,1.499982444633e+01  ,3.072180522812e+00  ,1.082153243270e+01  
  7.428616432667e-03  ,1.500000352182e+01  ,3.320840119077e+00  ,1.169739742590e+01  
  7.432010000020e-03  ,1.499989161877e+01  ,3.586238082793e+00  ,1.263222059007e+01  
  7.432011000018e-03  ,1.442324987537e+01  ,3.586168467280e+00  ,1.263249471859e+01  
  7.432013000126e-03  ,1.321552363051e+01  ,3.585937208661e+00  ,1.263304293961e+01  
  7.432017000343e-03  ,1.067415064281e+01  ,3.585493196491e+00  ,1.263413967408e+01  
  7.432020000020e-03  ,8.649198094044e+00  ,3.585220605287e+00  ,1.263496202430e+01  
  7.432020800063e-03  ,8.545501071094e+00  ,3.585275115514e+00  ,1.263518131263e+01  
  7.432022400076e-03  ,8.340603901875e+00  ,3.585470938993e+00  ,1.263561998904e+01  
  7.432025600100e-03  ,7.945375249591e+00  ,3.585996850581e+00  ,1.263649731150e+01  
  7.432032000149e-03  ,7.209804645424e+00  ,3.587091346048e+00  ,1.263825172531e+01  
  7.432044800246e-03  ,5.933935819345e+00  ,3.590045309397e+00  ,1.264176041360e+01  
  7.432058726871e-03  ,4.792944700546e+00  ,3.599895973702e+00  ,1.264557685445e+01  
  7.432067645216e-03  ,4.356561121641e+00  ,1.397270725145e+01  ,1.264737989466e+01  
  7.432076016689e-03  ,4.341988504516e+00  ,4.350214439389e+01  ,1.264744140263e+01  
  7.432082296783e-03  ,4.134766972700e+00  ,5.282120522674e+01  ,3.952905455304e-02  
  7.432085568333e-03  ,3.936867183509e+00  ,5.285062860413e+01  ,-2.062225657501e-01  
  7.432088130588e-03  ,3.786713534391e+00  ,5.283346259800e+01  ,-1.738823654147e-03  
  7.432090905929e-03  ,3.630724022969e+00  ,5.283657930832e+01  ,7.843779846328e-03  
  7.432096456611e-03  ,3.337458542740e+00  ,5.284505176180e+01  ,5.601395459816e-03  
  7.432107557977e-03  ,2.819410255765e+00  ,5.286171218454e+01  ,4.579082230039e-03  
  7.432129760707e-03  ,2.007287106261e+00  ,5.289489470805e+01  ,3.658567837943e-03  
  7.432174166167e-03  ,9.673784228234e-01  ,5.296113949930e+01  ,2.010735763794e-03  
  7.432217457021e-03  ,4.397731468556e-01  ,5.302550205012e+01  ,1.239629354135e-03  
  7.432265033448e-03  ,1.637806202050e-01  ,5.309603311771e+01  ,8.357229039379e-04  
  7.432331206525e-03  ,5.551028902050e-02  ,5.319381256768e+01  ,6.754695573718e-04  
  7.432415117944e-03  ,1.370906152387e-02  ,5.331731273296e+01  ,6.114135794160e-04  
  7.432508411134e-03  ,-3.602185390039e-04  ,5.345398861781e+01  ,5.874292347609e-04  
  7.432694997514e-03  ,-3.212215705575e-03  ,5.372534833312e+01  ,5.763339891356e-04  
  7.433064832414e-03  ,6.140415472097e-05  ,5.425534186946e+01  ,5.674488921192e-04  
  7.433717145646e-03  ,2.741741107204e-03  ,5.516449029892e+01  ,5.477259072117e-04  
  7.435021772111e-03  ,6.333585479925e-04  ,5.688333723082e+01  ,4.984455658233e-04  
  7.437631025040e-03  ,2.083001030599e-03  ,5.991617700005e+01  ,4.129239199224e-04  
  7.442000000020e-03  ,1.223027311241e-04  ,6.376777359266e+01  ,2.755614287760e-04  
  7.442001000018e-03  ,5.767792076012e-01  ,6.376861110141e+01  ,-1.014818453045e-03  
  7.442001885613e-03  ,1.094870639070e+00  ,6.376935615822e+01  ,-2.189378160616e-03  
  7.442003656802e-03  ,2.160869088037e+00  ,6.377084363067e+01  ,-4.508900665040e-03  
  7.442007199180e-03  ,4.415336618728e+00  ,6.377380159237e+01  ,-8.966836274524e-03  
  7.442010000020e-03  ,6.311377167993e+00  ,6.377612481858e+01  ,-1.232589456769e-02  
  7.442010708496e-03  ,6.403760574508e+00  ,6.377661722122e+01  ,-1.224624004625e-02  
  7.442012125410e-03  ,6.586170134029e+00  ,6.377759146188e+01  ,-1.198562025100e-02  
  7.442014959238e-03  ,6.939982894359e+00  ,6.377953967334e+01  ,-1.146832777702e-02  
  7.442020626895e-03  ,7.604526891536e+00  ,6.378344012283e+01  ,-1.050009645363e-02  
  7.442031962208e-03  ,8.775509453179e+00  ,6.379125384701e+01  ,-8.794066659147e-03  
  7.442044033639e-03  ,9.825031186755e+00  ,6.379958942252e+01  ,-7.265134615599e-03  
  7.442052577965e-03  ,9.976847823652e+00  ,3.625962785345e+01  ,9.866343769213e+00  
  7.442060719959e-03  ,1.001067404811e+01  ,4.434568681251e+00  ,9.867380149242e+00  
  7.442064624808e-03  ,1.027387753075e+01  ,2.827580762077e+00  ,9.867870767909e+00  
  7.442066727735e-03  ,1.042100736649e+01  ,2.763580773444e+00  ,9.868452226425e+00  
  7.442069388337e-03  ,1.060217960003e+01  ,2.790744966069e+00  ,9.869193402291e+00  
  7.442074667819e-03  ,1.094106258448e+01  ,2.819390674831e+00  ,9.870645805872e+00  
  7.442083908029e-03  ,1.147344804444e+01  ,2.808991803429e+00  ,9.873287489731e+00  
  7.442102388449e-03  ,1.234580384906e+01  ,2.805936043020e+00  ,9.878497684326e+00  
  7.442139349289e-03  ,1.350801849687e+01  ,2.808403651225e+00  ,9.888918001367e+00  
  7.442213270969e-03  ,1.466391756793e+01  ,2.813480893548e+00  ,9.909755811061e+00  
  7.442322705097e-03  ,1.514884405810e+01  ,2.822015476759e+00  ,9.940596665965e+00  
  7.442484877415e-03  ,1.516439652460e+01  ,2.834980503642e+00  ,9.986282897600e+00  
  7.442707608051e-03  ,1.495793999481e+01  ,2.852874196572e+00  ,1.004899506574e+01  
  7.443128226109e-03  ,1.502206734560e+01  ,2.886437496901e+00  ,1.016731632876e+01  
  7.443536064930e-03  ,1.500831998923e+01  ,2.918976358795e+00  ,1.028190800743e+01  
  7.444351742573e-03  ,1.499409068820e+01  ,2.983935398593e+00  ,1.051069378050e+01  
  7.445983097858e-03  ,1.500512726119e+01  ,3.113385609020e+00  ,1.096667943486e+01  
  7.449245808430e-03  ,1.500050732385e+01  ,3.370509266138e+00  ,1.187235014779e+01  
  7.452010000020e-03  ,1.499961311547e+01  ,3.586486999170e+00  ,1.263309718829e+01  
  7.452011000018e-03  ,1.441997038255e+01  ,3.586418429949e+00  ,1.263337131575e+01  
  7.452013000126e-03  ,1.321234070222e+01  ,3.586187556498e+00  ,1.263391952340e+01  
  7.452017000343e-03  ,1.067115405367e+01  ,3.585743679646e+00  ,1.263501625474e+01  
  7.452020000020e-03  ,8.646334812208e+00  ,3.585471090889e+00  ,1.263583859745e+01  
  7.452020800063e-03  ,8.542672118715e+00  ,3.585525641046e+00  ,1.263605788369e+01  
  7.452022400076e-03  ,8.337842782080e+00  ,3.585721536195e+00  ,1.263649655618e+01  
  7.452025600100e-03  ,7.942744973713e+00  ,3.586247599969e+00  ,1.263737387073e+01  
  7.452032000149e-03  ,7.207417890052e+00  ,3.587342574533e+00  ,1.263912826836e+01  
  7.452044800246e-03  ,5.931971491812e+00  ,3.590299281511e+00  ,1.264263692431e+01  
  7.452058725381e-03  ,4.791469639262e+00  ,3.600181961838e+00  ,1.264645291851e+01  
  7.452067642236e-03  ,4.356470299723e+00  ,1.403813240051e+01  ,1.264825041269e+01  
  7.452076010728e-03  ,4.342052730447e+00  ,4.356774509961e+01  ,1.264830768504e+01  
  7.452082281882e-03  ,4.134403001585e+00  ,5.282876090779e+01  ,3.651812744673e-02  
  7.452085551569e-03  ,3.936619229522e+00  ,5.285778470901e+01  ,-2.053451747253e-01  
  7.452087121965e-03  ,3.843702657085e+00  ,5.283953247897e+01  ,-4.096098893052e-03  
  7.452090262758e-03  ,3.665001554000e+00  ,5.284271869904e+01  ,1.012451789429e-02  
  7.452096544342e-03  ,3.331722455337e+00  ,5.285250729610e+01  ,5.647846855243e-03  
  7.452109107511e-03  ,2.752390758215e+00  ,5.287136763859e+01  ,4.427008008150e-03  
  7.452134233849e-03  ,1.871898271817e+00  ,5.290890180282e+01  ,3.515127964054e-03  
  7.452173507350e-03  ,9.862648693918e-01  ,5.296748830683e+01  ,2.038416606049e-03  
  7.452218109505e-03  ,4.424644901479e-01  ,5.303380125527e+01  ,1.243444736227e-03  
  7.452263623612e-03  ,1.762294964108e-01  ,5.310127731057e+01  ,8.538816385135e-04  
  7.452332753079e-03  ,5.622225980784e-02  ,5.320342682120e+01  ,6.764133402156e-04  
  7.452413851159e-03  ,4.599611884965e-03  ,5.332278800035e+01  ,5.981499638049e-04  
  7.452510172265e-03  ,-7.865912364075e-03  ,5.346389895821e+01  ,5.763904720264e-04  
  7.452702814477e-03  ,-5.373803932370e-03  ,5.374399683379e+01  ,5.728578410528e-04  
  7.452993589776e-03  ,4.390947247116e-03  ,5.416140746354e+01  ,5.763817607109e-04  
  7.453575140374e-03  ,-2.496626366281e-05  ,5.497672313404e+01  ,5.487326301569e-04  
  7.454479223626e-03  ,1.130706373657e-03  ,5.619202592947e+01  ,5.180303944542e-04  
  7.455735594170e-03  ,1.472551083863e-03  ,5.777418946162e+01  ,4.749657392054e-04  
  7.458248335259e-03  ,1.203456228297e-03  ,6.056111794318e+01  ,3.922546055984e-04  
  7.462000000020e-03  ,8.931542073643e-04  ,6.377396380675e+01  ,2.767605180665e-04  
  7.462001000018e-03  ,5.775385671755e-01  ,6.377480079363e+01  ,-1.013218101299e-03  
  7.462001885147e-03  ,1.095344266169e+00  ,6.377554513033e+01  ,-2.188106017783e-03  
  7.462003655405e-03  ,2.160739856925e+00  ,6.377703095341e+01  ,-4.506250857080e-03  
  7.462007195921e-03  ,4.413877532001e+00  ,6.377998567456e+01  ,-8.962014675354e-03  
  7.462010000020e-03  ,6.312037693812e+00  ,6.378231025552e+01  ,-1.232511451768e-02  
  7.462010708123e-03  ,6.404366014895e+00  ,6.378280206321e+01  ,-1.224553985634e-02  
  7.462012124292e-03  ,6.587055459623e+00  ,6.378377518485e+01  ,-1.198547009393e-02  
  7.462014956631e-03  ,6.940957670532e+00  ,6.378572088392e+01  ,-1.146707992651e-02  
  7.462020621307e-03  ,7.604935533427e+00  ,6.378961658912e+01  ,-1.049962435793e-02  
  7.462031950660e-03  ,8.777741455675e+00  ,6.379742045120e+01  ,-8.791004320780e-03  
  7.462043364949e-03  ,9.774995473461e+00  ,6.380529635426e+01  ,-7.338205492687e-03  
  7.462051408596e-03  ,9.973572118220e+00  ,4.092142029694e+01  ,9.864587418355e+00  
  7.462059088655e-03  ,1.000046284418e+01  ,1.053191831835e+01  ,9.864766598893e+00  
  7.462063386894e-03  ,1.019005284099e+01  ,3.389576810325e+00  ,9.865682396058e+00  
  7.462067448206e-03  ,1.046815449069e+01  ,2.666767451941e+00  ,9.866758442039e+00  
  7.462069772415e-03  ,1.062569896482e+01  ,2.746981073972e+00  ,9.867408330624e+00  
  7.462072716884e-03  ,1.081727546925e+01  ,2.801771441440e+00  ,9.868235473196e+00  
  7.462078605823e-03  ,1.117515529833e+01  ,2.811336600162e+00  ,9.869891726693e+00  
  7.462090383701e-03  ,1.180229968396e+01  ,2.800969405467e+00  ,9.873212136014e+00  
  7.462102742724e-03  ,1.235335956894e+01  ,2.805143526992e+00  ,9.876696792764e+00  
  7.462127460770e-03  ,1.318899780889e+01  ,2.807370334085e+00  ,9.883665757689e+00  
  7.462176896862e-03  ,1.417667122905e+01  ,2.809817725364e+00  ,9.897602465752e+00  
  7.462275769047e-03  ,1.498256335476e+01  ,2.817782539446e+00  ,9.925470483904e+00  
  7.462404228978e-03  ,1.499982710052e+01  ,2.828074632058e+00  ,9.961666730810e+00  
  7.462631298832e-03  ,1.500011590540e+01  ,2.846206713627e+00  ,1.002561609348e+01  
  7.462871577076e-03  ,1.500010366002e+01  ,2.865416849449e+00  ,1.009324044662e+01  
  7.463352133564e-03  ,1.500016901490e+01  ,2.903775016341e+00  ,1.022835086771e+01  
  7.464313246540e-03  ,1.500020560631e+01  ,2.980334447034e+00  ,1.049801958955e+01  
  7.466235472493e-03  ,1.500027424057e+01  ,3.132828217238e+00  ,1.103515523535e+01  
  7.470079924397e-03  ,1.500023710858e+01  ,3.435335464265e+00  ,1.210068991464e+01  
  7.472010000020e-03  ,1.500070857212e+01  ,3.585963486150e+00  ,1.263125516832e+01  
  7.472011000018e-03  ,1.442405462343e+01  ,3.585893953830e+00  ,1.263152929955e+01  
  7.472013000126e-03  ,1.321630468414e+01  ,3.585662731894e+00  ,1.263207752608e+01  
  7.472017000343e-03  ,1.067488597137e+01  ,3.585218728538e+00  ,1.263317427151e+01  
  7.472020000020e-03  ,8.649900710250e+00  ,3.584946114648e+00  ,1.263399662997e+01  
  7.472020800063e-03  ,8.546195263241e+00  ,3.585000615851e+00  ,1.263421592051e+01  
  7.472022400076e-03  ,8.341281448629e+00  ,3.585196419140e+00  ,1.263465460130e+01  
  7.472025600100e-03  ,7.946020688595e+00  ,3.585722284133e+00  ,1.263553193251e+01  
  7.472032000149e-03  ,7.210390326930e+00  ,3.586816640643e+00  ,1.263728636393e+01  
  7.472044800246e-03  ,5.934417840440e+00  ,3.589769836682e+00  ,1.264079508743e+01  
  7.472058726871e-03  ,4.793333876455e+00  ,3.599611414495e+00  ,1.264461156747e+01  
  7.472067645216e-03  ,4.356582207113e+00  ,1.395349807917e+01  ,1.264641617073e+01  
  7.472076016689e-03  ,4.341966535615e+00  ,4.347983511672e+01  ,1.264647908645e+01  
  7.472082300508e-03  ,4.135057177575e+00  ,5.283083720915e+01  ,4.147018956568e-02  
  7.472085572431e-03  ,3.937128397347e+00  ,5.286050749343e+01  ,-2.067064920191e-01  
  7.472087140964e-03  ,3.844306055797e+00  ,5.284212212857e+01  ,-4.186252659527e-03  
  7.472090278031e-03  ,3.665784064323e+00  ,5.284528916976e+01  ,1.015603516743e-02  
  7.472096552165e-03  ,3.332812109153e+00  ,5.285506699411e+01  ,5.650992899730e-03  
  7.472109100433e-03  ,2.753918398401e+00  ,5.287390009828e+01  ,4.427347886603e-03  
  7.472134196969e-03  ,1.873814583986e+00  ,5.291137888491e+01  ,3.519439459211e-03  
  7.472173512192e-03  ,9.865734189472e-01  ,5.297001132617e+01  ,2.038696223614e-03  
  7.472218114348e-03  ,4.425515510520e-01  ,5.303630547455e+01  ,1.243393756212e-03  
  7.472263628455e-03  ,1.762370258198e-01  ,5.310376233236e+01  ,8.537159874105e-04  
  7.472332734080e-03  ,5.625142021521e-02  ,5.320584753000e+01  ,6.762806151786e-04  
  7.472413832160e-03  ,4.608321813574e-03  ,5.332517467608e+01  ,5.979880963459e-04  
  7.472510117503e-03  ,-7.862193378501e-03  ,5.346619299808e+01  ,5.762234213845e-04  
  7.472702688189e-03  ,-5.375898113114e-03  ,5.374610729211e+01  ,5.726864495134e-04  
  7.472993415805e-03  ,4.390561756255e-03  ,5.416333094873e+01  ,5.762167385936e-04  
  7.473574871035e-03  ,-2.537216744817e-05  ,5.497828027570e+01  ,5.485752173902e-04  
  7.474478382083e-03  ,1.130228655469e-03  ,5.619247958456e+01  ,5.178993592141e-04  
  7.475734561892e-03  ,1.472187000165e-03  ,5.777398434604e+01  ,4.748483761108e-04  
  7.478246921511e-03  ,1.203109630706e-03  ,6.055974449564e+01  ,3.921611249103e-04  
  7.482000000020e-03  ,8.927512621807e-04  ,6.377263250146e+01  ,2.766394648689e-04  
  7.482001000018e-03  ,5.775381638821e-01  ,6.377346913778e+01  ,-1.013339407749e-03  
  7.482001885054e-03  ,1.095288738668e+00  ,6.377421308572e+01  ,-2.188101864344e-03  
  7.482003655126e-03  ,2.160567732062e+00  ,6.377569813263e+01  ,-4.506009898434e-03  
  7.482007195269e-03  ,4.413447085453e+00  ,6.377865130481e+01  ,-8.961336003568e-03  
  7.482010000020e-03  ,6.311253948867e+00  ,6.378097554628e+01  ,-1.232639040273e-02  
  7.482010708049e-03  ,6.403580981209e+00  ,6.378146705176e+01  ,-1.224680404251e-02  
  7.482012124032e-03  ,6.586263324702e+00  ,6.378243954592e+01  ,-1.198674379506e-02  
  7.482014955997e-03  ,6.940153250864e+00  ,6.378438399020e+01  ,-1.146837192587e-02  
  7.482020619929e-03  ,7.604113604988e+00  ,6.378827718556e+01  ,-1.050094178017e-02  
  7.482031947791e-03  ,8.776907099669e+00  ,6.379607602817e+01  ,-8.792339767029e-03  
  7.482043360591e-03  ,9.774173409087e+00  ,6.380394688172e+01  ,-7.339522975649e-03  
  7.482051401257e-03  ,9.973522098335e+00  ,4.097319013087e+01  ,9.862710477677e+00  
  7.482059078335e-03  ,1.000037527690e+01  ,1.059344394179e+01  ,9.862886692409e+00  
  7.482063382536e-03  ,1.018934572594e+01  ,3.393000410533e+00  ,9.863802975917e+00  
  7.482067453533e-03  ,1.046809468688e+01  ,2.665433177702e+00  ,9.864879927444e+00  
  7.482069776252e-03  ,1.062554733902e+01  ,2.746187125083e+00  ,9.865529421414e+00  
  7.482072715133e-03  ,1.081677795089e+01  ,2.801216065970e+00  ,9.866355044635e+00  
  7.482078592896e-03  ,1.117404975559e+01  ,2.810837307315e+00  ,9.868008174732e+00  
  7.482090348422e-03  ,1.180187550283e+01  ,2.805870114555e+00  ,9.871318999454e+00  
  7.482110304057e-03  ,1.264262559563e+01  ,2.804540585218e+00  ,9.876945404885e+00  
  7.482150215327e-03  ,1.373813743272e+01  ,2.808681547733e+00  ,9.888197785104e+00  
  7.482230037868e-03  ,1.477674543394e+01  ,2.813716115637e+00  ,9.910699042347e+00  
  7.482347494781e-03  ,1.516400945640e+01  ,2.822916423925e+00  ,9.943800252895e+00  
  7.482521278083e-03  ,1.497756700018e+01  ,2.836902309832e+00  ,9.992755166845e+00  
  7.482678062141e-03  ,1.497074009864e+01  ,2.849434873296e+00  ,1.003690059562e+01  
  7.482991630256e-03  ,1.501201425226e+01  ,2.874465876183e+00  ,1.012513256429e+01  
  7.483618766486e-03  ,1.499225160865e+01  ,2.924506285726e+00  ,1.030136120924e+01  
  7.484720832526e-03  ,1.499815291621e+01  ,3.012208775909e+00  ,1.061028856622e+01  
  7.486924964606e-03  ,1.500018861088e+01  ,3.186797759070e+00  ,1.122525439219e+01  
  7.491333228767e-03  ,1.499992797491e+01  ,3.532719363442e+00  ,1.244370924985e+01  
  7.492010000020e-03  ,1.500001282149e+01  ,3.585443587851e+00  ,1.262942248921e+01  
  7.492011000018e-03  ,1.442323120228e+01  ,3.585374060436e+00  ,1.262969662604e+01  
  7.492013000126e-03  ,1.321550550755e+01  ,3.585142836346e+00  ,1.263024486078e+01  
  7.492017000343e-03  ,1.067413358072e+01  ,3.584698827661e+00  ,1.263134162881e+01  
  7.492020000020e-03  ,8.649181790604e+00  ,3.584426216386e+00  ,1.263216400286e+01  
  7.492020800063e-03  ,8.545484962958e+00  ,3.584480716714e+00  ,1.263238329755e+01  
  7.492022400076e-03  ,8.340588179645e+00  ,3.584676520890e+00  ,1.263282198667e+01  
  7.492025600100e-03  ,7.945360271791e+00  ,3.585202401474e+00  ,1.263369933454e+01  
  7.492032000149e-03  ,7.209791052768e+00  ,3.586296817326e+00  ,1.263545379921e+01  
  7.492044800246e-03  ,5.933924626306e+00  ,3.589250441430e+00  ,1.263896258922e+01  
  7.492058726871e-03  ,4.792935629067e+00  ,3.599099212793e+00  ,1.264277914093e+01  
  7.492067645216e-03  ,4.356543161737e+00  ,1.397130012987e+01  ,1.264458236606e+01  
  7.492076016689e-03  ,4.341971696403e+00  ,4.350067307729e+01  ,1.264464399481e+01  
  7.492082298273e-03  ,4.134833519130e+00  ,5.283013010737e+01  ,4.012246857415e-02  
  7.492085570196e-03  ,3.936910644697e+00  ,5.285962652550e+01  ,-2.063616295089e-01  
  7.492088132078e-03  ,3.786776508754e+00  ,5.284244465690e+01  ,-1.747218938249e-03  
  7.492090907419e-03  ,3.630784403044e+00  ,5.284555829499e+01  ,7.845064525588e-03  
  7.492096458102e-03  ,3.337514022614e+00  ,5.285402671966e+01  ,5.601251377953e-03  
  7.492107559467e-03  ,2.819456979252e+00  ,5.287067879459e+01  ,4.578690656428e-03  
  7.492129762197e-03  ,2.007320101269e+00  ,5.290384454899e+01  ,3.658388988380e-03  
  7.492174167657e-03  ,9.673938397364e-01  ,5.297005585655e+01  ,2.010416673914e-03  
  7.492217458511e-03  ,4.397796452275e-01  ,5.303438574717e+01  ,1.239297376091e-03  
  7.492265040899e-03  ,1.637547605185e-01  ,5.310488973606e+01  ,8.353442570432e-04  
  7.492331213975e-03  ,5.550110586404e-02  ,5.320261921432e+01  ,6.751161020399e-04  
  7.492415137315e-03  ,1.370268717380e-02  ,5.332607350003e+01  ,6.110648871095e-04  
  7.492508430505e-03  ,-3.618326370500e-04  ,5.346267882255e+01  ,5.870887108685e-04  
  7.492695016885e-03  ,-3.211973979742e-03  ,5.373389737278e+01  ,5.759986052036e-04  
  7.493064947152e-03  ,6.121080587312e-05  ,5.426374622024e+01  ,5.671140938748e-04  
  7.493717355752e-03  ,2.740401457537e-03  ,5.517252633153e+01  ,5.473940171534e-04  
  7.495022172952e-03  ,6.327259793856e-04  ,5.689060809680e+01  ,4.981232090262e-04  
  7.497631807351e-03  ,2.081763705705e-03  ,5.992181316894e+01  ,4.126151715699e-04  
  7.502000000020e-03  ,1.217154765779e-04  ,6.376941553026e+01  ,2.753153675412e-04  
  7.502001000018e-03  ,5.767786164991e-01  ,6.377025233418e+01  ,-1.015067248836e-03  
  7.502001885613e-03  ,1.094870044575e+00  ,6.377099676664e+01  ,-2.189627563780e-03  
  7.502003656802e-03  ,2.160868486878e+00  ,6.377248299024e+01  ,-4.509149916123e-03  
  7.502007199180e-03  ,4.415336004755e+00  ,6.377543845422e+01  ,-8.967085480599e-03  
  7.502010000020e-03  ,6.311376544362e+00  ,6.377775970554e+01  ,-1.232614376219e-02  
  7.502010708496e-03  ,6.403759948496e+00  ,6.377825160779e+01  ,-1.224648898392e-02  
  7.502012125410e-03  ,6.586169503317e+00  ,6.377922484770e+01  ,-1.198586913934e-02  
  7.502014959238e-03  ,6.939982254530e+00  ,6.378117105771e+01  ,-1.146857668886e-02  
  7.502020626895e-03  ,7.604526234591e+00  ,6.378506750464e+01  ,-1.050034532649e-02  
  7.502031962208e-03  ,8.775508766095e+00  ,6.379287322501e+01  ,-8.794315524927e-03  
  7.502044033639e-03  ,9.825030472697e+00  ,6.380120027938e+01  ,-7.265383400996e-03  
  7.502052577965e-03  ,9.976828419739e+00  ,3.625972579060e+01  ,9.863019715276e+00  
  7.502060719959e-03  ,1.001065231248e+01  ,4.434391648737e+00  ,9.864055991430e+00  
  7.502064624808e-03  ,1.027384485289e+01  ,2.826756193827e+00  ,9.864546621255e+00  
  7.502066728107e-03  ,1.042100017055e+01  ,2.762635707905e+00  ,9.865128191326e+00  
  7.502069388710e-03  ,1.060217253042e+01  ,2.789785838550e+00  ,9.865869393760e+00  
  7.502074667446e-03  ,1.094101033920e+01  ,2.818452897279e+00  ,9.867321677066e+00  
  7.502083903186e-03  ,1.147316138753e+01  ,2.808050360008e+00  ,9.869962148380e+00  
  7.502102374665e-03  ,1.234521301646e+01  ,2.804991428725e+00  ,9.875169996672e+00  
  7.502139317624e-03  ,1.350724705942e+01  ,2.807458072195e+00  ,9.885585621594e+00  
  7.502213203542e-03  ,1.466330448336e+01  ,2.812532429839e+00  ,9.906414049884e+00  
  7.502322637669e-03  ,1.514878208573e+01  ,2.821067072743e+00  ,9.937255942692e+00  
  7.502484762303e-03  ,1.516447824062e+01  ,2.834028664985e+00  ,9.982930281479e+00  
  7.502707469098e-03  ,1.495792727867e+01  ,2.851921081684e+00  ,1.004563785784e+01  
  7.503127848737e-03  ,1.502206531287e+01  ,2.885466488834e+00  ,1.016389609725e+01  
  7.503535449140e-03  ,1.500832403947e+01  ,2.917987462945e+00  ,1.027842478078e+01  
  7.504350649945e-03  ,1.499408892740e+01  ,2.982910863537e+00  ,1.050708501499e+01  
  7.505981051556e-03  ,1.500512827962e+01  ,3.112290301826e+00  ,1.096282138557e+01  
  7.509241854779e-03  ,1.500050768820e+01  ,3.369274432118e+00  ,1.186800063636e+01  
  7.512010000020e-03  ,1.499961273089e+01  ,3.585569537582e+00  ,1.262986557021e+01  
  7.512011000018e-03  ,1.441996238652e+01  ,3.585500978674e+00  ,1.263013970686e+01  
  7.512013000126e-03  ,1.321233294165e+01  ,3.585270111453e+00  ,1.263068793285e+01  
  7.512017000343e-03  ,1.067114674720e+01  ,3.584826227957e+00  ,1.263178470089e+01  
  7.512020000020e-03  ,8.646327830369e+00  ,3.584553619441e+00  ,1.263260707112e+01  
  7.512020800063e-03  ,8.542665220386e+00  ,3.584608157291e+00  ,1.263282636470e+01  
  7.512022400076e-03  ,8.337836048767e+00  ,3.584804029313e+00  ,1.263326505187e+01  
  7.512025600100e-03  ,7.942738558769e+00  ,3.585330056805e+00  ,1.263414239578e+01  
  7.512032000149e-03  ,7.207412067230e+00  ,3.586424937315e+00  ,1.263589685214e+01  
  7.512044800246e-03  ,5.931966692485e+00  ,3.589381240951e+00  ,1.263940562557e+01  
  7.512058725381e-03  ,4.791465724586e+00  ,3.599261584540e+00  ,1.264322174782e+01  
  7.512067642236e-03  ,4.356450009941e+00  ,1.403619377837e+01  ,1.264501947671e+01  
  7.512076010728e-03  ,4.342033065054e+00  ,4.356568233324e+01  ,1.264507687719e+01  
  7.512082281882e-03  ,4.134434441809e+00  ,5.282999810000e+01  ,3.677916383496e-02  
  7.512085551569e-03  ,3.936649986116e+00  ,5.285905337355e+01  ,-2.054113810827e-01  
  7.512087121779e-03  ,3.843743393863e+00  ,5.284079348502e+01  ,-4.101177717759e-03  
  7.512090262199e-03  ,3.665061059120e+00  ,5.284397636363e+01  ,1.012599781509e-02  
  7.512096543038e-03  ,3.331814275860e+00  ,5.285375975929e+01  ,5.647813065031e-03  
  7.512109104717e-03  ,2.752529202333e+00  ,5.287260936403e+01  ,4.426839960431e-03  
  7.512134228075e-03  ,1.872079863530e+00  ,5.291012201081e+01  ,3.515223082855e-03  
  7.512173501575e-03  ,9.863644269465e-01  ,5.296868190407e+01  ,2.038293690629e-03  
  7.512218103731e-03  ,4.425108644213e-01  ,5.303496463632e+01  ,1.243244392077e-03  
  7.512263611877e-03  ,1.762767585509e-01  ,5.310240105674e+01  ,8.536834781727e-04  
  7.512332741344e-03  ,5.623645273200e-02  ,5.320450384330e+01  ,6.761678984078e-04  
  7.512413839424e-03  ,4.599581692879e-03  ,5.332381027890e+01  ,5.978848647834e-04  
  7.512510160530e-03  ,-7.869374025357e-03  ,5.346485631895e+01  ,5.761216289878e-04  
  7.512702802742e-03  ,-5.376571131744e-03  ,5.374482469943e+01  ,5.725924998115e-04  
  7.512993530357e-03  ,4.390385987763e-03  ,5.416197285663e+01  ,5.761250583477e-04  
  7.513574985588e-03  ,-2.576241476670e-05  ,5.497677326947e+01  ,5.484861778835e-04  
  7.514478878105e-03  ,1.129876704799e-03  ,5.619124587324e+01  ,5.178012395210e-04  
  7.515734867180e-03  ,1.471852826343e-03  ,5.777218022490e+01  ,4.747632319249e-04  
  7.518246845329e-03  ,1.202903933953e-03  ,6.055695714677e+01  ,3.920991205829e-04  
  7.522000000020e-03  ,8.925260724827e-04  ,6.376923376920e+01  ,2.765875673172e-04  
  7.522001000018e-03  ,5.775379391388e-01  ,6.377007024124e+01  ,-1.013389688683e-03  
  7.522001885054e-03  ,1.095288514312e+00  ,6.377081404394e+01  ,-2.188152152933e-03  
  7.522003655126e-03  ,2.160567508467e+00  ,6.377229880039e+01  ,-4.506060205983e-03  
  7.522007195269e-03  ,4.413446863321e+00  ,6.377525139169e+01  ,-8.961386373374e-03  
  7.522010000020e-03  ,6.311253727240e+00  ,6.377757517299e+01  ,-1.232644081379e-02  
  7.522010708049e-03  ,6.403580759843e+00  ,6.377806656218e+01  ,-1.224685588976e-02  
  7.522012124032e-03  ,6.586263103847e+00  ,6.377903882349e+01  ,-1.198679593856e-02  
  7.522014955997e-03  ,6.940153030998e+00  ,6.378098280204e+01  ,-1.146842391893e-02  
  7.522020619929e-03  ,7.604113386982e+00  ,6.378487506625e+01  ,-1.050099372750e-02  
  7.522031947791e-03  ,8.776906884967e+00  ,6.379267204762e+01  ,-8.792391647999e-03  
  7.522043360591e-03  ,9.774173197219e+00  ,6.380054102747e+01  ,-7.339574790131e-03  
  7.522051401257e-03  ,9.973517139764e+00  ,4.096937161481e+01  ,9.861544753180e+00  
  7.522059078335e-03  ,1.000037313222e+01  ,1.058979550575e+01  ,9.861721220196e+00  
  7.522063381791e-03  ,1.018934822700e+01  ,3.392548147076e+00  ,9.862637400492e+00  
  7.522067452788e-03  ,1.046809859151e+01  ,2.665099293890e+00  ,9.863714405255e+00  
  7.522069775507e-03  ,1.062555119999e+01  ,2.745856439360e+00  ,9.864363907653e+00  
  7.522072714388e-03  ,1.081678166598e+01  ,2.800884902252e+00  ,9.865189541426e+00  
  7.522078592151e-03  ,1.117405317678e+01  ,2.810506275246e+00  ,9.866842691765e+00  
  7.522090347677e-03  ,1.180187838019e+01  ,2.805539103081e+00  ,9.870153556033e+00  
  7.522110300332e-03  ,1.264251865635e+01  ,2.804209453325e+00  ,9.875779187250e+00  
  7.522150205642e-03  ,1.373795458841e+01  ,2.808350111086e+00  ,9.887030019213e+00  
  7.522230016261e-03  ,1.477659030903e+01  ,2.813383776823e+00  ,9.909528180956e+00  
  7.522347473174e-03  ,1.516399576797e+01  ,2.822584133336e+00  ,9.942629781837e+00  
  7.522521232635e-03  ,1.497757991348e+01  ,2.836568263227e+00  ,9.991578558427e+00  
  7.522678016692e-03  ,1.497074372163e+01  ,2.849100978268e+00  ,1.003572451082e+01  
  7.522991584807e-03  ,1.501201277523e+01  ,2.874132281460e+00  ,1.012395752600e+01  
  7.523618721038e-03  ,1.499225257356e+01  ,2.924173282941e+00  ,1.030018826124e+01  
  7.524720787078e-03  ,1.499815315190e+01  ,3.011876813899e+00  ,1.060911928235e+01  
  7.526924919158e-03  ,1.500018859499e+01  ,3.186467868091e+00  ,1.122409240239e+01  
  7.531333183318e-03  ,1.499992799113e+01  ,3.532393575515e+00  ,1.244256171208e+01  
  7.532010000020e-03  ,1.500001282428e+01  ,3.585121962658e+00  ,1.262828961398e+01  
  7.532011000018e-03  ,1.442323122015e+01  ,3.585052438050e+00  ,1.262856375402e+01  
  7.532013000126e-03  ,1.321550552490e+01  ,3.584821215834e+00  ,1.262911199520e+01  
  7.532017000343e-03  ,1.067413359698e+01  ,3.584377204712e+00  ,1.263020877609e+01  
  7.532020000020e-03  ,8.649181805992e+00  ,3.584104586519e+00  ,1.263103115979e+01  
  7.532020800063e-03  ,8.545484978093e+00  ,3.584159082505e+00  ,1.263125045705e+01  
  7.532022400076e-03  ,8.340588194278e+00  ,3.584354878524e+00  ,1.263168915131e+01  
  7.532025600100e-03  ,7.945360285483e+00  ,3.584880746282e+00  ,1.263256650948e+01  
  7.532032000149e-03  ,7.209791064564e+00  ,3.585975128822e+00  ,1.263432099473e+01  
  7.532044800246e-03  ,5.933924633540e+00  ,3.588928609529e+00  ,1.263782982593e+01  
  7.532058726871e-03  ,4.792935621088e+00  ,3.598776535650e+00  ,1.264164642254e+01  
  7.532067645216e-03  ,4.356536144647e+00  ,1.397055548309e+01  ,1.264344973468e+01  
  7.532076016689e-03  ,4.341964739747e+00  ,4.349987368315e+01  ,1.264351139977e+01  
  7.532082297528e-03  ,4.134835348812e+00  ,5.282732848321e+01  ,4.008409908176e-02  
  7.532085569078e-03  ,3.936934131286e+00  ,5.285681858125e+01  ,-2.063471704419e-01  
  7.532087138170e-03  ,3.844084400244e+00  ,5.283846734448e+01  ,-4.162204416797e-03  
  7.532090276355e-03  ,3.665510525197e+00  ,5.284163772568e+01  ,1.014736915970e-02  
  7.532096552724e-03  ,3.332449875364e+00  ,5.285141482597e+01  ,5.649816085848e-03  
  7.532109105462e-03  ,2.753430719948e+00  ,5.287024795604e+01  ,4.426916607994e-03  
  7.532134210939e-03  ,1.873219317443e+00  ,5.290772704144e+01  ,3.517934060516e-03  
  7.532173514241e-03  ,9.864592536929e-01  ,5.296632110311e+01  ,2.038347555558e-03  
  7.532218116397e-03  ,4.425142933287e-01  ,5.303259199367e+01  ,1.243159836110e-03  
  7.532263624543e-03  ,1.762575559749e-01  ,5.310001634267e+01  ,8.535667712969e-04  
  7.532332742089e-03  ,5.624382106291e-02  ,5.320208325588e+01  ,6.760907221168e-04  
  7.532413828248e-03  ,4.608897385995e-03  ,5.332135086314e+01  ,5.978114446656e-04  
  7.532510137433e-03  ,-7.865252955204e-03  ,5.346235433549e+01  ,5.760416267599e-04  
  7.532702755803e-03  ,-5.377339791032e-03  ,5.374223839783e+01  ,5.725073228611e-04  
  7.532993483419e-03  ,4.390254921548e-03  ,5.415931259576e+01  ,5.760423728984e-04  
  7.533574938649e-03  ,-2.616833816035e-05  ,5.497396780948e+01  ,5.484061773072e-04  
  7.534478449697e-03  ,1.129596425402e-03  ,5.618772309567e+01  ,5.177396132748e-04  
  7.535734438771e-03  ,1.471648590208e-03  ,5.776840697774e+01  ,4.747071103993e-04  
  7.538246416921e-03  ,1.202683078155e-03  ,6.055273806096e+01  ,3.920526835476e-04  
  7.542000000020e-03  ,8.923645213025e-04  ,6.376479060785e+01  ,2.765418659242e-04  
  7.542001000018e-03  ,5.775377772401e-01  ,6.376562692807e+01  ,-1.013433958456e-03  
  7.542001884961e-03  ,1.095233228775e+00  ,6.376637051826e+01  ,-2.188072521750e-03  
  7.542003654846e-03  ,2.160395625869e+00  ,6.376785485071e+01  ,-4.505743423089e-03  
  7.542007194617e-03  ,4.413016663689e+00  ,6.377080659749e+01  ,-8.960631870834e-03  
  7.542010000020e-03  ,6.312036142662e+00  ,6.377313039350e+01  ,-1.232532956168e-02  
  7.542010707974e-03  ,6.404345248768e+00  ,6.377362162655e+01  ,-1.224578626056e-02  
  7.542012123957e-03  ,6.585091011856e+00  ,6.377459353991e+01  ,-1.198558722334e-02  
  7.542014955923e-03  ,6.937500056075e+00  ,6.377653750709e+01  ,-1.147233129830e-02  
  7.542020619854e-03  ,7.601678923260e+00  ,6.378042888791e+01  ,-1.050451671307e-02  
  7.542031947717e-03  ,8.774858390574e+00  ,6.378822410878e+01  ,-8.795446414507e-03  
  7.542043359026e-03  ,9.772332521228e+00  ,6.379609028167e+01  ,-7.342302752503e-03  
  7.542051398203e-03  ,9.973435353084e+00  ,4.106296535238e+01  ,9.860326634016e+00  
  7.542059073791e-03  ,1.000025248930e+01  ,1.068679312674e+01  ,9.860499147981e+00  
  7.542063389167e-03  ,1.018843300257e+01  ,3.397936874699e+00  ,9.861415446509e+00  
  7.542067478046e-03  ,1.046837475786e+01  ,2.663468080772e+00  ,9.862494859847e+00  
  7.542069800019e-03  ,1.062577675327e+01  ,2.745142348016e+00  ,9.863144183569e+00  
  7.542072732568e-03  ,1.081659860410e+01  ,2.800523484935e+00  ,9.863968065505e+00  
  7.542078597665e-03  ,1.117314819409e+01  ,2.810208217617e+00  ,9.865617660699e+00  
  7.542090327859e-03  ,1.179987181862e+01  ,2.805201658096e+00  ,9.868921417211e+00  
  7.542110173225e-03  ,1.263710784062e+01  ,2.803848302437e+00  ,9.874516867284e+00  
  7.542149863958e-03  ,1.373052014978e+01  ,2.807985902553e+00  ,9.885707346359e+00  
  7.542229245424e-03  ,1.477082730793e+01  ,2.812976963592e+00  ,9.908084840838e+00  
  7.542346702337e-03  ,1.516360695860e+01  ,2.822174615760e+00  ,9.941186920988e+00  
  7.542519722700e-03  ,1.497797534758e+01  ,2.836099618415e+00  ,9.989928250355e+00  
  7.542676339864e-03  ,1.497086364516e+01  ,2.848619269327e+00  ,1.003402795462e+01  
  7.542989574194e-03  ,1.501195089392e+01  ,2.873624428329e+00  ,1.012216859751e+01  
  7.543616042852e-03  ,1.499229659395e+01  ,2.923613075052e+00  ,1.029821508541e+01  
  7.544715057134e-03  ,1.499816168248e+01  ,3.011075875604e+00  ,1.060629811580e+01  
  7.546913085699e-03  ,1.500018800577e+01  ,3.185189950344e+00  ,1.121959113508e+01  
  7.551309142828e-03  ,1.499992857376e+01  ,3.530179537602e+00  ,1.243476310603e+01  
  7.552010000020e-03  ,1.500001315917e+01  ,3.584783385322e+00  ,1.262709702683e+01  
  7.552011000018e-03  ,1.442323031361e+01  ,3.584713863861e+00  ,1.262737117028e+01  
  7.552013000126e-03  ,1.321550464506e+01  ,3.584482643687e+00  ,1.262791941815e+01  
  7.552017000343e-03  ,1.067413276857e+01  ,3.584038629998e+00  ,1.262901621265e+01  
  7.552020000020e-03  ,8.649181014285e+00  ,3.583766004562e+00  ,1.262983860650e+01  
  7.552020800063e-03  ,8.545484195804e+00  ,3.583820495979e+00  ,1.263005790647e+01  
  7.552022400076e-03  ,8.340587430603e+00  ,3.584016283423e+00  ,1.263049660615e+01  
  7.552025600100e-03  ,7.945359557736e+00  ,3.584542137721e+00  ,1.263137397515e+01  
  7.552032000149e-03  ,7.209790403532e+00  ,3.585636485319e+00  ,1.263312848208e+01  
  7.552044800246e-03  ,5.933924086897e+00  ,3.588589815815e+00  ,1.263663735664e+01  
  7.552058726871e-03  ,4.792935165177e+00  ,3.598436861788e+00  ,1.264045400050e+01  
  7.552067645216e-03  ,4.356528726353e+00  ,1.396979293246e+01  ,1.264225740235e+01  
  7.552076016689e-03  ,4.341957434574e+00  ,4.349905700396e+01  ,1.264231910145e+01  
  7.552082297528e-03  ,4.134778362118e+00  ,5.282370749995e+01  ,3.982658466829e-02  
  7.552085569078e-03  ,3.936879016517e+00  ,5.285316551776e+01  ,-2.062947557015e-01  
  7.552087138357e-03  ,3.844019831060e+00  ,5.283481921138e+01  ,-4.158298579699e-03  
  7.552090276914e-03  ,3.665428241889e+00  ,5.283799017677e+01  ,1.014588843559e-02  
  7.552096554028e-03  ,3.332337245922e+00  ,5.284776723444e+01  ,5.649526214767e-03  
  7.552109108256e-03  ,2.751679875282e+00  ,5.286655185618e+01  ,4.594304263931e-03  
  7.552134216713e-03  ,1.862075327174e+00  ,5.290404373623e+01  ,3.314459810847e-03  
  7.552175367759e-03  ,9.416182651517e-01  ,5.296534614193e+01  ,1.972163541576e-03  
  7.552221358703e-03  ,4.555478849083e-01  ,5.303365456048e+01  ,1.262085054501e-03  
  7.552269453691e-03  ,1.918501115890e-01  ,5.310488509185e+01  ,8.760301255197e-04  
  7.552324361490e-03  ,8.008790210572e-02  ,5.318596700897e+01  ,7.111106429083e-04  
  7.552413053201e-03  ,6.892684807847e-03  ,5.331644039417e+01  ,6.011291786914e-04  
  7.552507848429e-03  ,2.596681796470e-03  ,5.345522266515e+01  ,5.913380245660e-04  
  7.552697438883e-03  ,7.902361067099e-04  ,5.373073327483e+01  ,5.816536312589e-04  
  7.552919048952e-03  ,1.962340382072e-03  ,5.404929646007e+01  ,5.752078211870e-04  
  7.553362269090e-03  ,1.917519356752e-03  ,5.467510821638e+01  ,5.588877527139e-04  
  7.554248709368e-03  ,1.421529577128e-03  ,5.588113550262e+01  ,5.264291438251e-04  
  7.556021589922e-03  ,1.581327213631e-03  ,5.810812538561e+01  ,4.651848129990e-04  
  7.559567351030e-03  ,9.467511116737e-04  ,6.180824332342e+01  ,3.494506115107e-04  
  7.562000000020e-03  ,1.006012455669e-03  ,6.375980475644e+01  ,2.786295616264e-04  
  7.562001000018e-03  ,5.776497700575e-01  ,6.376064099851e+01  ,-1.012405369703e-03  
  7.562001884868e-03  ,1.095288608716e+00  ,6.376138447573e+01  ,-2.188191526425e-03  
  7.562003654567e-03  ,2.160331480051e+00  ,6.376286829201e+01  ,-4.505329509856e-03  
  7.562007193965e-03  ,4.412688570813e+00  ,6.376581906613e+01  ,-8.959736174917e-03  
  7.562010000020e-03  ,6.311350077270e+00  ,6.376814297954e+01  ,-1.232639850310e-02  
  7.562010707900e-03  ,6.403656857437e+00  ,6.376863402706e+01  ,-1.224684820249e-02  
  7.562012123696e-03  ,6.584393811541e+00  ,6.376960554694e+01  ,-1.198665986189e-02  
  7.562014955289e-03  ,6.936786845030e+00  ,6.377154872208e+01  ,-1.147342742031e-02  
  7.562020618476e-03  ,7.600940662430e+00  ,6.377543852259e+01  ,-1.050564996854e-02  
  7.562031944848e-03  ,8.774094387579e+00  ,6.378323058296e+01  ,-8.796617050881e-03  
  7.562043354667e-03  ,9.771569478676e+00  ,6.379109357947e+01  ,-7.343471321775e-03  
  7.562051392354e-03  ,9.973395533642e+00  ,4.110207175471e+01  ,9.858881764385e+00  
  7.562059064962e-03  ,1.000018457676e+01  ,1.073635935313e+01  ,9.859052201481e+00  
  7.562063384808e-03  ,1.018784350971e+01  ,3.400718889497e+00  ,9.859968607545e+00  
  7.562067481883e-03  ,1.046833440794e+01  ,2.662376333496e+00  ,9.861048861127e+00  
  7.562069802738e-03  ,1.062566799087e+01  ,2.744517222272e+00  ,9.861697902377e+00  
  7.562072730817e-03  ,1.081621261158e+01  ,2.800096723350e+00  ,9.862520554407e+00  
  7.562078586973e-03  ,1.117227439912e+01  ,2.809826109830e+00  ,9.864167653858e+00  
  7.562090299286e-03  ,1.179825837485e+01  ,2.804797154214e+00  ,9.867466415917e+00  
  7.562110079087e-03  ,1.264085132945e+01  ,2.804232184267e+00  ,9.873041169110e+00  
  7.562149638690e-03  ,1.372974436804e+01  ,2.806794469105e+00  ,9.884194800408e+00  
  7.562228757895e-03  ,1.476796849242e+01  ,2.812504762572e+00  ,9.906498733208e+00  
  7.562342590846e-03  ,1.515450542395e+01  ,2.821441325272e+00  ,9.938580173787e+00  
  7.562517995394e-03  ,1.514285615256e+01  ,2.835475557400e+00  ,9.987994206485e+00  
  7.562756843127e-03  ,1.495884266414e+01  ,2.854647180210e+00  ,1.005524162251e+01  
  7.563234538592e-03  ,1.502343763361e+01  ,2.892763181655e+00  ,1.018959961340e+01  
  7.563719958819e-03  ,1.500775265883e+01  ,2.931478472072e+00  ,1.032594395048e+01  
  7.564690799273e-03  ,1.499419859684e+01  ,3.008741511802e+00  ,1.059806944609e+01  
  7.566632480181e-03  ,1.500516644669e+01  ,3.162613287248e+00  ,1.114007651884e+01  
  7.570515841998e-03  ,1.500043630209e+01  ,3.467841057858e+00  ,1.221518618603e+01  
  7.572010000020e-03  ,1.499970534353e+01  ,3.584383863053e+00  ,1.262568948091e+01  
  7.572011000018e-03  ,1.442197323433e+01  ,3.584314702963e+00  ,1.262596362863e+01  
  7.572013000126e-03  ,1.321428458026e+01  ,3.584083617208e+00  ,1.262651188281e+01  
  7.572017000343e-03  ,1.067298413022e+01  ,3.583639646639e+00  ,1.262760869464e+01  
  7.572020000020e-03  ,8.648083474462e+00  ,3.583367013056e+00  ,1.262843110046e+01  
  7.572020800063e-03  ,8.544399814877e+00  ,3.583421512749e+00  ,1.262865040360e+01  
  7.572022400076e-03  ,8.339529050733e+00  ,3.583617314824e+00  ,1.262908910969e+01  
  7.572025600100e-03  ,7.944351331978e+00  ,3.584143207714e+00  ,1.262996649149e+01  
  7.572032000149e-03  ,7.208875522009e+00  ,3.585237687402e+00  ,1.263172102391e+01  
  7.572044800246e-03  ,5.933171124889e+00  ,3.588191847372e+00  ,1.263522994946e+01  
  7.572058725381e-03  ,4.792438162722e+00  ,3.598048060072e+00  ,1.263904623952e+01  
  7.572067642236e-03  ,4.356491652307e+00  ,1.398702648906e+01  ,1.264084799425e+01  
  7.572076012218e-03  ,4.341966718283e+00  ,4.351407848381e+01  ,1.264090864346e+01  
  7.572082289332e-03  ,4.134686059813e+00  ,5.281940418096e+01  ,3.891858754881e-02  
  7.572085559765e-03  ,3.936853543255e+00  ,5.284874105719e+01  ,-2.060357803979e-01  
  7.572087129043e-03  ,3.843995348053e+00  ,5.283041933030e+01  ,-4.143449639627e-03  
  7.572090267600e-03  ,3.665404835595e+00  ,5.283359172032e+01  ,1.014079985566e-02  
  7.572096544715e-03  ,3.332315857094e+00  ,5.284336708314e+01  ,5.649204006432e-03  
  7.572109098943e-03  ,2.751662112735e+00  ,5.286214926262e+01  ,4.594249561608e-03  
  7.572134207400e-03  ,1.862063187532e+00  ,5.289963632220e+01  ,3.314393924835e-03  
  7.572175364407e-03  ,9.415075689472e-01  ,5.296093970855e+01  ,1.971953294320e-03  
  7.572221355351e-03  ,4.554943203672e-01  ,5.302923931532e+01  ,1.261958298363e-03  
  7.572269450339e-03  ,1.918275416270e-01  ,5.310046066486e+01  ,8.759487201826e-04  
  7.572324358137e-03  ,8.007846864637e-02  ,5.318153213871e+01  ,7.110486381845e-04  
  7.572413049849e-03  ,6.891854951127e-03  ,5.331198873940e+01  ,6.010801024836e-04  
  7.572507856997e-03  ,2.596042648258e-03  ,5.345077059171e+01  ,5.912892264582e-04  
  7.572697471293e-03  ,7.899902031324e-04  ,5.372628019677e+01  ,5.816053690253e-04  
  7.572919081362e-03  ,1.962122547379e-03  ,5.404480210372e+01  ,5.751606034996e-04  
  7.573362301500e-03  ,1.917308341588e-03  ,5.467053321530e+01  ,5.588425087430e-04  
  7.574248741778e-03  ,1.421323886155e-03  ,5.587640688367e+01  ,5.263876856389e-04  
  7.576021622332e-03  ,1.581156167852e-03  ,5.810312037480e+01  ,4.651505321927e-04  
  7.579567383440e-03  ,9.466297308185e-04  ,6.180280901023e+01  ,3.494290946099e-04  
  7.582000000020e-03  ,1.005937241650e-03  ,6.375414774739e+01  ,2.786165437188e-04  
  7.582001000018e-03  ,5.776496948298e-01  ,6.375498392568e+01  ,-1.012415880760e-03  
  7.582001884774e-03  ,1.095233410526e+00  ,6.375572726850e+01  ,-2.188078783472e-03  
  7.582003654287e-03  ,2.160159688009e+00  ,6.375721081687e+01  ,-4.504979498918e-03  
  7.582007193313e-03  ,4.412258471342e+00  ,6.376016105869e+01  ,-8.958948420070e-03  
  7.582010000020e-03  ,6.312132986581e+00  ,6.376248523417e+01  ,-1.232525704938e-02  
  7.582010707825e-03  ,6.404421837806e+00  ,6.376297618775e+01  ,-1.224574539118e-02  
  7.582012123435e-03  ,6.587038753057e+00  ,6.376394762684e+01  ,-1.198578134685e-02  
  7.582014954656e-03  ,6.940804874441e+00  ,6.376588995494e+01  ,-1.146758956126e-02  
  7.582020617097e-03  ,7.604544023671e+00  ,6.376977892073e+01  ,-1.050048254595e-02  
  7.582031941980e-03  ,8.776983777455e+00  ,6.377756930150e+01  ,-8.792395337944e-03  
  7.582043351799e-03  ,9.773994995641e+00  ,6.378543164398e+01  ,-7.339949341449e-03  
  7.582051390975e-03  ,9.973493523511e+00  ,4.096856593041e+01  ,9.857989569500e+00  
  7.582059066564e-03  ,1.000034660735e+01  ,1.059494646171e+01  ,9.858166067583e+00  
  7.582063370764e-03  ,1.018927346050e+01  ,3.391945196541e+00  ,9.859082213906e+00  
  7.582067442506e-03  ,1.046807380443e+01  ,2.664031825272e+00  ,9.860159322202e+00  
  7.582069765225e-03  ,1.062552748025e+01  ,2.744815878228e+00  ,9.860808849102e+00  
  7.582072703734e-03  ,1.081673555187e+01  ,2.799867746177e+00  ,9.861634410470e+00  
  7.582078580752e-03  ,1.117396768621e+01  ,2.809499138209e+00  ,9.863287410083e+00  
  7.582090334788e-03  ,1.180014000884e+01  ,2.799067772016e+00  ,9.866601315818e+00  
  7.582102635696e-03  ,1.234918295953e+01  ,2.803261449621e+00  ,9.870069818984e+00  
  7.582127237513e-03  ,1.318282323383e+01  ,2.805487701334e+00  ,9.877006477877e+00  
  7.582176441148e-03  ,1.417047021702e+01  ,2.807908244142e+00  ,9.890878585485e+00  
  7.582274848416e-03  ,1.497924187716e+01  ,2.815838251061e+00  ,9.918617457262e+00  
  7.582403212979e-03  ,1.499977599337e+01  ,2.826122297738e+00  ,9.954789333367e+00  
  7.582629281476e-03  ,1.500012889123e+01  ,2.844175268420e+00  ,1.001846118777e+01  
  7.582869082883e-03  ,1.500011445417e+01  ,2.863348847176e+00  ,1.008595625426e+01  
  7.583348685696e-03  ,1.500019468618e+01  ,2.901633752382e+00  ,1.022080863970e+01  
  7.584307891324e-03  ,1.500023971218e+01  ,2.978047274782e+00  ,1.048996343660e+01  
  7.586226302579e-03  ,1.500032411747e+01  ,3.130251655317e+00  ,1.102607977878e+01  
  7.590063125089e-03  ,1.500034188535e+01  ,3.432186996545e+00  ,1.208960019557e+01  
  7.592010000020e-03  ,1.499977401606e+01  ,3.584140383235e+00  ,1.262483186514e+01  
  7.592011000018e-03  ,1.442097530775e+01  ,3.584071554903e+00  ,1.262510601614e+01  
  7.592013000126e-03  ,1.321331603764e+01  ,3.583840592506e+00  ,1.262565427043e+01  
  7.592017000343e-03  ,1.067207228923e+01  ,3.583396661444e+00  ,1.262675109589e+01  
  7.592020000020e-03  ,8.647212197801e+00  ,3.583124022107e+00  ,1.262757350900e+01  
  7.592020800063e-03  ,8.543538984360e+00  ,3.583178529552e+00  ,1.262779281406e+01  
  7.592022400076e-03  ,8.338688861063e+00  ,3.583374345264e+00  ,1.262823152407e+01  
  7.592025600100e-03  ,7.943550956960e+00  ,3.583900271715e+00  ,1.262910891367e+01  
  7.592032000149e-03  ,7.208149247995e+00  ,3.584994864010e+00  ,1.263086346160e+01  
  7.592044800246e-03  ,5.932573390432e+00  ,3.587949715986e+00  ,1.263437241819e+01  
  7.592058725381e-03  ,4.791955526084e+00  ,3.597815699386e+00  ,1.263818874107e+01  
  7.592067642236e-03  ,4.356452817151e+00  ,1.400950057571e+01  ,1.263998872100e+01  
  7.592076012218e-03  ,4.341981300113e+00  ,4.354029174301e+01  ,1.264004774523e+01  
  7.592082285607e-03  ,4.134437854120e+00  ,5.281665233548e+01  ,3.724572047285e-02  
  7.592085556040e-03  ,3.936611187103e+00  ,5.284577496713e+01  ,-2.056138800363e-01  
  7.592088119412e-03  ,3.786403834195e+00  ,5.282866544260e+01  ,-1.704514679583e-03  
  7.592090894753e-03  ,3.630426877002e+00  ,5.283178255025e+01  ,7.836395435165e-03  
  7.592096445436e-03  ,3.337185072340e+00  ,5.284024668386e+01  ,5.599947043342e-03  
  7.592107546801e-03  ,2.819178995069e+00  ,5.285689153299e+01  ,4.578765788906e-03  
  7.592129749531e-03  ,2.007122022520e+00  ,5.289004325099e+01  ,3.657290828879e-03  
  7.592174154991e-03  ,9.672980737081e-01  ,5.295622622559e+01  ,2.010107907358e-03  
  7.592217445845e-03  ,4.397357898938e-01  ,5.302052864170e+01  ,1.239067871069e-03  
  7.592265022272e-03  ,1.637657536011e-01  ,5.309099370919e+01  ,8.351952866251e-04  
  7.592331195349e-03  ,5.550424713561e-02  ,5.318868151130e+01  ,6.749566661014e-04  
  7.592415106768e-03  ,1.370642903155e-02  ,5.331206571076e+01  ,6.109080309864e-04  
  7.592508399958e-03  ,-3.617009030239e-04  ,5.344861299195e+01  ,5.869279812862e-04  
  7.592694986338e-03  ,-3.213458156946e-03  ,5.371971654142e+01  ,5.758382814857e-04  
  7.593064821238e-03  ,5.991010330279e-05  ,5.424920648101e+01  ,5.669629496623e-04  
  7.593717134470e-03  ,2.740056071033e-03  ,5.515748035058e+01  ,5.472568096523e-04  
  7.595021760935e-03  ,6.319027057268e-04  ,5.687463251121e+01  ,4.980093832611e-04  
  7.597631013865e-03  ,2.081551053704e-03  ,5.990431342951e+01  ,4.125459419612e-04  
  7.602000000020e-03  ,1.212430458373e-04  ,6.375137297880e+01  ,2.752658363220e-04  
  7.602001000018e-03  ,5.767781471001e-01  ,6.375220955818e+01  ,-1.015109079922e-03  
  7.602001885426e-03  ,1.094759327670e+00  ,6.375295363596e+01  ,-2.189421978548e-03  
  7.602003656243e-03  ,2.160524568560e+00  ,6.375443915218e+01  ,-4.508469966503e-03  
  7.602007197877e-03  ,4.414475408936e+00  ,6.375739320854e+01  ,-8.965530325775e-03  
  7.602010000020e-03  ,6.310593201552e+00  ,6.375971501930e+01  ,-1.232734373625e-02  
  7.602010708347e-03  ,6.402965705195e+00  ,6.376020665816e+01  ,-1.224769484534e-02  
  7.602012125075e-03  ,6.583833597923e+00  ,6.376117938003e+01  ,-1.198732421920e-02  
  7.602014958530e-03  ,6.936476102722e+00  ,6.376312498919e+01  ,-1.147372743547e-02  
  7.602020625442e-03  ,7.600254043762e+00  ,6.376701970398e+01  ,-1.050656755918e-02  
  7.602031959265e-03  ,8.773582153021e+00  ,6.377482150499e+01  ,-8.797207498189e-03  
  7.602044029206e-03  ,9.824004186862e+00  ,6.378314470443e+01  ,-7.266926589965e-03  
  7.602052573532e-03  ,9.976785498244e+00  ,3.628302964575e+01  ,9.860038787666e+00  
  7.602060714036e-03  ,1.001058017217e+01  ,4.461691863784e+00  ,9.861104731323e+00  
  7.602064623356e-03  ,1.027362559820e+01  ,2.829307165305e+00  ,9.861564566501e+00  
  7.602066732615e-03  ,1.042116487545e+01  ,2.761943339958e+00  ,9.862147495402e+00  
  7.602069398805e-03  ,1.060269785946e+01  ,2.788649295699e+00  ,9.862890346766e+00  
  7.602074668601e-03  ,1.094081617309e+01  ,2.805964789366e+00  ,9.864368592530e+00  
  7.602083662942e-03  ,1.146003471216e+01  ,2.805478857319e+00  ,9.866899239813e+00  
  7.602101651624e-03  ,1.231496468276e+01  ,2.804410486255e+00  ,9.871966929890e+00  
  7.602137628987e-03  ,1.349251323758e+01  ,2.806224781656e+00  ,9.882107127029e+00  
  7.602209583714e-03  ,1.455695616269e+01  ,2.811466419382e+00  ,9.902391996704e+00  
  7.602334133580e-03  ,1.498742210335e+01  ,2.821176192080e+00  ,9.937494729357e+00  
  7.602466980412e-03  ,1.500010284683e+01  ,2.831855438141e+00  ,9.974922312048e+00  
  7.602712074712e-03  ,1.500289713751e+01  ,2.851418584321e+00  ,1.004393689009e+01  
  7.603110233739e-03  ,1.500102305685e+01  ,2.883219753096e+00  ,1.015594971162e+01  
  7.603906551793e-03  ,1.500139063318e+01  ,2.946713242991e+00  ,1.037959600107e+01  
  7.605499187901e-03  ,1.499982899001e+01  ,3.073271639872e+00  ,1.082537572865e+01  
  7.608684460118e-03  ,1.500000528446e+01  ,3.324679228146e+00  ,1.171092009300e+01  
  7.612010000020e-03  ,1.499989435563e+01  ,3.584745935524e+00  ,1.262696474104e+01  
  7.612011000018e-03  ,1.442325257146e+01  ,3.584676334181e+00  ,1.262723888448e+01  
  7.612013000126e-03  ,1.321552624725e+01  ,3.584445084613e+00  ,1.262778713536e+01  
  7.612017000343e-03  ,1.067415310600e+01  ,3.584001061251e+00  ,1.262888392950e+01  
  7.612020000020e-03  ,8.649200446991e+00  ,3.583728437866e+00  ,1.262970632448e+01  
  7.612020800063e-03  ,8.545503395506e+00  ,3.583782927939e+00  ,1.262992562475e+01  
  7.612022400076e-03  ,8.340606169915e+00  ,3.583978713537e+00  ,1.263036432503e+01  
  7.612025600100e-03  ,7.945377409003e+00  ,3.584504565506e+00  ,1.263124169523e+01  
  7.612032000149e-03  ,7.209806601993e+00  ,3.585598906064e+00  ,1.263299620457e+01  
  7.612044800246e-03  ,5.933937418145e+00  ,3.588552202048e+00  ,1.263650508394e+01  
  7.612058726871e-03  ,4.792945927317e+00  ,3.598398917818e+00  ,1.264032173307e+01  
  7.612067645216e-03  ,4.356528655192e+00  ,1.396919226937e+01  ,1.264212518268e+01  
  7.612076016689e-03  ,4.341956178420e+00  ,4.349836550563e+01  ,1.264218687607e+01  
  7.612082296038e-03  ,4.134669238831e+00  ,5.281145887808e+01  ,3.910282477633e-02  
  7.612085567588e-03  ,3.936772609086e+00  ,5.284082930924e+01  ,-2.061532351646e-01  
  7.612087137053e-03  ,3.843905301576e+00  ,5.282249708180e+01  ,-4.148499647995e-03  
  7.612090275982e-03  ,3.665298311654e+00  ,5.282567061609e+01  ,1.014301867633e-02  
  7.612096553842e-03  ,3.332181304185e+00  ,5.283544996758e+01  ,5.649302442302e-03  
  7.612109109560e-03  ,2.753083344638e+00  ,5.285428836403e+01  ,4.426765817069e-03  
  7.612134220997e-03  ,1.864191578513e+00  ,5.289179839676e+01  ,3.316797329443e-03  
  7.612175866762e-03  ,9.348801294057e-01  ,5.295386224891e+01  ,1.962670511280e-03  
  7.612222125927e-03  ,3.971862404281e-01  ,5.302258384467e+01  ,1.177186767939e-03  
  7.612268438736e-03  ,1.916269787836e-01  ,5.309117986001e+01  ,8.759031662419e-04  
  7.612330630222e-03  ,5.758645199564e-02  ,5.318302058212e+01  ,6.782423447089e-04  
  7.612396743694e-03  ,2.030377278603e-02  ,5.328031795094e+01  ,6.214438169195e-04  
  7.612528970638e-03  ,1.731106028606e-03  ,5.347390961375e+01  ,5.894422783099e-04  
  7.612669089237e-03  ,-1.046819737377e-03  ,5.367760091230e+01  ,5.801880537785e-04  
  7.612949326435e-03  ,3.092249999703e-04  ,5.408048392191e+01  ,5.718089164120e-04  
  7.613395884434e-03  ,1.567285268583e-03  ,5.471001906845e+01  ,5.573081866331e-04  
  7.614289000431e-03  ,1.675715931909e-03  ,5.592279948318e+01  ,5.255388101712e-04  
  7.616075232426e-03  ,1.354517441170e-03  ,5.816044310316e+01  ,4.631923502714e-04  
  7.619647696415e-03  ,1.145524142701e-03  ,6.187033791101e+01  ,3.474135500969e-04  
  7.622000000020e-03  ,8.845765790367e-04  ,6.375087151725e+01  ,2.762886904965e-04  
  7.622001000018e-03  ,5.775301643332e-01  ,6.375170845234e+01  ,-1.012247508454e-03  
  7.622001884774e-03  ,1.095115485685e+00  ,6.375245268878e+01  ,-2.187885713467e-03  
  7.622003654287e-03  ,2.160044915560e+00  ,6.375393802955e+01  ,-4.504787183935e-03  
  7.622007193313e-03  ,4.412149761192e+00  ,6.375689185530e+01  ,-8.958748252580e-03  
  7.622010000020e-03  ,6.312028858541e+00  ,6.375921887286e+01  ,-1.232505015301e-02  
  7.622010707825e-03  ,6.404318828714e+00  ,6.375971054444e+01  ,-1.224553775777e-02  
  7.622012123435e-03  ,6.586937958090e+00  ,6.376068341958e+01  ,-1.198557040091e-02  
  7.622014954656e-03  ,6.940708368676e+00  ,6.376262861932e+01  ,-1.146737244017e-02  
  7.622020617097e-03  ,7.604455565343e+00  ,6.376652332831e+01  ,-1.050025383884e-02  
  7.622031941980e-03  ,8.776909534225e+00  ,6.377432519400e+01  ,-8.792145988426e-03  
  7.622043351799e-03  ,9.773932840508e+00  ,6.378219910521e+01  ,-7.339682454567e-03  
  7.622051390975e-03  ,9.973518467269e+00  ,4.097062144439e+01  ,9.862669109795e+00  
  7.622059066564e-03  ,1.000037460701e+01  ,1.059736640448e+01  ,9.862845685297e+00  
  7.622063370764e-03  ,1.018928088765e+01  ,3.393292247142e+00  ,9.863761722384e+00  
  7.622067442506e-03  ,1.046808030802e+01  ,2.665344725270e+00  ,9.864838727273e+00  
  7.622069764852e-03  ,1.062550930393e+01  ,2.746151492591e+00  ,9.865488123474e+00  
  7.622072703361e-03  ,1.081671816141e+01  ,2.801204527952e+00  ,9.866313644668e+00  
  7.622078580379e-03  ,1.117395169579e+01  ,2.810829059141e+00  ,9.867966565909e+00  
  7.622090334415e-03  ,1.180172002937e+01  ,2.805858989821e+00  ,9.871276972076e+00  
  7.622110281110e-03  ,1.264218377166e+01  ,2.804527894021e+00  ,9.876900859041e+00  
  7.622150174498e-03  ,1.373752404689e+01  ,2.808668231504e+00  ,9.888148203103e+00  
  7.622229961276e-03  ,1.477626844916e+01  ,2.813699419787e+00  ,9.910639391260e+00  
  7.622347418189e-03  ,1.516397678241e+01  ,2.822899504563e+00  ,9.943740621534e+00  
  7.622521129966e-03  ,1.497760458834e+01  ,2.836879657191e+00  ,9.992675421036e+00  
  7.622677914023e-03  ,1.497074946500e+01  ,2.849412239245e+00  ,1.003682088531e+01  
  7.622991482138e-03  ,1.501201043141e+01  ,2.874443268070e+00  ,1.012505292491e+01  
  7.623618618369e-03  ,1.499225410198e+01  ,2.924483715088e+00  ,1.030128171161e+01  
  7.624720493674e-03  ,1.499815352147e+01  ,3.012171121143e+00  ,1.061015593410e+01  
  7.626924244284e-03  ,1.500018859009e+01  ,3.186730217144e+00  ,1.122501648625e+01  
  7.631331745505e-03  ,1.499992799618e+01  ,3.532593164951e+00  ,1.244326473516e+01  
  7.632010000020e-03  ,1.500001284126e+01  ,3.585433075968e+00  ,1.262938546268e+01  
  7.632011000018e-03  ,1.442323112708e+01  ,3.585363548662e+00  ,1.262965959962e+01  
  7.632013000126e-03  ,1.321550543456e+01  ,3.585132324640e+00  ,1.263020783456e+01  
  7.632017000343e-03  ,1.067413351201e+01  ,3.584688315876e+00  ,1.263130460302e+01  
  7.632020000020e-03  ,8.649181724939e+00  ,3.584415704377e+00  ,1.263212697738e+01  
  7.632020800063e-03  ,8.545484898079e+00  ,3.584470204563e+00  ,1.263234627215e+01  
  7.632022400076e-03  ,8.340588116316e+00  ,3.584666008474e+00  ,1.263278496144e+01  
  7.632025600100e-03  ,7.945360211455e+00  ,3.585191888642e+00  ,1.263366230965e+01  
  7.632032000149e-03  ,7.209790997998e+00  ,3.586286303416e+00  ,1.263541677499e+01  
  7.632044800246e-03  ,5.933924581149e+00  ,3.589239922894e+00  ,1.263892556635e+01  
  7.632058726871e-03  ,4.792935592155e+00  ,3.599088667418e+00  ,1.264274211953e+01  
  7.632067645216e-03  ,4.356542929817e+00  ,1.397127753917e+01  ,1.264454534221e+01  
  7.632076016689e-03  ,4.341971470129e+00  ,4.350064895393e+01  ,1.264460690310e+01  
  7.632082296038e-03  ,4.134666483320e+00  ,5.281244427588e+01  ,3.901460519492e-02  
  7.632085567588e-03  ,3.936769716918e+00  ,5.284180407814e+01  ,-2.061244264235e-01  
  7.632087137239e-03  ,3.843891707580e+00  ,5.282347558161e+01  ,-4.145801966414e-03  
  7.632090276541e-03  ,3.665264678915e+00  ,5.282665149386e+01  ,1.014211851874e-02  
  7.632096555145e-03  ,3.332112985039e+00  ,5.283643478577e+01  ,5.649308011080e-03  
  7.632109112354e-03  ,2.752964252008e+00  ,5.285528127401e+01  ,4.426836219542e-03  
  7.632134226771e-03  ,1.872639003904e+00  ,5.289278722874e+01  ,3.517077720176e-03  
  7.632173524113e-03  ,9.862473130882e-01  ,5.295139344610e+01  ,2.038329965221e-03  
  7.632218126269e-03  ,4.424234880638e-01  ,5.301768831443e+01  ,1.243319802509e-03  
  7.632263634415e-03  ,1.762239390570e-01  ,5.308513717578e+01  ,8.538095316352e-04  
  7.632332740040e-03  ,5.624735101507e-02  ,5.318722382249e+01  ,6.763875028825e-04  
  7.632413838120e-03  ,4.608135804723e-03  ,5.330655289618e+01  ,5.981008719319e-04  
  7.632510123463e-03  ,-7.861438808232e-03  ,5.344757382392e+01  ,5.763378555963e-04  
  7.632702694150e-03  ,-5.375323123154e-03  ,5.372749435781e+01  ,5.728012087388e-04  
  7.632993374081e-03  ,4.389916963450e-03  ,5.414466212042e+01  ,5.763323776651e-04  
  7.633574733945e-03  ,-2.470556465814e-05  ,5.495951532368e+01  ,5.486979809450e-04  
  7.634478054257e-03  ,1.130450673688e-03  ,5.617355086428e+01  ,5.180309380489e-04  
  7.635733852597e-03  ,1.472408763151e-03  ,5.775478020934e+01  ,4.749966488413e-04  
  7.638245449277e-03  ,1.203535838728e-03  ,6.054037923885e+01  ,3.923406676373e-04  
  7.642000000020e-03  ,8.931395308192e-04  ,6.375580658672e+01  ,2.767824072908e-04  
  7.642001000018e-03  ,5.775385523442e-01  ,6.375664355853e+01  ,-1.013188177222e-03  
  7.642001884868e-03  ,1.095178880748e+00  ,6.375738764744e+01  ,-2.187702824797e-03  
  7.642003654567e-03  ,2.160224682988e+00  ,6.375887297838e+01  ,-4.505136617581e-03  
  7.642007193965e-03  ,4.412587408970e+00  ,6.376182672572e+01  ,-8.959587432927e-03  
  7.642010000020e-03  ,6.311253174718e+00  ,6.376415299523e+01  ,-1.232624040820e-02  
  7.642010707900e-03  ,6.403560994970e+00  ,6.376464463728e+01  ,-1.224668786348e-02  
  7.642012123696e-03  ,6.584299985547e+00  ,6.376561734524e+01  ,-1.198649855824e-02  
  7.642014955289e-03  ,6.936696989750e+00  ,6.376756290162e+01  ,-1.147326017892e-02  
  7.642020618476e-03  ,7.600858290681e+00  ,6.377145746049e+01  ,-1.050547114286e-02  
  7.642031944848e-03  ,8.774025234633e+00  ,6.377925903687e+01  ,-8.796419033088e-03  
  7.642043354667e-03  ,9.771511564990e+00  ,6.378713161792e+01  ,-7.343257625809e-03  
  7.642051392354e-03  ,9.973415773321e+00  ,4.110278853144e+01  ,9.862625386167e+00  
  7.642059064962e-03  ,1.000020838132e+01  ,1.073744948598e+01  ,9.862795973800e+00  
  7.642063384808e-03  ,1.018786501420e+01  ,3.401729005629e+00  ,9.863712261161e+00  
  7.642067481883e-03  ,1.046835508869e+01  ,2.663433871669e+00  ,9.864792463512e+00  
  7.642069802366e-03  ,1.062566344715e+01  ,2.745590061530e+00  ,9.865441379620e+00  
  7.642072730817e-03  ,1.081623189354e+01  ,2.801168926845e+00  ,9.866264103570e+00  
  7.642078587718e-03  ,1.117233535787e+01  ,2.810889514268e+00  ,9.867911350016e+00  
  7.642090301521e-03  ,1.179838288642e+01  ,2.805859714212e+00  ,9.871210407147e+00  
  7.642110087283e-03  ,1.263382074804e+01  ,2.804492144546e+00  ,9.876788922386e+00  
  7.642149658806e-03  ,1.372622469088e+01  ,2.808627984882e+00  ,9.887945537260e+00  
  7.642228801854e-03  ,1.476757217417e+01  ,2.813594851247e+00  ,9.910255324859e+00  
  7.642346246846e-03  ,1.516337921151e+01  ,2.822789719228e+00  ,9.943353321244e+00  
  7.642518861897e-03  ,1.497819415515e+01  ,2.836681890495e+00  ,9.991979437416e+00  
  7.642675336010e-03  ,1.497093641359e+01  ,2.849189883081e+00  ,1.003603795986e+01  
  7.642988284237e-03  ,1.501191014224e+01  ,2.874171737441e+00  ,1.012409634746e+01  
  7.643614180691e-03  ,1.499232628507e+01  ,2.924113772476e+00  ,1.029997875833e+01  
  7.644711478360e-03  ,1.499816705666e+01  ,3.011438620896e+00  ,1.060757583780e+01  
  7.646906073697e-03  ,1.500018753280e+01  ,3.185279327594e+00  ,1.121990595211e+01  
  7.651295264370e-03  ,1.499992903165e+01  ,3.529732285311e+00  ,1.243318772980e+01  
  7.652010000020e-03  ,1.500001335364e+01  ,3.585417222410e+00  ,1.262932962006e+01  
  7.652011000018e-03  ,1.442322995450e+01  ,3.585347695459e+00  ,1.262960375718e+01  
  7.652013000126e-03  ,1.321550429652e+01  ,3.585116471605e+00  ,1.263015199232e+01  
  7.652017000343e-03  ,1.067413244058e+01  ,3.584672462710e+00  ,1.263124876151e+01  
  7.652020000020e-03  ,8.649180701170e+00  ,3.584399850931e+00  ,1.263207113634e+01  
  7.652020800063e-03  ,8.545483886581e+00  ,3.584454350903e+00  ,1.263229043124e+01  
  7.652022400076e-03  ,8.340587129065e+00  ,3.584650154425e+00  ,1.263272912079e+01  
  7.652025600100e-03  ,7.945359270976e+00  ,3.585176034014e+00  ,1.263360646950e+01  
  7.652032000149e-03  ,7.209790144560e+00  ,3.586270447307e+00  ,1.263536093586e+01  
  7.652044800246e-03  ,5.933923878637e+00  ,3.589224060658e+00  ,1.263886972925e+01  
  7.652058726871e-03  ,4.792935024260e+00  ,3.599072775725e+00  ,1.264268628464e+01  
  7.652067645216e-03  ,4.356542544484e+00  ,1.397126792049e+01  ,1.264448951066e+01  
  7.652076016689e-03  ,4.341971150699e+00  ,4.350064109469e+01  ,1.264455108776e+01  
  7.652082296038e-03  ,4.134734754129e+00  ,5.281646710264e+01  ,3.936852913046e-02  
  7.652085567215e-03  ,3.936857829622e+00  ,5.284586846463e+01  ,-2.061851284133e-01  
  7.652087136494e-03  ,3.843999322756e+00  ,5.282753368030e+01  ,-4.151644742450e-03  
  7.652090275051e-03  ,3.665408694174e+00  ,5.283070739259e+01  ,1.014414355006e-02  
  7.652096552165e-03  ,3.332319499259e+00  ,5.284048803832e+01  ,5.649683592765e-03  
  7.652109106393e-03  ,2.751665319223e+00  ,5.285928022816e+01  ,4.594565499985e-03  
  7.652134214850e-03  ,1.862065691336e+00  ,5.289678727618e+01  ,3.314721018399e-03  
  7.652175371857e-03  ,9.415093235248e-01  ,5.295812341905e+01  ,1.972279089559e-03  
  7.652221362801e-03  ,4.554956612026e-01  ,5.302645961132e+01  ,1.262282746496e-03  
  7.652269457789e-03  ,1.918286576994e-01  ,5.309771919513e+01  ,8.762721142283e-04  
  7.652324359627e-03  ,8.008805392123e-02  ,5.317882549547e+01  ,7.113837564424e-04  
  7.652413051339e-03  ,6.895358864091e-03  ,5.330935252244e+01  ,6.014050124717e-04  
  7.652507846566e-03  ,2.597726328412e-03  ,5.344819214135e+01  ,5.916105009193e-04  
  7.652697437020e-03  ,7.906008850097e-04  ,5.372381748485e+01  ,5.819231286691e-04  
  7.652919047089e-03  ,1.963158741202e-03  ,5.404251483849e+01  ,5.754757379483e-04  
  7.653362267228e-03  ,1.918336629525e-03  ,5.466859504940e+01  ,5.591512123121e-04  
  7.654248707505e-03  ,1.422189663705e-03  ,5.587515936248e+01  ,5.266840459912e-04  
  7.656021588059e-03  ,1.582108393721e-03  ,5.810322056263e+01  ,4.654245519903e-04  
  7.659567349167e-03  ,9.474014959376e-04  ,6.180544630810e+01  ,3.496642872312e-04  
  7.662000000020e-03  ,1.006741412786e-03  ,6.375841165608e+01  ,2.788305371003e-04  
  7.662001000018e-03  ,5.776504982794e-01  ,6.375924846412e+01  ,-1.012204611885e-03  
  7.662001884774e-03  ,1.095234213336e+00  ,6.375999236386e+01  ,-2.187867866439e-03  
  7.662003654287e-03  ,2.160160489561e+00  ,6.376147702595e+01  ,-4.504768473916e-03  
  7.662007193313e-03  ,4.412259270476e+00  ,6.376442949523e+01  ,-8.958737308782e-03  
  7.662010000020e-03  ,6.312133783886e+00  ,6.376675543722e+01  ,-1.232504589163e-02  
  7.662010707825e-03  ,6.404422634676e+00  ,6.376724683691e+01  ,-1.224553219230e-02  
  7.662012123435e-03  ,6.587039549074e+00  ,6.376821916868e+01  ,-1.198556774118e-02  
  7.662014954656e-03  ,6.940805668805e+00  ,6.377016328213e+01  ,-1.146737616905e-02  
  7.662020617097e-03  ,7.604544814924e+00  ,6.377405581799e+01  ,-1.050026926259e-02  
  7.662031941980e-03  ,8.776984563173e+00  ,6.378185333656e+01  ,-8.792182183112e-03  
  7.662043351799e-03  ,9.773995776598e+00  ,6.378972286708e+01  ,-7.339736337894e-03  
  7.662051390975e-03  ,9.973511411100e+00  ,4.097428563567e+01  ,9.861551095506e+00  
  7.662059066564e-03  ,1.000036146959e+01  ,1.060055309326e+01  ,9.861727262568e+00  
  7.662063370764e-03  ,1.018920957785e+01  ,3.393269382714e+00  ,9.862643444865e+00  
  7.662067443251e-03  ,1.046805992579e+01  ,2.664957770946e+00  ,9.863720527114e+00  
  7.662069765597e-03  ,1.062549004696e+01  ,2.745809601116e+00  ,9.864369931878e+00  
  7.662072703361e-03  ,1.081665264504e+01  ,2.800882269998e+00  ,9.865195255327e+00  
  7.662078578889e-03  ,1.117380504370e+01  ,2.810514538084e+00  ,9.866847776069e+00  
  7.662090329945e-03  ,1.179985811672e+01  ,2.800077044030e+00  ,9.870160722393e+00  
  7.662102627873e-03  ,1.234882631233e+01  ,2.804272169151e+00  ,9.873628260934e+00  
  7.662127223730e-03  ,1.318240850062e+01  ,2.806498179025e+00  ,9.880562990689e+00  
  7.662176415443e-03  ,1.417010656790e+01  ,2.808916840107e+00  ,9.894431240769e+00  
  7.662274798870e-03  ,1.497906919552e+01  ,2.816844736355e+00  ,9.922162400638e+00  
  7.662403163433e-03  ,1.499977367179e+01  ,2.827128356485e+00  ,9.958332985047e+00  
  7.662629160404e-03  ,1.500012945820e+01  ,2.845174947112e+00  ,1.002198242792e+01  
  7.662868914127e-03  ,1.500011494069e+01  ,2.864344044568e+00  ,1.008946168184e+01  
  7.663348421573e-03  ,1.500019585608e+01  ,2.902619987961e+00  ,1.022428250176e+01  
  7.664307436466e-03  ,1.500024127176e+01  ,2.979015654549e+00  ,1.049337440551e+01  
  7.666225466251e-03  ,1.500032640215e+01  ,3.131184592506e+00  ,1.102936590882e+01  
  7.670061525821e-03  ,1.500034433433e+01  ,3.433050114391e+00  ,1.209264039924e+01  
  7.672010000020e-03  ,1.499977184514e+01  ,3.585123220080e+00  ,1.262829375273e+01  
  7.672011000018e-03  ,1.442095256595e+01  ,3.585054390028e+00  ,1.262856789391e+01  
  7.672013000126e-03  ,1.321329396545e+01  ,3.584823424405e+00  ,1.262911612843e+01  
  7.672017000343e-03  ,1.067205150945e+01  ,3.584379501637e+00  ,1.263021291468e+01  
  7.672020000020e-03  ,8.647192342880e+00  ,3.584106883485e+00  ,1.263103529830e+01  
  7.672020800063e-03  ,8.543519367703e+00  ,3.584161404450e+00  ,1.263125459549e+01  
  7.672022400076e-03  ,8.338669715193e+00  ,3.584357245549e+00  ,1.263169328978e+01  
  7.672025600100e-03  ,7.943532719132e+00  ,3.584883212215e+00  ,1.263257064794e+01  
  7.672032000149e-03  ,7.208132700611e+00  ,3.585977909543e+00  ,1.263432513295e+01  
  7.672044800246e-03  ,5.932559779300e+00  ,3.588933218483e+00  ,1.263783396367e+01  
  7.672058725381e-03  ,4.791944578453e+00  ,3.598802028678e+00  ,1.264165014935e+01  
  7.672067642236e-03  ,4.356473502963e+00  ,1.401230017545e+01  ,1.264344982085e+01  
  7.672076012218e-03  ,4.342002998291e+00  ,4.354334346090e+01  ,1.264350867608e+01  
  7.672082285607e-03  ,4.134473985978e+00  ,5.282021374180e+01  ,3.732642615369e-02  
  7.672085556040e-03  ,3.936645885145e+00  ,5.284934682749e+01  ,-2.056185077952e-01  
  7.672088119412e-03  ,3.786437239855e+00  ,5.283223852043e+01  ,-1.704714337132e-03  
  7.672090894753e-03  ,3.630458941343e+00  ,5.283535730415e+01  ,7.836641601808e-03  
  7.672096445436e-03  ,3.337214610334e+00  ,5.284382488578e+01  ,5.600210687413e-03  
  7.672107546801e-03  ,2.819204061903e+00  ,5.286047666065e+01  ,4.579022596796e-03  
  7.672129749531e-03  ,2.007140079990e+00  ,5.289364222291e+01  ,3.657537461917e-03  
  7.672174154991e-03  ,9.673071554445e-01  ,5.295985285545e+01  ,2.010340722722e-03  
  7.672217445845e-03  ,4.397403172396e-01  ,5.302418219646e+01  ,1.239293524153e-03  
  7.672265022272e-03  ,1.637678979382e-01  ,5.309467681000e+01  ,8.354168547911e-04  
  7.672331195349e-03  ,5.550545550670e-02  ,5.319240562999e+01  ,6.751760166729e-04  
  7.672415106768e-03  ,1.370727465180e-02  ,5.331584171327e+01  ,6.111257705603e-04  
  7.672508399958e-03  ,-3.609789331077e-04  ,5.345244650881e+01  ,5.871443436342e-04  
  7.672694986338e-03  ,-3.212765285531e-03  ,5.372366454606e+01  ,5.760522265363e-04  
  7.673064821238e-03  ,6.062223893823e-05  ,5.425337926120e+01  ,5.671722904388e-04  
  7.673717134470e-03  ,2.740775180503e-03  ,5.516204252223e+01  ,5.474583209532e-04  
  7.675021760935e-03  ,6.325702112615e-04  ,5.687994560361e+01  ,4.981958870812e-04  
  7.677631013865e-03  ,2.082160458576e-03  ,5.991101157203e+01  ,4.127056084350e-04  
  7.682000000020e-03  ,1.217086867257e-04  ,6.376002024766e+01  ,2.753873625572e-04  
  7.682001000018e-03  ,5.767786127839e-01  ,6.376085721814e+01  ,-1.014990431562e-03  
  7.682001885520e-03  ,1.094814918425e+00  ,6.376160172019e+01  ,-2.189426635823e-03  
  7.682003656523e-03  ,2.160696762537e+00  ,6.376308808405e+01  ,-4.508711903949e-03  
  7.682007198529e-03  ,4.414905944756e+00  ,6.376604383213e+01  ,-8.966209887615e-03  
  7.682010000020e-03  ,6.310594249019e+00  ,6.376836619560e+01  ,-1.232722406338e-02  
  7.682010708421e-03  ,6.402976359436e+00  ,6.376885816266e+01  ,-1.224755786124e-02  
  7.682012125149e-03  ,6.585378860198e+00  ,6.376983150930e+01  ,-1.198694788954e-02  
  7.682014958605e-03  ,6.939179348912e+00  ,6.377177793285e+01  ,-1.146967347113e-02  
  7.682020625517e-03  ,7.603705695952e+00  ,6.377567480680e+01  ,-1.050146771308e-02  
  7.682031959340e-03  ,8.774676400106e+00  ,6.378348138171e+01  ,-8.795455014724e-03  
  7.682044029280e-03  ,9.824218411958e+00  ,6.379180940948e+01  ,-7.266493405971e-03  
  7.682052572116e-03  ,9.976794444076e+00  ,3.629737652851e+01  ,9.862871885356e+00  
  7.682060711130e-03  ,1.001055591970e+01  ,4.479950507688e+00  ,9.863931148504e+00  
  7.682064621195e-03  ,1.027336553600e+01  ,2.832339395524e+00  ,9.864396262890e+00  
  7.682066733435e-03  ,1.042109628724e+01  ,2.762864530261e+00  ,9.864979779998e+00  
  7.682069402978e-03  ,1.060285187800e+01  ,2.789271162889e+00  ,9.865723610335e+00  
  7.682074666068e-03  ,1.094068038715e+01  ,2.818698850966e+00  ,9.867172887115e+00  
  7.682083751306e-03  ,1.146474374758e+01  ,2.808096974848e+00  ,9.869769543805e+00  
  7.682101921782e-03  ,1.232619774736e+01  ,2.804926410482e+00  ,9.874892532310e+00  
  7.682138262734e-03  ,1.348160373178e+01  ,2.807353971625e+00  ,9.885138459851e+00  
  7.682210944637e-03  ,1.464245770701e+01  ,2.812319122915e+00  ,9.905627594206e+00  
  7.682320378765e-03  ,1.514659002846e+01  ,2.820844723963e+00  ,9.936469724143e+00  
  7.682480429157e-03  ,1.516702342707e+01  ,2.833638610116e+00  ,9.981560187625e+00  
  7.682702277645e-03  ,1.495757650925e+01  ,2.851463921988e+00  ,1.004402702729e+01  
  7.683114312634e-03  ,1.502193734550e+01  ,2.884343700643e+00  ,1.015994106405e+01  
  7.683514426693e-03  ,1.500844697724e+01  ,2.916268984455e+00  ,1.027237188858e+01  
  7.684314654812e-03  ,1.499403776821e+01  ,2.980005385596e+00  ,1.049685086268e+01  
  7.685915111050e-03  ,1.500515623195e+01  ,3.107026972970e+00  ,1.094428215192e+01  
  7.689116023525e-03  ,1.500051893563e+01  ,3.359360055168e+00  ,1.183307879918e+01  
  7.692010000020e-03  ,1.499960073204e+01  ,3.585528161370e+00  ,1.262971979663e+01  
  7.692011000018e-03  ,1.441970626267e+01  ,3.585459681045e+00  ,1.262999393377e+01  
  7.692013000126e-03  ,1.321208435934e+01  ,3.585228842912e+00  ,1.263054216013e+01  
  7.692017000343e-03  ,1.067091271771e+01  ,3.584784969130e+00  ,1.263163893020e+01  
  7.692020000020e-03  ,8.646104211967e+00  ,3.584512359603e+00  ,1.263246130166e+01  
  7.692020800063e-03  ,8.542444283054e+00  ,3.584566899731e+00  ,1.263268059557e+01  
  7.692022400076e-03  ,8.337620409041e+00  ,3.584762775794e+00  ,1.263311928340e+01  
  7.692025600100e-03  ,7.942533137730e+00  ,3.585288812759e+00  ,1.263399662864e+01  
  7.692032000149e-03  ,7.207225664699e+00  ,3.586383724411e+00  ,1.263575108763e+01  
  7.692044800246e-03  ,5.931813280562e+00  ,3.589340215442e+00  ,1.263925986633e+01  
  7.692058725381e-03  ,4.791341854244e+00  ,3.599223132522e+00  ,1.264307599406e+01  
  7.692067642236e-03  ,4.356440515445e+00  ,1.404201160953e+01  ,1.264487326035e+01  
  7.692076010728e-03  ,4.342037247025e+00  ,4.357246137249e+01  ,1.264493021288e+01  
  7.692082280392e-03  ,4.134285576610e+00  ,5.282243140313e+01  ,3.584761650768e-02  
  7.692085550079e-03  ,3.936505002351e+00  ,5.285137021500e+01  ,-2.051981890503e-01  
  7.692088114196e-03  ,3.786259525665e+00  ,5.283430408395e+01  ,-1.680949396475e-03  
  7.692090889910e-03  ,3.630267979704e+00  ,5.283742696280e+01  ,7.832133414060e-03  
  7.692096441338e-03  ,3.337001167624e+00  ,5.284589658984e+01  ,5.599592435377e-03  
  7.692107544193e-03  ,2.817843747574e+00  ,5.286251109962e+01  ,4.700060464390e-03  
  7.692129749903e-03  ,1.998926576419e+00  ,5.289568955025e+01  ,3.514414966539e-03  
  7.692174161324e-03  ,9.575155193015e-01  ,5.296188775359e+01  ,1.995593949818e-03  
  7.692219556222e-03  ,4.679892021299e-01  ,5.302934288163e+01  ,1.280517253215e-03  
  7.692268306861e-03  ,2.163080928045e-01  ,5.310157533747e+01  ,9.119505819180e-04  
  7.692322380194e-03  ,9.152510909560e-02  ,5.318146372106e+01  ,7.280661762167e-04  
  7.692414016375e-03  ,1.792032498141e-02  ,5.331632353063e+01  ,6.173986494120e-04  
  7.692525560508e-03  ,-5.697663519739e-03  ,5.347961204215e+01  ,5.788085370775e-04  
  7.692711836943e-03  ,-6.522382977527e-03  ,5.375018271633e+01  ,5.706855419534e-04  
  7.693028790602e-03  ,-5.150774276482e-04  ,5.420446589362e+01  ,5.677439403939e-04  
  7.693596799025e-03  ,3.046515252595e-03  ,5.499926073395e+01  ,5.523158285123e-04  
  7.694732815871e-03  ,4.537314364337e-04  ,5.651361685569e+01  ,5.080992876079e-04  
  7.697004849562e-03  ,2.314438122475e-03  ,5.923641850191e+01  ,4.336306269132e-04  
  7.701548916945e-03  ,-2.738479327126e-05  ,6.343797304007e+01  ,2.880009338691e-04  
  7.702000000020e-03  ,1.383172512736e-03  ,6.376404350424e+01  ,2.806810583685e-04  
  7.702001000018e-03  ,5.780213436820e-01  ,6.376488078872e+01  ,-1.010897918801e-03  
  7.702001884588e-03  ,1.095489890803e+00  ,6.376562499424e+01  ,-2.187193259888e-03  
  7.702003653729e-03  ,2.160173314398e+00  ,6.376711006963e+01  ,-4.503427346809e-03  
  7.702007192009e-03  ,4.411736903702e+00  ,6.377006341092e+01  ,-8.956511536664e-03  
  7.702010000020e-03  ,6.311672651943e+00  ,6.377239171879e+01  ,-1.232559412417e-02  
  7.702010707676e-03  ,6.403947182255e+00  ,6.377288331275e+01  ,-1.224608921916e-02  
  7.702012122914e-03  ,6.586526658308e+00  ,6.377385598500e+01  ,-1.198617551034e-02  
  7.702014953389e-03  ,6.940223193587e+00  ,6.377580077517e+01  ,-1.146808732737e-02  
  7.702020614341e-03  ,7.603842857598e+00  ,6.377969466530e+01  ,-1.050115525167e-02  
  7.702031936243e-03  ,8.776108532491e+00  ,6.378749488576e+01  ,-8.793321802523e-03  
  7.702043341592e-03  ,9.772897052728e+00  ,6.379536611588e+01  ,-7.341200039095e-03  
  7.702051376298e-03  ,9.973468987582e+00  ,4.105525023941e+01  ,9.864218575395e+00  
  7.702059047416e-03  ,1.000025935199e+01  ,1.069607200786e+01  ,9.864390041028e+00  
  7.702063359812e-03  ,1.018809481913e+01  ,3.400091482456e+00  ,9.865306880259e+00  
  7.702067447200e-03  ,1.046794256212e+01  ,2.664437987778e+00  ,9.866385256679e+00  
  7.702069766938e-03  ,1.062521191436e+01  ,2.746169477599e+00  ,9.867033956957e+00  
  7.702072696134e-03  ,1.081584607388e+01  ,2.801615152481e+00  ,9.867856875887e+00  
  7.702078554526e-03  ,1.117206922864e+01  ,2.811325935026e+00  ,9.869504522481e+00  
  7.702090271309e-03  ,1.179672745715e+01  ,2.800795176429e+00  ,9.872807714055e+00  
  7.702102496221e-03  ,1.234322393649e+01  ,2.805018075766e+00  ,9.876254574368e+00  
  7.702126946047e-03  ,1.317438382551e+01  ,2.807243319380e+00  ,9.883147949137e+00  
  7.702175845697e-03  ,1.416214565051e+01  ,2.809626401428e+00  ,9.896933504112e+00  
  7.702273644998e-03  ,1.497482517020e+01  ,2.817509859751e+00  ,9.924499342913e+00  
  7.702401866510e-03  ,1.499970259776e+01  ,2.827780363153e+00  ,9.960628773937e+00  
  7.702626623705e-03  ,1.500014724740e+01  ,2.845727010289e+00  ,1.002392769452e+01  
  7.702865709856e-03  ,1.500012993212e+01  ,2.864842602517e+00  ,1.009121780284e+01  
  7.703343882158e-03  ,1.500023164035e+01  ,2.903011358928e+00  ,1.022566109884e+01  
  7.704300226763e-03  ,1.500028887350e+01  ,2.979193529598e+00  ,1.049400101819e+01  
  7.706212915972e-03  ,1.500032179892e+01  ,3.130939360044e+00  ,1.102850206312e+01  
  7.710038294390e-03  ,1.499980511077e+01  ,3.431971782896e+00  ,1.208884127993e+01  
  7.712010000020e-03  ,1.500001118011e+01  ,3.585860437844e+00  ,1.263089070271e+01  
  7.712011000018e-03  ,1.442287799716e+01  ,3.585791008551e+00  ,1.263116483620e+01  
  7.712013000126e-03  ,1.321516270249e+01  ,3.585559819438e+00  ,1.263171305788e+01  
  7.712017000343e-03  ,1.067381084467e+01  ,3.585115825595e+00  ,1.263280981312e+01  
  7.712020000020e-03  ,8.648873412100e+00  ,3.584843225292e+00  ,1.263363217466e+01  
  7.712020800063e-03  ,8.545180281853e+00  ,3.584897734698e+00  ,1.263385146600e+01  
  7.712022400076e-03  ,8.340290804341e+00  ,3.585093556108e+00  ,1.263429014846e+01  
  7.712025600100e-03  ,7.945076988807e+00  ,3.585619468723e+00  ,1.263516748301e+01  
  7.712032000149e-03  ,7.209533997914e+00  ,3.586713976445e+00  ,1.263692192096e+01  
  7.712044800246e-03  ,5.933713070155e+00  ,3.589668069544e+00  ,1.264043065754e+01  
  7.712058726871e-03  ,4.792764834923e+00  ,3.599521612677e+00  ,1.264424715066e+01  
  7.712067645216e-03  ,4.356540383184e+00  ,1.398041762758e+01  ,1.264604960834e+01  
  7.712076016689e-03  ,4.341987744506e+00  ,4.351120068049e+01  ,1.264611056513e+01  
  7.712082296038e-03  ,4.134693183869e+00  ,5.282328951091e+01  ,3.910496061480e-02  
  7.712085567588e-03  ,3.936795382904e+00  ,5.285265677102e+01  ,-2.061061113040e-01  
  7.712087137239e-03  ,3.843916806989e+00  ,5.283433018147e+01  ,-4.144657144188e-03  
  7.712090276541e-03  ,3.665288626664e+00  ,5.283750650448e+01  ,1.014150403162e-02  
  7.712096555145e-03  ,3.332134768298e+00  ,5.284729020266e+01  ,5.649265542893e-03  
  7.712109112354e-03  ,2.752982262629e+00  ,5.286613762555e+01  ,4.426868798257e-03  
  7.712134226771e-03  ,1.872651280251e+00  ,5.290364546314e+01  ,3.517022647259e-03  
  7.712173518153e-03  ,9.863599714357e-01  ,5.296224570566e+01  ,2.038460572845e-03  
  7.712218120309e-03  ,4.424844425232e-01  ,5.302854385147e+01  ,1.243375183297e-03  
  7.712263628455e-03  ,1.762536188076e-01  ,5.309599600615e+01  ,8.538191969518e-04  
  7.712332746001e-03  ,5.624309608375e-02  ,5.319810513652e+01  ,6.763470474266e-04  
  7.712413844081e-03  ,4.604157939754e-03  ,5.331743974699e+01  ,5.980605495606e-04  
  7.712510141345e-03  ,-7.864678014038e-03  ,5.345848446495e+01  ,5.762978401252e-04  
  7.712702735873e-03  ,-5.375680494130e-03  ,5.373845140419e+01  ,5.727638602453e-04  
  7.712993463488e-03  ,4.390638056284e-03  ,5.415570290088e+01  ,5.762938845051e-04  
  7.713574918719e-03  ,3.331737642572e-03  ,5.497069352283e+01  ,5.534910108144e-04  
  7.714737829180e-03  ,2.221776304900e-04  ,5.652188467308e+01  ,5.077320800765e-04  
  7.716938909503e-03  ,2.522483534528e-03  ,5.916544075318e+01  ,4.361283691248e-04  
  7.721341070147e-03  ,-1.951763328411e-04  ,6.328495311290e+01  ,2.940660420659e-04  
  7.722000000020e-03  ,1.619421213379e-03  ,6.376683333635e+01  ,2.808616879309e-04  
  7.722001000018e-03  ,5.782540616069e-01  ,6.376767061712e+01  ,-1.010586209862e-03  
  7.722001884495e-03  ,1.095664392987e+00  ,6.376841474988e+01  ,-2.186728413951e-03  
  7.722003653449e-03  ,2.160225153005e+00  ,6.376989968847e+01  ,-4.502742157688e-03  
  7.722007191357e-03  ,4.411518769566e+00  ,6.377285275795e+01  ,-8.955406858265e-03  
  7.722010000020e-03  ,6.311875099537e+00  ,6.377518163672e+01  ,-1.232530141946e-02  
  7.722010707602e-03  ,6.404137868257e+00  ,6.377567318662e+01  ,-1.224581210503e-02  
  7.722012122839e-03  ,6.584794904198e+00  ,6.377664573837e+01  ,-1.198573953508e-02  
  7.722014953315e-03  ,6.937035609184e+00  ,6.377859097228e+01  ,-1.147272913972e-02  
  7.722020614266e-03  ,7.600917703793e+00  ,6.378248488963e+01  ,-1.050534860401e-02  
  7.722031936168e-03  ,8.773646954741e+00  ,6.379028517035e+01  ,-8.796934027143e-03  
  7.722043341517e-03  ,9.770829657911e+00  ,6.379815645421e+01  ,-7.344214098262e-03  
  7.722051374733e-03  ,9.973383509728e+00  ,4.116783254807e+01  ,9.864549500350e+00  
  7.722059044361e-03  ,1.000012643674e+01  ,1.081148048253e+01  ,9.864716234135e+00  
  7.722063370913e-03  ,1.018702109804e+01  ,3.406868403778e+00  ,9.865633067054e+00  
  7.722067479163e-03  ,1.046825913233e+01  ,2.663028808447e+00  ,9.866714273846e+00  
  7.722069797784e-03  ,1.062545327031e+01  ,2.745840085153e+00  ,9.867362686768e+00  
  7.722072719529e-03  ,1.081560760831e+01  ,2.801694481894e+00  ,9.868183529518e+00  
  7.722078563019e-03  ,1.117098285561e+01  ,2.811476261987e+00  ,9.869826964260e+00  
  7.722090250000e-03  ,1.179435722581e+01  ,2.800845281590e+00  ,9.873121739433e+00  
  7.722102398917e-03  ,1.233812315871e+01  ,2.805100233489e+00  ,9.876547163111e+00  
  7.722126696750e-03  ,1.316650756561e+01  ,2.807325615039e+00  ,9.883397665830e+00  
  7.722175292417e-03  ,1.415402445408e+01  ,2.809671842931e+00  ,9.897097491750e+00  
  7.722272483751e-03  ,1.497033771503e+01  ,2.817509513087e+00  ,9.924491943627e+00  
  7.722400609895e-03  ,1.499962876391e+01  ,2.827770878116e+00  ,9.960594508939e+00  
  7.722624031946e-03  ,1.500016529317e+01  ,2.845610353886e+00  ,1.002351755007e+01  
  7.722862545892e-03  ,1.500014550897e+01  ,2.864680526446e+00  ,1.009064694562e+01  
  7.723339573785e-03  ,1.500026898994e+01  ,2.902758207417e+00  ,1.022476946888e+01  
  7.724293629572e-03  ,1.500033864599e+01  ,2.978758975980e+00  ,1.049247045036e+01  
  7.726201741144e-03  ,1.500046893661e+01  ,3.130144535006e+00  ,1.102570269059e+01  
  7.730017964288e-03  ,1.499966784716e+01  ,3.430469098608e+00  ,1.208354803790e+01  
  7.732010000020e-03  ,1.500000376935e+01  ,3.585948426961e+00  ,1.263120061684e+01  
  7.732011000018e-03  ,1.442259304363e+01  ,3.585879088067e+00  ,1.263147474945e+01  
  7.732013000126e-03  ,1.321488613940e+01  ,3.585647932140e+00  ,1.263202296936e+01  
  7.732017000343e-03  ,1.067355047252e+01  ,3.585203950828e+00  ,1.263311972108e+01  
  7.732020000020e-03  ,8.648624622983e+00  ,3.584931351817e+00  ,1.263394207998e+01  
  7.732020800063e-03  ,8.544934475620e+00  ,3.584985865658e+00  ,1.263416137061e+01  
  7.732022400076e-03  ,8.340050892076e+00  ,3.585181695028e+00  ,1.263460005167e+01  
  7.732025600100e-03  ,7.944848445553e+00  ,3.585707623484e+00  ,1.263547738340e+01  
  7.732032000149e-03  ,7.209326614154e+00  ,3.586802179680e+00  ,1.263723181570e+01  
  7.732044800246e-03  ,5.933542391406e+00  ,3.589756540486e+00  ,1.264074054098e+01  
  7.732058725381e-03  ,4.792738000284e+00  ,3.599610410359e+00  ,1.264455661338e+01  
  7.732067643726e-03  ,4.356540300213e+00  ,1.398184156094e+01  ,1.264635896152e+01  
  7.732076013708e-03  ,4.341991644362e+00  ,4.350749312451e+01  ,1.264642003864e+01  
  7.732082293058e-03  ,4.134802400999e+00  ,5.282575245962e+01  ,3.961468104748e-02  
  7.732085564235e-03  ,3.936923014963e+00  ,5.285518264685e+01  ,-2.062175201908e-01  
  7.732087133514e-03  ,3.844062926215e+00  ,5.283684507180e+01  ,-4.153499531338e-03  
  7.732090272071e-03  ,3.665469362032e+00  ,5.284001910821e+01  ,1.014460428269e-02  
  7.732096549185e-03  ,3.332374685038e+00  ,5.284980091714e+01  ,5.649792144004e-03  
  7.732109103413e-03  ,2.751710932010e+00  ,5.286859537721e+01  ,4.594648203423e-03  
  7.732134211870e-03  ,1.862096626507e+00  ,5.290610696294e+01  ,3.314782490953e-03  
  7.732175362917e-03  ,9.416294814256e-01  ,5.296744164900e+01  ,1.972470640169e-03  
  7.732221353861e-03  ,4.555537866809e-01  ,5.303578611208e+01  ,1.262383702818e-03  
  7.732269448848e-03  ,1.918531296442e-01  ,5.310705429001e+01  ,8.763237959173e-04  
  7.732324356647e-03  ,8.008969713954e-02  ,5.318817912741e+01  ,7.114016692471e-04  
  7.732413048359e-03  ,6.893677592379e-03  ,5.331872170809e+01  ,6.014176237311e-04  
  7.732507843586e-03  ,2.597625335287e-03  ,5.345757775397e+01  ,5.916249231412e-04  
  7.732697434040e-03  ,7.911552834518e-04  ,5.373323534325e+01  ,5.819375257138e-04  
  7.732919044109e-03  ,1.963266916304e-03  ,5.405196936109e+01  ,5.754883510653e-04  
  7.733362264248e-03  ,1.918434304593e-03  ,5.467811958515e+01  ,5.591615653187e-04  
  7.734248704525e-03  ,1.422416169285e-03  ,5.588481071240e+01  ,5.266902229132e-04  
  7.736021585079e-03  ,1.582166925752e-03  ,5.811307324095e+01  ,4.654221577168e-04  
  7.739567346187e-03  ,9.474772719041e-04  ,6.181549836005e+01  ,3.496467222843e-04  
  7.742000000020e-03  ,1.006659360299e-03  ,6.376845106491e+01  ,2.788030814139e-04  
  7.742001000018e-03  ,5.776504168909e-01  ,6.376928784221e+01  ,-1.012236293845e-03  
  7.742001884961e-03  ,1.095344378554e+00  ,6.377003187087e+01  ,-2.188146013139e-03  
  7.742003654846e-03  ,2.160503844503e+00  ,6.377151678907e+01  ,-4.505521171838e-03  
  7.742007194617e-03  ,4.413119246663e+00  ,6.377446976348e+01  ,-8.960365509856e-03  
  7.742010000020e-03  ,6.312134468895e+00  ,6.377679453397e+01  ,-1.232507617470e-02  
  7.742010707974e-03  ,6.404442534830e+00  ,6.377728601364e+01  ,-1.224553116595e-02  
  7.742012123957e-03  ,6.585186261248e+00  ,6.377825842222e+01  ,-1.198533287771e-02  
  7.742014955923e-03  ,6.937591334379e+00  ,6.378020337472e+01  ,-1.147208290754e-02  
  7.742020619854e-03  ,7.601762717377e+00  ,6.378409672963e+01  ,-1.050428002567e-02  
  7.742031947717e-03  ,8.774928964892e+00  ,6.379189589669e+01  ,-8.795229051634e-03  
  7.742043359026e-03  ,9.772391855634e+00  ,6.379976604252e+01  ,-7.342101248191e-03  
  7.742051398203e-03  ,9.973447755266e+00  ,4.106450929040e+01  ,9.862429889366e+00  
  7.742059073791e-03  ,1.000026304477e+01  ,1.068826597718e+01  ,9.862602236348e+00  
  7.742063389167e-03  ,1.018842751288e+01  ,3.398571472406e+00  ,9.863518605956e+00  
  7.742067478046e-03  ,1.046836899678e+01  ,2.664054707455e+00  ,9.864597959190e+00  
  7.742069800019e-03  ,1.062577129294e+01  ,2.745740665817e+00  ,9.865247269929e+00  
  7.742072732195e-03  ,1.081656972732e+01  ,2.801121507849e+00  ,9.866071029624e+00  
  7.742078596547e-03  ,1.117307836387e+01  ,2.810806184328e+00  ,9.867720380227e+00  
  7.742090325251e-03  ,1.179973990376e+01  ,2.805799119438e+00  ,9.871023646911e+00  
  7.742110170617e-03  ,1.263701043275e+01  ,2.804445314443e+00  ,9.876618978454e+00  
  7.742149861350e-03  ,1.373046781351e+01  ,2.808582786418e+00  ,9.887809220601e+00  
  7.742229242816e-03  ,1.477081785584e+01  ,2.813573568203e+00  ,9.910186241375e+00  
  7.742346699729e-03  ,1.516361369896e+01  ,2.822770999159e+00  ,9.943287620875e+00  
  7.742519720092e-03  ,1.497797443632e+01  ,2.836695719651e+00  ,9.992027918621e+00  
  7.742676313415e-03  ,1.497086444213e+01  ,2.849213199631e+00  ,1.003611997782e+01  
  7.742989500060e-03  ,1.501194871438e+01  ,2.874214022765e+00  ,1.012424534973e+01  
  7.743615873351e-03  ,1.499229853383e+01  ,2.924194019188e+00  ,1.030026137197e+01  
  7.744714887634e-03  ,1.499816184614e+01  ,3.011655010372e+00  ,1.060833802771e+01  
  7.746912916198e-03  ,1.500018794483e+01  ,3.185765482302e+00  ,1.122161835697e+01  
  7.751308973327e-03  ,1.499992862896e+01  ,3.530747930936e+00  ,1.243676518411e+01  
  7.752010000020e-03  ,1.500001316559e+01  ,3.585363841328e+00  ,1.262914159377e+01  
  7.752011000018e-03  ,1.442323037528e+01  ,3.585294314771e+00  ,1.262941573141e+01  
  7.752013000126e-03  ,1.321550470490e+01  ,3.585063091203e+00  ,1.262996396766e+01  
  7.752017000343e-03  ,1.067413282505e+01  ,3.584619081909e+00  ,1.263106073895e+01  
  7.752020000020e-03  ,8.649181068510e+00  ,3.584346468959e+00  ,1.263188311539e+01  
  7.752020800063e-03  ,8.545484249504e+00  ,3.584400968211e+00  ,1.263210241071e+01  
  7.752022400076e-03  ,8.340587483263e+00  ,3.584596770374e+00  ,1.263254110111e+01  
  7.752025600100e-03  ,7.945359608348e+00  ,3.585122647815e+00  ,1.263341845154e+01  
  7.752032000149e-03  ,7.209790450593e+00  ,3.586217055522e+00  ,1.263517292131e+01  
  7.752044800246e-03  ,5.933924130096e+00  ,3.589170644738e+00  ,1.263868172153e+01  
  7.752058726871e-03  ,4.792935224995e+00  ,3.599019215171e+00  ,1.264249828437e+01  
  7.752067645216e-03  ,4.356541393917e+00  ,1.397113468758e+01  ,1.264430152875e+01  
  7.752076016689e-03  ,4.341969988029e+00  ,4.350049720958e+01  ,1.264436315458e+01  
  7.752082297528e-03  ,4.134821196777e+00  ,5.282673259913e+01  ,3.998509726377e-02  
  7.752085569078e-03  ,3.936920340819e+00  ,5.285621063718e+01  ,-2.063228710954e-01  
  7.752087138170e-03  ,3.844070978222e+00  ,5.283786203375e+01  ,-4.160639052123e-03  
  7.752090276355e-03  ,3.665497734773e+00  ,5.284103319161e+01  ,1.014698695013e-02  
  7.752096552724e-03  ,3.332438261298e+00  ,5.285081140543e+01  ,5.649851383932e-03  
  7.752109105462e-03  ,2.753421163383e+00  ,5.286964685015e+01  ,4.426999904986e-03  
  7.752134210939e-03  ,1.873212888889e+00  ,5.290713057765e+01  ,3.517977232619e-03  
  7.752173514241e-03  ,9.864559762160e-01  ,5.296573189413e+01  ,2.038417307353e-03  
  7.752218116397e-03  ,4.425129487052e-01  ,5.303201101544e+01  ,1.243232341827e-03  
  7.752263624543e-03  ,1.762571573847e-01  ,5.309944375706e+01  ,8.536404787620e-04  
  7.752332742089e-03  ,5.624384871939e-02  ,5.320152340635e+01  ,6.761648068718e-04  
  7.752413828248e-03  ,4.609108246048e-03  ,5.332080593848e+01  ,5.978855086468e-04  
  7.752510137433e-03  ,-7.864998115473e-03  ,5.346182711409e+01  ,5.761154171323e-04  
  7.752702755803e-03  ,-5.377094502501e-03  ,5.374174650475e+01  ,5.725804303361e-04  
  7.752993483419e-03  ,4.390464401009e-03  ,5.415887382428e+01  ,5.761144430543e-04  
  7.753574938649e-03  ,-2.594545422277e-05  ,5.497363452445e+01  ,5.484763403998e-04  
  7.754478449697e-03  ,1.129811401512e-03  ,5.618755158060e+01  ,5.178068981196e-04  
  7.755734438771e-03  ,1.471856598802e-03  ,5.776845565089e+01  ,4.747706974020e-04  
  7.758246416921e-03  ,1.202879019692e-03  ,6.055320886854e+01  ,3.921097989163e-04  
  7.762000000020e-03  ,8.925389631424e-04  ,6.376583951109e+01  ,2.765904926668e-04  
  7.762001000018e-03  ,5.775379516734e-01  ,6.376667597610e+01  ,-1.013385511588e-03  
  7.762001884961e-03  ,1.095233403199e+00  ,6.376741969440e+01  ,-2.188024176290e-03  
  7.762003654846e-03  ,2.160395800275e+00  ,6.376890428307e+01  ,-4.505695047947e-03  
  7.762007194617e-03  ,4.413016838058e+00  ,6.377185654227e+01  ,-8.960583472525e-03  
  7.762010000020e-03  ,6.312036317004e+00  ,6.377418074438e+01  ,-1.232528115131e-02  
  7.762010707974e-03  ,6.404345423105e+00  ,6.377467208005e+01  ,-1.224573735390e-02  
  7.762012123957e-03  ,6.585091186187e+00  ,6.377564419878e+01  ,-1.198553826621e-02  
  7.762014955923e-03  ,6.937500230394e+00  ,6.377758857669e+01  ,-1.147228234330e-02  
  7.762020619854e-03  ,7.601679097553e+00  ,6.378148077884e+01  ,-1.050446778438e-02  
  7.762031947717e-03  ,8.774858564814e+00  ,6.378927764181e+01  ,-8.795397512142e-03  
  7.762043359026e-03  ,9.772332695409e+00  ,6.379714546814e+01  ,-7.342253884526e-03  
  7.762051398203e-03  ,9.973439476708e+00  ,4.106435064276e+01  ,9.861152851467e+00  
  7.762059073791e-03  ,1.000025586381e+01  ,1.068814876196e+01  ,9.861325284092e+00  
  7.762063389167e-03  ,1.018841718840e+01  ,3.398247821749e+00  ,9.862241590756e+00  
  7.762067478046e-03  ,1.046835888007e+01  ,2.663691893399e+00  ,9.863320952885e+00  
  7.762069799646e-03  ,1.062573681517e+01  ,2.745373594673e+00  ,9.863970169776e+00  
  7.762072732195e-03  ,1.081656044446e+01  ,2.800760321736e+00  ,9.864794044927e+00  
  7.762078597292e-03  ,1.117311326069e+01  ,2.810443777979e+00  ,9.866443626215e+00  
  7.762090327486e-03  ,1.179825779260e+01  ,2.799930360100e+00  ,9.869750701729e+00  
  7.762102568790e-03  ,1.234517034357e+01  ,2.804150290731e+00  ,9.873202289840e+00  
  7.762127051398e-03  ,1.317666053520e+01  ,2.806376568131e+00  ,9.880105119549e+00  
  7.762176016614e-03  ,1.416415515954e+01  ,2.808767811031e+00  ,9.893909580816e+00  
  7.762273947045e-03  ,1.497579059261e+01  ,2.816661709699e+00  ,9.921513216399e+00  
  7.762402216240e-03  ,1.499972061607e+01  ,2.826936669605e+00  ,9.957657168488e+00  
  7.762627259537e-03  ,1.500014275468e+01  ,2.844906815354e+00  ,1.002103853708e+01  
  7.762866536423e-03  ,1.500012613641e+01  ,2.864038159322e+00  ,1.008838427086e+01  
  7.763345090195e-03  ,1.500022256715e+01  ,2.902238438936e+00  ,1.022293859548e+01  
  7.764302197739e-03  ,1.500027679920e+01  ,2.978483401819e+00  ,1.049149968483e+01  
  7.766216412827e-03  ,1.500037838369e+01  ,3.130353393059e+00  ,1.102643822451e+01  
  7.770044843003e-03  ,1.500040002025e+01  ,3.431630774872e+00  ,1.208764108845e+01  
  7.772010000020e-03  ,1.499972286297e+01  ,3.585010252354e+00  ,1.262789575725e+01  
  7.772011000018e-03  ,1.442045841196e+01  ,3.584941569944e+00  ,1.262816989993e+01  
  7.772013000126e-03  ,1.321281436177e+01  ,3.584710659057e+00  ,1.262871813464e+01  
  7.772017000343e-03  ,1.067159998330e+01  ,3.584266753856e+00  ,1.262981492710e+01  
  7.772020000020e-03  ,8.646760903420e+00  ,3.583994133789e+00  ,1.263063731410e+01  
  7.772020800063e-03  ,8.543093100972e+00  ,3.584048658540e+00  ,1.263085661218e+01  
  7.772022400076e-03  ,8.338253669414e+00  ,3.584244506470e+00  ,1.263129530828e+01  
  7.772025600100e-03  ,7.943136388811e+00  ,3.584770490108e+00  ,1.263217267007e+01  
  7.772032000149e-03  ,7.207773063698e+00  ,3.585865244014e+00  ,1.263392716228e+01  
  7.772044800246e-03  ,5.932263792766e+00  ,3.588820899370e+00  ,1.263743600739e+01  
  7.772058725381e-03  ,4.791705586612e+00  ,3.598694577249e+00  ,1.264125220827e+01  
  7.772067643726e-03  ,4.356448142555e+00  ,1.402895014848e+01  ,1.264305087681e+01  
  7.772076013708e-03  ,4.342013776803e+00  ,4.356252543434e+01  ,1.264310856323e+01  
  7.772082286352e-03  ,4.134312949721e+00  ,5.282638083603e+01  ,3.643625485246e-02  
  7.772085556785e-03  ,3.936489408131e+00  ,5.285539621419e+01  ,-2.053626032784e-01  
  7.772087127367e-03  ,3.843565007267e+00  ,5.283714076067e+01  ,-4.096018911236e-03  
  7.772090268532e-03  ,3.664849561025e+00  ,5.284032445853e+01  ,1.012407211621e-02  
  7.772096550861e-03  ,3.331546405722e+00  ,5.285010792608e+01  ,5.647196332094e-03  
  7.772109115520e-03  ,2.750583669112e+00  ,5.286890932488e+01  ,4.592835724137e-03  
  7.772134244839e-03  ,1.860696911039e+00  ,5.290643499775e+01  ,3.312482667666e-03  
  7.772175360123e-03  ,9.415030742887e-01  ,5.296768851435e+01  ,1.972024496734e-03  
  7.772221357027e-03  ,4.554456390944e-01  ,5.303601079688e+01  ,1.261964820072e-03  
  7.772269446054e-03  ,1.918282630073e-01  ,5.310723772847e+01  ,8.760269952744e-04  
  7.772324371735e-03  ,8.005328523606e-02  ,5.318835198066e+01  ,7.110881314314e-04  
  7.772413075367e-03  ,6.878062865583e-03  ,5.331885233566e+01  ,6.011350937469e-04  
  7.772507894436e-03  ,2.593768756351e-03  ,5.345767940669e+01  ,5.913599240399e-04  
  7.772697532574e-03  ,7.928288605853e-04  ,5.373327839297e+01  ,5.816812737370e-04  
  7.772919190327e-03  ,1.961919591144e-03  ,5.405193129512e+01  ,5.752288084566e-04  
  7.773362505833e-03  ,1.916994058781e-03  ,5.467791653617e+01  ,5.589040673404e-04  
  7.774249136845e-03  ,1.422054575715e-03  ,5.588426678032e+01  ,5.264383662448e-04  
  7.776022398869e-03  ,1.580964296844e-03  ,5.811180492688e+01  ,4.651765278399e-04  
  7.779568922916e-03  ,9.470205254352e-04  ,6.181262308857e+01  ,3.494148115798e-04  
  7.782000000020e-03  ,1.005732319129e-03  ,6.376288415069e+01  ,2.786388820183e-04  
  7.782001000018e-03  ,5.776494948453e-01  ,6.376372043157e+01  ,-1.012397757135e-03  
  7.782001884868e-03  ,1.095288337783e+00  ,6.376446394311e+01  ,-2.188185267358e-03  
  7.782003654567e-03  ,2.160331217514e+00  ,6.376594782768e+01  ,-4.505322893439e-03  
  7.782007193965e-03  ,4.412688324420e+00  ,6.376889873843e+01  ,-8.959729420354e-03  
  7.782010000020e-03  ,6.311349843079e+00  ,6.377122276011e+01  ,-1.232639169345e-02  
  7.782010707900e-03  ,6.403656626226e+00  ,6.377171383493e+01  ,-1.224684015032e-02  
  7.782012123696e-03  ,6.584393586168e+00  ,6.377268540967e+01  ,-1.198665166646e-02  
  7.782014955289e-03  ,6.936786631039e+00  ,6.377462869450e+01  ,-1.147341920853e-02  
  7.782020618476e-03  ,7.600940469889e+00  ,6.377851871424e+01  ,-1.050564176055e-02  
  7.782031944848e-03  ,8.774094232915e+00  ,6.378631121234e+01  ,-8.796608823364e-03  
  7.782043354667e-03  ,9.771569356202e+00  ,6.379417464884e+01  ,-7.343463087595e-03  
  7.782051392354e-03  ,9.973396993219e+00  ,4.110529945941e+01  ,9.859392491452e+00  
  7.782059064962e-03  ,1.000018338202e+01  ,1.073940886934e+01  ,9.859562703517e+00  
  7.782063385553e-03  ,1.018784492041e+01  ,3.400958960147e+00  ,9.860479211257e+00  
  7.782067482628e-03  ,1.046833454299e+01  ,2.662529150148e+00  ,9.861559436095e+00  
  7.782069803111e-03  ,1.062564333066e+01  ,2.744662707425e+00  ,9.862208370801e+00  
  7.782072731189e-03  ,1.081618900150e+01  ,2.800243064678e+00  ,9.863031017928e+00  
  7.782078587346e-03  ,1.117225276364e+01  ,2.809971398773e+00  ,9.864678108291e+00  
  7.782090299658e-03  ,1.179824025591e+01  ,2.804942118876e+00  ,9.867976852905e+00  
  7.782110079460e-03  ,1.264083796630e+01  ,2.804377139008e+00  ,9.873551577127e+00  
  7.782149639062e-03  ,1.372973717222e+01  ,2.806939387520e+00  ,9.884705151088e+00  
  7.782228758268e-03  ,1.476796717722e+01  ,2.812649622695e+00  ,9.907008969252e+00  
  7.782342591218e-03  ,1.515450629838e+01  ,2.821586133566e+00  ,9.939090244956e+00  
  7.782517995767e-03  ,1.514285696114e+01  ,2.835620293767e+00  ,9.988504023713e+00  
  7.782756843500e-03  ,1.495884243042e+01  ,2.854791820717e+00  ,1.005575109415e+01  
  7.783234538965e-03  ,1.502343776576e+01  ,2.892907625315e+00  ,1.019010839457e+01  
  7.783719959192e-03  ,1.500775270214e+01  ,2.931622716993e+00  ,1.032645203096e+01  
  7.784690799646e-03  ,1.499419856338e+01  ,3.008885359844e+00  ,1.059857612812e+01  
  7.786632480554e-03  ,1.500516647536e+01  ,3.162756344355e+00  ,1.114058041548e+01  
  7.790515842370e-03  ,1.500043630397e+01  ,3.467982546406e+00  ,1.221568455765e+01  
  7.792010000020e-03  ,1.499970534146e+01  ,3.584524723697e+00  ,1.262618564081e+01  
  7.792011000018e-03  ,1.442197322652e+01  ,3.584455562382e+00  ,1.262645978712e+01  
  7.792013000126e-03  ,1.321428457268e+01  ,3.584224475805e+00  ,1.262700803848e+01  
  7.792017000343e-03  ,1.067298412312e+01  ,3.583780506303e+00  ,1.262810484468e+01  
  7.792020000020e-03  ,8.648083467737e+00  ,3.583507875751e+00  ,1.262892724628e+01  
  7.792020800063e-03  ,8.544399808263e+00  ,3.583562377346e+00  ,1.262914654829e+01  
  7.792022400076e-03  ,8.339529044338e+00  ,3.583758182996e+00  ,1.262958525213e+01  
  7.792025600100e-03  ,7.944351325995e+00  ,3.584284081506e+00  ,1.263046262942e+01  
  7.792032000149e-03  ,7.208875516855e+00  ,3.585378575792e+00  ,1.263221715282e+01  
  7.792044800246e-03  ,5.933171121732e+00  ,3.588332798607e+00  ,1.263572606033e+01  
  7.792058725381e-03  ,4.792438166233e+00  ,3.598189381971e+00  ,1.263954233073e+01  
  7.792067642236e-03  ,4.356494726003e+00  ,1.398735264650e+01  ,1.264134404777e+01  
  7.792076012218e-03  ,4.341969764613e+00  ,4.351442855632e+01  ,1.264140468609e+01  
  7.792082289332e-03  ,4.134726679361e+00  ,5.282191289098e+01  ,3.911304839014e-02  
  7.792085559765e-03  ,3.936892861067e+00  ,5.285127389966e+01  ,-2.060765715698e-01  
  7.792087129043e-03  ,3.844033677104e+00  ,5.283294834934e+01  ,-4.145940582055e-03  
  7.792090267600e-03  ,3.665441392081e+00  ,5.283612055584e+01  ,1.014154036248e-02  
  7.792096544715e-03  ,3.332349107548e+00  ,5.284589627803e+01  ,5.649290748601e-03  
  7.792109098943e-03  ,2.751689584819e+00  ,5.286467904974e+01  ,4.594290753635e-03  
  7.792134207400e-03  ,1.862081797303e+00  ,5.290216728461e+01  ,3.314424523441e-03  
  7.792175358446e-03  ,9.416214197049e-01  ,5.296346372524e+01  ,1.972122950042e-03  
  7.792221349390e-03  ,4.555493182124e-01  ,5.303176549230e+01  ,1.262042135849e-03  
  7.792269444378e-03  ,1.918506112970e-01  ,5.310298908336e+01  ,8.759859722330e-04  
  7.792324352177e-03  ,8.008800642508e-02  ,5.318406309614e+01  ,7.110660961837e-04  
  7.792413043888e-03  ,6.892530630950e-03  ,5.331452375749e+01  ,6.010845274606e-04  
  7.792507839115e-03  ,2.596513219526e-03  ,5.345329248867e+01  ,5.912936644556e-04  
  7.792697429569e-03  ,7.900627581063e-04  ,5.372877620480e+01  ,5.816098523420e-04  
  7.792919039639e-03  ,1.962173095771e-03  ,5.404730826973e+01  ,5.751647373843e-04  
  7.793362259777e-03  ,1.917355763397e-03  ,5.467305881231e+01  ,5.588460302933e-04  
  7.794248700054e-03  ,1.421372023777e-03  ,5.587896781486e+01  ,5.263900196285e-04  
  7.796021580609e-03  ,1.581186131359e-03  ,5.810573800072e+01  ,4.651505732525e-04  
  7.799567341717e-03  ,9.466404254412e-04  ,6.180548564572e+01  ,3.494249770993e-04  
  7.802000000020e-03  ,1.005923761689e-03  ,6.375685365490e+01  ,2.786085591657e-04  
  7.802001000018e-03  ,5.776496813684e-01  ,6.375768982324e+01  ,-1.012425013851e-03  
  7.802001884774e-03  ,1.095233397083e+00  ,6.375843315714e+01  ,-2.188087923401e-03  
  7.802003654287e-03  ,2.160159674601e+00  ,6.375991668766e+01  ,-4.504988615938e-03  
  7.802007193313e-03  ,4.412258458002e+00  ,6.376286689375e+01  ,-8.958957484793e-03  
  7.802010000020e-03  ,6.311349406108e+00  ,6.376519114222e+01  ,-1.232641904108e-02  
  7.802010707825e-03  ,6.403646580121e+00  ,6.376568208651e+01  ,-1.224688362445e-02  
  7.802012123435e-03  ,6.586279964194e+00  ,6.376665350910e+01  ,-1.198689418019e-02  
  7.802014954656e-03  ,6.940077989049e+00  ,6.376859580466e+01  ,-1.146865661198e-02  
  7.802020617097e-03  ,7.603876995851e+00  ,6.377248470561e+01  ,-1.050146226939e-02  
  7.802031941980e-03  ,8.776422483040e+00  ,6.378027495803e+01  ,-8.793221125100e-03  
  7.802043350309e-03  ,9.773403255545e+00  ,6.378813614421e+01  ,-7.340819509071e-03  
  7.802051387995e-03  ,9.973466356119e+00  ,4.100732296606e+01  ,9.858218584369e+00  
  7.802059062093e-03  ,1.000029485325e+01  ,1.063819265457e+01  ,9.858393012500e+00  
  7.802063370019e-03  ,1.018876036653e+01  ,3.394803019882e+00  ,9.859309376309e+00  
  7.802067448467e-03  ,1.046800947002e+01  ,2.663521573052e+00  ,9.860387052108e+00  
  7.802069770068e-03  ,1.062539484062e+01  ,2.744696965822e+00  ,9.861036283132e+00  
  7.802072704479e-03  ,1.081635010706e+01  ,2.799918335923e+00  ,9.861860703088e+00  
  7.802078573301e-03  ,1.117313792044e+01  ,2.809588615217e+00  ,9.863511389206e+00  
  7.802090310946e-03  ,1.179864348842e+01  ,2.799114855976e+00  ,9.866820664361e+00  
  7.802102577582e-03  ,1.234653207006e+01  ,2.803321060460e+00  ,9.870279496550e+00  
  7.802127110854e-03  ,1.317904575005e+01  ,2.805546934845e+00  ,9.877196814205e+00  
  7.802176177397e-03  ,1.416673603048e+01  ,2.807950921932e+00  ,9.891030246308e+00  
  7.802274310484e-03  ,1.497726021552e+01  ,2.815860131885e+00  ,9.918691799507e+00  
  7.802402627364e-03  ,1.499974514020e+01  ,2.826139686848e+00  ,9.954850213617e+00  
  7.802628075972e-03  ,1.500013661443e+01  ,2.844142896839e+00  ,1.001834749413e+01  
  7.802867591276e-03  ,1.500012096608e+01  ,2.863293733690e+00  ,1.008576213840e+01  
  7.803346621886e-03  ,1.500021022378e+01  ,2.901533064881e+00  ,1.022045400723e+01  
  7.804304683104e-03  ,1.500026037948e+01  ,2.977855814358e+00  ,1.048928907995e+01  
  7.806220805540e-03  ,1.500035435732e+01  ,3.129880129230e+00  ,1.102477118613e+01  
  7.810053050413e-03  ,1.500037428010e+01  ,3.431461205689e+00  ,1.208704376378e+01  
  7.812010000020e-03  ,1.499974553069e+01  ,3.584202790890e+00  ,1.262505163757e+01  
  7.812011000018e-03  ,1.442068871220e+01  ,3.584134047034e+00  ,1.262532578815e+01  
  7.812013000126e-03  ,1.321303788086e+01  ,3.583903115621e+00  ,1.262587404000e+01  
  7.812017000343e-03  ,1.067181041666e+01  ,3.583459195710e+00  ,1.262697086394e+01  
  7.812020000020e-03  ,8.646961975017e+00  ,3.583186558019e+00  ,1.262779327518e+01  
  7.812020800063e-03  ,8.543291761641e+00  ,3.583241069386e+00  ,1.262801257973e+01  
  7.812022400076e-03  ,8.338447566263e+00  ,3.583436892303e+00  ,1.262845128874e+01  
  7.812025600100e-03  ,7.943321096668e+00  ,3.583962833699e+00  ,1.262932867636e+01  
  7.812032000149e-03  ,7.207940669084e+00  ,3.585057472055e+00  ,1.263108322027e+01  
  7.812044800246e-03  ,5.932401727867e+00  ,3.588012581960e+00  ,1.263459216882e+01  
  7.812058725381e-03  ,4.791816924072e+00  ,3.597881723872e+00  ,1.263840848267e+01  
  7.812067643726e-03  ,4.356438247988e+00  ,1.402176429838e+01  ,1.264020779296e+01  
  7.812076013708e-03  ,4.341991755554e+00  ,4.355433235345e+01  ,1.264026595114e+01  
  7.812082287097e-03  ,4.134252944751e+00  ,5.281896571141e+01  ,3.629718724050e-02  
  7.812085557902e-03  ,3.936409954243e+00  ,5.284796725445e+01  ,-2.053724835221e-01  
  7.812087128485e-03  ,3.843487390626e+00  ,5.282971009490e+01  ,-4.096332113160e-03  
  7.812090269649e-03  ,3.664775525441e+00  ,5.283289243102e+01  ,1.012432486128e-02  
  7.812096551979e-03  ,3.331479058489e+00  ,5.284267333311e+01  ,5.647002245318e-03  
  7.812109116638e-03  ,2.750527982083e+00  ,5.286146949523e+01  ,4.592633007800e-03  
  7.812134245956e-03  ,1.860659087592e+00  ,5.289898468892e+01  ,3.312309064834e-03  
  7.812175367201e-03  ,9.413793192505e-01  ,5.296022994984e+01  ,1.971725898651e-03  
  7.812221364105e-03  ,4.553856363987e-01  ,5.302853309574e+01  ,1.261759522736e-03  
  7.812269453132e-03  ,1.918028373197e-01  ,5.309974007815e+01  ,8.758725375704e-04  
  7.812324378813e-03  ,8.004252093309e-02  ,5.318083161563e+01  ,7.109555542970e-04  
  7.812413082445e-03  ,6.876897745966e-03  ,5.331129544071e+01  ,6.010173506542e-04  
  7.812507901514e-03  ,2.593167150268e-03  ,5.345008367246e+01  ,5.912438958665e-04  
  7.812697539652e-03  ,7.924666419121e-04  ,5.372560562615e+01  ,5.815673865423e-04  
  7.812919197405e-03  ,1.961407753191e-03  ,5.404416958242e+01  ,5.751167544744e-04  
  7.813362512911e-03  ,1.916495572857e-03  ,5.466998048338e+01  ,5.587961007573e-04  
  7.814249143923e-03  ,1.421636006493e-03  ,5.587599633109e+01  ,5.263383017408e-04  
  7.816022405947e-03  ,1.580555114117e-03  ,5.810292340145e+01  ,4.650911303208e-04  
  7.819568929994e-03  ,9.467551249994e-04  ,6.180275261936e+01  ,3.493555878098e-04  
  7.822000000020e-03  ,1.005504853073e-03  ,6.375251084749e+01  ,2.785949684479e-04  
  7.822001000018e-03  ,5.776492671561e-01  ,6.375334695445e+01  ,-1.012437005212e-03  
  7.822001884774e-03  ,1.095232986891e+00  ,6.375409023433e+01  ,-2.188101095123e-03  
  7.822003654287e-03  ,2.160159273252e+00  ,6.375557365654e+01  ,-4.505001527252e-03  
  7.822007193313e-03  ,4.412258074231e+00  ,6.375852364613e+01  ,-8.958970406007e-03  
  7.822010000020e-03  ,6.312132603006e+00  ,6.376084762159e+01  ,-1.232527904517e-02  
  7.822010707825e-03  ,6.404421457396e+00  ,6.376133852467e+01  ,-1.224576806893e-02  
  7.822012123435e-03  ,6.587038378907e+00  ,6.376230986265e+01  ,-1.198580415364e-02  
  7.822014954656e-03  ,6.940804512312e+00  ,6.376425198850e+01  ,-1.146761228147e-02  
  7.822020617097e-03  ,7.604543684306e+00  ,6.376814054993e+01  ,-1.050050521394e-02  
  7.822031941980e-03  ,8.776983478310e+00  ,6.377593012247e+01  ,-8.792417918566e-03  
  7.822043351799e-03  ,9.773994730708e+00  ,6.378379165136e+01  ,-7.339971842732e-03  
  7.822051390975e-03  ,9.973491341694e+00  ,4.096675246000e+01  ,9.857466568164e+00  
  7.822059066564e-03  ,1.000034578698e+01  ,1.059321652344e+01  ,9.857643187110e+00  
  7.822063370019e-03  ,1.018924793061e+01  ,3.391804146915e+00  ,9.858559250738e+00  
  7.822067441016e-03  ,1.046799935478e+01  ,2.663905537877e+00  ,9.859636149442e+00  
  7.822069763362e-03  ,1.062543068417e+01  ,2.744664367789e+00  ,9.860285578699e+00  
  7.822072701499e-03  ,1.081661932499e+01  ,2.799715921106e+00  ,9.861111041282e+00  
  7.822078577772e-03  ,1.117381801804e+01  ,2.809351039568e+00  ,9.862763840788e+00  
  7.822090330317e-03  ,1.179994193138e+01  ,2.798919236263e+00  ,9.866077343804e+00  
  7.822102629736e-03  ,1.234895730152e+01  ,2.803112689276e+00  ,9.869545445085e+00  
  7.822127228573e-03  ,1.318258342481e+01  ,2.805338810402e+00  ,9.876481300296e+00  
  7.822176426246e-03  ,1.417027359643e+01  ,2.807758720315e+00  ,9.890351800856e+00  
  7.822274821594e-03  ,1.497915518248e+01  ,2.815687818127e+00  ,9.918087459921e+00  
  7.822403186157e-03  ,1.499977482910e+01  ,2.825971889124e+00  ,9.954259529113e+00  
  7.822629230812e-03  ,1.500012918424e+01  ,2.844023043238e+00  ,1.001792501053e+01  
  7.822868984535e-03  ,1.500011469805e+01  ,2.863192919860e+00  ,1.008540702526e+01  
  7.823348491981e-03  ,1.500019527063e+01  ,2.901470429453e+00  ,1.022023336115e+01  
  7.824307506874e-03  ,1.500024049002e+01  ,2.977869221896e+00  ,1.048933627436e+01  
  7.826225536659e-03  ,1.500032525599e+01  ,3.130044386045e+00  ,1.102534970688e+01  
  7.830061596229e-03  ,1.500034310604e+01  ,3.431922258690e+00  ,1.208866769940e+01  
  7.832010000020e-03  ,1.499977292443e+01  ,3.583996104921e+00  ,1.262432366506e+01  
  7.832011000018e-03  ,1.442096297026e+01  ,3.583927281526e+00  ,1.262459781752e+01  
  7.832013000126e-03  ,1.321330406296e+01  ,3.583696321330e+00  ,1.262514607464e+01  
  7.832017000343e-03  ,1.067206101561e+01  ,3.583252389637e+00  ,1.262624290592e+01  
  7.832020000020e-03  ,8.647201425198e+00  ,3.582979747208e+00  ,1.262706532335e+01  
  7.832020800063e-03  ,8.543528340883e+00  ,3.583034252837e+00  ,1.262728462957e+01  
  7.832022400076e-03  ,8.338678472733e+00  ,3.583230065128e+00  ,1.262772334188e+01  
  7.832025600100e-03  ,7.943541060696e+00  ,3.583755986357e+00  ,1.262860073610e+01  
  7.832032000149e-03  ,7.208140267774e+00  ,3.584850565400e+00  ,1.263035529327e+01  
  7.832044800246e-03  ,5.932565998408e+00  ,3.587805362879e+00  ,1.263386426832e+01  
  7.832058725381e-03  ,4.791949551359e+00  ,3.597671095060e+00  ,1.263768061133e+01  
  7.832067642236e-03  ,4.356449253945e+00  ,1.400945151470e+01  ,1.263948060741e+01  
  7.832076012218e-03  ,4.341978426135e+00  ,4.354026501642e+01  ,1.263953962729e+01  
  7.832082286352e-03  ,4.134367489106e+00  ,5.281533050514e+01  ,3.698083073731e-02  
  7.832085557157e-03  ,3.936521433631e+00  ,5.284442149519e+01  ,-2.055662594551e-01  
  7.832088120902e-03  ,3.786296226541e+00  ,5.282731676706e+01  ,-1.700671893962e-03  
  7.832090896988e-03  ,3.630282692832e+00  ,5.283043522182e+01  ,7.835749966574e-03  
  7.832096449161e-03  ,3.336976900404e+00  ,5.283890112804e+01  ,5.599534377548e-03  
  7.832107553506e-03  ,2.818874886234e+00  ,5.285554958688e+01  ,4.578387837876e-03  
  7.832129762197e-03  ,2.006718984351e+00  ,5.288870855192e+01  ,3.656596803588e-03  
  7.832174179578e-03  ,9.668800739667e-01  ,5.295490589952e+01  ,2.009476555862e-03  
  7.832217464471e-03  ,4.395779039104e-01  ,5.301919617371e+01  ,1.238816446832e-03  
  7.832265058780e-03  ,1.636189554910e-01  ,5.308968410892e+01  ,8.349593567533e-04  
  7.832331231857e-03  ,5.545549369025e-02  ,5.318736686226e+01  ,6.748637246061e-04  
  7.832415167117e-03  ,1.368827330491e-02  ,5.331077967648e+01  ,6.108589313864e-04  
  7.832508460307e-03  ,-3.619381491287e-04  ,5.344731975119e+01  ,5.869051575952e-04  
  7.832695046687e-03  ,-3.208290630163e-03  ,5.371840900229e+01  ,5.758236611113e-04  
  7.833065072322e-03  ,6.223394369793e-05  ,5.424814138865e+01  ,5.669378003987e-04  
  7.833717576290e-03  ,2.738454888536e-03  ,5.515661860662e+01  ,5.472203642653e-04  
  7.835022584224e-03  ,6.329051781182e-04  ,5.687412422370e+01  ,4.979659656607e-04  
  7.837632600093e-03  ,2.080318317357e-03  ,5.990429450609e+01  ,4.124799993506e-04  
  7.842000000020e-03  ,1.221786471012e-04  ,6.374950120618e+01  ,2.752618317733e-04  
  7.842001000018e-03  ,5.767790677220e-01  ,6.375033775426e+01  ,-1.015112567829e-03  
  7.842001885333e-03  ,1.094705110593e+00  ,6.375108172644e+01  ,-2.189305336082e-03  
  7.842003655964e-03  ,2.160353724663e+00  ,6.375256703164e+01  ,-4.508115294519e-03  
  7.842007197225e-03  ,4.414046179917e+00  ,6.375552066957e+01  ,-8.964737833336e-03  
  7.842010000020e-03  ,6.310593419713e+00  ,6.375784293459e+01  ,-1.232735046156e-02  
  7.842010708272e-03  ,6.402956307585e+00  ,6.375833450017e+01  ,-1.224771601737e-02  
  7.842012124814e-03  ,6.583801117660e+00  ,6.375930704976e+01  ,-1.198737940332e-02  
  7.842014957897e-03  ,6.936399783099e+00  ,6.376125231414e+01  ,-1.147384648084e-02  
  7.842020624064e-03  ,7.600100394444e+00  ,6.376514633862e+01  ,-1.050679931102e-02  
  7.842031956397e-03  ,8.773310232189e+00  ,6.377294675674e+01  ,-8.797611474768e-03  
  7.842044024847e-03  ,9.823657725636e+00  ,6.378126854519e+01  ,-7.267439251409e-03  
  7.842052567683e-03  ,9.976766173367e+00  ,3.630472683977e+01  ,9.859689831656e+00  
  7.842060706697e-03  ,1.001052356571e+01  ,4.486887605874e+00  ,9.860766041837e+00  
  7.842064618252e-03  ,1.027331071918e+01  ,2.832380681948e+00  ,9.861214003370e+00  
  7.842066732354e-03  ,1.042116215824e+01  ,2.761997922993e+00  ,9.861797953624e+00  
  7.842069403387e-03  ,1.060301299989e+01  ,2.788283816334e+00  ,9.862542256850e+00  
  7.842074663497e-03  ,1.094064670261e+01  ,2.817842504432e+00  ,9.863990980861e+00  
  7.842083723403e-03  ,1.146334412097e+01  ,2.807208602908e+00  ,9.866580340391e+00  
  7.842101843215e-03  ,1.232299992675e+01  ,2.804018985989e+00  ,9.871689208031e+00  
  7.842138082839e-03  ,1.347725765632e+01  ,2.806440243665e+00  ,9.881906897377e+00  
  7.842210562087e-03  ,1.463888804425e+01  ,2.811387335046e+00  ,9.902339571932e+00  
  7.842319996215e-03  ,1.514621003421e+01  ,2.819911695681e+00  ,9.933182722063e+00  
  7.842479712821e-03  ,1.516745391785e+01  ,2.832678982634e+00  ,9.978180660165e+00  
  7.842701418258e-03  ,1.495751748651e+01  ,2.850493663362e+00  ,1.004060935913e+01  
  7.843112070419e-03  ,1.502191517974e+01  ,2.883264180497e+00  ,1.015613858646e+01  
  7.843510944701e-03  ,1.500846755770e+01  ,2.915091819218e+00  ,1.026822553663e+01  
  7.844308693267e-03  ,1.499402936360e+01  ,2.978633646776e+00  ,1.049201911842e+01  
  7.845904190398e-03  ,1.500516072925e+01  ,3.105268720930e+00  ,1.093808898533e+01  
  7.849095184661e-03  ,1.500052082957e+01  ,3.356839314124e+00  ,1.182419988223e+01  
  7.852010000020e-03  ,1.499959872709e+01  ,3.584650068529e+00  ,1.262662684452e+01  
  7.852011000018e-03  ,1.441966293324e+01  ,3.584581608971e+00  ,1.262690099046e+01  
  7.852013000126e-03  ,1.321204230529e+01  ,3.584350780823e+00  ,1.262744923432e+01  
  7.852017000343e-03  ,1.067087312549e+01  ,3.583906902081e+00  ,1.262854603956e+01  
  7.852020000020e-03  ,8.646066380224e+00  ,3.583634273624e+00  ,1.262936843736e+01  
  7.852020800063e-03  ,8.542406904705e+00  ,3.583688802367e+00  ,1.262958773830e+01  
  7.852022400076e-03  ,8.337583926573e+00  ,3.583884657001e+00  ,1.263002644018e+01  
  7.852025600100e-03  ,7.942498383308e+00  ,3.584410660785e+00  ,1.263090381351e+01  
  7.852032000149e-03  ,7.207194126338e+00  ,3.585505487345e+00  ,1.263265832871e+01  
  7.852044800246e-03  ,5.931787317249e+00  ,3.588461620967e+00  ,1.263616721985e+01  
  7.852058725381e-03  ,4.791320852932e+00  ,3.598342674615e+00  ,1.263998347008e+01  
  7.852067642236e-03  ,4.356419897556e+00  ,1.404097980140e+01  ,1.264178089248e+01  
  7.852076010728e-03  ,4.342019132079e+00  ,4.357144569424e+01  ,1.264183786985e+01  
  7.852082280392e-03  ,4.134133552403e+00  ,5.281382610632e+01  ,3.515667326776e-02  
  7.852085550452e-03  ,3.936335999131e+00  ,5.284268051321e+01  ,-2.050695281683e-01  
  7.852088115314e-03  ,3.786054408804e+00  ,5.282562644123e+01  ,-1.671764929750e-03  
  7.852090891773e-03  ,3.630030263313e+00  ,5.282875032529e+01  ,7.830243112182e-03  
  7.852096444691e-03  ,3.336706958688e+00  ,5.283721959683e+01  ,5.598877013935e-03  
  7.852107550526e-03  ,2.818582850312e+00  ,5.285387573340e+01  ,4.578624147317e-03  
  7.852129762197e-03  ,2.006418052406e+00  ,5.288705032194e+01  ,3.655905177578e-03  
  7.852174185539e-03  ,9.666236003196e-01  ,5.295327863504e+01  ,2.009302418944e-03  
  7.852217464471e-03  ,4.395068706685e-01  ,5.301758161163e+01  ,1.238914625960e-03  
  7.852265070701e-03  ,1.635398998304e-01  ,5.308811089472e+01  ,8.350447004111e-04  
  7.852331231857e-03  ,5.544263885151e-02  ,5.318580895583e+01  ,6.750453482027e-04  
  7.852415190959e-03  ,1.367863508747e-02  ,5.330929850402e+01  ,6.110435523584e-04  
  7.852508484149e-03  ,-3.628762616560e-04  ,5.344588474616e+01  ,5.871015755066e-04  
  7.852695070529e-03  ,-3.205686231386e-03  ,5.371706613728e+01  ,5.760234966982e-04  
  7.853065143848e-03  ,6.398306251859e-05  ,5.424704806367e+01  ,5.671312337740e-04  
  7.853717838550e-03  ,2.738376560197e-03  ,5.515610183930e+01  ,5.473985731435e-04  
  7.855023227954e-03  ,6.338834231950e-04  ,5.687469084494e+01  ,4.981219057384e-04  
  7.857634006763e-03  ,2.080321477955e-03  ,5.990673766186e+01  ,4.125918915314e-04  
  7.862000000020e-03  ,1.230432871390e-04  ,6.375229225240e+01  ,2.753959043227e-04  
  7.862001000018e-03  ,5.767799266022e-01  ,6.375312919175e+01  ,-1.014978992328e-03  
  7.862001885426e-03  ,1.094761089234e+00  ,6.375387358884e+01  ,-2.189297889038e-03  
  7.862003656243e-03  ,2.160526294878e+00  ,6.375535974232e+01  ,-4.508344514710e-03  
  7.862007197877e-03  ,4.414477067483e+00  ,6.375831507345e+01  ,-8.965404711891e-03  
  7.862010000020e-03  ,6.310594809581e+00  ,6.376063789283e+01  ,-1.232721820386e-02  
  7.862010708347e-03  ,6.402967300729e+00  ,6.376112978704e+01  ,-1.224756877023e-02  
  7.862012125075e-03  ,6.583835168888e+00  ,6.376210301977e+01  ,-1.198719812313e-02  
  7.862014958530e-03  ,6.936477626104e+00  ,6.376404965062e+01  ,-1.147360141452e-02  
  7.862020625442e-03  ,7.600255477268e+00  ,6.376794640856e+01  ,-1.050644171376e-02  
  7.862031959265e-03  ,8.773583427912e+00  ,6.377575229484e+01  ,-8.797081937616e-03  
  7.862044029206e-03  ,9.824005319634e+00  ,6.378407984306e+01  ,-7.266801315184e-03  
  7.862052573532e-03  ,9.976795565761e+00  ,3.628472358483e+01  ,9.861917951225e+00  
  7.862060714036e-03  ,1.001058867349e+01  ,4.463328173464e+00  ,9.862983845211e+00  
  7.862064623356e-03  ,1.027361507725e+01  ,2.829979820953e+00  ,9.863443631086e+00  
  7.862066732987e-03  ,1.042117897030e+01  ,2.762481515801e+00  ,9.864026635538e+00  
  7.862069399178e-03  ,1.060271122054e+01  ,2.789173238711e+00  ,9.864769476879e+00  
  7.862074668973e-03  ,1.094096119153e+01  ,2.818321388461e+00  ,9.866220157385e+00  
  7.862083807856e-03  ,1.146788842822e+01  ,2.807792923807e+00  ,9.868832458405e+00  
  7.862102085620e-03  ,1.233309651890e+01  ,2.804663824633e+00  ,9.873985746320e+00  
  7.862138641149e-03  ,1.349084904971e+01  ,2.807105437641e+00  ,9.884292264614e+00  
  7.862211752206e-03  ,1.464997517530e+01  ,2.812109672922e+00  ,9.904902544650e+00  
  7.862321186334e-03  ,1.514737731360e+01  ,2.820638639877e+00  ,9.935744902422e+00  
  7.862481975823e-03  ,1.516611169306e+01  ,2.833492418469e+00  ,9.981043873543e+00  
  7.862704134255e-03  ,1.495770007166e+01  ,2.851342144381e+00  ,1.004359828425e+01  
  7.863119125634e-03  ,1.502198472228e+01  ,2.884458084244e+00  ,1.016034403038e+01  
  7.863521909982e-03  ,1.500840351802e+01  ,2.916596177766e+00  ,1.027352431192e+01  
  7.864327478677e-03  ,1.499405547287e+01  ,2.980756642750e+00  ,1.049949706966e+01  
  7.865938616067e-03  ,1.500514681530e+01  ,3.108620627327e+00  ,1.094989554366e+01  
  7.869160890847e-03  ,1.500051492523e+01  ,3.362615560328e+00  ,1.184454580456e+01  
  7.872010000020e-03  ,1.499960500523e+01  ,3.585265122875e+00  ,1.262879329558e+01  
  7.872011000018e-03  ,1.441979840317e+01  ,3.585196616646e+00  ,1.262906743533e+01  
  7.872013000126e-03  ,1.321217378631e+01  ,3.584965769656e+00  ,1.262961566712e+01  
  7.872017000343e-03  ,1.067099690933e+01  ,3.584521890270e+00  ,1.263071244757e+01  
  7.872020000020e-03  ,8.646184657651e+00  ,3.584249275123e+00  ,1.263153482692e+01  
  7.872020800063e-03  ,8.542523764175e+00  ,3.584303810676e+00  ,1.263175412294e+01  
  7.872022400076e-03  ,8.337697984255e+00  ,3.584499678231e+00  ,1.263219281498e+01  
  7.872025600100e-03  ,7.942607036508e+00  ,3.585025700690e+00  ,1.263307016863e+01  
  7.872032000149e-03  ,7.207292721253e+00  ,3.586120572310e+00  ,1.263482464447e+01  
  7.872044800246e-03  ,5.931868466834e+00  ,3.589076871782e+00  ,1.263833345686e+01  
  7.872058725381e-03  ,4.791386401643e+00  ,3.598958129537e+00  ,1.264214962141e+01  
  7.872067642236e-03  ,4.356437865335e+00  ,1.403927544071e+01  ,1.264394712691e+01  
  7.872076010728e-03  ,4.342029737354e+00  ,4.356933268709e+01  ,1.264400424623e+01  
  7.872082280392e-03  ,4.134221502823e+00  ,5.281611613541e+01  ,3.554529118269e-02  
  7.872085550079e-03  ,3.936443012055e+00  ,5.284501843623e+01  ,-2.051438462360e-01  
  7.872088114569e-03  ,3.786178620707e+00  ,5.282795783936e+01  ,-1.677134924756e-03  
  7.872090890655e-03  ,3.630169890909e+00  ,5.283108158593e+01  ,7.831380411231e-03  
  7.872096442828e-03  ,3.336873170858e+00  ,5.283955197145e+01  ,5.599352779411e-03  
  7.872107547173e-03  ,2.818787434466e+00  ,5.285621021645e+01  ,4.578964053165e-03  
  7.872129755864e-03  ,2.006657053240e+00  ,5.288938897200e+01  ,3.656484300396e-03  
  7.872174173245e-03  ,9.668508146343e-01  ,5.295562568874e+01  ,2.009770600871e-03  
  7.872217458138e-03  ,4.395652123037e-01  ,5.301995432838e+01  ,1.239135622003e-03  
  7.872265052447e-03  ,1.636149337903e-01  ,5.309048440680e+01  ,8.352901490250e-04  
  7.872331225524e-03  ,5.545486892030e-02  ,5.318822567966e+01  ,6.751982961857e-04  
  7.872415172705e-03  ,1.368533385870e-02  ,5.331173009380e+01  ,6.111882097256e-04  
  7.872508465895e-03  ,-3.618469085370e-04  ,5.344835227627e+01  ,5.872372215695e-04  
  7.872695052275e-03  ,-3.206697125039e-03  ,5.371960520501e+01  ,5.761546824678e-04  
  7.873065125594e-03  ,6.373135403529e-05  ,5.424972765665e+01  ,5.672606238318e-04  
  7.873717724929e-03  ,2.739229826787e-03  ,5.515889435901e+01  ,5.475281137783e-04  
  7.875022923598e-03  ,6.340309846365e-04  ,5.687772087207e+01  ,4.982475649566e-04  
  7.877633320937e-03  ,2.081021580436e-03  ,5.991028861002e+01  ,4.127133836100e-04  
  7.882000000020e-03  ,1.230810814407e-04  ,6.375777522646e+01  ,2.754694690450e-04  
  7.882001000018e-03  ,5.767799691004e-01  ,6.375861240789e+01  ,-1.014907165900e-03  
  7.882001885520e-03  ,1.094816260054e+00  ,6.375935709731e+01  ,-2.189347928129e-03  
  7.882003656523e-03  ,2.160698074777e+00  ,6.376084383486e+01  ,-4.508632181271e-03  
  7.882007198529e-03  ,4.414907202039e+00  ,6.376380033057e+01  ,-8.966130106619e-03  
  7.882010000020e-03  ,6.310595465062e+00  ,6.376612328541e+01  ,-1.232714438750e-02  
  7.882010708421e-03  ,6.402977565362e+00  ,6.376661540229e+01  ,-1.224747897262e-02  
  7.882012125149e-03  ,6.585380045811e+00  ,6.376758904842e+01  ,-1.198686917140e-02  
  7.882014958605e-03  ,6.939180495450e+00  ,6.376953607093e+01  ,-1.146959475793e-02  
  7.882020625517e-03  ,7.603706768792e+00  ,6.377343414278e+01  ,-1.050138911467e-02  
  7.882031959340e-03  ,8.777254805739e+00  ,6.378124277147e+01  ,-8.791641601264e-03  
  7.882044029280e-03  ,9.827352234728e+00  ,6.378957332158e+01  ,-7.261847922955e-03  
  7.882052575096e-03  ,9.976950743102e+00  ,3.611437913417e+01  ,9.863697557591e+00  
  7.882060717091e-03  ,1.001094452222e+01  ,4.301719464476e+00  ,9.864672332571e+00  
  7.882064603314e-03  ,1.027501553753e+01  ,2.810412669331e+00  ,9.865231671070e+00  
  7.882066678673e-03  ,1.042037156821e+01  ,2.761939273801e+00  ,9.865806687966e+00  
  7.882069312080e-03  ,1.059978243912e+01  ,2.791354177475e+00  ,9.866540298931e+00  
  7.882074578896e-03  ,1.093793120318e+01  ,2.807635770512e+00  ,9.868017741154e+00  
  7.882084197595e-03  ,1.149117717550e+01  ,2.806511352260e+00  ,9.870723938890e+00  
  7.882103434995e-03  ,1.238462505853e+01  ,2.804393099059e+00  ,9.876144610795e+00  
  7.882141909793e-03  ,1.356616821377e+01  ,2.808607026798e+00  ,9.886995223274e+00  
  7.882218859389e-03  ,1.471264666128e+01  ,2.813179589563e+00  ,9.908686901152e+00  
  7.882331011489e-03  ,1.516190502726e+01  ,2.821921045858e+00  ,9.940293972913e+00  
  7.882477781966e-03  ,1.515477836833e+01  ,2.833667061642e+00  ,9.981642327369e+00  
  7.882718823150e-03  ,1.495475443780e+01  ,2.853022289075e+00  ,1.004951144222e+01  
  7.883114884093e-03  ,1.502272643308e+01  ,2.884623468175e+00  ,1.016092800731e+01  
  7.883576224044e-03  ,1.500913166702e+01  ,2.921429641752e+00  ,1.029055057918e+01  
  7.884498903945e-03  ,1.499324856861e+01  ,2.994892484282e+00  ,1.054928704606e+01  
  7.886344263747e-03  ,1.500595354104e+01  ,3.141222489316e+00  ,1.106473188525e+01  
  7.890034983352e-03  ,1.500051867609e+01  ,3.431610821597e+00  ,1.208757092357e+01  
  7.892010000020e-03  ,1.499961885025e+01  ,3.585757859639e+00  ,1.263052899050e+01  
  7.892011000018e-03  ,1.442097857773e+01  ,3.585688980465e+00  ,1.263080312473e+01  
  7.892013000126e-03  ,1.321331921070e+01  ,3.585457994527e+00  ,1.263135134999e+01  
  7.892017000343e-03  ,1.067207527694e+01  ,3.585014071992e+00  ,1.263244810802e+01  
  7.892020000020e-03  ,8.647215052877e+00  ,3.584741467914e+00  ,1.263327047261e+01  
  7.892020800063e-03  ,8.543541805555e+00  ,3.584795997079e+00  ,1.263348976472e+01  
  7.892022400076e-03  ,8.338691615301e+00  ,3.584991853701e+00  ,1.263392844886e+01  
  7.892025600100e-03  ,7.943553581825e+00  ,3.585517844583e+00  ,1.263480578672e+01  
  7.892032000149e-03  ,7.208151633101e+00  ,3.586612604095e+00  ,1.263656023110e+01  
  7.892044800246e-03  ,5.932575365785e+00  ,3.589568175422e+00  ,1.264006898057e+01  
  7.892058725381e-03  ,4.791957190714e+00  ,3.599438385714e+00  ,1.264388507771e+01  
  7.892067642236e-03  ,4.356488224435e+00  ,1.401316823903e+01  ,1.264568462437e+01  
  7.892076012218e-03  ,4.342016198582e+00  ,4.354422023848e+01  ,1.264574342714e+01  
  7.892082286352e-03  ,4.134424471002e+00  ,5.281983647718e+01  ,3.708554104610e-02  
  7.892085557157e-03  ,3.936576097551e+00  ,5.284894191134e+01  ,-2.055711515560e-01  
  7.892088120902e-03  ,3.786348862765e+00  ,5.283183978750e+01  ,-1.700753105227e-03  
  7.892090896988e-03  ,3.630333222467e+00  ,5.283496138468e+01  ,7.836203360382e-03  
  7.892096449161e-03  ,3.337023463357e+00  ,5.284343369296e+01  ,5.600022847776e-03  
  7.892107553506e-03  ,2.818914431735e+00  ,5.286009500951e+01  ,4.578867458492e-03  
  7.892129762197e-03  ,2.006747529416e+00  ,5.289327967878e+01  ,3.657058446233e-03  
  7.892174179578e-03  ,9.668945340626e-01  ,5.295952838402e+01  ,2.009917321090e-03  
  7.892217458511e-03  ,4.396434432195e-01  ,5.302385979445e+01  ,1.239330899077e-03  
  7.892265058780e-03  ,1.636260221735e-01  ,5.309441146537e+01  ,8.353872486444e-04  
  7.892331219936e-03  ,5.547173692267e-02  ,5.319215282544e+01  ,6.753038744003e-04  
  7.892415179038e-03  ,1.368570244399e-02  ,5.331569714669e+01  ,6.112687918123e-04  
  7.892508460307e-03  ,-3.619319849544e-04  ,5.345232661074e+01  ,5.873170330746e-04  
  7.892695022846e-03  ,-3.207061104035e-03  ,5.372359425569e+01  ,5.762338671234e-04  
  7.893065048480e-03  ,6.367889563111e-05  ,5.425374594370e+01  ,5.673398448044e-04  
  7.893717552448e-03  ,2.739722283675e-03  ,5.516295083016e+01  ,5.476078230321e-04  
  7.895022560382e-03  ,6.342235635269e-04  ,5.688186527520e+01  ,4.983262477396e-04  
  7.897632576251e-03  ,2.081420716051e-03  ,5.991465630912e+01  ,4.127912500408e-04  
  7.902000000020e-03  ,1.231428642062e-04  ,6.376363295481e+01  ,2.755033914806e-04  
  7.902001000018e-03  ,5.767800312297e-01  ,6.376447026554e+01  ,-1.014875389752e-03  
  7.902001885613e-03  ,1.094871448562e+00  ,6.376521514739e+01  ,-2.189437890532e-03  
  7.902003656802e-03  ,2.160869869232e+00  ,6.376670226928e+01  ,-4.508959802741e-03  
  7.902007199180e-03  ,4.415337346497e+00  ,6.376965953006e+01  ,-8.966895456080e-03  
  7.902010000020e-03  ,6.310596120224e+00  ,6.377198230402e+01  ,-1.232711053813e-02  
  7.902010708496e-03  ,6.402987827990e+00  ,6.377247456354e+01  ,-1.224742905884e-02  
  7.902012125410e-03  ,6.585413778401e+00  ,6.377344852093e+01  ,-1.198678417657e-02  
  7.902014959238e-03  ,6.939258331298e+00  ,6.377539616632e+01  ,-1.146944585691e-02  
  7.902020626895e-03  ,7.603862042436e+00  ,6.377929548441e+01  ,-1.050112735554e-02  
  7.902031962208e-03  ,8.774949825148e+00  ,6.378710694897e+01  ,-8.794944301236e-03  
  7.902044033639e-03  ,9.824565865686e+00  ,6.379544011994e+01  ,-7.265874794422e-03  
  7.902052577965e-03  ,9.976822475701e+00  ,3.627810220648e+01  ,9.864932062120e+00  
  7.902060718469e-03  ,1.001061840760e+01  ,4.457021863971e+00  ,9.865981285906e+00  
  7.902064626299e-03  ,1.027365620797e+01  ,2.829979454116e+00  ,9.866457880612e+00  
  7.902066734068e-03  ,1.042109896526e+01  ,2.763306803889e+00  ,9.867040435202e+00  
  7.902069398768e-03  ,1.060253635666e+01  ,2.790105693617e+00  ,9.867782817825e+00  
  7.902074670799e-03  ,1.094080453829e+01  ,2.807380119790e+00  ,9.869261619733e+00  
  7.902083686001e-03  ,1.146115351739e+01  ,2.806868005639e+00  ,9.871798010843e+00  
  7.902101716406e-03  ,1.231757869080e+01  ,2.805800963115e+00  ,9.876877204460e+00  
  7.902137777216e-03  ,1.349624396199e+01  ,2.807623206075e+00  ,9.887040417929e+00  
  7.902209898837e-03  ,1.455964472260e+01  ,2.812878821953e+00  ,9.907371323062e+00  
  7.902334448702e-03  ,1.498749875334e+01  ,2.822589309239e+00  ,9.942472296126e+00  
  7.902467486270e-03  ,1.500011156553e+01  ,2.833283287080e+00  ,9.979951725696e+00  
  7.902712771304e-03  ,1.500288072638e+01  ,2.852860699528e+00  ,1.004901649180e+01  
  7.903112313159e-03  ,1.500101516366e+01  ,2.884770613135e+00  ,1.016141236087e+01  
  7.903911396868e-03  ,1.500137833553e+01  ,2.948480857466e+00  ,1.038582212788e+01  
  7.905509564288e-03  ,1.499983061592e+01  ,3.075469794459e+00  ,1.083311838793e+01  
  7.908705899127e-03  ,1.500000586743e+01  ,3.327726745840e+00  ,1.172165450262e+01  
  7.912010000020e-03  ,1.499989530937e+01  ,3.586096230873e+00  ,1.263172095200e+01  
  7.912011000018e-03  ,1.442325351138e+01  ,3.586026618091e+00  ,1.263199508193e+01  
  7.912013000126e-03  ,1.321552715901e+01  ,3.585795360771e+00  ,1.263254330579e+01  
  7.912017000343e-03  ,1.067415396477e+01  ,3.585351347680e+00  ,1.263364004594e+01  
  7.912020000020e-03  ,8.649201267710e+00  ,3.585078753307e+00  ,1.263446240041e+01  
  7.912020800063e-03  ,8.545504206678e+00  ,3.585133261604e+00  ,1.263468168988e+01  
  7.912022400076e-03  ,8.340606962213e+00  ,3.585329081433e+00  ,1.263512036856e+01  
  7.912025600100e-03  ,7.945378164693e+00  ,3.585854987202e+00  ,1.263599769556e+01  
  7.912032000149e-03  ,7.209807290453e+00  ,3.586949467479e+00  ,1.263775211845e+01  
  7.912044800246e-03  ,5.933937995067e+00  ,3.589903364675e+00  ,1.264126082491e+01  
  7.912058726871e-03  ,4.792946451145e+00  ,3.599753618446e+00  ,1.264507728556e+01  
  7.912067645216e-03  ,4.356558149068e+00  ,1.397229512974e+01  ,1.264688037128e+01  
  7.912076016689e-03  ,4.341985364456e+00  ,4.350169437704e+01  ,1.264694190754e+01  
  7.912082296038e-03  ,4.134821306569e+00  ,5.282155296519e+01  ,3.974213179762e-02  
  7.912085567215e-03  ,3.936941492063e+00  ,5.285100126462e+01  ,-2.062612089666e-01  
  7.912087136308e-03  ,3.844091735865e+00  ,5.283265963673e+01  ,-4.156924196526e-03  
  7.912090274492e-03  ,3.665517542951e+00  ,5.283583323274e+01  ,1.014612507091e-02  
  7.912096550861e-03  ,3.332456309306e+00  ,5.284561527780e+01  ,5.650101712385e-03  
  7.912109103600e-03  ,2.753436205161e+00  ,5.286445862692e+01  ,4.427344313627e-03  
  7.912134209076e-03  ,1.873223361205e+00  ,5.290195819247e+01  ,3.518216898510e-03  
  7.912173512379e-03  ,9.864618446904e-01  ,5.296058427942e+01  ,2.038698335358e-03  
  7.912218114534e-03  ,4.425159931718e-01  ,5.302689151102e+01  ,1.243508903623e-03  
  7.912263622681e-03  ,1.762588194549e-01  ,5.309435292809e+01  ,8.539144602360e-04  
  7.912332728306e-03  ,5.625846931459e-02  ,5.319645853640e+01  ,6.764573208365e-04  
  7.912413814465e-03  ,4.614423027340e-03  ,5.331579220449e+01  ,5.981635229126e-04  
  7.912510099808e-03  ,-7.861310706739e-03  ,5.345683925057e+01  ,5.763908488509e-04  
  7.912702670494e-03  ,-5.376863939794e-03  ,5.373681134127e+01  ,5.728504115044e-04  
  7.912993350426e-03  ,4.390928407941e-03  ,5.415405521312e+01  ,5.763832790634e-04  
  7.913574710289e-03  ,-2.485161059586e-05  ,5.496905445035e+01  ,5.487432254191e-04  
  7.914477839867e-03  ,1.130619107100e-03  ,5.618305092247e+01  ,5.180774597871e-04  
  7.915733828941e-03  ,1.472665227674e-03  ,5.776478962990e+01  ,4.750285016022e-04  
  7.918245807091e-03  ,1.203635885984e-03  ,6.055117854079e+01  ,3.923455169937e-04  
  7.922000000020e-03  ,8.932099538397e-04  ,6.376656692420e+01  ,2.767797505999e-04  
  7.922001000018e-03  ,5.775386219057e-01  ,6.376740393807e+01  ,-1.013195780290e-03  
  7.922001885054e-03  ,1.095289197070e+00  ,6.376814822031e+01  ,-2.187956966616e-03  
  7.922003655126e-03  ,2.160568189729e+00  ,6.376963393614e+01  ,-4.505865347566e-03  
  7.922007195269e-03  ,4.413447543267e+00  ,6.377258844620e+01  ,-8.961191628605e-03  
  7.922010000020e-03  ,6.311254407597e+00  ,6.377491374773e+01  ,-1.232624611167e-02  
  7.922010708049e-03  ,6.403581439894e+00  ,6.377540552135e+01  ,-1.224666193738e-02  
  7.922012124032e-03  ,6.586263783401e+00  ,6.377637855138e+01  ,-1.198660216719e-02  
  7.922014955997e-03  ,6.940153709369e+00  ,6.377832406732e+01  ,-1.146823006887e-02  
  7.922020619929e-03  ,7.604114063035e+00  ,6.378221940612e+01  ,-1.050079992649e-02  
  7.922031947791e-03  ,8.776907557099e+00  ,6.379002253595e+01  ,-8.792197872571e-03  
  7.922043360591e-03  ,9.774173865999e+00  ,6.379789770925e+01  ,-7.339381076326e-03  
  7.922051401257e-03  ,9.973531723634e+00  ,4.096784578110e+01  ,9.863954227286e+00  
  7.922059078335e-03  ,1.000039072153e+01  ,1.058856182343e+01  ,9.864130869263e+00  
  7.922063381791e-03  ,1.018939650916e+01  ,3.393044062207e+00  ,9.865046995376e+00  
  7.922067452043e-03  ,1.046809589731e+01  ,2.665837410433e+00  ,9.866123847067e+00  
  7.922069774762e-03  ,1.062554825903e+01  ,2.746560350678e+00  ,9.866773333197e+00  
  7.922072714016e-03  ,1.081680233392e+01  ,2.801572927619e+00  ,9.867599049671e+00  
  7.922078592524e-03  ,1.117411541674e+01  ,2.811188494181e+00  ,9.869252369284e+00  
  7.922090349540e-03  ,1.180040942988e+01  ,2.800766049962e+00  ,9.872566916346e+00  
  7.922102662369e-03  ,1.234989573298e+01  ,2.804956655882e+00  ,9.876038572048e+00  
  7.922127288028e-03  ,1.318399240791e+01  ,2.807182860484e+00  ,9.882981535822e+00  
  7.922176539346e-03  ,1.417170037469e+01  ,2.809608248142e+00  ,9.896866250988e+00  
  7.922275041982e-03  ,1.497992578840e+01  ,2.817545049675e+00  ,9.924630327142e+00  
  7.922403430387e-03  ,1.499978704575e+01  ,2.827830613790e+00  ,9.960806729342e+00  
  7.922629689619e-03  ,1.500012608351e+01  ,2.845897798621e+00  ,1.002452842269e+01  
  7.922869586393e-03  ,1.500011211714e+01  ,2.865077793423e+00  ,1.009204619152e+01  
  7.923349379942e-03  ,1.500018912956e+01  ,2.903375561401e+00  ,1.022694388065e+01  
  7.924308967039e-03  ,1.500023232981e+01  ,2.979814693638e+00  ,1.049618888170e+01  
  7.926228141233e-03  ,1.500031332202e+01  ,3.132069838005e+00  ,1.103248402684e+01  
  7.930066489622e-03  ,1.500033032330e+01  ,3.434104900396e+00  ,1.209635569665e+01  
  7.932010000020e-03  ,1.499978416467e+01  ,3.585785844698e+00  ,1.263062776707e+01  
  7.932011000018e-03  ,1.442107651201e+01  ,3.585716972160e+00  ,1.263090190155e+01  
  7.932013000126e-03  ,1.321341426146e+01  ,3.585485989128e+00  ,1.263145012328e+01  
  7.932017000343e-03  ,1.067216476317e+01  ,3.585042066754e+00  ,1.263254688264e+01  
  7.932020000020e-03  ,8.647300558199e+00  ,3.584769462748e+00  ,1.263336924639e+01  
  7.932020800063e-03  ,8.543626285715e+00  ,3.584823991328e+00  ,1.263358853828e+01  
  7.932022400076e-03  ,8.338774069814e+00  ,3.585019846808e+00  ,1.263402722196e+01  
  7.932025600100e-03  ,7.943632129011e+00  ,3.585545834531e+00  ,1.263490455893e+01  
  7.932032000149e-03  ,7.208222908172e+00  ,3.586640583428e+00  ,1.263665900152e+01  
  7.932044800246e-03  ,5.932634026273e+00  ,3.589596088616e+00  ,1.264016774741e+01  
  7.932058725381e-03  ,4.792004555884e+00  ,3.599465349518e+00  ,1.264398384075e+01  
  7.932067642236e-03  ,4.356492124653e+00  ,1.401097216832e+01  ,1.264578356234e+01  
  7.932076012218e-03  ,4.342014859857e+00  ,4.354165820483e+01  ,1.264584255090e+01  
  7.932082287097e-03  ,4.134541785527e+00  ,5.282690286673e+01  ,3.777134675612e-02  
  7.932085557530e-03  ,3.936712084402e+00  ,5.285609123879e+01  ,-2.057063433305e-01  
  7.932087127367e-03  ,3.843825252128e+00  ,5.283780302223e+01  ,-4.120262182763e-03  
  7.932090267042e-03  ,3.665180564760e+00  ,5.284098283948e+01  ,1.013298392725e-02  
  7.932096546391e-03  ,3.331998606710e+00  ,5.285076603643e+01  ,5.648559449533e-03  
  7.932109105090e-03  ,2.751210365925e+00  ,5.286956536616e+01  ,4.593911853581e-03  
  7.932134222487e-03  ,1.861484899106e+00  ,5.290708681741e+01  ,3.313834023694e-03  
  7.932175361613e-03  ,9.415098028145e-01  ,5.296839803862e+01  ,1.972237751113e-03  
  7.932221352557e-03  ,4.554959189436e-01  ,5.303673618256e+01  ,1.262241146870e-03  
  7.932269447545e-03  ,1.918287946573e-01  ,5.310799775875e+01  ,8.762301508841e-04  
  7.932324361304e-03  ,8.007100949908e-02  ,5.318912385746e+01  ,7.113161897037e-04  
  7.932413064936e-03  ,6.883794359513e-03  ,5.331967174422e+01  ,6.013447327389e-04  
  7.932507872084e-03  ,2.595556165559e-03  ,5.345853209372e+01  ,5.915632419593e-04  
  7.932697486380e-03  ,7.926578983495e-04  ,5.373419780224e+01  ,5.818806223239e-04  
  7.932919120291e-03  ,1.962719261196e-03  ,5.405293472599e+01  ,5.754281438074e-04  
  7.933362388113e-03  ,1.917838674920e-03  ,5.467908848220e+01  ,5.591006455854e-04  
  7.934248923758e-03  ,1.422539795762e-03  ,5.588577752670e+01  ,5.266291009667e-04  
  7.936021995047e-03  ,1.581708088196e-03  ,5.811399918958e+01  ,4.653577813939e-04  
  7.939568137625e-03  ,9.474929581852e-04  ,6.181619767330e+01  ,3.495786873576e-04  
  7.942000000020e-03  ,1.006297465958e-03  ,6.376814431600e+01  ,2.787629485580e-04  
  7.942001000018e-03  ,5.776500578207e-01  ,6.376898097659e+01  ,-1.012276296976e-03  
  7.942001884961e-03  ,1.095344022875e+00  ,6.376972490204e+01  ,-2.188186598413e-03  
  7.942003654846e-03  ,2.160503494527e+00  ,6.377120961368e+01  ,-4.505561611761e-03  
  7.942007194617e-03  ,4.413118907088e+00  ,6.377416217502e+01  ,-8.960405913303e-03  
  7.942010000020e-03  ,6.312134138182e+00  ,6.377648661812e+01  ,-1.232511657331e-02  
  7.942010707974e-03  ,6.404442206028e+00  ,6.377697801505e+01  ,-1.224557174802e-02  
  7.942012123957e-03  ,6.585185936518e+00  ,6.377795025809e+01  ,-1.198537347023e-02  
  7.942014955923e-03  ,6.937591017372e+00  ,6.377989487952e+01  ,-1.147212348714e-02  
  7.942020619854e-03  ,7.601762414830e+00  ,6.378378757237e+01  ,-1.050432056862e-02  
  7.942031947717e-03  ,8.774928688081e+00  ,6.379158541565e+01  ,-8.795269541513e-03  
  7.942043359026e-03  ,9.772391600712e+00  ,6.379945422843e+01  ,-7.342141684244e-03  
  7.942051398203e-03  ,9.973444496858e+00  ,4.106394673048e+01  ,9.861819735221e+00  
  7.942059073791e-03  ,1.000025991455e+01  ,1.068769431268e+01  ,9.861992108469e+00  
  7.942063389167e-03  ,1.018843137934e+01  ,3.398375783759e+00  ,9.862908478180e+00  
  7.942067478046e-03  ,1.046837294938e+01  ,2.663885738147e+00  ,9.863987853907e+00  
  7.942069800019e-03  ,1.062577507677e+01  ,2.745567820340e+00  ,9.864637168309e+00  
  7.942072732568e-03  ,1.081659699933e+01  ,2.800949366735e+00  ,9.865461037382e+00  
  7.942078597665e-03  ,1.117314670477e+01  ,2.810632452422e+00  ,9.867110607543e+00  
  7.942090327859e-03  ,1.179828578543e+01  ,2.800120392812e+00  ,9.870417660874e+00  
  7.942102570653e-03  ,1.234525472704e+01  ,2.804339832670e+00  ,9.873869645922e+00  
  7.942127056241e-03  ,1.317680384985e+01  ,2.806566109652e+00  ,9.880773269485e+00  
  7.942176027417e-03  ,1.416430850702e+01  ,2.808957959931e+00  ,9.894579318185e+00  
  7.942273969769e-03  ,1.497587730608e+01  ,2.816852716483e+00  ,9.922186127295e+00  
  7.942402238965e-03  ,1.499972181272e+01  ,2.827127636574e+00  ,9.958329834406e+00  
  7.942627306103e-03  ,1.500014245827e+01  ,2.845099574035e+00  ,1.002171748603e+01  
  7.942866582989e-03  ,1.500012588266e+01  ,2.864230783484e+00  ,1.008906275873e+01  
  7.943345136761e-03  ,1.500022196192e+01  ,2.902430801675e+00  ,1.022361616217e+01  
  7.944302244305e-03  ,1.500027599379e+01  ,2.978675242648e+00  ,1.049217541290e+01  
  7.946216459393e-03  ,1.500037720519e+01  ,3.130544194309e+00  ,1.102711029028e+01  
  7.950044889569e-03  ,1.500039875795e+01  ,3.431819513490e+00  ,1.208830588901e+01  
  7.952010000020e-03  ,1.499972396806e+01  ,3.585194315452e+00  ,1.262854409302e+01  
  7.952011000018e-03  ,1.442046915945e+01  ,3.585125628276e+00  ,1.262881823385e+01  
  7.952013000126e-03  ,1.321282479232e+01  ,3.584894715146e+00  ,1.262936646493e+01  
  7.952017000343e-03  ,1.067160980333e+01  ,3.584450810945e+00  ,1.263046324998e+01  
  7.952020000020e-03  ,8.646770286226e+00  ,3.584178194823e+00  ,1.263128563147e+01  
  7.952020800063e-03  ,8.543102371323e+00  ,3.584232721946e+00  ,1.263150492808e+01  
  7.952022400076e-03  ,8.338262717560e+00  ,3.584428574337e+00  ,1.263194362123e+01  
  7.952025600100e-03  ,7.943145008221e+00  ,3.584954564856e+00  ,1.263282097713e+01  
  7.952032000149e-03  ,7.207780885549e+00  ,3.586049336362e+00  ,1.263457545755e+01  
  7.952044800246e-03  ,5.932270231586e+00  ,3.589005065270e+00  ,1.263808427910e+01  
  7.952058725381e-03  ,4.791710793411e+00  ,3.598879116004e+00  ,1.264190045430e+01  
  7.952067643726e-03  ,4.356452520150e+00  ,1.402912802187e+01  ,1.264369909316e+01  
  7.952076013708e-03  ,4.342017541500e+00  ,4.356269367594e+01  ,1.264375677749e+01  
  7.952082287097e-03  ,4.134302438519e+00  ,5.282827993790e+01  ,3.644525424750e-02  
  7.952085557902e-03  ,3.936457557797e+00  ,5.285729802863e+01  ,-2.053732081502e-01  
  7.952087128485e-03  ,3.843533890377e+00  ,5.283904166867e+01  ,-4.096189514240e-03  
  7.952090269649e-03  ,3.664819901898e+00  ,5.284222561177e+01  ,1.012428917183e-02  
  7.952096551979e-03  ,3.331519461324e+00  ,5.285200967149e+01  ,5.647184976686e-03  
  7.952109116638e-03  ,2.750561449154e+00  ,5.287081221023e+01  ,4.592826649843e-03  
  7.952134245956e-03  ,1.860681923111e+00  ,5.290834016146e+01  ,3.312484938291e-03  
  7.952175361240e-03  ,9.414955535783e-01  ,5.296959740000e+01  ,1.972037580454e-03  
  7.952221358145e-03  ,4.554420644122e-01  ,5.303792383638e+01  ,1.261983562111e-03  
  7.952269447172e-03  ,1.918268283210e-01  ,5.310915509801e+01  ,8.760487577980e-04  
  7.952324372852e-03  ,8.005275765104e-02  ,5.319027427974e+01  ,7.111111005632e-04  
  7.952413076485e-03  ,6.878128724629e-03  ,5.332078255924e+01  ,6.011587401446e-04  
  7.952507895553e-03  ,2.593868673898e-03  ,5.345961805099e+01  ,5.913834201807e-04  
  7.952697533691e-03  ,7.929419449797e-04  ,5.373523372283e+01  ,5.817043905982e-04  
  7.952919191444e-03  ,1.962021478649e-03  ,5.405390586404e+01  ,5.752514515820e-04  
  7.953362506950e-03  ,1.917092890550e-03  ,5.467992872742e+01  ,5.589257993721e-04  
  7.954249137962e-03  ,1.422150546379e-03  ,5.588635078013e+01  ,5.264583555080e-04  
  7.956022399986e-03  ,1.581045108437e-03  ,5.811401871096e+01  ,4.651932174686e-04  
  7.959568924034e-03  ,9.470786462585e-04  ,6.181504092884e+01  ,3.494256398516e-04  
  7.962000000020e-03  ,1.005768860088e-03  ,6.376539848703e+01  ,2.786463028702e-04  
  7.962001000018e-03  ,5.776495319029e-01  ,6.376623480089e+01  ,-1.012391453422e-03  
  7.962001884868e-03  ,1.095288374361e+00  ,6.376697834152e+01  ,-2.188179026948e-03  
  7.962003654567e-03  ,2.160331254102e+00  ,6.376846228425e+01  ,-4.505316618269e-03  
  7.962007193965e-03  ,4.412688361023e+00  ,6.377141331127e+01  ,-8.959723094775e-03  
  7.962010000020e-03  ,6.311349880895e+00  ,6.377373742511e+01  ,-1.232638533668e-02  
  7.962010707900e-03  ,6.403656664058e+00  ,6.377422852317e+01  ,-1.224683278034e-02  
  7.962012123696e-03  ,6.584393623928e+00  ,6.377520014458e+01  ,-1.198664418812e-02  
  7.962014955289e-03  ,6.936786668876e+00  ,6.377714352276e+01  ,-1.147341173026e-02  
  7.962020618476e-03  ,7.600940507963e+00  ,6.378103372906e+01  ,-1.050563430987e-02  
  7.962031944848e-03  ,8.774094271128e+00  ,6.378882659971e+01  ,-8.796601401803e-03  
  7.962043354667e-03  ,9.771569394603e+00  ,6.379669041071e+01  ,-7.343455699444e-03  
  7.962051392354e-03  ,9.973398227163e+00  ,4.110793098082e+01  ,9.859816110997e+00  
  7.962059064962e-03  ,1.000018245299e+01  ,1.074189541588e+01  ,9.859986139522e+00  
  7.962063385553e-03  ,1.018780422201e+01  ,3.401259302776e+00  ,9.860902675969e+00  
  7.962067483373e-03  ,1.046834431458e+01  ,2.662587482209e+00  ,9.861983002376e+00  
  7.962069804229e-03  ,1.062567789450e+01  ,2.744768386565e+00  ,9.862632037930e+00  
  7.962072731934e-03  ,1.081619855051e+01  ,2.800361644325e+00  ,9.863454577839e+00  
  7.962078587346e-03  ,1.117221812057e+01  ,2.810093515763e+00  ,9.865101451385e+00  
  7.962090298168e-03  ,1.179813772257e+01  ,2.805062862573e+00  ,9.868399761881e+00  
  7.962110074989e-03  ,1.263331122702e+01  ,2.803692767337e+00  ,9.873975914109e+00  
  7.962149628632e-03  ,1.372557060830e+01  ,2.807829216632e+00  ,9.885127803699e+00  
  7.962228735916e-03  ,1.476708062780e+01  ,2.812792461141e+00  ,9.907428143731e+00  
  7.962346180908e-03  ,1.516335001007e+01  ,2.821987359392e+00  ,9.940527082477e+00  
  7.962518724434e-03  ,1.497823129903e+01  ,2.835874178492e+00  ,9.989134438744e+00  
  7.962675198547e-03  ,1.497094517721e+01  ,2.848382535724e+00  ,1.003319422476e+01  
  7.962988146774e-03  ,1.501190657670e+01  ,2.873365114706e+00  ,1.012125513780e+01  
  7.963614043228e-03  ,1.499232861234e+01  ,2.923308578279e+00  ,1.029714259295e+01  
  7.964711150162e-03  ,1.499816762384e+01  ,3.010620776067e+00  ,1.060469510822e+01  
  7.966905364029e-03  ,1.500018751628e+01  ,3.184436438270e+00  ,1.121693700530e+01  
  7.971293791763e-03  ,1.499992905185e+01  ,3.528840329727e+00  ,1.243004595370e+01  
  7.972010000020e-03  ,1.500001337377e+01  ,3.584641693421e+00  ,1.262659793853e+01  
  7.972011000018e-03  ,1.442322987932e+01  ,3.584572173270e+00  ,1.262687208341e+01  
  7.972013000126e-03  ,1.321550422309e+01  ,3.584340953947e+00  ,1.262742033407e+01  
  7.972017000343e-03  ,1.067413237134e+01  ,3.583896939177e+00  ,1.262851713427e+01  
  7.972020000020e-03  ,8.649180634215e+00  ,3.583624310719e+00  ,1.262933953237e+01  
  7.972020800063e-03  ,8.545483820259e+00  ,3.583678800223e+00  ,1.262955883348e+01  
  7.972022400076e-03  ,8.340587064003e+00  ,3.583874584077e+00  ,1.262999753543e+01  
  7.972025600100e-03  ,7.945359208294e+00  ,3.584400432746e+00  ,1.263087490895e+01  
  7.972032000149e-03  ,7.209790086261e+00  ,3.585494765728e+00  ,1.263262942496e+01  
  7.972044800246e-03  ,5.933923824610e+00  ,3.588448033407e+00  ,1.263613831766e+01  
  7.972058726871e-03  ,4.792934947315e+00  ,3.598294711633e+00  ,1.263995498130e+01  
  7.972067645216e-03  ,4.356525619906e+00  ,1.396947509892e+01  ,1.264175842118e+01  
  7.972076016689e-03  ,4.341954378501e+00  ,4.349871673262e+01  ,1.264182014225e+01  
  7.972082296783e-03  ,4.134832937978e+00  ,5.282417218969e+01  ,4.004089975337e-02  
  7.972085567960e-03  ,3.936953558763e+00  ,5.285365523642e+01  ,-2.063332790762e-01  
  7.972088129470e-03  ,3.786839119930e+00  ,5.283647454809e+01  ,-1.747311931340e-03  
  7.972090904439e-03  ,3.630864901891e+00  ,5.283958640443e+01  ,7.845057985801e-03  
  7.972096454376e-03  ,3.337625777444e+00  ,5.284805126215e+01  ,5.601302235638e-03  
  7.972107554251e-03  ,2.818500445318e+00  ,5.286465400141e+01  ,4.700689165889e-03  
  7.972129754001e-03  ,2.006732893806e+00  ,5.289783054897e+01  ,3.534860416145e-03  
  7.972174153501e-03  ,9.672226587234e-01  ,5.296400088100e+01  ,2.009495736925e-03  
  7.972216729099e-03  ,4.467268018473e-01  ,5.302725045591e+01  ,1.249372400681e-03  
  7.972264484340e-03  ,2.101242841580e-01  ,5.309798665633e+01  ,9.028074761009e-04  
  7.972334484035e-03  ,6.562146145465e-02  ,5.320133350911e+01  ,6.895993698421e-04  
  7.972397962982e-03  ,2.411898368022e-02  ,5.329472036338e+01  ,6.267592116491e-04  
  7.972524920875e-03  ,-3.275574415376e-03  ,5.348056840576e+01  ,5.820938609196e-04  
  7.972684041435e-03  ,-5.039276479837e-03  ,5.371176090087e+01  ,5.736127469540e-04  
  7.973002282554e-03  ,-3.866233089265e-04  ,5.416833920988e+01  ,5.686427963079e-04  
  7.973550359184e-03  ,2.947810209114e-03  ,5.493642387582e+01  ,5.535931052482e-04  
  7.974646512443e-03  ,5.507249532984e-04  ,5.640261177595e+01  ,5.110222475538e-04  
  7.976838818962e-03  ,2.246063000920e-03  ,5.905051201315e+01  ,4.388024584000e-04  
  7.981223431999e-03  ,8.416652910944e-05  ,6.318888119788e+01  ,2.976676702870e-04  
  7.982000000020e-03  ,1.476292723839e-03  ,6.375996554078e+01  ,2.804884202002e-04  
  7.982001000018e-03  ,5.781130583139e-01  ,6.376080215333e+01  ,-1.011026470163e-03  
  7.982001884495e-03  ,1.095525253364e+00  ,6.376154568670e+01  ,-2.187145937687e-03  
  7.982003653449e-03  ,2.160089671803e+00  ,6.376302943115e+01  ,-4.503159130113e-03  
  7.982007191357e-03  ,4.411390325441e+00  ,6.376598011156e+01  ,-8.955814527577e-03  
  7.982010000020e-03  ,6.311751981668e+00  ,6.376830709383e+01  ,-1.232570136334e-02  
  7.982010707602e-03  ,6.404016049085e+00  ,6.376879816528e+01  ,-1.224621319449e-02  
  7.982012122839e-03  ,6.584675627960e+00  ,6.376976975943e+01  ,-1.198613729988e-02  
  7.982014953315e-03  ,6.936921291100e+00  ,6.377171307835e+01  ,-1.147311966819e-02  
  7.982020614266e-03  ,7.600812730648e+00  ,6.377560316638e+01  ,-1.050572534501e-02  
  7.982031936168e-03  ,8.773558489035e+00  ,6.378339579171e+01  ,-8.797286577389e-03  
  7.982043341517e-03  ,9.770755228702e+00  ,6.379125936809e+01  ,-7.344546037440e-03  
  7.982051374733e-03  ,9.973361087262e+00  ,4.116304076816e+01  ,9.860491469919e+00  
  7.982059042871e-03  ,1.000010049017e+01  ,1.081258549690e+01  ,9.860658280984e+00  
  7.982063368678e-03  ,1.018690899941e+01  ,3.406068602660e+00  ,9.861575046694e+00  
  7.982067476928e-03  ,1.046814955886e+01  ,2.661826933940e+00  ,9.862656158131e+00  
  7.982069795176e-03  ,1.062532293030e+01  ,2.744652018807e+00  ,9.863304498478e+00  
  7.982072716176e-03  ,1.081543587013e+01  ,2.800532075321e+00  ,9.864125170345e+00  
  7.982078558176e-03  ,1.117073896484e+01  ,2.810327224882e+00  ,9.865768254054e+00  
  7.982090242177e-03  ,1.179400692818e+01  ,2.799690066033e+00  ,9.869062323491e+00  
  7.982102383643e-03  ,1.233752471389e+01  ,2.803946847159e+00  ,9.872485786535e+00  
  7.982126666575e-03  ,1.316566625281e+01  ,2.806172323196e+00  ,9.879332368139e+00  
  7.982175232440e-03  ,1.415319344682e+01  ,2.808515381252e+00  ,9.893024353194e+00  
  7.982272364169e-03  ,1.496989244454e+01  ,2.816348862661e+00  ,9.920403129974e+00  
  7.982400466472e-03  ,1.499961956510e+01  ,2.826608595814e+00  ,9.956500465146e+00  
  7.982623769313e-03  ,1.500016755796e+01  ,2.844439233583e+00  ,1.001939253822e+01  
  7.982862187892e-03  ,1.500014744819e+01  ,2.863502601363e+00  ,1.008649789305e+01  
  7.983339025050e-03  ,1.500027363769e+01  ,2.901566660327e+00  ,1.022057243800e+01  
  7.984292699367e-03  ,1.500034483760e+01  ,2.977540302874e+00  ,1.048817787460e+01  
  7.986200047999e-03  ,1.500047800150e+01  ,3.128872075573e+00  ,1.102122066450e+01  
  7.990014745265e-03  ,1.499965940379e+01  ,3.429090919231e+00  ,1.207869359979e+01  
  7.992010000020e-03  ,1.500000332537e+01  ,3.584828567422e+00  ,1.262725608298e+01  
  7.992011000018e-03  ,1.442257484993e+01  ,3.584759244076e+00  ,1.262753022680e+01  
  7.992013000126e-03  ,1.321486848096e+01  ,3.584528096816e+00  ,1.262807846911e+01  
  7.992017000343e-03  ,1.067353384766e+01  ,3.584084107770e+00  ,1.262917526562e+01  
  7.992020000020e-03  ,8.648608736756e+00  ,3.583811484632e+00  ,1.262999765810e+01  
  7.992020800063e-03  ,8.544918779619e+00  ,3.583865983560e+00  ,1.263021695770e+01  
  7.992022400076e-03  ,8.340035571955e+00  ,3.584061784889e+00  ,1.263065565667e+01  
  7.992025600100e-03  ,7.944833850451e+00  ,3.584587669468e+00  ,1.263153302423e+01  
  7.992032000149e-03  ,7.209313368223e+00  ,3.585682112160e+00  ,1.263328752822e+01  
  7.992044800246e-03  ,5.933531481141e+00  ,3.588635988132e+00  ,1.263679639690e+01  
  7.992058725381e-03  ,4.792729142906e+00  ,3.598487103516e+00  ,1.264061262558e+01  
  7.992067642236e-03  ,4.356521579771e+00  ,1.397416811941e+01  ,1.264241536918e+01  
  7.992076012218e-03  ,4.341964356539e+00  ,4.349901448589e+01  ,1.264247694958e+01  
  7.992082291568e-03  ,4.134814181717e+00  ,5.282002638723e+01  ,3.978202400574e-02  
  7.992085562373e-03  ,3.936956750904e+00  ,5.284947686535e+01  ,-2.062716659296e-01  
  7.992088123882e-03  ,3.786842258313e+00  ,5.283230270983e+01  ,-1.744103482619e-03  
  7.992090898851e-03  ,3.630867904925e+00  ,5.283541553951e+01  ,7.844670787125e-03  
  7.992096448788e-03  ,3.337628537617e+00  ,5.284388156870e+01  ,5.601373419642e-03  
  7.992107548663e-03  ,2.818502800892e+00  ,5.286048674720e+01  ,4.700803692483e-03  
  7.992129748413e-03  ,2.006734646815e+00  ,5.289366819269e+01  ,3.534970184917e-03  
  7.992174147913e-03  ,9.672236401723e-01  ,5.295984832526e+01  ,2.009606054914e-03  
  7.992216723511e-03  ,4.467273970631e-01  ,5.302310730526e+01  ,1.249481990098e-03  
  7.992264478752e-03  ,2.101247039334e-01  ,5.309385406303e+01  ,9.029166271649e-04  
  7.992334478447e-03  ,6.562177426588e-02  ,5.319721640607e+01  ,6.897081070585e-04  
  7.992397957394e-03  ,2.411926596465e-02  ,5.329061732318e+01  ,6.268676740987e-04  
  7.992524915287e-03  ,-3.275311905954e-03  ,5.347649353494e+01  ,5.822018394070e-04  
  7.992684035847e-03  ,-5.039014588454e-03  ,5.370772141655e+01  ,5.737201632200e-04  
  7.993002276966e-03  ,-3.863566283764e-04  ,5.416437075941e+01  ,5.687491173954e-04  
  7.993550353596e-03  ,2.948081515955e-03  ,5.493257853717e+01  ,5.536976293887e-04  
  7.994646506855e-03  ,5.509982230694e-04  ,5.639901526994e+01  ,5.111233532655e-04  
  7.996838813374e-03  ,2.246342812590e-03  ,5.904742108499e+01  ,4.388975781381e-04  
  8.001223426411e-03  ,8.444687052585e-05  ,6.318681365482e+01  ,2.977530095328e-04  
  8.002000000020e-03  ,1.476571932775e-03  ,6.375808344861e+01  ,2.805735826588e-04  
  8.002001000018e-03  ,5.781133374833e-01  ,6.375892029377e+01  ,-1.010941342745e-03  
  8.002001884402e-03  ,1.095470410688e+00  ,6.375966395461e+01  ,-2.186937629434e-03  
  8.002003653170e-03  ,2.159918240152e+00  ,6.376114795486e+01  ,-4.502713519774e-03  
  8.002007190705e-03  ,4.410960605111e+00  ,6.376409915034e+01  ,-8.954931068829e-03  
  8.002010000020e-03  ,6.311751678524e+00  ,6.376642732785e+01  ,-1.232561716261e-02  
  8.002010707527e-03  ,6.404006140142e+00  ,6.376691851302e+01  ,-1.224614328203e-02  
  8.002012122579e-03  ,6.584642655492e+00  ,6.376789030897e+01  ,-1.198610136223e-02  
  8.002014952682e-03  ,6.936844513774e+00  ,6.376983403124e+01  ,-1.147314754512e-02  
  8.002020612888e-03  ,7.600658515697e+00  ,6.377372492505e+01  ,-1.050586612446e-02  
  8.002031933300e-03  ,8.773285979858e+00  ,6.378151915905e+01  ,-8.797599630564e-03  
  8.002043335668e-03  ,9.770284544851e+00  ,6.378938333111e+01  ,-7.345147858690e-03  
  8.002051367394e-03  ,9.973345010118e+00  ,4.119171744761e+01  ,9.861449225040e+00  
  8.002059034042e-03  ,1.000006629989e+01  ,1.084624657175e+01  ,9.861614613206e+00  
  8.002063363574e-03  ,1.018657593184e+01  ,3.408300928890e+00  ,9.862531446058e+00  
  8.002067477785e-03  ,1.046821458973e+01  ,2.661648659575e+00  ,9.863613324030e+00  
  8.002069795660e-03  ,1.062536399061e+01  ,2.744798163962e+00  ,9.864261564215e+00  
  8.002072714425e-03  ,1.081533434263e+01  ,2.800800575028e+00  ,9.865081606554e+00  
  8.002078551955e-03  ,1.117038553632e+01  ,2.810616306722e+00  ,9.866723412842e+00  
  8.002090227015e-03  ,1.179327247851e+01  ,2.799949042643e+00  ,9.870014928773e+00  
  8.002102346129e-03  ,1.233599172549e+01  ,2.804215343977e+00  ,9.873432057088e+00  
  8.002126584358e-03  ,1.316332153283e+01  ,2.806440817734e+00  ,9.880265969583e+00  
  8.002175060816e-03  ,1.415077996148e+01  ,2.808772927858e+00  ,9.893932620858e+00  
  8.002272013731e-03  ,1.496855498356e+01  ,2.816592866723e+00  ,9.921260750994e+00  
  8.002400092192e-03  ,1.499959730036e+01  ,2.826850152711e+00  ,9.957351056934e+00  
  8.002623013563e-03  ,1.500017292347e+01  ,2.844650008891e+00  ,1.002013518674e+01  
  8.002861265249e-03  ,1.500015214286e+01  ,2.863699964171e+00  ,1.008719308168e+01  
  8.003337768621e-03  ,1.500028492800e+01  ,2.901737127221e+00  ,1.022117289805e+01  
  8.004290775366e-03  ,1.500035989958e+01  ,2.977657197369e+00  ,1.048858964132e+01  
  8.006196788855e-03  ,1.500050006691e+01  ,3.128882689595e+00  ,1.102125808610e+01  
  8.010008815832e-03  ,1.499963883337e+01  ,3.428892416837e+00  ,1.207799437151e+01  
  8.012010000020e-03  ,1.500000223041e+01  ,3.585092689084e+00  ,1.262818640864e+01  
  8.012011000018e-03  ,1.442253094174e+01  ,3.585023377469e+00  ,1.262846054982e+01  
  8.012013000126e-03  ,1.321482586565e+01  ,3.584792233856e+00  ,1.262900878684e+01  
  8.012017000343e-03  ,1.067349372725e+01  ,3.584348248635e+00  ,1.263010557279e+01  
  8.012020000020e-03  ,8.648570401271e+00  ,3.584075631091e+00  ,1.263092795735e+01  
  8.012020800063e-03  ,8.544880903815e+00  ,3.584130134084e+00  ,1.263114725483e+01  
  8.012022400076e-03  ,8.339998604448e+00  ,3.584325942995e+00  ,1.263158594957e+01  
  8.012025600100e-03  ,7.944798634962e+00  ,3.584851840009e+00  ,1.263246330869e+01  
  8.012032000149e-03  ,7.209281413621e+00  ,3.585946316127e+00  ,1.263421779577e+01  
  8.012044800246e-03  ,5.933505184137e+00  ,3.588900345090e+00  ,1.263772663062e+01  
  8.012058725381e-03  ,4.792707921369e+00  ,3.598752611991e+00  ,1.264154282238e+01  
  8.012067643726e-03  ,4.356519540948e+00  ,1.398129494669e+01  ,1.264334528722e+01  
  8.012076013708e-03  ,4.341974375018e+00  ,4.350703668698e+01  ,1.264340635940e+01  
  8.012082292313e-03  ,4.134710788320e+00  ,5.281856053543e+01  ,3.915128064459e-02  
  8.012085563118e-03  ,3.936856108142e+00  ,5.284793077924e+01  ,-2.061105496276e-01  
  8.012087132582e-03  ,3.843986924388e+00  ,5.282960291346e+01  ,-4.146803436915e-03  
  8.012090271512e-03  ,3.665376150727e+00  ,5.283277701725e+01  ,1.014202258836e-02  
  8.012096549371e-03  ,3.332252072308e+00  ,5.284255685932e+01  ,5.649352402088e-03  
  8.012109105090e-03  ,2.753141827350e+00  ,5.286139646081e+01  ,4.426896185233e-03  
  8.012134216526e-03  ,1.872847374546e+00  ,5.289888864168e+01  ,3.517222855997e-03  
  8.012173513869e-03  ,9.863611007327e-01  ,5.295748028055e+01  ,2.038317805976e-03  
  8.012218116024e-03  ,4.424764324920e-01  ,5.302375858553e+01  ,1.243219169993e-03  
  8.012263624171e-03  ,1.762458147352e-01  ,5.309119053383e+01  ,8.536639301234e-04  
  8.012332741717e-03  ,5.624029417698e-02  ,5.319326904947e+01  ,6.761997318477e-04  
  8.012413827876e-03  ,4.608905217238e-03  ,5.331255035593e+01  ,5.979254607617e-04  
  8.012510125140e-03  ,-7.863097156704e-03  ,5.345355280980e+01  ,5.761590564053e-04  
  8.012702719668e-03  ,-5.376358252227e-03  ,5.373343575412e+01  ,5.726236111880e-04  
  8.012993447283e-03  ,4.390180442933e-03  ,5.415056181100e+01  ,5.761566584850e-04  
  8.013574902514e-03  ,-2.576065761389e-05  ,5.496532424117e+01  ,5.485202976888e-04  
  8.014478318194e-03  ,1.129892516640e-03  ,5.617913031765e+01  ,5.178557210434e-04  
  8.015734307269e-03  ,1.471920966160e-03  ,5.776008492069e+01  ,4.748216114265e-04  
  8.018246285418e-03  ,1.202979786189e-03  ,6.054501297696e+01  ,3.921650688148e-04  
  8.022000000020e-03  ,8.926979839374e-04  ,6.375816631002e+01  ,2.766481711355e-04  
  8.022001000018e-03  ,5.775381101412e-01  ,6.375900290447e+01  ,-1.013324290988e-03  
  8.022001884868e-03  ,1.095178437889e+00  ,6.375974665940e+01  ,-2.187839775520e-03  
  8.022003654567e-03  ,2.160224239792e+00  ,6.376123132220e+01  ,-4.505273349719e-03  
  8.022007193965e-03  ,4.412586965123e+00  ,6.376418373323e+01  ,-8.959724081962e-03  
  8.022010000020e-03  ,6.311252731582e+00  ,6.376650894326e+01  ,-1.232637702694e-02  
  8.022010707900e-03  ,6.403560551720e+00  ,6.376700031757e+01  ,-1.224682376151e-02  
  8.022012123696e-03  ,6.584299541967e+00  ,6.376797249014e+01  ,-1.198663436962e-02  
  8.022014955289e-03  ,6.936696545744e+00  ,6.376991697576e+01  ,-1.147339598462e-02  
  8.022020618476e-03  ,7.600857845969e+00  ,6.377380939323e+01  ,-1.050560693107e-02  
  8.022031944848e-03  ,8.774024788412e+00  ,6.378160668719e+01  ,-8.796554807536e-03  
  8.022043354667e-03  ,9.771511117579e+00  ,6.378947495491e+01  ,-7.343393369962e-03  
  8.022051392354e-03  ,9.973405684483e+00  ,4.110436176927e+01  ,9.860999042059e+00  
  8.022059064962e-03  ,1.000019577169e+01  ,1.073878961408e+01  ,9.861169472626e+00  
  8.022063385553e-03  ,1.018787462272e+01  ,3.401307179617e+00  ,9.862085867705e+00  
  8.022067482628e-03  ,1.046836374678e+01  ,2.662992366656e+00  ,9.863166108894e+00  
  8.022069803484e-03  ,1.062569623517e+01  ,2.745128404484e+00  ,9.863815135493e+00  
  8.022072731562e-03  ,1.081623953921e+01  ,2.800700641967e+00  ,9.864637768400e+00  
  8.022078587718e-03  ,1.117229898950e+01  ,2.810426777641e+00  ,9.866284832105e+00  
  8.022090300031e-03  ,1.179827893505e+01  ,2.805398193969e+00  ,9.869583523362e+00  
  8.022110082812e-03  ,1.263363448707e+01  ,2.804029697264e+00  ,9.875161289708e+00  
  8.022149648376e-03  ,1.372599785113e+01  ,2.808165907007e+00  ,9.886316407031e+00  
  8.022228779502e-03  ,1.476740676075e+01  ,2.813131571987e+00  ,9.908623200483e+00  
  8.022346224494e-03  ,1.516337061871e+01  ,2.822326516705e+00  ,9.941721740931e+00  
  8.022518815703e-03  ,1.497820638380e+01  ,2.836216998554e+00  ,9.990341941693e+00  
  8.022675289817e-03  ,1.497093913182e+01  ,2.848725199223e+00  ,1.003440119141e+01  
  8.022988238044e-03  ,1.501190903691e+01  ,2.873707469234e+00  ,1.012246103257e+01  
  8.023614134498e-03  ,1.499232700723e+01  ,2.923650327161e+00  ,1.029834634676e+01  
  8.024711432166e-03  ,1.499816723376e+01  ,3.010976617570e+00  ,1.060594850365e+01  
  8.026906027503e-03  ,1.500018752132e+01  ,3.184820194094e+00  ,1.121828872560e+01  
  8.031295218177e-03  ,1.499992904421e+01  ,3.529278837784e+00  ,1.243159053075e+01  
  8.032010000020e-03  ,1.500001335741e+01  ,3.584968289455e+00  ,1.262774832283e+01  
  8.032011000018e-03  ,1.442322996873e+01  ,3.584898766426e+00  ,1.262802246444e+01  
  8.032013000126e-03  ,1.321550430986e+01  ,3.584667545190e+00  ,1.262857070857e+01  
  8.032017000343e-03  ,1.067413245310e+01  ,3.584223532893e+00  ,1.262966749570e+01  
  8.032020000020e-03  ,8.649180712488e+00  ,3.583950911458e+00  ,1.263048988401e+01  
  8.032020800063e-03  ,8.545483897665e+00  ,3.584005405370e+00  ,1.263070918250e+01  
  8.032022400076e-03  ,8.340587139692e+00  ,3.584201197506e+00  ,1.263114787923e+01  
  8.032025600100e-03  ,7.945359280648e+00  ,3.584727059193e+00  ,1.263202524231e+01  
  8.032032000149e-03  ,7.209790152555e+00  ,3.585821425989e+00  ,1.263377973740e+01  
  8.032044800246e-03  ,5.933923881684e+00  ,3.588774839193e+00  ,1.263728858828e+01  
  8.032058726871e-03  ,4.792935007430e+00  ,3.598622374578e+00  ,1.264110520633e+01  
  8.032067645216e-03  ,4.356532749374e+00  ,1.397022879024e+01  ,1.264290855549e+01  
  8.032076016689e-03  ,4.341961440693e+00  ,4.349952560015e+01  ,1.264297020587e+01  
  8.032082296038e-03  ,4.134773277775e+00  ,5.281833170784e+01  ,3.961555978823e-02  
  8.032085567215e-03  ,3.936895302609e+00  ,5.284776325467e+01  ,-2.062438644397e-01  
  8.032087136308e-03  ,3.844046640141e+00  ,5.282942206107e+01  ,-4.156141900543e-03  
  8.032090274492e-03  ,3.665474496023e+00  ,5.283259349696e+01  ,1.014558954127e-02  
  8.032096550861e-03  ,3.332417088058e+00  ,5.284237093078e+01  ,5.649769692558e-03  
  8.032109103600e-03  ,2.753403649170e+00  ,5.286120506315e+01  ,4.427041742604e-03  
  8.032134209076e-03  ,1.873200937833e+00  ,5.289868621100e+01  ,3.517909957448e-03  
  8.032173518339e-03  ,9.863434582768e-01  ,5.295729236011e+01  ,2.038261603357e-03  
  8.032218120495e-03  ,4.424520367270e-01  ,5.302356691501e+01  ,1.243152208929e-03  
  8.032263628641e-03  ,1.762274727610e-01  ,5.309099503959e+01  ,8.536059412643e-04  
  8.032332734266e-03  ,5.624807823799e-02  ,5.319305018326e+01  ,6.761803753003e-04  
  8.032413820425e-03  ,4.613051083845e-03  ,5.331232477513e+01  ,5.979009402624e-04  
  8.032510105768e-03  ,-7.860503053850e-03  ,5.345330186291e+01  ,5.761328798676e-04  
  8.032702676455e-03  ,-5.376488023568e-03  ,5.373313466171e+01  ,5.725946656665e-04  
  8.032993356386e-03  ,4.389601881323e-03  ,5.415016986409e+01  ,5.761292641263e-04  
  8.033574716249e-03  ,-2.540032718539e-05  ,5.496475758913e+01  ,5.484985912111e-04  
  8.034477941195e-03  ,1.129871244195e-03  ,5.617825537945e+01  ,5.178414465076e-04  
  8.035733930269e-03  ,1.471866702142e-03  ,5.775915072973e+01  ,4.748085229379e-04  
  8.038245908419e-03  ,1.202933167464e-03  ,6.054397361632e+01  ,3.921542591493e-04  
  8.042000000020e-03  ,8.926291515425e-04  ,6.375726962288e+01  ,2.766293392999e-04  
  8.042001000018e-03  ,5.775380412831e-01  ,6.375810615980e+01  ,-1.013342992261e-03  
  8.042001884868e-03  ,1.095178369027e+00  ,6.375884986377e+01  ,-2.187857818091e-03  
  8.042003654567e-03  ,2.160224170927e+00  ,6.376033442479e+01  ,-4.505291553699e-03  
  8.042007193965e-03  ,4.412586896250e+00  ,6.376328663226e+01  ,-8.959742330007e-03  
  8.042010000020e-03  ,6.311252662703e+00  ,6.376561168091e+01  ,-1.232639528477e-02  
  8.042010707900e-03  ,6.403560482838e+00  ,6.376610301446e+01  ,-1.224684240555e-02  
  8.042012123696e-03  ,6.584299473079e+00  ,6.376707510544e+01  ,-1.198665305495e-02  
  8.042014955289e-03  ,6.936696476845e+00  ,6.376901942786e+01  ,-1.147341466923e-02  
  8.042020618476e-03  ,7.600857777050e+00  ,6.377291151901e+01  ,-1.050562560020e-02  
  8.042031944848e-03  ,8.774024719463e+00  ,6.378070816066e+01  ,-8.796573461389e-03  
  8.042043354667e-03  ,9.771511048611e+00  ,6.378857577170e+01  ,-7.343412005040e-03  
  8.042051392354e-03  ,9.973403983149e+00  ,4.110332281276e+01  ,9.860620998108e+00  
  8.042059064962e-03  ,1.000019478691e+01  ,1.073779149373e+01  ,9.860791495831e+00  
  8.042063385553e-03  ,1.018788873105e+01  ,3.401135291644e+00  ,9.861707882228e+00  
  8.042067482628e-03  ,1.046837784589e+01  ,2.662893202767e+00  ,9.862788159812e+00  
  8.042069803484e-03  ,1.062570981525e+01  ,2.745024540117e+00  ,9.863437188459e+00  
  8.042072731934e-03  ,1.081627616356e+01  ,2.800595119776e+00  ,9.864259928595e+00  
  8.042078588836e-03  ,1.117237589202e+01  ,2.810318770487e+00  ,9.865907208064e+00  
  8.042090302638e-03  ,1.179683786452e+01  ,2.799759756541e+00  ,9.869209678382e+00  
  8.042102506689e-03  ,1.234245753108e+01  ,2.803993559039e+00  ,9.872650781986e+00  
  8.042126914791e-03  ,1.317266005214e+01  ,2.806219559973e+00  ,9.879532643422e+00  
  8.042175730996e-03  ,1.416012313892e+01  ,2.808592962835e+00  ,9.893295175576e+00  
  8.042273363404e-03  ,1.497360739498e+01  ,2.816464335960e+00  ,9.920814987907e+00  
  8.042401584916e-03  ,1.499968556292e+01  ,2.826734814808e+00  ,9.956945759535e+00  
  8.042625984482e-03  ,1.500015141241e+01  ,2.844653415621e+00  ,1.002014633805e+01  
  8.042864975266e-03  ,1.500013353338e+01  ,2.863762176616e+00  ,1.008741217948e+01  
  8.043342956833e-03  ,1.500024026526e+01  ,2.901917182096e+00  ,1.022180704539e+01  
  8.044298919968e-03  ,1.500030036493e+01  ,2.978071970319e+00  ,1.049005051915e+01  
  8.046210846238e-03  ,1.500041287933e+01  ,3.129763087577e+00  ,1.102435901146e+01  
  8.050034698777e-03  ,1.499972011412e+01  ,3.430688886654e+00  ,1.208432229434e+01  
  8.052010000020e-03  ,1.500000656118e+01  ,3.584864516629e+00  ,1.262738271534e+01  
  8.052011000018e-03  ,1.442270406063e+01  ,3.584795151728e+00  ,1.262765685879e+01  
  8.052013000126e-03  ,1.321499388706e+01  ,3.584563989014e+00  ,1.262820510042e+01  
  8.052017000343e-03  ,1.067365191208e+01  ,3.584119994883e+00  ,1.262930189546e+01  
  8.052020000020e-03  ,8.648721548942e+00  ,3.583847372773e+00  ,1.263012428688e+01  
  8.052020800063e-03  ,8.545030239247e+00  ,3.583901870718e+00  ,1.263034358619e+01  
  8.052022400076e-03  ,8.340144359025e+00  ,3.584097670366e+00  ,1.263078228458e+01  
  8.052025600100e-03  ,7.944937482356e+00  ,3.584623550787e+00  ,1.263165965099e+01  
  8.052032000149e-03  ,7.209407405599e+00  ,3.585717979362e+00  ,1.263341415269e+01  
  8.052044800246e-03  ,5.933608875354e+00  ,3.588671767792e+00  ,1.263692301678e+01  
  8.052058726871e-03  ,4.792680664437e+00  ,3.598524503871e+00  ,1.264073964872e+01  
  8.052067645216e-03  ,4.356512806216e+00  ,1.398212808832e+01  ,1.264254205557e+01  
  8.052076016689e-03  ,4.341969670067e+00  ,4.351340147219e+01  ,1.264260285050e+01  
  8.052082294548e-03  ,4.134632151420e+00  ,5.281796302365e+01  ,3.873129188715e-02  
  8.052085565725e-03  ,3.936757790212e+00  ,5.284728084837e+01  ,-2.060164319375e-01  
  8.052087135376e-03  ,3.843880216063e+00  ,5.282896188159e+01  ,-4.139697080644e-03  
  8.052090274679e-03  ,3.665253679705e+00  ,5.283213703895e+01  ,1.013962680816e-02  
  8.052096553283e-03  ,3.332102898508e+00  ,5.284191685294e+01  ,5.648943870237e-03  
  8.052109110491e-03  ,2.752955810429e+00  ,5.286075678313e+01  ,4.426706253953e-03  
  8.052134224908e-03  ,1.864014653522e+00  ,5.289826995716e+01  ,3.316483634999e-03  
  8.052175864713e-03  ,9.348890584584e-01  ,5.296032271291e+01  ,1.962625991868e-03  
  8.052222123878e-03  ,3.971982844230e-01  ,5.302904184256e+01  ,1.177147068978e-03  
  8.052268442647e-03  ,1.916131489873e-01  ,5.309764418137e+01  ,8.758255424617e-04  
  8.052330646055e-03  ,5.756102921584e-02  ,5.318949905964e+01  ,6.781473855609e-04  
  8.052396759527e-03  ,2.029528457071e-02  ,5.328679268316e+01  ,6.213735293656e-04  
  8.052528986471e-03  ,1.731048376380e-03  ,5.348037670297e+01  ,5.893842635578e-04  
  8.052669128912e-03  ,-1.046018265927e-03  ,5.368409420780e+01  ,5.801303886317e-04  
  8.052949413793e-03  ,3.097562787706e-04  ,5.408702740357e+01  ,5.717490686572e-04  
  8.053396067159e-03  ,1.567302797151e-03  ,5.471666336426e+01  ,5.572440759256e-04  
  8.054289373891e-03  ,1.675508928391e-03  ,5.592961864861e+01  ,5.254675802011e-04  
  8.056075987356e-03  ,1.354396480421e-03  ,5.816750449430e+01  ,4.631083523185e-04  
  8.059649214284e-03  ,1.145159035386e-03  ,6.187745695031e+01  ,3.473061618965e-04  
  8.062000000020e-03  ,8.843898977304e-04  ,6.375630226733e+01  ,2.762286485339e-04  
  8.062001000018e-03  ,5.775299782394e-01  ,6.375713905140e+01  ,-1.012310785476e-03  
  8.062001884868e-03  ,1.095170422258e+00  ,6.375788323234e+01  ,-2.188073338088e-03  
  8.062003654567e-03  ,2.160216446348e+00  ,6.375936846094e+01  ,-4.505211817003e-03  
  8.062007193965e-03  ,4.412579600074e+00  ,6.376232205887e+01  ,-8.959610585729e-03  
  8.062010000020e-03  ,6.311245690365e+00  ,6.376464821078e+01  ,-1.232626624966e-02  
  8.062010707900e-03  ,6.403553589602e+00  ,6.376513982404e+01  ,-1.224671536739e-02  
  8.062012123696e-03  ,6.584292734743e+00  ,6.376611247542e+01  ,-1.198652380646e-02  
  8.062014955289e-03  ,6.936690040430e+00  ,6.376805791309e+01  ,-1.147328516866e-02  
  8.062020618476e-03  ,7.600851909721e+00  ,6.377195223876e+01  ,-1.050549609082e-02  
  8.062031944848e-03  ,8.774019857352e+00  ,6.377975334850e+01  ,-8.796442500297e-03  
  8.062043354667e-03  ,9.771507041185e+00  ,6.378762545953e+01  ,-7.343279190051e-03  
  8.062051392354e-03  ,9.973414527521e+00  ,4.110342648665e+01  ,9.862472996695e+00  
  8.062059064962e-03  ,1.000020658003e+01  ,1.073804230892e+01  ,9.862643541702e+00  
  8.062063385553e-03  ,1.018790410399e+01  ,3.401612021694e+00  ,9.863559899681e+00  
  8.062067482628e-03  ,1.046839281369e+01  ,2.663418810705e+00  ,9.864640161916e+00  
  8.062069803484e-03  ,1.062572433656e+01  ,2.745556669191e+00  ,9.865289178966e+00  
  8.062072731934e-03  ,1.081629002158e+01  ,2.801123994499e+00  ,9.866111902998e+00  
  8.062078588836e-03  ,1.117238854045e+01  ,2.810844638864e+00  ,9.867759151641e+00  
  8.062090302638e-03  ,1.179684845204e+01  ,2.800286099173e+00  ,9.871061560324e+00  
  8.062102508180e-03  ,1.234252754514e+01  ,2.804519628259e+00  ,9.874503019868e+00  
  8.062126919262e-03  ,1.317279372211e+01  ,2.806745553681e+00  ,9.881385593166e+00  
  8.062175741426e-03  ,1.416027256240e+01  ,2.809119445456e+00  ,9.895149548810e+00  
  8.062273385755e-03  ,1.497369470388e+01  ,2.816991570775e+00  ,9.922672206885e+00  
  8.062401607267e-03  ,1.499968678335e+01  ,2.827261886549e+00  ,9.958802302590e+00  
  8.062626030676e-03  ,1.500015111238e+01  ,2.845182065858e+00  ,1.002200841137e+01  
  8.062865021459e-03  ,1.500013327377e+01  ,2.864290464414e+00  ,1.008927298980e+01  
  8.063343003027e-03  ,1.500023964578e+01  ,2.902444753567e+00  ,1.022366533230e+01  
  8.064298966162e-03  ,1.500029954014e+01  ,2.978598111940e+00  ,1.049190376951e+01  
  8.066210892431e-03  ,1.500033401502e+01  ,3.130286799652e+00  ,1.102620354016e+01  
  8.070034744970e-03  ,1.499979371868e+01  ,3.431206851157e+00  ,1.208614690696e+01  
  8.072010000020e-03  ,1.500001056962e+01  ,3.585376033038e+00  ,1.262918446004e+01  
  8.072011000018e-03  ,1.442285415758e+01  ,3.585306615574e+00  ,1.262945859838e+01  
  8.072013000126e-03  ,1.321513956440e+01  ,3.585075432093e+00  ,1.263000682975e+01  
  8.072017000343e-03  ,1.067378906112e+01  ,3.584631435568e+00  ,1.263110360437e+01  
  8.072020000020e-03  ,8.648852596951e+00  ,3.584358824797e+00  ,1.263192598044e+01  
  8.072020800063e-03  ,8.545159716163e+00  ,3.584413327935e+00  ,1.263214527565e+01  
  8.072022400076e-03  ,8.340270731568e+00  ,3.584609137538e+00  ,1.263258396586e+01  
  8.072025600100e-03  ,7.945057866762e+00  ,3.585135031866e+00  ,1.263346131591e+01  
  8.072032000149e-03  ,7.209516645402e+00  ,3.586229492702e+00  ,1.263521578487e+01  
  8.072044800246e-03  ,5.933698785014e+00  ,3.589183388916e+00  ,1.263872458348e+01  
  8.072058726871e-03  ,4.792753280167e+00  ,3.599035906885e+00  ,1.264254114419e+01  
  8.072067645216e-03  ,4.356529012455e+00  ,1.397984703781e+01  ,1.264434368815e+01  
  8.072076016689e-03  ,4.341977743728e+00  ,4.351063822792e+01  ,1.264440465205e+01  
  8.072082294548e-03  ,4.134671867773e+00  ,5.281696245026e+01  ,3.888182006787e-02  
  8.072085565725e-03  ,3.936796145796e+00  ,5.284630096911e+01  ,-2.060577166821e-01  
  8.072087135376e-03  ,3.843917611580e+00  ,5.282797868369e+01  ,-4.142083030950e-03  
  8.072090274679e-03  ,3.665289360918e+00  ,5.283115470201e+01  ,1.014060196286e-02  
  8.072096553283e-03  ,3.332135386537e+00  ,5.284093699843e+01  ,5.649187869847e-03  
  8.072109110491e-03  ,2.752982729177e+00  ,5.285978176813e+01  ,4.426858025501e-03  
  8.072134224908e-03  ,1.864033023489e+00  ,5.289730459697e+01  ,3.316664127125e-03  
  8.072175864713e-03  ,9.348984931961e-01  ,5.295937335834e+01  ,1.962793519834e-03  
  8.072222123878e-03  ,3.972025481471e-01  ,5.302811025634e+01  ,1.177306665439e-03  
  8.072268436687e-03  ,1.916350145426e-01  ,5.309672155394e+01  ,8.760106663991e-04  
  8.072330628173e-03  ,5.758909321961e-02  ,5.318858273609e+01  ,6.783415240820e-04  
  8.072396741645e-03  ,2.030491266518e-02  ,5.328590177782e+01  ,6.215403120573e-04  
  8.072528968589e-03  ,1.731496200203e-03  ,5.347953654804e+01  ,5.895366935782e-04  
  8.072669087188e-03  ,-1.046543885338e-03  ,5.368327317949e+01  ,5.802812627420e-04  
  8.072949324386e-03  ,3.095503127415e-04  ,5.408624577992e+01  ,5.719001419005e-04  
  8.073395882385e-03  ,1.567653031343e-03  ,5.471592071489e+01  ,5.573962633272e-04  
  8.074288998382e-03  ,1.676071582866e-03  ,5.592896966923e+01  ,5.256207175597e-04  
  8.076075230377e-03  ,1.354826800023e-03  ,5.816710568807e+01  ,4.632626107499e-04  
  8.079647694366e-03  ,1.145757538487e-03  ,6.187780422679e+01  ,3.474632351144e-04  
  8.082000000020e-03  ,8.847537127735e-04  ,6.375873620584e+01  ,2.763262717093e-04  
  8.082001000018e-03  ,5.775303409202e-01  ,6.375957328693e+01  ,-1.012212835774e-03  
  8.082001884868e-03  ,1.095170784852e+00  ,6.376031773059e+01  ,-2.187974390976e-03  
  8.082003654567e-03  ,2.160216808777e+00  ,6.376180348485e+01  ,-4.505113090051e-03  
  8.082007193965e-03  ,4.412579962188e+00  ,6.376475813404e+01  ,-8.959511856599e-03  
  8.082010000020e-03  ,6.311246052240e+00  ,6.376708511937e+01  ,-1.232616748867e-02  
  8.082010707900e-03  ,6.403553951424e+00  ,6.376757694316e+01  ,-1.224661547483e-02  
  8.082012123696e-03  ,6.584293096466e+00  ,6.376855001586e+01  ,-1.198642380096e-02  
  8.082014955289e-03  ,6.936690401960e+00  ,6.377049629617e+01  ,-1.147318516749e-02  
  8.082020618476e-03  ,7.600852270881e+00  ,6.377439230681e+01  ,-1.050539614602e-02  
  8.082031944848e-03  ,8.774020217839e+00  ,6.378219678533e+01  ,-8.796342613072e-03  
  8.082043354667e-03  ,9.771507401072e+00  ,6.379007228829e+01  ,-7.343179377898e-03  
  8.082051392354e-03  ,9.973423025687e+00  ,4.110655557074e+01  ,9.864197439592e+00  
  8.082059064962e-03  ,1.000021330269e+01  ,1.074109404171e+01  ,9.864367797047e+00  
  8.082063385553e-03  ,1.018786705966e+01  ,3.402277838528e+00  ,9.865284173648e+00  
  8.082067482628e-03  ,1.046835566753e+01  ,2.663884026827e+00  ,9.866364322635e+00  
  8.082069803111e-03  ,1.062566392799e+01  ,2.746038107336e+00  ,9.867013227777e+00  
  8.082072731189e-03  ,1.081620865754e+01  ,2.801614468833e+00  ,9.867835833449e+00  
  8.082078587346e-03  ,1.117227067436e+01  ,2.811336162242e+00  ,9.869482843678e+00  
  8.082090299658e-03  ,1.179825522486e+01  ,2.806306330267e+00  ,9.872781428341e+00  
  8.082110085420e-03  ,1.263372639317e+01  ,2.804938250557e+00  ,9.878359855256e+00  
  8.082149656944e-03  ,1.372617389546e+01  ,2.809074115515e+00  ,9.889516293601e+00  
  8.082228799991e-03  ,1.476756290186e+01  ,2.814040704499e+00  ,9.911825728251e+00  
  8.082346244983e-03  ,1.516338572278e+01  ,2.823235403279e+00  ,9.944923201080e+00  
  8.082518860034e-03  ,1.497819328264e+01  ,2.837127365397e+00  ,9.993548548115e+00  
  8.082675334148e-03  ,1.497093525167e+01  ,2.849635160221e+00  ,1.003760637366e+01  
  8.082988282375e-03  ,1.501191061403e+01  ,2.874616617135e+00  ,1.012566336840e+01  
  8.083614178829e-03  ,1.499232597603e+01  ,2.924557863261e+00  ,1.030154299720e+01  
  8.084711476497e-03  ,1.499816698050e+01  ,3.011881330022e+00  ,1.060913521131e+01  
  8.086906071834e-03  ,1.500018753723e+01  ,3.185719286784e+00  ,1.122145564008e+01  
  8.091295262508e-03  ,1.499992902580e+01  ,3.530166795982e+00  ,1.243471822669e+01  
  8.092010000020e-03  ,1.500001335353e+01  ,3.585850997239e+00  ,1.263085752512e+01  
  8.092011000018e-03  ,1.442322994802e+01  ,3.585781466496e+00  ,1.263113165790e+01  
  8.092013000126e-03  ,1.321550428975e+01  ,3.585550240113e+00  ,1.263167988436e+01  
  8.092017000343e-03  ,1.067413243438e+01  ,3.585106234504e+00  ,1.263277663620e+01  
  8.092020000020e-03  ,8.649180694992e+00  ,3.584833632055e+00  ,1.263359899803e+01  
  8.092020800063e-03  ,8.545483880571e+00  ,3.584888137883e+00  ,1.263381828945e+01  
  8.092022400076e-03  ,8.340587123384e+00  ,3.585083952406e+00  ,1.263425697206e+01  
  8.092025600100e-03  ,7.945359265794e+00  ,3.585609849292e+00  ,1.263513430690e+01  
  8.092032000149e-03  ,7.209790140801e+00  ,3.586704307512e+00  ,1.263688874548e+01  
  8.092044800246e-03  ,5.933923878802e+00  ,3.589658114250e+00  ,1.264039748332e+01  
  8.092058726871e-03  ,4.792935043031e+00  ,3.599507969147e+00  ,1.264421397816e+01  
  8.092067645216e-03  ,4.356552008650e+00  ,1.397227182184e+01  ,1.264601708651e+01  
  8.092076016689e-03  ,4.341980532390e+00  ,4.350171876217e+01  ,1.264607860935e+01  
  8.092082296038e-03  ,4.134769418727e+00  ,5.281888487206e+01  ,3.950071218936e-02  
  8.092085567215e-03  ,3.936891283585e+00  ,5.284830289091e+01  ,-2.062091259529e-01  
  8.092087136494e-03  ,3.844031958702e+00  ,5.282996624114e+01  ,-4.153021094055e-03  
  8.092090275051e-03  ,3.665439832713e+00  ,5.283314056608e+01  ,1.014464350629e-02  
  8.092096552165e-03  ,3.332347843104e+00  ,5.284292285683e+01  ,5.649828634489e-03  
  8.092109106393e-03  ,2.751688781318e+00  ,5.286171827477e+01  ,4.594683865648e-03  
  8.092134214850e-03  ,1.862081667786e+00  ,5.289923177559e+01  ,3.314829523651e-03  
  8.092175371857e-03  ,9.415175496876e-01  ,5.296057848520e+01  ,1.972376128848e-03  
  8.092221362801e-03  ,4.554997919901e-01  ,5.302892646681e+01  ,1.262373571740e-03  
  8.092269457789e-03  ,1.918305664451e-01  ,5.310019835570e+01  ,8.763594411449e-04  
  8.092324359627e-03  ,8.008902057641e-02  ,5.318131867316e+01  ,7.114694106507e-04  
  8.092413051339e-03  ,6.895707810864e-03  ,5.331186827793e+01  ,6.014892795925e-04  
  8.092507846566e-03  ,2.598037955031e-03  ,5.345073193773e+01  ,5.916941978989e-04  
  8.092697437020e-03  ,7.908950535806e-04  ,5.372640508089e+01  ,5.820057705381e-04  
  8.092919047089e-03  ,1.963460164007e-03  ,5.404515782852e+01  ,5.755572135108e-04  
  8.093362267228e-03  ,1.918632377814e-03  ,5.467134726478e+01  ,5.592303452225e-04  
  8.094248707505e-03  ,1.422470457551e-03  ,5.587812370209e+01  ,5.267587127535e-04  
  8.096021588059e-03  ,1.582368346236e-03  ,5.810658320655e+01  ,4.654908635611e-04  
  8.099567349167e-03  ,9.476097980393e-04  ,6.180949791362e+01  ,3.497159283087e-04  
  8.102000000020e-03  ,1.006914656159e-03  ,6.376285076289e+01  ,2.788739330497e-04  
  8.102001000018e-03  ,5.776506709731e-01  ,6.376368771551e+01  ,-1.012163309306e-03  
  8.102001884868e-03  ,1.095289508438e+00  ,6.376443182125e+01  ,-2.187949864008e-03  
  8.102003654567e-03  ,2.160332378383e+00  ,6.376591689446e+01  ,-4.505087738731e-03  
  8.102007193965e-03  ,4.412689466468e+00  ,6.376887018246e+01  ,-8.959494340138e-03  
  8.102010000020e-03  ,6.311350973307e+00  ,6.377119608887e+01  ,-1.232615664237e-02  
  8.102010707900e-03  ,6.403657753023e+00  ,6.377168763991e+01  ,-1.224660473836e-02  
  8.102012123696e-03  ,6.584394706142e+00  ,6.377266016722e+01  ,-1.198641624239e-02  
  8.102014955289e-03  ,6.936787737925e+00  ,6.377460535717e+01  ,-1.147318381392e-02  
  8.102020618476e-03  ,7.600941552198e+00  ,6.377849918676e+01  ,-1.050540647508e-02  
  8.102031944848e-03  ,8.774095271515e+00  ,6.378629930301e+01  ,-8.796373672568e-03  
  8.102043354667e-03  ,9.771570357685e+00  ,6.379417041155e+01  ,-7.343228095391e-03  
  8.102051392354e-03  ,9.973415494230e+00  ,4.110672952693e+01  ,9.862717679303e+00  
  8.102059064962e-03  ,1.000020272231e+01  ,1.074100078545e+01  ,9.862887869247e+00  
  8.102063385553e-03  ,1.018785158175e+01  ,3.401904726726e+00  ,9.863804353309e+00  
  8.102067482628e-03  ,1.046834059647e+01  ,2.663463044219e+00  ,9.864884510486e+00  
  8.102069803111e-03  ,1.062564932297e+01  ,2.745612387301e+00  ,9.865533424739e+00  
  8.102072731189e-03  ,1.081619471633e+01  ,2.801191822225e+00  ,9.866356043252e+00  
  8.102078587346e-03  ,1.117225794366e+01  ,2.810916027536e+00  ,9.868003078069e+00  
  8.102090299658e-03  ,1.179824457676e+01  ,2.805886229550e+00  ,9.871301711912e+00  
  8.102110082440e-03  ,1.263360909221e+01  ,2.804517736608e+00  ,9.876879381714e+00  
  8.102149648003e-03  ,1.372598417531e+01  ,2.808653601115e+00  ,9.888034306007e+00  
  8.102228779129e-03  ,1.476740426194e+01  ,2.813619181662e+00  ,9.910340713528e+00  
  8.102346224121e-03  ,1.516337236999e+01  ,2.822813953898e+00  ,9.943438681384e+00  
  8.102518815331e-03  ,1.497820614845e+01  ,2.836704202844e+00  ,9.992058041074e+00  
  8.102675289444e-03  ,1.497093881848e+01  ,2.849212187904e+00  ,1.003611652861e+01  
  8.102988237671e-03  ,1.501190916312e+01  ,2.874194023847e+00  ,1.012417484643e+01  
  8.103614134125e-03  ,1.499232692336e+01  ,2.924136018664e+00  ,1.030005711796e+01  
  8.104711431794e-03  ,1.499816721255e+01  ,3.011460798078e+00  ,1.060765395369e+01  
  8.106906027131e-03  ,1.500018752179e+01  ,3.185301367090e+00  ,1.121998358280e+01  
  8.111295217804e-03  ,1.499992904193e+01  ,3.529754051859e+00  ,1.243326439912e+01  
  8.112010000020e-03  ,1.500001335634e+01  ,3.585442569141e+00  ,1.262941890002e+01  
  8.112011000018e-03  ,1.442322996605e+01  ,3.585373041965e+00  ,1.262969303688e+01  
  8.112013000126e-03  ,1.321550430725e+01  ,3.585141817962e+00  ,1.263024127152e+01  
  8.112017000343e-03  ,1.067413245076e+01  ,3.584697809258e+00  ,1.263133803969e+01  
  8.112020000020e-03  ,8.649180710462e+00  ,3.584425198024e+00  ,1.263216041377e+01  
  8.112020800063e-03  ,8.545483895766e+00  ,3.584479698338e+00  ,1.263237970846e+01  
  8.112022400076e-03  ,8.340587138041e+00  ,3.584675502503e+00  ,1.263281839760e+01  
  8.112025600100e-03  ,7.945359279441e+00  ,3.585201383103e+00  ,1.263369574551e+01  
  8.112032000149e-03  ,7.209790152387e+00  ,3.586295799019e+00  ,1.263545021024e+01  
  8.112044800246e-03  ,5.933923885195e+00  ,3.589249423661e+00  ,1.263895900038e+01  
  8.112058726871e-03  ,4.792935030643e+00  ,3.599098205218e+00  ,1.264277555223e+01  
  8.112067645216e-03  ,4.356543097891e+00  ,1.397132633049e+01  ,1.264457877304e+01  
  8.112076016689e-03  ,4.341971698826e+00  ,4.350070378359e+01  ,1.264464036885e+01  
  8.112082296038e-03  ,4.134831625793e+00  ,5.282217525034e+01  ,3.986555832842e-02  
  8.112085567215e-03  ,3.936951693839e+00  ,5.285163804083e+01  ,-2.062930675677e-01  
  8.112087136308e-03  ,3.844101633618e+00  ,5.283329256820e+01  ,-4.159068619240e-03  
  8.112090274492e-03  ,3.665526956824e+00  ,5.283646440773e+01  ,1.014653852130e-02  
  8.112096550861e-03  ,3.332464823559e+00  ,5.284624351823e+01  ,5.649955863422e-03  
  8.112109103600e-03  ,2.753443139623e+00  ,5.286508087110e+01  ,4.427136272854e-03  
  8.112134209076e-03  ,1.873227893810e+00  ,5.290256842932e+01  ,3.518064984356e-03  
  8.112173512379e-03  ,9.864639579299e-01  ,5.296117574192e+01  ,2.038513796983e-03  
  8.112218114534e-03  ,4.425166225315e-01  ,5.302746168071e+01  ,1.243322489555e-03  
  8.112263622681e-03  ,1.762587227220e-01  ,5.309490139033e+01  ,8.537274350075e-04  
  8.112332728306e-03  ,5.625804586416e-02  ,5.319697407019e+01  ,6.762704622889e-04  
  8.112413814465e-03  ,4.613859534183e-03  ,5.331626915572e+01  ,5.979772173871e-04  
  8.112510099808e-03  ,-7.861907180674e-03  ,5.345727046419e+01  ,5.762053850474e-04  
  8.112702670494e-03  ,-5.377451479399e-03  ,5.373715133384e+01  ,5.726667241346e-04  
  8.112993350426e-03  ,4.390370840472e-03  ,5.415425816090e+01  ,5.762022341508e-04  
  8.113574710289e-03  ,-2.541436652636e-05  ,5.496898573348e+01  ,5.485672570391e-04  
  8.114477839867e-03  ,1.130070748186e-03  ,5.618256693734e+01  ,5.179090822292e-04  
  8.115733828941e-03  ,1.472134565683e-03  ,5.776374266508e+01  ,4.748699111749e-04  
  8.118245807091e-03  ,1.203141636643e-03  ,6.054906084547e+01  ,3.922041288707e-04  
  8.122000000020e-03  ,8.927804359243e-04  ,6.376300366148e+01  ,2.766609804417e-04  
  8.122001000018e-03  ,5.775381924153e-01  ,6.376384031689e+01  ,-1.013313682481e-03  
  8.122001884961e-03  ,1.095233644255e+00  ,6.376458420372e+01  ,-2.187951508181e-03  
  8.122003654846e-03  ,2.160396040999e+00  ,6.376606912964e+01  ,-4.505622601322e-03  
  8.122007194617e-03  ,4.413017077578e+00  ,6.376902206336e+01  ,-8.960511117403e-03  
  8.122010000020e-03  ,6.312036556620e+00  ,6.377134680010e+01  ,-1.232520883295e-02  
  8.122010707974e-03  ,6.404345662498e+00  ,6.377183827095e+01  ,-1.224566605215e-02  
  8.122012123957e-03  ,6.585091425470e+00  ,6.377281065988e+01  ,-1.198546707949e-02  
  8.122014955923e-03  ,6.937500469244e+00  ,6.377475557817e+01  ,-1.147221116065e-02  
  8.122020619854e-03  ,7.601679335493e+00  ,6.377864886111e+01  ,-1.050439659623e-02  
  8.122031947717e-03  ,8.774858801336e+00  ,6.378644788579e+01  ,-8.795326317071e-03  
  8.122043359026e-03  ,9.772332930728e+00  ,6.379431788988e+01  ,-7.342182689071e-03  
  8.122051398203e-03  ,9.973444355372e+00  ,4.106188191756e+01  ,9.861803062840e+00  
  8.122059073791e-03  ,1.000026346429e+01  ,1.068589829549e+01  ,9.861975694298e+00  
  8.122063389167e-03  ,1.018846510610e+01  ,3.398230343732e+00  ,9.862891959006e+00  
  8.122067477300e-03  ,1.046835611432e+01  ,2.663937468661e+00  ,9.863971208860e+00  
  8.122069799274e-03  ,1.062575838596e+01  ,2.745575785754e+00  ,9.864620522337e+00  
  8.122072731822e-03  ,1.081658089149e+01  ,2.800942991230e+00  ,9.865444391042e+00  
  8.122078596920e-03  ,1.117313197007e+01  ,2.810625966055e+00  ,9.867093961764e+00  
  8.122090327114e-03  ,1.179827348977e+01  ,2.800117179564e+00  ,9.870401015731e+00  
  8.122102571398e-03  ,1.234530569619e+01  ,2.804335349774e+00  ,9.873853421457e+00  
  8.122127059966e-03  ,1.317692420765e+01  ,2.806561494914e+00  ,9.880757886389e+00  
  8.122176037103e-03  ,1.416445131479e+01  ,2.808954146558e+00  ,9.894565617549e+00  
  8.122273991376e-03  ,1.497596368827e+01  ,2.816849749130e+00  ,9.922175790177e+00  
  8.122402260571e-03  ,1.499972300516e+01  ,2.827124697244e+00  ,9.958319501076e+00  
  8.122627351552e-03  ,1.500014216333e+01  ,2.845098553213e+00  ,1.002171387196e+01  
  8.122866676122e-03  ,1.500012563376e+01  ,2.864233567169e+00  ,1.008907256329e+01  
  8.123345325261e-03  ,1.500022136232e+01  ,2.902441189102e+00  ,1.022365274937e+01  
  8.124302623540e-03  ,1.500027519454e+01  ,2.978700775587e+00  ,1.049226534741e+01  
  8.126217220098e-03  ,1.500037603444e+01  ,3.130599771839e+00  ,1.102730605153e+01  
  8.130046413213e-03  ,1.500039750218e+01  ,3.431934204457e+00  ,1.208870986810e+01  
  8.132010000020e-03  ,1.499972509796e+01  ,3.585189779605e+00  ,1.262852811821e+01  
  8.132011000018e-03  ,1.442048229202e+01  ,3.585121088526e+00  ,1.262880225907e+01  
  8.132013000126e-03  ,1.321283753821e+01  ,3.584890173968e+00  ,1.262935049031e+01  
  8.132017000343e-03  ,1.067162180303e+01  ,3.584446269241e+00  ,1.263044727548e+01  
  8.132020000020e-03  ,8.646781752102e+00  ,3.584173653004e+00  ,1.263126965711e+01  
  8.132020800063e-03  ,8.543113699728e+00  ,3.584228179925e+00  ,1.263148895375e+01  
  8.132022400076e-03  ,8.338273774331e+00  ,3.584424031944e+00  ,1.263192764698e+01  
  8.132025600100e-03  ,7.943155541031e+00  ,3.584950021711e+00  ,1.263280500302e+01  
  8.132032000149e-03  ,7.207790443186e+00  ,3.586044790932e+00  ,1.263455948374e+01  
  8.132044800246e-03  ,5.932278097606e+00  ,3.589000507265e+00  ,1.263806830587e+01  
  8.132058725381e-03  ,4.791717144436e+00  ,3.598874408694e+00  ,1.264188448172e+01  
  8.132067643726e-03  ,4.356452861796e+00  ,1.402881432109e+01  ,1.264368314477e+01  
  8.132076013708e-03  ,4.342017182911e+00  ,4.356232953961e+01  ,1.264374083505e+01  
  8.132082286352e-03  ,4.134281584607e+00  ,5.282409645726e+01  ,3.625509177108e-02  
  8.132085556785e-03  ,3.936458961524e+00  ,5.285308985636e+01  ,-2.053234007820e-01  
  8.132087127367e-03  ,3.843535344720e+00  ,5.283483844531e+01  ,-4.093538281756e-03  
  8.132090268532e-03  ,3.664821282464e+00  ,5.283802301247e+01  ,1.012344338395e-02  
  8.132096550861e-03  ,3.331520707676e+00  ,5.284780751899e+01  ,5.647206486975e-03  
  8.132109115520e-03  ,2.750562483397e+00  ,5.286661112540e+01  ,4.592888499580e-03  
  8.132134244839e-03  ,1.860682645931e+00  ,5.290414122421e+01  ,3.312543167990e-03  
  8.132175360123e-03  ,9.414959632472e-01  ,5.296540198542e+01  ,1.972095194161e-03  
  8.132221357027e-03  ,4.554423155470e-01  ,5.303373237622e+01  ,1.262040890740e-03  
  8.132269446054e-03  ,1.918269936593e-01  ,5.310496778722e+01  ,8.761059018435e-04  
  8.132324371735e-03  ,8.005288688766e-02  ,5.318609172699e+01  ,7.111681389198e-04  
  8.132413075367e-03  ,6.878234747345e-03  ,5.331660773282e+01  ,6.012156561629e-04  
  8.132507894436e-03  ,2.593974051480e-03  ,5.345545154099e+01  ,5.914402518735e-04  
  8.132697532574e-03  ,7.930482318443e-04  ,5.373108402234e+01  ,5.817610481141e-04  
  8.132919190327e-03  ,1.962129881721e-03  ,5.404977610804e+01  ,5.753079231856e-04  
  8.133362505833e-03  ,1.917204692086e-03  ,5.467583980240e+01  ,5.589818975399e-04  
  8.134249136845e-03  ,1.422268785354e-03  ,5.588234719260e+01  ,5.265138023516e-04  
  8.136022398869e-03  ,1.581175671192e-03  ,5.811019963005e+01  ,4.652475450979e-04  
  8.139568922916e-03  ,9.472297488973e-04  ,6.181163919865e+01  ,3.494783975200e-04  
  8.142000000020e-03  ,1.005931124744e-03  ,6.376231569010e+01  ,2.786988292430e-04  
  8.142001000018e-03  ,5.776496941717e-01  ,6.376315213914e+01  ,-1.012337809611e-03  
  8.142001884868e-03  ,1.095288536631e+00  ,6.376389579948e+01  ,-2.188125389441e-03  
  8.142003654567e-03  ,2.160331416374e+00  ,6.376537998164e+01  ,-4.505263004863e-03  
  8.142007193965e-03  ,4.412688523300e+00  ,6.376833148757e+01  ,-8.959669541377e-03  
  8.142010000020e-03  ,6.311350043177e+00  ,6.377065598113e+01  ,-1.232633182590e-02  
  8.142010707900e-03  ,6.403656826345e+00  ,6.377114717520e+01  ,-1.224678041323e-02  
  8.142012123696e-03  ,6.584393786221e+00  ,6.377211898841e+01  ,-1.198659194732e-02  
  8.142014955289e-03  ,6.936786831180e+00  ,6.377406275018e+01  ,-1.147335949199e-02  
  8.142020618476e-03  ,7.600940670289e+00  ,6.377795372374e+01  ,-1.050558205672e-02  
  8.142031944848e-03  ,8.774094433499e+00  ,6.378574812920e+01  ,-8.796549131273e-03  
  8.142043354667e-03  ,9.771569557019e+00  ,6.379361348671e+01  ,-7.343403414831e-03  
  8.142051392354e-03  ,9.973401550093e+00  ,4.110508987071e+01  ,9.860166914386e+00  
  8.142059064962e-03  ,1.000018863887e+01  ,1.073927378383e+01  ,9.860337161445e+00  
  8.142063385553e-03  ,1.018785567549e+01  ,3.401139385845e+00  ,9.861253656563e+00  
  8.142067482628e-03  ,1.046834510791e+01  ,2.662750990093e+00  ,9.862333883395e+00  
  8.142069803484e-03  ,1.062567821942e+01  ,2.744886306151e+00  ,9.862982915227e+00  
  8.142072731562e-03  ,1.081622234176e+01  ,2.800462588156e+00  ,9.863805555478e+00  
  8.142078587718e-03  ,1.117228327157e+01  ,2.810190730853e+00  ,9.865452632907e+00  
  8.142090300031e-03  ,1.179826578406e+01  ,2.805161997823e+00  ,9.868751351725e+00  
  8.142110082812e-03  ,1.263362476528e+01  ,2.803793233804e+00  ,9.874329164819e+00  
  8.142149648376e-03  ,1.372599262024e+01  ,2.807929813900e+00  ,9.885484375631e+00  
  8.142228779502e-03  ,1.476740580613e+01  ,2.812895411735e+00  ,9.907791355995e+00  
  8.142346224494e-03  ,1.516337129018e+01  ,2.822090434799e+00  ,9.940890173764e+00  
  8.142518815703e-03  ,1.497820629448e+01  ,2.835981030995e+00  ,9.989510781885e+00  
  8.142675289817e-03  ,1.497093901265e+01  ,2.848489335721e+00  ,1.003357040075e+01  
  8.142988238044e-03  ,1.501190908608e+01  ,2.873471815791e+00  ,1.012163097971e+01  
  8.143614134498e-03  ,1.499232697594e+01  ,2.923415091836e+00  ,1.029751776756e+01  
  8.144711432166e-03  ,1.499816722647e+01  ,3.010742114038e+00  ,1.060512250164e+01  
  8.146906027503e-03  ,1.500018752233e+01  ,3.184587147185e+00  ,1.121746785403e+01  
  8.151295218177e-03  ,1.499992904415e+01  ,3.529048676964e+00  ,1.243077982472e+01  
  8.152010000020e-03  ,1.500001335781e+01  ,3.584738595233e+00  ,1.262693926029e+01  
  8.152011000018e-03  ,1.442322996848e+01  ,3.584669074213e+00  ,1.262721340419e+01  
  8.152013000126e-03  ,1.321550430963e+01  ,3.584437854317e+00  ,1.262776165292e+01  
  8.152017000343e-03  ,1.067413245283e+01  ,3.583993840280e+00  ,1.262885844924e+01  
  8.152020000020e-03  ,8.649180712123e+00  ,3.583721213904e+00  ,1.262968084444e+01  
  8.152020800063e-03  ,8.545483897255e+00  ,3.583775704715e+00  ,1.262990014477e+01  
  8.152022400076e-03  ,8.340587139193e+00  ,3.583971491025e+00  ,1.263033884517e+01  
  8.152025600100e-03  ,7.945359279996e+00  ,3.584497343554e+00  ,1.263121621560e+01  
  8.152032000149e-03  ,7.209790151514e+00  ,3.585591686560e+00  ,1.263297072540e+01  
  8.152044800246e-03  ,5.933923879060e+00  ,3.588544997367e+00  ,1.263647960569e+01  
  8.152058726871e-03  ,4.792934995442e+00  ,3.598391929260e+00  ,1.264029625580e+01  
  8.152067645216e-03  ,4.356527737364e+00  ,1.396969727647e+01  ,1.264209966866e+01  
  8.152076016689e-03  ,4.341956472630e+00  ,4.349895504260e+01  ,1.264216136587e+01  
  8.152082296783e-03  ,4.134789133318e+00  ,5.282168427833e+01  ,3.980452254748e-02  
  8.152085568333e-03  ,3.936889128390e+00  ,5.285114033875e+01  ,-2.062971953954e-01  
  8.152088130215e-03  ,3.786755834980e+00  ,5.283396383376e+01  ,-1.743903020997e-03  
  8.152090905184e-03  ,3.630785041712e+00  ,5.283707644725e+01  ,7.844339888453e-03  
  8.152096455121e-03  ,3.337552362577e+00  ,5.284554191518e+01  ,5.601205167770e-03  
  8.152107554996e-03  ,2.818438463707e+00  ,5.286214599726e+01  ,4.700663098477e-03  
  8.152129754746e-03  ,2.006688817232e+00  ,5.289532524712e+01  ,3.534854857635e-03  
  8.152174154246e-03  ,9.672015104669e-01  ,5.296150098776e+01  ,2.009526219695e-03  
  8.152216729844e-03  ,4.467171341118e-01  ,5.302475575537e+01  ,1.249419530483e-03  
  8.152264485085e-03  ,2.101198351670e-01  ,5.309549778659e+01  ,9.028621096274e-04  
  8.152334484780e-03  ,6.562019980284e-02  ,5.319885319689e+01  ,6.896585095839e-04  
  8.152397963727e-03  ,2.411863750046e-02  ,5.329224782214e+01  ,6.268195589064e-04  
  8.152524921620e-03  ,-3.275316243962e-03  ,5.347811143579e+01  ,5.821548430620e-04  
  8.152684042180e-03  ,-5.038979272340e-03  ,5.370932350107e+01  ,5.736734819210e-04  
  8.153002283299e-03  ,-3.864284851642e-04  ,5.416594112581e+01  ,5.687027854128e-04  
  8.153550359929e-03  ,2.947931804836e-03  ,5.493409402772e+01  ,5.536520125901e-04  
  8.154646513188e-03  ,5.508997123593e-04  ,5.640042020302e+01  ,5.110793848918e-04  
  8.156838819707e-03  ,2.246199601411e-03  ,5.904860275860e+01  ,4.388563138771e-04  
  8.161223432744e-03  ,8.434426269325e-05  ,6.318754846709e+01  ,2.977163490058e-04  
  8.162000000020e-03  ,1.476438395810e-03  ,6.375873521706e+01  ,2.805371165359e-04  
  8.162001000018e-03  ,5.781132041825e-01  ,6.375957196196e+01  ,-1.010977727065e-03  
  8.162001884495e-03  ,1.095525399405e+00  ,6.376031561239e+01  ,-2.187097182237e-03  
  8.162003653449e-03  ,2.160089818182e+00  ,6.376179959095e+01  ,-4.503110388565e-03  
  8.162007191357e-03  ,4.411390472470e+00  ,6.376475073962e+01  ,-8.955765810211e-03  
  8.162010000020e-03  ,6.311752129190e+00  ,6.376707809366e+01  ,-1.232565266289e-02  
  8.162010707602e-03  ,6.404016196730e+00  ,6.376756925894e+01  ,-1.224616490620e-02  
  8.162012122839e-03  ,6.584675775845e+00  ,6.376854104069e+01  ,-1.198608905891e-02  
  8.162014953315e-03  ,6.936921439453e+00  ,6.377048473480e+01  ,-1.147307142883e-02  
  8.162020614266e-03  ,7.600812879883e+00  ,6.377437557320e+01  ,-1.050567710700e-02  
  8.162031936168e-03  ,8.773558639826e+00  ,6.378216969920e+01  ,-8.797238338533e-03  
  8.162043341517e-03  ,9.770755380815e+00  ,6.379003478721e+01  ,-7.344497803221e-03  
  8.162051374733e-03  ,9.973364570104e+00  ,4.116207909759e+01  ,9.861019794299e+00  
  8.162059042871e-03  ,1.000010520498e+01  ,1.081172968053e+01  ,9.861186689479e+00  
  8.162063368678e-03  ,1.018693022495e+01  ,3.406131877978e+00  ,9.862103436924e+00  
  8.162067476928e-03  ,1.046817057534e+01  ,2.661984829860e+00  ,9.863184575645e+00  
  8.162069795549e-03  ,1.062536788956e+01  ,2.744808351385e+00  ,9.863833014420e+00  
  8.162072716921e-03  ,1.081550249357e+01  ,2.800683572107e+00  ,9.864653785565e+00  
  8.162078559667e-03  ,1.117084334717e+01  ,2.810476111921e+00  ,9.866297069879e+00  
  8.162090245157e-03  ,1.179416736621e+01  ,2.799840860241e+00  ,9.869591541976e+00  
  8.162102388113e-03  ,1.233771973857e+01  ,2.804097212556e+00  ,9.873015406922e+00  
  8.162126674026e-03  ,1.316588643865e+01  ,2.806322642293e+00  ,9.879862792282e+00  
  8.162175245851e-03  ,1.415338366161e+01  ,2.808666469264e+00  ,9.893556384557e+00  
  8.162272389501e-03  ,1.496998241303e+01  ,2.816500785705e+00  ,9.920938374407e+00  
  8.162400491804e-03  ,1.499962086530e+01  ,2.826760491781e+00  ,9.957035514980e+00  
  8.162623842329e-03  ,1.500016726619e+01  ,2.844594855748e+00  ,1.001994067451e+01  
  8.162862260908e-03  ,1.500014717194e+01  ,2.863658113183e+00  ,1.008704565844e+01  
  8.163339098066e-03  ,1.500027296773e+01  ,2.901721961872e+00  ,1.022111946235e+01  
  8.164292772382e-03  ,1.500034394008e+01  ,2.977695184609e+00  ,1.048872341988e+01  
  8.166200121015e-03  ,1.500047668461e+01  ,3.129026121043e+00  ,1.102176326362e+01  
  8.170014818281e-03  ,1.499966063209e+01  ,3.429243304156e+00  ,1.207923035422e+01  
  8.172010000020e-03  ,1.500000339142e+01  ,3.584974409005e+00  ,1.262776978763e+01  
  8.172011000018e-03  ,1.442257738733e+01  ,3.584905083578e+00  ,1.262804392999e+01  
  8.172013000126e-03  ,1.321487094365e+01  ,3.584673935168e+00  ,1.262859216939e+01  
  8.172017000343e-03  ,1.067353616622e+01  ,3.584229947121e+00  ,1.262968896006e+01  
  8.172020000020e-03  ,8.648610952229e+00  ,3.583957327127e+00  ,1.263051134817e+01  
  8.172020800063e-03  ,8.544920968560e+00  ,3.584011827994e+00  ,1.263073064660e+01  
  8.172022400076e-03  ,8.340037708472e+00  ,3.584207632972e+00  ,1.263116934324e+01  
  8.172025600100e-03  ,7.944835885836e+00  ,3.584733523258e+00  ,1.263204670613e+01  
  8.172032000149e-03  ,7.209315215450e+00  ,3.585827980709e+00  ,1.263380120079e+01  
  8.172044800246e-03  ,5.933533002554e+00  ,3.588781919687e+00  ,1.263731005079e+01  
  8.172058725381e-03  ,4.792730377605e+00  ,3.598633392042e+00  ,1.264112625912e+01  
  8.172067642236e-03  ,4.356524847447e+00  ,1.397444703126e+01  ,1.264292896731e+01  
  8.172076012218e-03  ,4.341967460273e+00  ,4.349930854851e+01  ,1.264299052661e+01  
  8.172082291568e-03  ,4.134796351099e+00  ,5.281904456232e+01  ,3.967435844369e-02  
  8.172085562745e-03  ,3.936917474976e+00  ,5.284848402123e+01  ,-2.062632945943e-01  
  8.172088124627e-03  ,3.786783138105e+00  ,5.283131139493e+01  ,-1.742302094176e-03  
  8.172090899596e-03  ,3.630811218345e+00  ,5.283442480147e+01  ,7.844183518720e-03  
  8.172096449533e-03  ,3.337576431489e+00  ,5.284289147495e+01  ,5.601321099237e-03  
  8.172107549408e-03  ,2.818458817992e+00  ,5.285949802976e+01  ,4.700795470540e-03  
  8.172129749158e-03  ,2.006703382734e+00  ,5.289268223950e+01  ,3.534976374887e-03  
  8.172174148658e-03  ,9.672086631475e-01  ,5.295886789985e+01  ,2.009637883563e-03  
  8.172216724256e-03  ,4.467205751306e-01  ,5.302213218061e+01  ,1.249525609901e-03  
  8.172264479497e-03  ,2.101215890109e-01  ,5.309288488337e+01  ,9.029655356861e-04  
  8.172334479192e-03  ,6.562092327574e-02  ,5.319625593831e+01  ,6.897601547264e-04  
  8.172397958139e-03  ,2.411906509909e-02  ,5.328966475312e+01  ,6.269205230668e-04  
  8.172524916032e-03  ,-3.275083836082e-03  ,5.347555675199e+01  ,5.822550263756e-04  
  8.172684036592e-03  ,-5.038759249810e-03  ,5.370680440367e+01  ,5.737730341749e-04  
  8.173002277711e-03  ,-3.861749416428e-04  ,5.416349322758e+01  ,5.688011806938e-04  
  8.173550354341e-03  ,2.948209588577e-03  ,5.493176879798e+01  ,5.537484593191e-04  
  8.174646507600e-03  ,5.511608485139e-04  ,5.639834019982e+01  ,5.111720289322e-04  
  8.176838814119e-03  ,2.246471862433e-03  ,5.904701060417e+01  ,4.389422667100e-04  
  8.181223427156e-03  ,8.459225168774e-05  ,6.318690543531e+01  ,2.977911208953e-04  
  8.182000000020e-03  ,1.476692242028e-03  ,6.375825934606e+01  ,2.806113400794e-04  
  8.182001000018e-03  ,5.781134579299e-01  ,6.375909629914e+01  ,-1.010904030636e-03  
  8.182001884402e-03  ,1.095470531254e+00  ,6.375984005538e+01  ,-2.186900351521e-03  
  8.182003653170e-03  ,2.159918360953e+00  ,6.376132424641e+01  ,-4.502676232967e-03  
  8.182007190705e-03  ,4.410960726362e+00  ,6.376427582346e+01  ,-8.954893777726e-03  
  8.182010000020e-03  ,6.311751800118e+00  ,6.376660430399e+01  ,-1.232557986978e-02  
  8.182010707527e-03  ,6.404006261821e+00  ,6.376709556559e+01  ,-1.224610585881e-02  
  8.182012122579e-03  ,6.584642777339e+00  ,6.376806751445e+01  ,-1.198606392728e-02  
  8.182014952682e-03  ,6.936844635948e+00  ,6.377001154251e+01  ,-1.147311011137e-02  
  8.182020612888e-03  ,7.600658638486e+00  ,6.377390304784e+01  ,-1.050582870341e-02  
  8.182031933300e-03  ,8.773286103729e+00  ,6.378169850461e+01  ,-8.797562221278e-03  
  8.182043335668e-03  ,9.770284669635e+00  ,6.378956390789e+01  ,-7.345110466628e-03  
  8.182051367394e-03  ,9.973348003455e+00  ,4.119213340031e+01  ,9.862002026073e+00  
  8.182059034042e-03  ,1.000006927101e+01  ,1.084667763055e+01  ,9.862167397316e+00  
  8.182063363574e-03  ,1.018657401415e+01  ,3.408471084114e+00  ,9.863084228124e+00  
  8.182067477785e-03  ,1.046821258884e+01  ,2.661802479841e+00  ,9.864166089420e+00  
  8.182069795660e-03  ,1.062536208670e+01  ,2.744955225599e+00  ,9.864814326272e+00  
  8.182072714425e-03  ,1.081533252424e+01  ,2.800958190584e+00  ,9.865634363909e+00  
  8.182078551955e-03  ,1.117038386489e+01  ,2.810773413478e+00  ,9.867276160963e+00  
  8.182090227015e-03  ,1.179327107735e+01  ,2.800106038518e+00  ,9.870567658550e+00  
  8.182102346129e-03  ,1.233599056110e+01  ,2.804372332668e+00  ,9.873984767841e+00  
  8.182126584358e-03  ,1.316332072930e+01  ,2.806597746370e+00  ,9.880818642292e+00  
  8.182175060816e-03  ,1.415077958963e+01  ,2.808929829715e+00  ,9.894485217500e+00  
  8.182272013731e-03  ,1.496855496927e+01  ,2.816749707613e+00  ,9.921813195545e+00  
  8.182400092192e-03  ,1.499959729984e+01  ,2.827006935347e+00  ,9.957903300643e+00  
  8.182623013563e-03  ,1.500017292321e+01  ,2.844806693188e+00  ,1.002068708105e+01  
  8.182861265249e-03  ,1.500015214259e+01  ,2.863856542094e+00  ,1.008774460282e+01  
  8.183337768621e-03  ,1.500028492779e+01  ,2.901893493450e+00  ,1.022172367359e+01  
  8.184290775366e-03  ,1.500035989941e+01  ,2.977813141084e+00  ,1.048913892869e+01  
  8.186196788855e-03  ,1.500050006681e+01  ,3.129037791708e+00  ,1.102180440919e+01  
  8.190008815832e-03  ,1.499963883288e+01  ,3.429045849362e+00  ,1.207853481389e+01  
  8.192010000020e-03  ,1.500000223009e+01  ,3.585245252335e+00  ,1.262872378921e+01  
  8.192011000018e-03  ,1.442253094111e+01  ,3.585175939393e+00  ,1.262899792886e+01  
  8.192013000126e-03  ,1.321482586504e+01  ,3.584944794892e+00  ,1.262954616283e+01  
  8.192017000343e-03  ,1.067349372672e+01  ,3.584500810828e+00  ,1.263064294268e+01  
  8.192020000020e-03  ,8.648570400825e+00  ,3.584228196566e+00  ,1.263146532267e+01  
  8.192020800063e-03  ,8.544880903408e+00  ,3.584282701619e+00  ,1.263168461892e+01  
  8.192022400076e-03  ,8.339998604115e+00  ,3.584478514400e+00  ,1.263212331123e+01  
  8.192025600100e-03  ,7.944798634762e+00  ,3.585004417499e+00  ,1.263300066546e+01  
  8.192032000149e-03  ,7.209281413739e+00  ,3.586098909423e+00  ,1.263475514277e+01  
  8.192044800246e-03  ,5.933505185408e+00  ,3.589053006426e+00  ,1.263826395809e+01  
  8.192058725381e-03  ,4.792707928954e+00  ,3.598905674423e+00  ,1.264208012856e+01  
  8.192067643726e-03  ,4.356522869933e+00  ,1.398164800099e+01  ,1.264388255183e+01  
  8.192076013708e-03  ,4.341977674328e+00  ,4.350741563643e+01  ,1.264394360217e+01  
  8.192082292313e-03  ,4.134711190721e+00  ,5.281871883189e+01  ,3.913694745314e-02  
  8.192085563118e-03  ,3.936856449788e+00  ,5.284808741929e+01  ,-2.061057477394e-01  
  8.192087132582e-03  ,3.843987268652e+00  ,5.282976018869e+01  ,-4.146467496957e-03  
  8.192090271512e-03  ,3.665376484767e+00  ,5.283293466148e+01  ,1.014196645757e-02  
  8.192096549371e-03  ,3.332252386435e+00  ,5.284271515241e+01  ,5.649387514357e-03  
  8.192109105090e-03  ,2.753142108785e+00  ,5.286155607371e+01  ,4.426941349170e-03  
  8.192134216526e-03  ,1.872847606329e+00  ,5.289905089621e+01  ,3.517257885928e-03  
  8.192173513869e-03  ,9.863612824367e-01  ,5.295764666372e+01  ,2.038357644876e-03  
  8.192218116024e-03  ,4.424765834169e-01  ,5.302392965054e+01  ,1.243258895316e-03  
  8.192263624171e-03  ,1.762459505221e-01  ,5.309136637062e+01  ,8.537035339990e-04  
  8.192332741717e-03  ,5.624042299243e-02  ,5.319345212349e+01  ,6.762391807506e-04  
  8.192413827876e-03  ,4.609030875228e-03  ,5.331274190478e+01  ,5.979647344387e-04  
  8.192510125140e-03  ,-7.862972498530e-03  ,5.345375440124e+01  ,5.761981278256e-04  
  8.192702719668e-03  ,-5.376234053604e-03  ,5.373365735832e+01  ,5.726622837915e-04  
  8.192993447283e-03  ,4.390304273523e-03  ,5.415081344037e+01  ,5.761947432528e-04  
  8.193574902514e-03  ,-2.563895815985e-05  ,5.496563523875e+01  ,5.485572298473e-04  
  8.194478318194e-03  ,1.130011239880e-03  ,5.617953168308e+01  ,5.178909349883e-04  
  8.195734307269e-03  ,1.472035257730e-03  ,5.776060796097e+01  ,4.748546033282e-04  
  8.198246285418e-03  ,1.203084457755e-03  ,6.054576466809e+01  ,3.921941337365e-04  
  8.202000000020e-03  ,8.927868654017e-04  ,6.375921985973e+01  ,2.766720566650e-04  
  8.202001000018e-03  ,5.775381990155e-01  ,6.376005652788e+01  ,-1.013300723940e-03  
  8.202001884868e-03  ,1.095178526757e+00  ,6.376080034799e+01  ,-2.187816256420e-03  
  8.202003654567e-03  ,2.160224328647e+00  ,6.376228514112e+01  ,-4.505249812724e-03  
  8.202007193965e-03  ,4.412587053953e+00  ,6.376523781281e+01  ,-8.959700523198e-03  
  8.202010000020e-03  ,6.311252820392e+00  ,6.376756322948e+01  ,-1.232635345492e-02  
  8.202010707900e-03  ,6.403560640527e+00  ,6.376805465599e+01  ,-1.224679973140e-02  
  8.202012123696e-03  ,6.584299630769e+00  ,6.376902693305e+01  ,-1.198661029165e-02  
  8.202014955289e-03  ,6.936696634536e+00  ,6.377097162763e+01  ,-1.147337190771e-02  
  8.202020618476e-03  ,7.600857934740e+00  ,6.377486446293e+01  ,-1.050558287262e-02  
  8.202031944848e-03  ,8.774024877140e+00  ,6.378266259219e+01  ,-8.796530767763e-03  
  8.202043354667e-03  ,9.771511206261e+00  ,6.379053170081e+01  ,-7.343369353565e-03  
  8.202051392354e-03  ,9.973407850642e+00  ,4.110559577962e+01  ,9.861473308371e+00  
  8.202059064962e-03  ,1.000019710333e+01  ,1.073997709389e+01  ,9.861643659808e+00  
  8.202063385553e-03  ,1.018785810039e+01  ,3.401517717698e+00  ,9.862560064856e+00  
  8.202067482628e-03  ,1.046834722985e+01  ,2.663117325634e+00  ,9.863640262678e+00  
  8.202069803111e-03  ,1.062565566406e+01  ,2.745259149587e+00  ,9.864289184626e+00  
  8.202072731189e-03  ,1.081620077333e+01  ,2.800837074582e+00  ,9.865111813785e+00  
  8.202078587346e-03  ,1.117226350174e+01  ,2.810562357527e+00  ,9.866758869485e+00  
  8.202090299658e-03  ,1.179824923372e+01  ,2.805532891308e+00  ,9.870057544863e+00  
  8.202110082440e-03  ,1.263361253423e+01  ,2.804164333860e+00  ,9.875635284567e+00  
  8.202149648003e-03  ,1.372598603114e+01  ,2.808300477542e+00  ,9.886790348634e+00  
  8.202228779129e-03  ,1.476740460190e+01  ,2.813266097105e+00  ,9.909097035610e+00  
  8.202346224121e-03  ,1.516337213338e+01  ,2.822460992528e+00  ,9.942195418087e+00  
  8.202518815331e-03  ,1.497820618087e+01  ,2.836351410772e+00  ,9.990815386811e+00  
  8.202675289444e-03  ,1.497093886147e+01  ,2.848859551904e+00  ,1.003487442625e+01  
  8.202988237671e-03  ,1.501190914660e+01  ,2.873841702048e+00  ,1.012293384715e+01  
  8.203614134125e-03  ,1.499232693528e+01  ,2.923784321912e+00  ,1.029881832192e+01  
  8.204711431794e-03  ,1.499816721598e+01  ,3.011110195443e+00  ,1.060641901078e+01  
  8.206906027131e-03  ,1.500018752229e+01  ,3.184952942237e+00  ,1.121875631033e+01  
  8.211295217804e-03  ,1.499992904279e+01  ,3.529409941953e+00  ,1.243205232499e+01  
  8.212010000020e-03  ,1.500001335704e+01  ,3.585099156837e+00  ,1.262820928304e+01  
  8.212011000018e-03  ,1.442322996693e+01  ,3.585029632664e+00  ,1.262848342334e+01  
  8.212013000126e-03  ,1.321550430811e+01  ,3.584798410664e+00  ,1.262903166485e+01  
  8.212017000343e-03  ,1.067413245149e+01  ,3.584354399359e+00  ,1.263012844675e+01  
  8.212020000020e-03  ,8.649180711007e+00  ,3.584081780738e+00  ,1.263095083113e+01  
  8.212020800063e-03  ,8.545483896230e+00  ,3.584136276417e+00  ,1.263117012858e+01  
  8.212022400076e-03  ,8.340587138347e+00  ,3.584332071872e+00  ,1.263160882321e+01  
  8.212025600100e-03  ,7.945359279468e+00  ,3.584857938778e+00  ,1.263248618210e+01  
  8.212032000149e-03  ,7.209790151740e+00  ,3.585952319127e+00  ,1.263424066882e+01  
  8.212044800246e-03  ,5.933923882020e+00  ,3.588905790674e+00  ,1.263774950293e+01  
  8.212058726871e-03  ,4.792935013324e+00  ,3.598753669921e+00  ,1.264156610272e+01  
  8.212067645216e-03  ,4.356535604837e+00  ,1.397053166025e+01  ,1.264336941640e+01  
  8.212076016689e-03  ,4.341964271276e+00  ,4.349985072648e+01  ,1.264343105096e+01  
  8.212082296038e-03  ,4.134786077971e+00  ,5.281919859780e+01  ,3.966751974359e-02  
  8.212085567215e-03  ,3.936907665041e+00  ,5.284863666255e+01  ,-2.062537346576e-01  
  8.212087136308e-03  ,3.844058698141e+00  ,5.283029464966e+01  ,-4.156719988799e-03  
  8.212090274492e-03  ,3.665485999715e+00  ,5.283346623987e+01  ,1.014578646275e-02  
  8.212096550861e-03  ,3.332427557407e+00  ,5.284324415598e+01  ,5.649816611666e-03  
  8.212109103600e-03  ,2.753412314091e+00  ,5.286207922791e+01  ,4.427070477245e-03  
  8.212134209076e-03  ,1.873206859592e+00  ,5.289956224856e+01  ,3.517950068083e-03  
  8.212173518339e-03  ,9.863466161373e-01  ,5.295817132886e+01  ,2.038289970603e-03  
  8.212218120495e-03  ,4.424534994588e-01  ,5.302444920237e+01  ,1.243178008776e-03  
  8.212263628641e-03  ,1.762281056715e-01  ,5.309188070602e+01  ,8.536304631185e-04  
  8.212332734266e-03  ,5.624833699223e-02  ,5.319394096759e+01  ,6.762042401859e-04  
  8.212413820425e-03  ,4.613148622053e-03  ,5.331322154417e+01  ,5.979244387001e-04  
  8.212510117689e-03  ,-7.861738250125e-03  ,5.345422312107e+01  ,5.761538360489e-04  
  8.212702712217e-03  ,-5.376710064933e-03  ,5.373410427866e+01  ,5.726159071134e-04  
  8.212993439833e-03  ,4.390296924023e-03  ,5.415122755705e+01  ,5.761496493022e-04  
  8.213574895063e-03  ,-2.585373893140e-05  ,5.496598414268e+01  ,5.485130062903e-04  
  8.214478215376e-03  ,1.129865964524e-03  ,5.617965564639e+01  ,5.178519544105e-04  
  8.215734204451e-03  ,1.471922230773e-03  ,5.776060462780e+01  ,4.748177611519e-04  
  8.218246182600e-03  ,1.202964403414e-03  ,6.054551699252e+01  ,3.921609402771e-04  
  8.222000000020e-03  ,8.926792977728e-04  ,6.375870947608e+01  ,2.766407340374e-04  
  8.222001000018e-03  ,5.775380923779e-01  ,6.375954605193e+01  ,-1.013332057288e-03  
  8.222001884868e-03  ,1.095178420066e+00  ,6.376028979035e+01  ,-2.187847354679e-03  
  8.222003654567e-03  ,2.160224221851e+00  ,6.376177442016e+01  ,-4.505280969293e-03  
  8.222007193965e-03  ,4.412586946952e+00  ,6.376472676520e+01  ,-8.959731698810e-03  
  8.222010000020e-03  ,6.311252713235e+00  ,6.376705192290e+01  ,-1.232638463612e-02  
  8.222010707900e-03  ,6.403560533330e+00  ,6.376754328398e+01  ,-1.224683116605e-02  
  8.222012123696e-03  ,6.584299523493e+00  ,6.376851543013e+01  ,-1.198664175209e-02  
  8.222014955289e-03  ,6.936696527106e+00  ,6.377045986291e+01  ,-1.147340336696e-02  
  8.222020618476e-03  ,7.600857827021e+00  ,6.377435217466e+01  ,-1.050561431696e-02  
  8.222031944848e-03  ,8.774024768916e+00  ,6.378214925714e+01  ,-8.796562197816e-03  
  8.222043354667e-03  ,9.771511097615e+00  ,6.379001731173e+01  ,-7.343400764281e-03  
  8.222051392354e-03  ,9.973405242202e+00  ,4.110487363289e+01  ,9.860962984709e+00  
  8.222059064962e-03  ,1.000019483120e+01  ,1.073926403987e+01  ,9.861133376587e+00  
  8.222063385553e-03  ,1.018786560514e+01  ,3.401335650233e+00  ,9.862049778780e+00  
  8.222067482628e-03  ,1.046835478296e+01  ,2.662978020762e+00  ,9.863130003440e+00  
  8.222069803484e-03  ,1.062568758852e+01  ,2.745115636081e+00  ,9.863779030429e+00  
  8.222072731562e-03  ,1.081623128606e+01  ,2.800690001736e+00  ,9.864601663777e+00  
  8.222078587718e-03  ,1.117229144165e+01  ,2.810416729888e+00  ,9.866248727998e+00  
  8.222090300031e-03  ,1.179827261824e+01  ,2.805387999216e+00  ,9.869547420371e+00  
  8.222110082812e-03  ,1.263362981748e+01  ,2.804019404229e+00  ,9.875125188741e+00  
  8.222149648376e-03  ,1.372599533776e+01  ,2.808155701788e+00  ,9.886280310121e+00  
  8.222228779502e-03  ,1.476740630177e+01  ,2.813121327675e+00  ,9.908587111681e+00  
  8.222346224494e-03  ,1.516337094097e+01  ,2.822316274247e+00  ,9.941685664159e+00  
  8.222518815703e-03  ,1.497820634071e+01  ,2.836206761474e+00  ,9.990305882595e+00  
  8.222675289817e-03  ,1.497093907439e+01  ,2.848714966527e+00  ,1.003436514833e+01  
  8.222988238044e-03  ,1.501190906032e+01  ,2.873697245618e+00  ,1.012242502150e+01  
  8.223614134498e-03  ,1.499232699200e+01  ,2.923640121702e+00  ,1.029831039962e+01  
  8.224711432166e-03  ,1.499816723005e+01  ,3.010966443852e+00  ,1.060591266832e+01  
  8.226906027503e-03  ,1.500018752160e+01  ,3.184810083570e+00  ,1.121825311284e+01  
  8.231295218177e-03  ,1.499992904399e+01  ,3.529268852470e+00  ,1.243155535902e+01  
  8.232010000020e-03  ,1.500001335740e+01  ,3.584958324384e+00  ,1.262771322240e+01  
  8.232011000018e-03  ,1.442322996842e+01  ,3.584888801443e+00  ,1.262798736411e+01  
  8.232013000126e-03  ,1.321550430956e+01  ,3.584657580264e+00  ,1.262853560844e+01  
  8.232017000343e-03  ,1.067413245282e+01  ,3.584213567892e+00  ,1.262963239597e+01  
  8.232020000020e-03  ,8.649180712215e+00  ,3.583940946242e+00  ,1.263045478458e+01  
  8.232020800063e-03  ,8.545483897393e+00  ,3.583995440020e+00  ,1.263067408315e+01  
  8.232022400076e-03  ,8.340587139422e+00  ,3.584191231903e+00  ,1.263111278003e+01  
  8.232025600100e-03  ,7.945359280383e+00  ,3.584717093193e+00  ,1.263199014343e+01  
  8.232032000149e-03  ,7.209790152295e+00  ,3.585811458956e+00  ,1.263374463916e+01  
  8.232044800246e-03  ,5.933923881393e+00  ,3.588764867718e+00  ,1.263725349132e+01  
  8.232058726871e-03  ,4.792935006767e+00  ,3.598612376925e+00  ,1.264107011076e+01  
  8.232067645216e-03  ,4.356532531925e+00  ,1.397020573800e+01  ,1.264287346277e+01  
  8.232076016689e-03  ,4.341961225174e+00  ,4.349950085571e+01  ,1.264293511634e+01  
  8.232082296038e-03  ,4.134780904872e+00  ,5.281877060418e+01  ,3.965597970205e-02  
  8.232085567215e-03  ,3.936902696705e+00  ,5.284820713755e+01  ,-2.062527748434e-01  
  8.232087136308e-03  ,3.844053845617e+00  ,5.282986506417e+01  ,-4.156696176538e-03  
  8.232090274492e-03  ,3.665481366942e+00  ,5.283303637633e+01  ,1.014574382109e-02  
  8.232096550861e-03  ,3.332423335186e+00  ,5.284281372221e+01  ,5.649777724403e-03  
  8.232109103600e-03  ,2.753408806873e+00  ,5.286164765024e+01  ,4.427032642412e-03  
  8.232134209076e-03  ,1.873204439324e+00  ,5.289912838433e+01  ,3.517913854285e-03  
  8.232173518339e-03  ,9.863452910820e-01  ,5.295773388801e+01  ,2.038255433563e-03  
  8.232218120495e-03  ,4.424528461404e-01  ,5.302400770855e+01  ,1.243144528891e-03  
  8.232263628641e-03  ,1.762277812319e-01  ,5.309143508266e+01  ,8.535975478464e-04  
  8.232332734266e-03  ,5.624816092573e-02  ,5.319348908450e+01  ,6.761716699278e-04  
  8.232413820425e-03  ,4.613036577888e-03  ,5.331276233328e+01  ,5.978921135917e-04  
  8.232510105768e-03  ,-7.860541075139e-03  ,5.345373782163e+01  ,5.761240423067e-04  
  8.232702676455e-03  ,-5.376521460410e-03  ,5.373356740686e+01  ,5.725858809408e-04  
  8.232993356386e-03  ,4.389586689036e-03  ,5.415059772183e+01  ,5.761205730383e-04  
  8.233574716249e-03  ,-2.542407433320e-05  ,5.496517554442e+01  ,5.484900181540e-04  
  8.234477941195e-03  ,1.129849323671e-03  ,5.617865763357e+01  ,5.178330675404e-04  
  8.235733930269e-03  ,1.471845018227e-03  ,5.775953056698e+01  ,4.748003823703e-04  
  8.238245908419e-03  ,1.202910424008e-03  ,6.054430689511e+01  ,3.921465061310e-04  
  8.242000000020e-03  ,8.926055640790e-04  ,6.375753038426e+01  ,2.766220725935e-04  
  8.242001000018e-03  ,5.775380176947e-01  ,6.375836690153e+01  ,-1.013350410262e-03  
  8.242001884868e-03  ,1.095178345439e+00  ,6.375911058810e+01  ,-2.187865219871e-03  
  8.242003654567e-03  ,2.160224147338e+00  ,6.376059511433e+01  ,-4.505298957246e-03  
  8.242007193965e-03  ,4.412586872661e+00  ,6.376354725222e+01  ,-8.959749728948e-03  
  8.242010000020e-03  ,6.311252639114e+00  ,6.376587224570e+01  ,-1.232640268002e-02  
  8.242010707900e-03  ,6.403560459249e+00  ,6.376636356531e+01  ,-1.224684970861e-02  
  8.242012123696e-03  ,6.584299449489e+00  ,6.376733562841e+01  ,-1.198666034772e-02  
  8.242014955289e-03  ,6.936696453254e+00  ,6.376927989508e+01  ,-1.147342196157e-02  
  8.242020618476e-03  ,7.600857753456e+00  ,6.377317187474e+01  ,-1.050563289296e-02  
  8.242031944848e-03  ,8.774024695863e+00  ,6.378096829339e+01  ,-8.796580754734e-03  
  8.242043354667e-03  ,9.771511025007e+00  ,6.378883567977e+01  ,-7.343419298326e-03  
  8.242051392354e-03  ,9.973403475820e+00  ,4.110354510420e+01  ,9.860550612146e+00  
  8.242059064962e-03  ,1.000019402751e+01  ,1.073799326512e+01  ,9.860721091690e+00  
  8.242063385553e-03  ,1.018788430608e+01  ,3.401133818887e+00  ,9.861637481879e+00  
  8.242067482628e-03  ,1.046837345637e+01  ,2.662871413983e+00  ,9.862717752625e+00  
  8.242069803484e-03  ,1.062570557861e+01  ,2.745003254641e+00  ,9.863366781785e+00  
  8.242072731934e-03  ,1.081627211982e+01  ,2.800574868299e+00  ,9.864189522590e+00  
  8.242078588836e-03  ,1.117237219464e+01  ,2.810298868681e+00  ,9.865836803193e+00  
  8.242090302638e-03  ,1.179683476883e+01  ,2.799739686178e+00  ,9.869139275849e+00  
  8.242102506689e-03  ,1.234245496329e+01  ,2.803973556964e+00  ,9.872580381895e+00  
  8.242126914791e-03  ,1.317265828671e+01  ,2.806199581268e+00  ,9.879462248211e+00  
  8.242175730996e-03  ,1.416012232739e+01  ,2.808572970440e+00  ,9.893224790120e+00  
  8.242273363404e-03  ,1.497360736949e+01  ,2.816444358649e+00  ,9.920744621958e+00  
  8.242401584916e-03  ,1.499968556260e+01  ,2.826714845298e+00  ,9.956875419197e+00  
  8.242625984482e-03  ,1.500015141254e+01  ,2.844633458333e+00  ,1.002007604251e+01  
  8.242864975266e-03  ,1.500013353349e+01  ,2.863742233111e+00  ,1.008734193162e+01  
  8.243342956833e-03  ,1.500024026548e+01  ,2.901897265640e+00  ,1.022173689279e+01  
  8.244298919968e-03  ,1.500030036521e+01  ,2.978052107845e+00  ,1.048998055669e+01  
  8.246210846238e-03  ,1.500041287971e+01  ,3.129743332628e+00  ,1.102428942772e+01  
  8.250034698777e-03  ,1.499972011384e+01  ,3.430669345014e+00  ,1.208425346193e+01  
  8.252010000020e-03  ,1.500000656120e+01  ,3.584845084273e+00  ,1.262731426786e+01  
  8.252011000018e-03  ,1.442270406000e+01  ,3.584775719542e+00  ,1.262758841150e+01  
  8.252013000126e-03  ,1.321499388645e+01  ,3.584544556941e+00  ,1.262813665352e+01  
  8.252017000343e-03  ,1.067365191151e+01  ,3.584100562663e+00  ,1.262923344934e+01  
  8.252020000020e-03  ,8.648721548382e+00  ,3.583827940135e+00  ,1.263005584134e+01  
  8.252020800063e-03  ,8.545030238689e+00  ,3.583882437818e+00  ,1.263027514080e+01  
  8.252022400076e-03  ,8.340144358472e+00  ,3.584078236972e+00  ,1.263071383951e+01  
  8.252025600100e-03  ,7.944937481815e+00  ,3.584604116619e+00  ,1.263159120654e+01  
  8.252032000149e-03  ,7.209407405070e+00  ,3.585698543180e+00  ,1.263334570948e+01  
  8.252044800246e-03  ,5.933608874768e+00  ,3.588652322945e+00  ,1.263685457606e+01  
  8.252058726871e-03  ,4.792680663129e+00  ,3.598505007939e+00  ,1.264067121071e+01  
  8.252067645216e-03  ,4.356512382157e+00  ,1.398208313435e+01  ,1.264247362292e+01  
  8.252076016689e-03  ,4.341969249848e+00  ,4.351335322347e+01  ,1.264253442154e+01  
  8.252082294548e-03  ,4.134636007253e+00  ,5.281817220841e+01  ,3.875327798494e-02  
  8.252085565725e-03  ,3.936761532821e+00  ,5.284749273508e+01  ,-2.060214339621e-01  
  8.252087135376e-03  ,3.843883862099e+00  ,5.282917325928e+01  ,-4.140011747392e-03  
  8.252090274679e-03  ,3.665257155851e+00  ,5.283234831875e+01  ,1.013971086717e-02  
  8.252096553283e-03  ,3.332106057978e+00  ,5.284212802681e+01  ,5.648944669326e-03  
  8.252109110491e-03  ,2.752958416668e+00  ,5.286096772853e+01  ,4.426697360220e-03  
  8.252134224908e-03  ,1.864016410556e+00  ,5.289848044329e+01  ,3.316477899154e-03  
  8.252175864713e-03  ,9.348899279105e-01  ,5.296053243817e+01  ,1.962619013606e-03  
  8.252222123878e-03  ,3.971986402268e-01  ,5.302925072241e+01  ,1.177139353691e-03  
  8.252268442647e-03  ,1.916133083995e-01  ,5.309785221457e+01  ,8.758175565257e-04  
  8.252330646055e-03  ,5.756106057203e-02  ,5.318970595571e+01  ,6.781392332591e-04  
  8.252396759527e-03  ,2.029528033023e-02  ,5.328699837046e+01  ,6.213653465707e-04  
  8.252528986471e-03  ,1.731026408174e-03  ,5.348057997233e+01  ,5.893760972779e-04  
  8.252669128912e-03  ,-1.046042879287e-03  ,5.368429491397e+01  ,5.801222628907e-04  
  8.252949413793e-03  ,3.097329787894e-04  ,5.408722298231e+01  ,5.717410322287e-04  
  8.253396067159e-03  ,1.567280735001e-03  ,5.471685077101e+01  ,5.572361765976e-04  
  8.254289373891e-03  ,1.675487069813e-03  ,5.592978971876e+01  ,5.254599353231e-04  
  8.256075987356e-03  ,1.354374620873e-03  ,5.816764301964e+01  ,4.631011764996e-04  
  8.259649214284e-03  ,1.145137980577e-03  ,6.187753162706e+01  ,3.472997780076e-04  
  8.262000000020e-03  ,8.843694867293e-04  ,6.375633641234e+01  ,2.762227047217e-04  
  8.262001000018e-03  ,5.775299568048e-01  ,6.375717317945e+01  ,-1.012316780938e-03  
  8.262001884868e-03  ,1.095170400801e+00  ,6.375791734537e+01  ,-2.188079329909e-03  
  8.262003654567e-03  ,2.160216424850e+00  ,6.375940254395e+01  ,-4.505217809397e-03  
  8.262007193965e-03  ,4.412579578498e+00  ,6.376235608184e+01  ,-8.959616577462e-03  
  8.262010000020e-03  ,6.311245669933e+00  ,6.376468218615e+01  ,-1.232627224297e-02  
  8.262010707900e-03  ,6.403553569171e+00  ,6.376517378738e+01  ,-1.224672135667e-02  
  8.262012123696e-03  ,6.584292714313e+00  ,6.376614641470e+01  ,-1.198652979491e-02  
  8.262014955289e-03  ,6.936690020002e+00  ,6.376809180425e+01  ,-1.147329115689e-02  
  8.262020618476e-03  ,7.600851889296e+00  ,6.377198603369e+01  ,-1.050550207740e-02  
  8.262031944848e-03  ,8.774019836933e+00  ,6.377978695102e+01  ,-8.796448485503e-03  
  8.262043354667e-03  ,9.771507020772e+00  ,6.378765886825e+01  ,-7.343285172983e-03  
  8.262051392354e-03  ,9.973414064781e+00  ,4.110342402041e+01  ,9.862392463008e+00  
  8.262059064962e-03  ,1.000020606700e+01  ,1.073803373701e+01  ,9.862563006171e+00  
  8.262063385553e-03  ,1.018790339709e+01  ,3.401591477099e+00  ,9.863479365146e+00  
  8.262067482628e-03  ,1.046839212439e+01  ,2.663395935014e+00  ,9.864559627967e+00  
  8.262069803484e-03  ,1.062572366805e+01  ,2.745533517991e+00  ,9.865208645524e+00  
  8.262072731934e-03  ,1.081628938361e+01  ,2.801100994843e+00  ,9.866031370257e+00  
  8.262078588836e-03  ,1.117238795810e+01  ,2.810821772556e+00  ,9.867678620239e+00  
  8.262090302638e-03  ,1.179684796456e+01  ,2.800263210600e+00  ,9.870981031603e+00  
  8.262102508180e-03  ,1.234252714087e+01  ,2.804496754939e+00  ,9.874422493939e+00  
  8.262126919262e-03  ,1.317279344428e+01  ,2.806722692383e+00  ,9.881305072819e+00  
  8.262175741426e-03  ,1.416027243474e+01  ,2.809096584494e+00  ,9.895069039624e+00  
  8.262273385755e-03  ,1.497369469995e+01  ,2.816968720249e+00  ,9.922591720016e+00  
  8.262401607267e-03  ,1.499968678334e+01  ,2.827239044589e+00  ,9.958721845014e+00  
  8.262626030676e-03  ,1.500015111244e+01  ,2.845159238243e+00  ,1.002192800504e+01  
  8.262865021459e-03  ,1.500013327383e+01  ,2.864267652384e+00  ,1.008919263801e+01  
  8.263343003027e-03  ,1.500023964585e+01  ,2.902421972475e+00  ,1.022358508947e+01  
  8.264298966162e-03  ,1.500029954022e+01  ,2.978575392595e+00  ,1.049182374416e+01  
  8.266210892431e-03  ,1.500041167251e+01  ,3.130263784736e+00  ,1.102612263746e+01  
  8.270034744970e-03  ,1.499972123858e+01  ,3.431184176375e+00  ,1.208606687780e+01  
  8.272010000020e-03  ,1.500000662133e+01  ,3.585353441595e+00  ,1.262910487840e+01  
  8.272011000018e-03  ,1.442270636341e+01  ,3.585284071700e+00  ,1.262937901696e+01  
  8.272013000126e-03  ,1.321499612203e+01  ,3.585052905865e+00  ,1.262992724881e+01  
  8.272017000343e-03  ,1.067365401633e+01  ,3.584608915343e+00  ,1.263102402430e+01  
  8.272020000020e-03  ,8.648723559793e+00  ,3.584336303756e+00  ,1.263184640104e+01  
  8.272020800063e-03  ,8.545032226095e+00  ,3.584390808276e+00  ,1.263206569644e+01  
  8.272022400076e-03  ,8.340146298440e+00  ,3.584586620279e+00  ,1.263250438701e+01  
  8.272025600100e-03  ,7.944939330244e+00  ,3.585112520101e+00  ,1.263338173778e+01  
  8.272032000149e-03  ,7.209409083359e+00  ,3.586206999006e+00  ,1.263513620818e+01  
  8.272044800246e-03  ,5.933610259934e+00  ,3.589161003619e+00  ,1.263864500966e+01  
  8.272058726871e-03  ,4.792681803380e+00  ,3.599015001238e+00  ,1.264246157335e+01  
  8.272067645216e-03  ,4.356523552290e+00  ,1.398320633956e+01  ,1.264426385088e+01  
  8.272076016689e-03  ,4.341980197217e+00  ,4.351455395498e+01  ,1.264432457486e+01  
  8.272082293803e-03  ,4.134658218439e+00  ,5.281724196924e+01  ,3.873058508948e-02  
  8.272085564608e-03  ,3.936804506595e+00  ,5.284655876087e+01  ,-2.060014496094e-01  
  8.272087134073e-03  ,3.843936698939e+00  ,5.282824168651e+01  ,-4.139830770081e-03  
  8.272090273002e-03  ,3.665328249575e+00  ,5.283141738323e+01  ,1.013996885044e-02  
  8.272096550861e-03  ,3.332208510816e+00  ,5.284119836586e+01  ,5.649271093094e-03  
  8.272109106580e-03  ,2.753105884674e+00  ,5.286004063289e+01  ,4.427041291305e-03  
  8.272134218017e-03  ,1.872823014334e+00  ,5.289753821040e+01  ,3.517171596511e-03  
  8.272173515359e-03  ,9.863484036583e-01  ,5.295613824840e+01  ,2.038389152521e-03  
  8.272218117515e-03  ,4.424708911696e-01  ,5.302242609602e+01  ,1.243301239391e-03  
  8.272263625661e-03  ,1.762437760639e-01  ,5.308986777782e+01  ,8.537508535491e-04  
  8.272332731286e-03  ,5.625341483757e-02  ,5.319194349368e+01  ,6.763089198482e-04  
  8.272413829366e-03  ,4.608271653487e-03  ,5.331125970052e+01  ,5.980138327834e-04  
  8.272510114709e-03  ,-7.862734182699e-03  ,5.345226529842e+01  ,5.762489447844e-04  
  8.272702685395e-03  ,-5.376332485104e-03  ,5.373215500246e+01  ,5.727131383933e-04  
  8.272993365327e-03  ,4.390029621823e-03  ,5.414927580482e+01  ,5.762465569935e-04  
  8.273574725190e-03  ,-2.509759732028e-05  ,5.496403360581e+01  ,5.486126189781e-04  
  8.274478045503e-03  ,1.130195001714e-03  ,5.617791720383e+01  ,5.179475214293e-04  
  8.275733843842e-03  ,1.472198476962e-03  ,5.775892839645e+01  ,4.749154555191e-04  
  8.278245440522e-03  ,1.203309975523e-03  ,6.054407014029e+01  ,3.922629264978e-04  
  8.282000000020e-03  ,8.929034166666e-04  ,6.375878174635e+01  ,2.767086999257e-04  
  8.282001000018e-03  ,5.775383156886e-01  ,6.375961852051e+01  ,-1.013263566971e-03  
  8.282001884868e-03  ,1.095178643568e+00  ,6.376036243437e+01  ,-2.187778026682e-03  
  8.282003654567e-03  ,2.160224445737e+00  ,6.376184741524e+01  ,-4.505211840466e-03  
  8.282007193965e-03  ,4.412587171576e+00  ,6.376480046238e+01  ,-8.959662603845e-03  
  8.282010000020e-03  ,6.311252938418e+00  ,6.376712617672e+01  ,-1.232631553916e-02  
  8.282010707900e-03  ,6.403560758654e+00  ,6.376761767844e+01  ,-1.224676192782e-02  
  8.282012123696e-03  ,6.584299749093e+00  ,6.376859010593e+01  ,-1.198657250390e-02  
  8.282014955289e-03  ,6.936696753244e+00  ,6.377053510137e+01  ,-1.147333412099e-02  
  8.282020618476e-03  ,7.600858054171e+00  ,6.377442853833e+01  ,-1.050554509172e-02  
  8.282031944848e-03  ,8.774024997846e+00  ,6.378222787075e+01  ,-8.796492991855e-03  
  8.282043354667e-03  ,9.771511328047e+00  ,6.379009819117e+01  ,-7.343331588050e-03  
  8.282051392354e-03  ,9.973410714423e+00  ,4.110538285686e+01  ,9.861953564696e+00  
  8.282059064962e-03  ,1.000020047823e+01  ,1.073981599177e+01  ,9.862123943949e+00  
  8.282063385553e-03  ,1.018786617697e+01  ,3.401623519210e+00  ,9.863040340090e+00  
  8.282067482628e-03  ,1.046835518108e+01  ,2.663255563328e+00  ,9.864120541863e+00  
  8.282069803111e-03  ,1.062566335476e+01  ,2.745398276066e+00  ,9.864769460724e+00  
  8.282072731189e-03  ,1.081620811340e+01  ,2.800974383387e+00  ,9.865592085645e+00  
  8.282078587346e-03  ,1.117227020822e+01  ,2.810698634603e+00  ,9.867239133392e+00  
  8.282090299658e-03  ,1.179825484446e+01  ,2.805669214953e+00  ,9.870537792838e+00  
  8.282110082440e-03  ,1.263361668202e+01  ,2.804300788899e+00  ,9.876115505564e+00  
  8.282149648003e-03  ,1.372598826255e+01  ,2.808436737150e+00  ,9.887270515678e+00  
  8.282228779129e-03  ,1.476740500902e+01  ,2.813402386022e+00  ,9.909577094787e+00  
  8.282346224121e-03  ,1.516337184680e+01  ,2.822597235805e+00  ,9.942675317221e+00  
  8.282518815331e-03  ,1.497820621891e+01  ,2.836487588180e+00  ,9.991295050858e+00  
  8.282675289444e-03  ,1.497093891225e+01  ,2.848995669228e+00  ,1.003535387726e+01  
  8.282988237671e-03  ,1.501190912554e+01  ,2.873977698134e+00  ,1.012341287238e+01  
  8.283614134125e-03  ,1.499232694857e+01  ,2.923920076708e+00  ,1.029929649669e+01  
  8.284711431794e-03  ,1.499816721903e+01  ,3.011245527918e+00  ,1.060689569825e+01  
  8.286906027131e-03  ,1.500018752179e+01  ,3.185087434091e+00  ,1.121923003701e+01  
  8.291295217804e-03  ,1.499992904275e+01  ,3.529542768239e+00  ,1.243252018512e+01  
  8.292010000020e-03  ,1.500001335680e+01  ,3.585231713848e+00  ,1.262867619471e+01  
  8.292011000018e-03  ,1.442322996697e+01  ,3.585162188516e+00  ,1.262895033368e+01  
  8.292013000126e-03  ,1.321550430815e+01  ,3.584930965743e+00  ,1.262949857253e+01  
  8.292017000343e-03  ,1.067413245156e+01  ,3.584486955442e+00  ,1.263059534914e+01  
  8.292020000020e-03  ,8.649180711129e+00  ,3.584214339672e+00  ,1.263141772954e+01  
  8.292020800063e-03  ,8.545483896379e+00  ,3.584268837140e+00  ,1.263163702593e+01  
  8.292022400076e-03  ,8.340587138549e+00  ,3.584464635957e+00  ,1.263207571844e+01  
  8.292025600100e-03  ,7.945359279763e+00  ,3.584990508149e+00  ,1.263295307309e+01  
  8.292032000149e-03  ,7.209790152267e+00  ,3.586084902227e+00  ,1.263470755132e+01  
  8.292044800246e-03  ,5.933923883473e+00  ,3.589038432868e+00  ,1.263821636846e+01  
  8.292058726871e-03  ,4.792935020193e+00  ,3.598886660400e+00  ,1.264203294975e+01  
  8.292067645216e-03  ,4.356538497192e+00  ,1.397083839539e+01  ,1.264383622714e+01  
  8.292076016689e-03  ,4.341967138298e+00  ,4.350017999541e+01  ,1.264389784089e+01  
  8.292082296038e-03  ,4.134778273517e+00  ,5.281885750914e+01  ,3.961299942631e-02  
  8.292085567215e-03  ,3.936900060266e+00  ,5.284828893714e+01  ,-2.062404026538e-01  
  8.292087136308e-03  ,3.844051296422e+00  ,5.282994836931e+01  ,-4.155860910983e-03  
  8.292090274492e-03  ,3.665478946272e+00  ,5.283312038622e+01  ,1.014557720045e-02  
  8.292096550861e-03  ,3.332421152652e+00  ,5.284289891450e+01  ,5.649836116957e-03  
  8.292109103600e-03  ,2.753407043909e+00  ,5.286173525879e+01  ,4.427116273029e-03  
  8.292134209076e-03  ,1.873203314295e+00  ,5.289922083117e+01  ,3.517973913229e-03  
  8.292173518339e-03  ,9.863448086546e-01  ,5.295783390005e+01  ,2.038328386285e-03  
  8.292218120495e-03  ,4.424527577203e-01  ,5.302411629803e+01  ,1.243217942727e-03  
  8.292263628641e-03  ,1.762278855498e-01  ,5.309155241521e+01  ,8.536710600690e-04  
  8.292332734266e-03  ,5.624835185413e-02  ,5.319361967686e+01  ,6.762450456393e-04  
  8.292413820425e-03  ,4.613264512559e-03  ,5.331290845812e+01  ,5.979652334044e-04  
  8.292510117689e-03  ,-7.861598102491e-03  ,5.345391976609e+01  ,5.761944806694e-04  
  8.292702712217e-03  ,-5.376575171064e-03  ,5.373382034362e+01  ,5.726561767461e-04  
  8.292993439833e-03  ,4.390412083820e-03  ,5.415097282842e+01  ,5.761893492480e-04  
  8.293574895063e-03  ,-2.573116565114e-05  ,5.496578741766e+01  ,5.485516591725e-04  
  8.294478215376e-03  ,1.129984212259e-03  ,5.617954787290e+01  ,5.178890272656e-04  
  8.295734204451e-03  ,1.472036684168e-03  ,5.776061798993e+01  ,4.748528040359e-04  
  8.298246182600e-03  ,1.203072296659e-03  ,6.054576271500e+01  ,3.921924314079e-04  
  8.302000000020e-03  ,8.927754691681e-04  ,6.375927373007e+01  ,2.766675672044e-04  
  8.302001000018e-03  ,5.775381885446e-01  ,6.376011038574e+01  ,-1.013305317341e-03  
  8.302001884868e-03  ,1.095178516228e+00  ,6.376085419479e+01  ,-2.187820670475e-03  
  8.302003654567e-03  ,2.160224318002e+00  ,6.376233896584e+01  ,-4.505254268842e-03  
  8.302007193965e-03  ,4.412587043083e+00  ,6.376529159336e+01  ,-8.959704985891e-03  
  8.302010000020e-03  ,6.311252809352e+00  ,6.376761697501e+01  ,-1.232635791652e-02  
  8.302010707900e-03  ,6.403560629444e+00  ,6.376810839267e+01  ,-1.224680417852e-02  
  8.302012123696e-03  ,6.584299619603e+00  ,6.376908065203e+01  ,-1.198661473737e-02  
  8.302014955289e-03  ,6.936696623210e+00  ,6.377102531122e+01  ,-1.147337635336e-02  
  8.302020618476e-03  ,7.600857923112e+00  ,6.377491807573e+01  ,-1.050558731774e-02  
  8.302031944848e-03  ,8.774024864977e+00  ,6.378271606342e+01  ,-8.796535212971e-03  
  8.302043354667e-03  ,9.771511193645e+00  ,6.379058502948e+01  ,-7.343373798155e-03  
  8.302051392354e-03  ,9.973407514075e+00  ,4.110562311106e+01  ,9.861417044849e+00  
  8.302059064962e-03  ,1.000019670462e+01  ,1.073999818915e+01  ,9.861587392847e+00  
  8.302063385553e-03  ,1.018785711373e+01  ,3.401505497683e+00  ,9.862503798972e+00  
  8.302067482628e-03  ,1.046834625810e+01  ,2.663101111611e+00  ,9.863583996254e+00  
  8.302069803111e-03  ,1.062565472426e+01  ,2.745242839325e+00  ,9.864232918565e+00  
  8.302072731189e-03  ,1.081619987638e+01  ,2.800820986834e+00  ,9.865055548220e+00  
  8.302078587346e-03  ,1.117226268217e+01  ,2.810546393127e+00  ,9.866702604852e+00  
  8.302090299658e-03  ,1.179824854805e+01  ,2.805516920763e+00  ,9.870001282095e+00  
  8.302110082440e-03  ,1.263361202734e+01  ,2.804148347496e+00  ,9.875579024960e+00  
  8.302149648003e-03  ,1.372598575844e+01  ,2.808284514426e+00  ,9.886734095348e+00  
  8.302228779129e-03  ,1.476740455214e+01  ,2.813250130377e+00  ,9.909040794961e+00  
  8.302346224121e-03  ,1.516337216839e+01  ,2.822445031139e+00  ,9.942139196188e+00  
  8.302518815331e-03  ,1.497820617622e+01  ,2.836335457103e+00  ,9.990759192453e+00  
  8.302675289444e-03  ,1.497093885527e+01  ,2.848843605273e+00  ,1.003481825685e+01  
  8.302988237671e-03  ,1.501190914917e+01  ,2.873825769620e+00  ,1.012287772763e+01  
  8.303614134125e-03  ,1.499232693366e+01  ,2.923768417753e+00  ,1.029876230203e+01  
  8.304711431794e-03  ,1.499816721561e+01  ,3.011094340760e+00  ,1.060636316514e+01  
  8.306906027131e-03  ,1.500018752235e+01  ,3.184937186035e+00  ,1.121870081155e+01  
  8.311295217804e-03  ,1.499992904280e+01  ,3.529394380879e+00  ,1.243199751350e+01  
  8.312010000020e-03  ,1.500001335706e+01  ,3.585083627309e+00  ,1.262815458267e+01  
  8.312011000018e-03  ,1.442322996693e+01  ,3.585014103272e+00  ,1.262842872312e+01  
  8.312013000126e-03  ,1.321550430811e+01  ,3.584782881363e+00  ,1.262897696494e+01  
  8.312017000343e-03  ,1.067413245148e+01  ,3.584338869940e+00  ,1.263007374747e+01  
  8.312020000020e-03  ,8.649180710991e+00  ,3.584066250985e+00  ,1.263089613231e+01  
  8.312020800063e-03  ,8.545483896211e+00  ,3.584120746454e+00  ,1.263111542988e+01  
  8.312022400076e-03  ,8.340587138322e+00  ,3.584316541515e+00  ,1.263155412476e+01  
  8.312025600100e-03  ,7.945359279432e+00  ,3.584842407802e+00  ,1.263243148415e+01  
  8.312032000149e-03  ,7.209790151677e+00  ,3.585936786543e+00  ,1.263418597186e+01  
  8.312044800246e-03  ,5.933923881849e+00  ,3.588890251167e+00  ,1.263769480797e+01  
  8.312058726871e-03  ,4.792935012518e+00  ,3.598738089611e+00  ,1.264151140992e+01  
  8.312067645216e-03  ,4.356535265985e+00  ,1.397049572502e+01  ,1.264331472785e+01  
  8.312076016689e-03  ,4.341963935392e+00  ,4.349981215130e+01  ,1.264337636486e+01  
  8.312082296038e-03  ,4.134787027391e+00  ,5.281924061784e+01  ,3.967408808206e-02  
  8.312085567215e-03  ,3.936908589981e+00  ,5.284867948249e+01  ,-2.062553359802e-01  
  8.312087136308e-03  ,3.844059598429e+00  ,5.283033729646e+01  ,-4.156823073870e-03  
  8.312090274492e-03  ,3.665486857663e+00  ,5.283350883623e+01  ,1.014581166924e-02  
  8.312096550861e-03  ,3.332428336492e+00  ,5.284328668041e+01  ,5.649814373904e-03  
  8.312109103600e-03  ,2.753412955251e+00  ,5.286212160274e+01  ,4.427065083930e-03  
  8.312134209076e-03  ,1.873207291065e+00  ,5.289960432334e+01  ,3.517947302965e-03  
  8.312173518339e-03  ,9.863468363506e-01  ,5.295821293464e+01  ,2.038285453687e-03  
  8.312218120495e-03  ,4.424535901136e-01  ,5.302449027612e+01  ,1.243173307109e-03  
  8.312263628641e-03  ,1.762281329150e-01  ,5.309192123727e+01  ,8.536256803824e-04  
  8.312332734266e-03  ,5.624833566892e-02  ,5.319398067569e+01  ,6.761994315843e-04  
  8.312413820425e-03  ,4.613135016179e-03  ,5.331326028744e+01  ,5.979196307636e-04  
  8.312510117689e-03  ,-7.861754805967e-03  ,5.345426071998e+01  ,5.761490455782e-04  
  8.312702712217e-03  ,-5.376725984379e-03  ,5.373413959371e+01  ,5.726111606809e-04  
  8.312993439833e-03  ,4.390283400067e-03  ,5.415125943704e+01  ,5.761449698712e-04  
  8.313574895063e-03  ,-2.586817128850e-05  ,5.496600919970e+01  ,5.485084497220e-04  
  8.314478215376e-03  ,1.129852046411e-03  ,5.617967023747e+01  ,5.178475833226e-04  
  8.315734204451e-03  ,1.471908756937e-03  ,5.776060496106e+01  ,4.748136283112e-04  
  8.318246182600e-03  ,1.202951690382e-03  ,6.054548995890e+01  ,3.921572241178e-04  
  8.322000000020e-03  ,8.926704963025e-04  ,6.375864488322e+01  ,2.766375641624e-04  
  8.322001000018e-03  ,5.775380825535e-01  ,6.375948144964e+01  ,-1.013335214869e-03  
  8.322001884868e-03  ,1.095178410220e+00  ,6.376022517973e+01  ,-2.187850505537e-03  
  8.322003654567e-03  ,2.160224211964e+00  ,6.376170979287e+01  ,-4.505284122141e-03  
  8.322007193965e-03  ,4.412586936990e+00  ,6.376466210458e+01  ,-8.959734853246e-03  
  8.322010000020e-03  ,6.311252703217e+00  ,6.376698723585e+01  ,-1.232638779137e-02  
  8.322010707900e-03  ,6.403560523298e+00  ,6.376747859026e+01  ,-1.224683435209e-02  
  8.322012123696e-03  ,6.584299513434e+00  ,6.376845072305e+01  ,-1.198664494135e-02  
  8.322014955289e-03  ,6.936696516994e+00  ,6.377039512910e+01  ,-1.147340655611e-02  
  8.322020618476e-03  ,7.600857816810e+00  ,6.377428738743e+01  ,-1.050561750461e-02  
  8.322031944848e-03  ,8.774024758529e+00  ,6.378208436308e+01  ,-8.796565384053e-03  
  8.322043354667e-03  ,9.771511087080e+00  ,6.378995231011e+01  ,-7.343403948501e-03  
  8.322051392354e-03  ,9.973404974397e+00  ,4.110478717805e+01  ,9.860909609210e+00  
  8.322059064962e-03  ,1.000019460868e+01  ,1.073917927392e+01  ,9.861080006123e+00  
  8.322063385553e-03  ,1.018786657539e+01  ,3.401315805127e+00  ,9.861996407876e+00  
  8.322067482628e-03  ,1.046835575729e+01  ,2.662963538069e+00  ,9.863076635701e+00  
  8.322069803484e-03  ,1.062568852572e+01  ,2.745100689435e+00  ,9.863725662998e+00  
  8.322072731562e-03  ,1.081623218069e+01  ,2.800674814819e+00  ,9.864548296790e+00  
  8.322078587718e-03  ,1.117229226063e+01  ,2.810401543280e+00  ,9.866195361912e+00  
  8.322090300031e-03  ,1.179827330389e+01  ,2.805372839302e+00  ,9.869494056074e+00  
  8.322110082812e-03  ,1.263363032432e+01  ,2.804004249344e+00  ,9.875071827443e+00  
  8.322149648376e-03  ,1.372599561071e+01  ,2.808140552383e+00  ,9.886226954818e+00  
  8.322228779502e-03  ,1.476740635166e+01  ,2.813106183204e+00  ,9.908533768364e+00  
  8.322346224494e-03  ,1.516337090603e+01  ,2.822301135197e+00  ,9.941632338626e+00  
  8.322518815703e-03  ,1.497820634542e+01  ,2.836191629649e+00  ,9.990252583184e+00  
  8.322675289817e-03  ,1.497093908066e+01  ,2.848699841408e+00  ,1.003431187259e+01  
  8.322988238044e-03  ,1.501190905781e+01  ,2.873682133978e+00  ,1.012237179307e+01  
  8.323614134498e-03  ,1.499232699369e+01  ,2.923625036870e+00  ,1.029825726570e+01  
  8.324711432166e-03  ,1.499816723049e+01  ,3.010951405950e+00  ,1.060585969966e+01  
  8.326906027503e-03  ,1.500018752160e+01  ,3.184795139076e+00  ,1.121820047318e+01  
  8.331295218177e-03  ,1.499992904404e+01  ,3.529254093050e+00  ,1.243150337124e+01  
  8.332010000020e-03  ,1.500001335743e+01  ,3.584943594886e+00  ,1.262766134002e+01  
  8.332011000018e-03  ,1.442322996849e+01  ,3.584874072073e+00  ,1.262793548187e+01  
  8.332013000126e-03  ,1.321550430962e+01  ,3.584642850981e+00  ,1.262848372649e+01  
  8.332017000343e-03  ,1.067413245287e+01  ,3.584198838497e+00  ,1.262958051461e+01  
  8.332020000020e-03  ,8.649180712260e+00  ,3.583926216530e+00  ,1.263040290366e+01  
  8.332020800063e-03  ,8.545483897434e+00  ,3.583980710109e+00  ,1.263062220235e+01  
  8.332022400076e-03  ,8.340587139456e+00  ,3.584176501619e+00  ,1.263106089947e+01  
  8.332025600100e-03  ,7.945359280405e+00  ,3.584702362322e+00  ,1.263193826334e+01  
  8.332032000149e-03  ,7.209790152285e+00  ,3.585796726559e+00  ,1.263369276002e+01  
  8.332044800246e-03  ,5.933923881272e+00  ,3.588750128755e+00  ,1.263720161406e+01  
  8.332058726871e-03  ,4.792935006036e+00  ,3.598597599260e+00  ,1.264101823556e+01  
  8.332067645216e-03  ,4.356532210527e+00  ,1.397017165218e+01  ,1.264282159157e+01  
  8.332076016689e-03  ,4.341960906585e+00  ,4.349946426544e+01  ,1.264288324709e+01  
  8.332082296038e-03  ,4.134780209068e+00  ,5.281871675948e+01  ,3.965397436254e-02  
  8.332085567215e-03  ,3.936902027109e+00  ,5.284815303404e+01  ,-2.062525006214e-01  
  8.332087136308e-03  ,3.844053191943e+00  ,5.282981097129e+01  ,-4.156682921707e-03  
  8.332090274492e-03  ,3.665480743030e+00  ,5.283298225638e+01  ,1.014573631565e-02  
  8.332096550861e-03  ,3.332422766853e+00  ,5.284275954354e+01  ,5.649773448335e-03  
  8.332109103600e-03  ,2.753408335394e+00  ,5.286159335432e+01  ,4.427028809608e-03  
  8.332134209076e-03  ,1.873204115083e+00  ,5.289907385414e+01  ,3.517909941601e-03  
  8.332173518339e-03  ,9.863451151955e-01  ,5.295767899134e+01  ,2.038251893510e-03  
  8.332218120495e-03  ,4.424527612443e-01  ,5.302395239665e+01  ,1.243141129984e-03  
  8.332263628641e-03  ,1.762277408823e-01  ,5.309137934772e+01  ,8.535942226148e-04  
  8.332332734266e-03  ,5.624814066894e-02  ,5.319343270839e+01  ,6.761683873555e-04  
  8.332413820425e-03  ,4.613024986613e-03  ,5.331270520673e+01  ,5.978888592881e-04  
  8.332510105768e-03  ,-7.860550545758e-03  ,5.345367980661e+01  ,5.761208096255e-04  
  8.332702676455e-03  ,-5.376531277597e-03  ,5.373350762357e+01  ,5.725826844226e-04  
  8.332993356386e-03  ,4.389575343350e-03  ,5.415053529138e+01  ,5.761174285499e-04  
  8.333574716249e-03  ,-2.543446801994e-05  ,5.496510790028e+01  ,5.484869812205e-04  
  8.334477941195e-03  ,1.129839077155e-03  ,5.617858210767e+01  ,5.178301894243e-04  
  8.335733930269e-03  ,1.471835204103e-03  ,5.775944453564e+01  ,4.747977107629e-04  
  8.338245908419e-03  ,1.202901683537e-03  ,6.054420150245e+01  ,3.921442024500e-04  
  8.342000000020e-03  ,8.925985092249e-04  ,6.375740037709e+01  ,2.766202563252e-04  
  8.342001000018e-03  ,5.775380106407e-01  ,6.375823688852e+01  ,-1.013352180961e-03  
  8.342001884868e-03  ,1.095178338385e+00  ,6.375898056993e+01  ,-2.187866987265e-03  
  8.342003654567e-03  ,2.160224140286e+00  ,6.376046508583e+01  ,-4.505300726194e-03  
  8.342007193965e-03  ,4.412586865612e+00  ,6.376341720306e+01  ,-8.959751500510e-03  
  8.342010000020e-03  ,6.311252632066e+00  ,6.376574218017e+01  ,-1.232640445317e-02  
  8.342010707900e-03  ,6.403560452202e+00  ,6.376623349564e+01  ,-1.224685153661e-02  
  8.342012123696e-03  ,6.584299442443e+00  ,6.376720555046e+01  ,-1.198666218143e-02  
  8.342014955289e-03  ,6.936696446208e+00  ,6.376914980058e+01  ,-1.147342379524e-02  
  8.342020618476e-03  ,7.600857746413e+00  ,6.377304174712e+01  ,-1.050563472462e-02  
  8.342031944848e-03  ,8.774024688825e+00  ,6.378083809958e+01  ,-8.796582584491e-03  
  8.342043354667e-03  ,9.771511017974e+00  ,6.378870541935e+01  ,-7.343421125709e-03  
  8.342051392354e-03  ,9.973403298084e+00  ,4.110339996431e+01  ,9.860508205949e+00  
  8.342059064962e-03  ,1.000019395667e+01  ,1.073785464077e+01  ,9.860678695137e+00  
  8.342063385553e-03  ,1.018788637372e+01  ,3.401112437504e+00  ,9.861595083980e+00  
  8.342067482628e-03  ,1.046837552042e+01  ,2.662860519293e+00  ,9.862675359745e+00  
  8.342069803484e-03  ,1.062570756728e+01  ,2.744991737876e+00  ,9.863324389126e+00  
  8.342072731934e-03  ,1.081627401804e+01  ,2.800562853535e+00  ,9.864147130264e+00  
  8.342078588836e-03  ,1.117237393134e+01  ,2.810286774760e+00  ,9.865794411596e+00  
  8.342090302638e-03  ,1.179683622303e+01  ,2.799727676091e+00  ,9.869096885666e+00  
  8.342102506689e-03  ,1.234245616959e+01  ,2.803961519684e+00  ,9.872537993181e+00  
  8.342126914791e-03  ,1.317265911618e+01  ,2.806187542076e+00  ,9.879419862435e+00  
  8.342175730996e-03  ,1.416012270872e+01  ,2.808560940385e+00  ,9.893182410219e+00  
  8.342273363404e-03  ,1.497360738153e+01  ,2.816432330267e+00  ,9.920702253803e+00  
  8.342401584916e-03  ,1.499968556279e+01  ,2.826702821226e+00  ,9.956833066462e+00  
  8.342625984482e-03  ,1.500015141252e+01  ,2.844621442015e+00  ,1.002003371675e+01  
  8.342864975266e-03  ,1.500013353348e+01  ,2.863730224896e+00  ,1.008729963457e+01  
  8.343342956833e-03  ,1.500024026542e+01  ,2.901885273710e+00  ,1.022169465309e+01  
  8.344298919968e-03  ,1.500030036512e+01  ,2.978040148418e+00  ,1.048993843148e+01  
  8.346210846238e-03  ,1.500041287957e+01  ,3.129731437945e+00  ,1.102424753055e+01  
  8.350034698777e-03  ,1.499972011401e+01  ,3.430657578765e+00  ,1.208421201713e+01  
  8.352010000020e-03  ,1.500000656123e+01  ,3.584833383826e+00  ,1.262727305483e+01  
  8.352011000018e-03  ,1.442270406033e+01  ,3.584764019197e+00  ,1.262754719860e+01  
  8.352013000126e-03  ,1.321499388677e+01  ,3.584532856664e+00  ,1.262809544085e+01  
  8.352017000343e-03  ,1.067365191180e+01  ,3.584088862297e+00  ,1.262919223714e+01  
  8.352020000020e-03  ,8.648721548661e+00  ,3.583816239517e+00  ,1.263001462948e+01  
  8.352020800063e-03  ,8.545030238963e+00  ,3.583870737042e+00  ,1.263023392904e+01  
  8.352022400076e-03  ,8.340144358734e+00  ,3.584066535900e+00  ,1.263067262793e+01  
  8.352025600100e-03  ,7.944937482055e+00  ,3.584592415080e+00  ,1.263154999534e+01  
  8.352032000149e-03  ,7.209407405265e+00  ,3.585686840429e+00  ,1.263330449903e+01  
  8.352044800246e-03  ,5.933608874839e+00  ,3.588640614976e+00  ,1.263681336711e+01  
  8.352058726871e-03  ,4.792680662683e+00  ,3.598493269203e+00  ,1.264063000339e+01  
  8.352067645216e-03  ,4.356512126849e+00  ,1.398205605067e+01  ,1.264243241876e+01  
  8.352076016689e-03  ,4.341968996809e+00  ,4.351332415289e+01  ,1.264249321868e+01  
  8.352082294548e-03  ,4.134634368703e+00  ,5.281806569612e+01  ,3.874608164108e-02  
  8.352085565725e-03  ,3.936759948705e+00  ,5.284738532485e+01  ,-2.060199957587e-01  
  8.352087135376e-03  ,3.843882317383e+00  ,5.282906597648e+01  ,-4.139925640224e-03  
  8.352090274678e-03  ,3.665255682361e+00  ,5.283224102859e+01  ,1.013968352647e-02  
  8.352096553283e-03  ,3.332104717365e+00  ,5.284202069646e+01  ,5.648939807289e-03  
  8.352109110491e-03  ,2.752957307919e+00  ,5.286086032177e+01  ,4.426695188977e-03  
  8.352134224908e-03  ,1.864015657713e+00  ,5.289837288450e+01  ,3.316475087872e-03  
  8.352175864713e-03  ,9.348895470649e-01  ,5.296042462761e+01  ,1.962616740818e-03  
  8.352222123878e-03  ,3.971984746666e-01  ,5.302914263287e+01  ,1.177137401604e-03  
  8.352268442647e-03  ,1.916132251641e-01  ,5.309774384645e+01  ,8.758157306121e-04  
  8.352330646055e-03  ,5.756103102861e-02  ,5.318959721464e+01  ,6.781374941645e-04  
  8.352396759527e-03  ,2.029526573134e-02  ,5.328688923446e+01  ,6.213636383373e-04  
  8.352528986471e-03  ,1.731019291601e-03  ,5.348047005101e+01  ,5.893744181391e-04  
  8.352669128912e-03  ,-1.046048830928e-03  ,5.368418416695e+01  ,5.801206046097e-04  
  8.352949413793e-03  ,3.097265908805e-04  ,5.408711060433e+01  ,5.717394111661e-04  
  8.353396067159e-03  ,1.567274014121e-03  ,5.471673585059e+01  ,5.572346142003e-04  
  8.354289373891e-03  ,1.675480649068e-03  ,5.592966992337e+01  ,5.254584867085e-04  
  8.356075987356e-03  ,1.354369023100e-03  ,5.816751432262e+01  ,4.630999426653e-04  
  8.359649214284e-03  ,1.145133867848e-03  ,6.187738855421e+01  ,3.472989243197e-04  
  8.362000000020e-03  ,8.843664069236e-04  ,6.375618637485e+01  ,2.762220735807e-04  
  8.362001000018e-03  ,5.775299537256e-01  ,6.375702313942e+01  ,-1.012317356131e-03  
  8.362001884868e-03  ,1.095170397723e+00  ,6.375776730310e+01  ,-2.188079901003e-03  
  8.362003654567e-03  ,2.160216421772e+00  ,6.375925249720e+01  ,-4.505218382570e-03  
  8.362007193965e-03  ,4.412579575423e+00  ,6.376220602614e+01  ,-8.959617153671e-03  
  8.362010000020e-03  ,6.311245666860e+00  ,6.376453212334e+01  ,-1.232627282117e-02  
  8.362010707900e-03  ,6.403553566098e+00  ,6.376502372278e+01  ,-1.224672199566e-02  
  8.362012123696e-03  ,6.584292711240e+00  ,6.376599634651e+01  ,-1.198653044038e-02  
  8.362014955289e-03  ,6.936690016930e+00  ,6.376794172887e+01  ,-1.147329180231e-02  
  8.362020618476e-03  ,7.600851886227e+00  ,6.377183594395e+01  ,-1.050550272117e-02  
  8.362031944848e-03  ,8.774019833868e+00  ,6.377963683258e+01  ,-8.796449127448e-03  
  8.362043354667e-03  ,9.771507017712e+00  ,6.378750872096e+01  ,-7.343285812789e-03  
  8.362051392354e-03  ,9.973413975460e+00  ,4.110326574439e+01  ,9.862364359421e+00  
  8.362059064962e-03  ,1.000020610610e+01  ,1.073788397937e+01  ,9.862534913557e+00  
  8.362063385553e-03  ,1.018790582054e+01  ,3.401572747377e+00  ,9.863451270832e+00  
  8.362067482628e-03  ,1.046839453991e+01  ,2.663389211676e+00  ,9.864531539013e+00  
  8.362069803484e-03  ,1.062572599634e+01  ,2.745526176424e+00  ,9.865180556696e+00  
  8.362072731934e-03  ,1.081629160598e+01  ,2.801093073824e+00  ,9.866003281635e+00  
  8.362078588836e-03  ,1.117238999106e+01  ,2.810813734609e+00  ,9.867650532111e+00  
  8.362090302638e-03  ,1.179684966679e+01  ,2.800255269459e+00  ,9.870952944412e+00  
  8.362102508180e-03  ,1.234252855287e+01  ,2.804488780573e+00  ,9.874394407722e+00  
  8.362126919262e-03  ,1.317279441511e+01  ,2.806714713192e+00  ,9.881276988549e+00  
  8.362175741426e-03  ,1.416027288099e+01  ,2.809088615226e+00  ,9.895040959247e+00  
  8.362273385755e-03  ,1.497369471398e+01  ,2.816960750441e+00  ,9.922563647422e+00  
  8.362401607267e-03  ,1.499968678355e+01  ,2.827231077549e+00  ,9.958693782638e+00  
  8.362626030676e-03  ,1.500015111240e+01  ,2.845151276430e+00  ,1.002189996053e+01  
  8.362865021459e-03  ,1.500013327380e+01  ,2.864259695896e+00  ,1.008916461253e+01  
  8.363343003027e-03  ,1.500023964577e+01  ,2.902414026777e+00  ,1.022355710199e+01  
  8.364298966162e-03  ,1.500029954011e+01  ,2.978567468434e+00  ,1.049179583254e+01  
  8.366210892431e-03  ,1.500033401497e+01  ,3.130256322036e+00  ,1.102609618749e+01  
  8.370034744970e-03  ,1.499979371884e+01  ,3.431176702627e+00  ,1.208604071342e+01  
  8.372010000020e-03  ,1.500001056968e+01  ,3.585346053108e+00  ,1.262907886035e+01  
  8.372011000018e-03  ,1.442285415783e+01  ,3.585276635905e+00  ,1.262935299900e+01  
  8.372013000126e-03  ,1.321513956465e+01  ,3.585045452600e+00  ,1.262990123096e+01  
  8.372017000343e-03  ,1.067378906134e+01  ,3.584601455847e+00  ,1.263099800678e+01  
  8.372020000020e-03  ,8.648852597150e+00  ,3.584328844431e+00  ,1.263182038374e+01  
  8.372020800063e-03  ,8.545159716353e+00  ,3.584383347164e+00  ,1.263203967920e+01  
  8.372022400076e-03  ,8.340270731740e+00  ,3.584579156006e+00  ,1.263247836989e+01  
  8.372025600100e-03  ,7.945057866904e+00  ,3.585105049139e+00  ,1.263335572089e+01  
  8.372032000149e-03  ,7.209516645472e+00  ,3.586199506870e+00  ,1.263511019177e+01  
  8.372044800246e-03  ,5.933698784840e+00  ,3.589153389715e+00  ,1.263861899423e+01  
  8.372058726871e-03  ,4.792753278738e+00  ,3.599005828870e+00  ,1.264243555912e+01  
  8.372067645216e-03  ,4.356528358303e+00  ,1.397977765785e+01  ,1.264423811123e+01  
  8.372076016689e-03  ,4.341977095391e+00  ,4.351056375736e+01  ,1.264429907916e+01  
  8.372082294548e-03  ,4.134670666532e+00  ,5.281686547355e+01  ,3.887884639007e-02  
  8.372085565725e-03  ,3.936794991237e+00  ,5.284620360247e+01  ,-2.060573994968e-01  
  8.372087135376e-03  ,3.843916484148e+00  ,5.282788131517e+01  ,-4.142070963725e-03  
  8.372090274679e-03  ,3.665288284663e+00  ,5.283105727558e+01  ,1.014059090656e-02  
  8.372096553283e-03  ,3.332134405877e+00  ,5.284083945117e+01  ,5.649179455947e-03  
  8.372109110491e-03  ,2.752981915034e+00  ,5.285968397881e+01  ,4.426850052605e-03  
  8.372134224908e-03  ,1.864032464938e+00  ,5.289720632387e+01  ,3.316656437724e-03  
  8.372175864713e-03  ,9.348982018022e-01  ,5.295927428395e+01  ,1.962786236415e-03  
  8.372222123878e-03  ,3.972024113738e-01  ,5.302801029302e+01  ,1.177299625295e-03  
  8.372268436687e-03  ,1.916349369025e-01  ,5.309662070194e+01  ,8.760037308136e-04  
  8.372330628173e-03  ,5.758905416130e-02  ,5.318848069278e+01  ,6.783346693533e-04  
  8.372396741645e-03  ,2.030488437248e-02  ,5.328579847066e+01  ,6.215334991948e-04  
  8.372528968589e-03  ,1.731473340628e-03  ,5.347943072117e+01  ,5.895299407938e-04  
  8.372669087188e-03  ,-1.046565846813e-03  ,5.368316469424e+01  ,5.802745659801e-04  
  8.372949324386e-03  ,3.095281619826e-04  ,5.408613201436e+01  ,5.718935530576e-04  
  8.373395882385e-03  ,1.567630843267e-03  ,5.471579863684e+01  ,5.573898428566e-04  
  8.374288998382e-03  ,1.676050029218e-03  ,5.592883134836e+01  ,5.256146184429e-04  
  8.376075230377e-03  ,1.354806731486e-03  ,5.816693647094e+01  ,4.632571130914e-04  
  8.379647694366e-03  ,1.145740517068e-03  ,6.187757996769e+01  ,3.474587845320e-04  
  8.382000000020e-03  ,8.847388510016e-04  ,6.375848088065e+01  ,2.763224239161e-04  
  8.382001000018e-03  ,5.775303260598e-01  ,6.375931794943e+01  ,-1.012216607094e-03  
  8.382001884868e-03  ,1.095170769993e+00  ,6.376006238219e+01  ,-2.187978153387e-03  
  8.382003654567e-03  ,2.160216793921e+00  ,6.376154811469e+01  ,-4.505116856353e-03  
  8.382007193965e-03  ,4.412579947336e+00  ,6.376450272035e+01  ,-8.959515628037e-03  
  8.382010000020e-03  ,6.311246037392e+00  ,6.376682967117e+01  ,-1.232617126345e-02  
  8.382010707900e-03  ,6.403553936577e+00  ,6.376732148625e+01  ,-1.224661935753e-02  
  8.382012123696e-03  ,6.584293081621e+00  ,6.376829454149e+01  ,-1.198642769498e-02  
  8.382014955289e-03  ,6.936690387116e+00  ,6.377024078689e+01  ,-1.147318906133e-02  
  8.382020618476e-03  ,7.600852256042e+00  ,6.377413672775e+01  ,-1.050540003605e-02  
  8.382031944848e-03  ,8.774020203009e+00  ,6.378194106677e+01  ,-8.796346499159e-03  
  8.382043354667e-03  ,9.771507386252e+00  ,6.378981642932e+01  ,-7.343183259189e-03  
  8.382051392354e-03  ,9.973422653570e+00  ,4.110626868808e+01  ,9.864110000606e+00  
  8.382059064962e-03  ,1.000021313946e+01  ,1.074081975210e+01  ,9.864280377035e+00  
  8.382063385553e-03  ,1.018787111296e+01  ,3.402234663425e+00  ,9.865196751032e+00  
  8.382067482628e-03  ,1.046835971451e+01  ,2.663861463658e+00  ,9.866276909952e+00  
  8.382069803111e-03  ,1.062566782699e+01  ,2.746014302216e+00  ,9.866925815553e+00  
  8.382072731189e-03  ,1.081621237924e+01  ,2.801589686753e+00  ,9.867748421915e+00  
  8.382078587346e-03  ,1.117227407947e+01  ,2.811311229903e+00  ,9.869395433646e+00  
  8.382090299658e-03  ,1.179825807506e+01  ,2.806281483698e+00  ,9.872694021262e+00  
  8.382110085420e-03  ,1.263372850000e+01  ,2.804913438118e+00  ,9.878272453090e+00  
  8.382149656944e-03  ,1.372617502958e+01  ,2.809049290638e+00  ,9.889428901255e+00  
  8.382228799991e-03  ,1.476756310895e+01  ,2.814015898507e+00  ,9.911738355542e+00  
  8.382346244983e-03  ,1.516338557744e+01  ,2.823210606630e+00  ,9.944835857500e+00  
  8.382518860034e-03  ,1.497819330215e+01  ,2.837102580457e+00  ,9.993461247328e+00  
  8.382675334148e-03  ,1.497093527764e+01  ,2.849610386304e+00  ,1.003751911165e+01  
  8.382988282375e-03  ,1.501191060353e+01  ,2.874591865307e+00  ,1.012557618388e+01  
  8.383614178829e-03  ,1.499232598296e+01  ,2.924533155336e+00  ,1.030145596747e+01  
  8.384711476497e-03  ,1.499816698223e+01  ,3.011856698966e+00  ,1.060904845227e+01  
  8.386906071834e-03  ,1.500018753716e+01  ,3.185694808725e+00  ,1.122136941992e+01  
  8.391295262508e-03  ,1.499992902596e+01  ,3.530142621063e+00  ,1.243463307427e+01  
  8.392010000020e-03  ,1.500001335359e+01  ,3.585826871326e+00  ,1.263077254531e+01  
  8.392011000018e-03  ,1.442322994821e+01  ,3.585757340794e+00  ,1.263104667833e+01  
  8.392013000126e-03  ,1.321550428993e+01  ,3.585526114552e+00  ,1.263159490527e+01  
  8.392017000343e-03  ,1.067413243455e+01  ,3.585082108760e+00  ,1.263269165808e+01  
  8.392020000020e-03  ,8.649180695143e+00  ,3.584809505793e+00  ,1.263351402063e+01  
  8.392020800063e-03  ,8.545483880715e+00  ,3.584864011295e+00  ,1.263373331225e+01  
  8.392022400076e-03  ,8.340587123515e+00  ,3.585059825206e+00  ,1.263417199524e+01  
  8.392025600100e-03  ,7.945359265900e+00  ,3.585585721130e+00  ,1.263504933085e+01  
  8.392032000149e-03  ,7.209790140850e+00  ,3.586680176851e+00  ,1.263680377098e+01  
  8.392044800246e-03  ,5.933923878657e+00  ,3.589633972833e+00  ,1.264031251191e+01  
  8.392058726871e-03  ,4.792935041877e+00  ,3.599483764336e+00  ,1.264412901011e+01  
  8.392067645216e-03  ,4.356551482270e+00  ,1.397221599219e+01  ,1.264593212498e+01  
  8.392076016689e-03  ,4.341980010609e+00  ,4.350165883067e+01  ,1.264599365054e+01  
  8.392082296038e-03  ,4.134766215803e+00  ,5.281867557104e+01  ,3.948678311100e-02  
  8.392085567215e-03  ,3.936888187469e+00  ,5.284809185083e+01  ,-2.062063591520e-01  
  8.392087136494e-03  ,3.844028939480e+00  ,5.282975544445e+01  ,-4.152855866191e-03  
  8.392090275051e-03  ,3.665436952626e+00  ,5.283292975192e+01  ,1.014459061155e-02  
  8.392096552165e-03  ,3.332345222595e+00  ,5.284271195876e+01  ,5.649818847888e-03  
  8.392109106393e-03  ,2.751686614385e+00  ,5.286150721697e+01  ,4.594677163074e-03  
  8.392134214850e-03  ,1.862080196441e+00  ,5.289902039883e+01  ,3.314823690504e-03  
  8.392175371857e-03  ,9.415167985708e-01  ,5.296036658639e+01  ,1.972371350330e-03  
  8.392221362801e-03  ,4.554994214858e-01  ,5.302871398592e+01  ,1.262369360634e-03  
  8.392269457789e-03  ,1.918304024442e-01  ,5.309998526768e+01  ,8.763555442639e-04  
  8.392324359627e-03  ,8.008894411687e-02  ,5.318110489408e+01  ,7.114656569864e-04  
  8.392413051339e-03  ,6.895688733177e-03  ,5.331165338690e+01  ,6.014856349425e-04  
  8.392507846566e-03  ,2.598022315119e-03  ,5.345051586430e+01  ,5.916905853913e-04  
  8.392697437020e-03  ,7.908809739808e-04  ,5.372618666149e+01  ,5.820022142076e-04  
  8.392919047089e-03  ,1.963445336512e-03  ,5.404493669881e+01  ,5.755537178773e-04  
  8.393362267228e-03  ,1.918617927547e-03  ,5.467112081812e+01  ,5.592269726801e-04  
  8.394248707505e-03  ,1.422457085692e-03  ,5.587788703857e+01  ,5.267555761620e-04  
  8.396021588059e-03  ,1.582356246801e-03  ,5.810632779730e+01  ,4.654881697054e-04  
  8.399567349167e-03  ,9.476010269480e-04  ,6.180921185312e+01  ,3.497140193520e-04  
  8.402000000020e-03  ,1.006907806526e-03  ,6.376254897471e+01  ,2.788724773663e-04  
  8.402001000018e-03  ,5.776506651504e-01  ,6.376338592176e+01  ,-1.012164631339e-03  
  8.402001884868e-03  ,1.095289502640e+00  ,6.376413002258e+01  ,-2.187951177192e-03  
  8.402003654567e-03  ,2.160332372633e+00  ,6.376561508596e+01  ,-4.505089056199e-03  
  8.402007193965e-03  ,4.412689460808e+00  ,6.376856835430e+01  ,-8.959495663525e-03  
  8.402010000020e-03  ,6.311350966511e+00  ,6.377089424513e+01  ,-1.232615796755e-02  
  8.402010707900e-03  ,6.403657746228e+00  ,6.377138579224e+01  ,-1.224660618610e-02  
  8.402012123696e-03  ,6.584394699349e+00  ,6.377235831166e+01  ,-1.198641770324e-02  
  8.402014955289e-03  ,6.936787731138e+00  ,6.377430348584e+01  ,-1.147318527470e-02  
  8.402020618476e-03  ,7.600941545419e+00  ,6.377819728390e+01  ,-1.050540793231e-02  
  8.402031944848e-03  ,8.774095264753e+00  ,6.378599733717e+01  ,-8.796375126075e-03  
  8.402043354667e-03  ,9.771570350938e+00  ,6.379386838236e+01  ,-7.343229544557e-03  
  8.402051392354e-03  ,9.973415301785e+00  ,4.110641015085e+01  ,9.862658850757e+00  
  8.402059064962e-03  ,1.000020278754e+01  ,1.074069842785e+01  ,9.862829062792e+00  
  8.402063385553e-03  ,1.018785645220e+01  ,3.401866400153e+00  ,9.863745543463e+00  
  8.402067482628e-03  ,1.046834545136e+01  ,2.663448874721e+00  ,9.864825711456e+00  
  8.402069803111e-03  ,1.062565400247e+01  ,2.745596963180e+00  ,9.865474625977e+00  
  8.402072731189e-03  ,1.081619918298e+01  ,2.801175233308e+00  ,9.866297244923e+00  
  8.402078587346e-03  ,1.117226202970e+01  ,2.810899206324e+00  ,9.867944280772e+00  
  8.402090299658e-03  ,1.179824799672e+01  ,2.805869502616e+00  ,9.871242916622e+00  
  8.402110082440e-03  ,1.263361162033e+01  ,2.804501055161e+00  ,9.876820589729e+00  
  8.402149648003e-03  ,1.372598553623e+01  ,2.808636892665e+00  ,9.887975520627e+00  
  8.402228779129e-03  ,1.476740451053e+01  ,2.813602495318e+00  ,9.910281941355e+00  
  8.402346224121e-03  ,1.516337219558e+01  ,2.822797274239e+00  ,9.943379928805e+00  
  8.402518815331e-03  ,1.497820617182e+01  ,2.836687530952e+00  ,9.991999317276e+00  
  8.402675289444e-03  ,1.497093884961e+01  ,2.849195523461e+00  ,1.003605783089e+01  
  8.402988237671e-03  ,1.501190915049e+01  ,2.874177374271e+00  ,1.012411620084e+01  
  8.403614134125e-03  ,1.499232693165e+01  ,2.924119398615e+00  ,1.029999857649e+01  
  8.404711431794e-03  ,1.499816721460e+01  ,3.011444229737e+00  ,1.060759559430e+01  
  8.406906027131e-03  ,1.500018752168e+01  ,3.185284901665e+00  ,1.121992558589e+01  
  8.411295217804e-03  ,1.499992904210e+01  ,3.529737790344e+00  ,1.243320712044e+01  
  8.412010000020e-03  ,1.500001335638e+01  ,3.585426340593e+00  ,1.262936173746e+01  
  8.412011000018e-03  ,1.442322996626e+01  ,3.585356813558e+00  ,1.262963587448e+01  
  8.412013000126e-03  ,1.321550430745e+01  ,3.585125589650e+00  ,1.263018410944e+01  
  8.412017000343e-03  ,1.067413245094e+01  ,3.584681580823e+00  ,1.263128087826e+01  
  8.412020000020e-03  ,8.649180710631e+00  ,3.584408969240e+00  ,1.263210325283e+01  
  8.412020800063e-03  ,8.545483895930e+00  ,3.584463469335e+00  ,1.263232254765e+01  
  8.412022400076e-03  ,8.340587138194e+00  ,3.584659273088e+00  ,1.263276123705e+01  
  8.412025600100e-03  ,7.945359279574e+00  ,3.585185153041e+00  ,1.263363858548e+01  
  8.412032000149e-03  ,7.209790152476e+00  ,3.586279567276e+00  ,1.263539305125e+01  
  8.412044800246e-03  ,5.933923885143e+00  ,3.589233184684e+00  ,1.263890184347e+01  
  8.412058726871e-03  ,4.792935029904e+00  ,3.599081923598e+00  ,1.264271839758e+01  
  8.412067645216e-03  ,4.356542743805e+00  ,1.397128877348e+01  ,1.264452162274e+01  
  8.412076016689e-03  ,4.341971347824e+00  ,4.350066346671e+01  ,1.264458321997e+01  
  8.412082296038e-03  ,4.134827676950e+00  ,5.282192913666e+01  ,3.984693256221e-02  
  8.412085567215e-03  ,3.936947872402e+00  ,5.285138961372e+01  ,-2.062891911000e-01  
  8.412087136308e-03  ,3.844097908081e+00  ,5.283304450134e+01  ,-4.158832699344e-03  
  8.412090274492e-03  ,3.665523403462e+00  ,5.283621635247e+01  ,1.014646763420e-02  
  8.412096550861e-03  ,3.332461591340e+00  ,5.284599541723e+01  ,5.649946859843e-03  
  8.412109103600e-03  ,2.753440467978e+00  ,5.286483269004e+01  ,4.427134606779e-03  
  8.412134209076e-03  ,1.873226074378e+00  ,5.290232009045e+01  ,3.518058102581e-03  
  8.412173512379e-03  ,9.864629970376e-01  ,5.296092715552e+01  ,2.038511380038e-03  
  8.412218114534e-03  ,4.425161882918e-01  ,5.302721281501e+01  ,1.243320859291e-03  
  8.412263622681e-03  ,1.762585462905e-01  ,5.309465224098e+01  ,8.537261858941e-04  
  8.412332728306e-03  ,5.625798565773e-02  ,5.319672449267e+01  ,6.762693939988e-04  
  8.412413814465e-03  ,4.613849381555e-03  ,5.331601907966e+01  ,5.979762356056e-04  
  8.412510099808e-03  ,-7.861905190185e-03  ,5.345701980157e+01  ,5.762044369738e-04  
  8.412702670494e-03  ,-5.377451764843e-03  ,5.373689951570e+01  ,5.726658048794e-04  
  8.412993350426e-03  ,4.390361293453e-03  ,5.415400464304e+01  ,5.762013491241e-04  
  8.413574710289e-03  ,-2.541924904945e-05  ,5.496872897659e+01  ,5.485664727666e-04  
  8.414477839867e-03  ,1.130065348856e-03  ,5.618230557166e+01  ,5.179084388836e-04  
  8.415733828941e-03  ,1.472129664649e-03  ,5.776347574093e+01  ,4.748694565884e-04  
  8.418245807091e-03  ,1.203138620360e-03  ,6.054878573816e+01  ,3.922040250486e-04  
  8.422000000020e-03  ,8.927800566784e-04  ,6.376272338761e+01  ,2.766613520383e-04  
  8.422001000018e-03  ,5.775381920376e-01  ,6.376356004275e+01  ,-1.013313189337e-03  
  8.422001884961e-03  ,1.095233643878e+00  ,6.376430392935e+01  ,-2.187951016388e-03  
  8.422003654846e-03  ,2.160396040624e+00  ,6.376578885482e+01  ,-4.505622111160e-03  
  8.422007194617e-03  ,4.413017077206e+00  ,6.376874178764e+01  ,-8.960510632610e-03  
  8.422010000020e-03  ,6.312036556251e+00  ,6.377106652366e+01  ,-1.232520835189e-02  
  8.422010707974e-03  ,6.404345662130e+00  ,6.377155799434e+01  ,-1.224566568217e-02  
  8.422012123957e-03  ,6.585091425103e+00  ,6.377253038289e+01  ,-1.198546672145e-02  
  8.422014955923e-03  ,6.937500468880e+00  ,6.377447530045e+01  ,-1.147221080259e-02  
  8.422020619854e-03  ,7.601679335133e+00  ,6.377836858191e+01  ,-1.050439623544e-02  
  8.422031947717e-03  ,8.774858800984e+00  ,6.378616760371e+01  ,-8.795325953373e-03  
  8.422043359026e-03  ,9.772332930385e+00  ,6.379403760497e+01  ,-7.342182322193e-03  
  8.422051398203e-03  ,9.973444311820e+00  ,4.106159607636e+01  ,9.861772726458e+00  
  8.422059073791e-03  ,1.000026366692e+01  ,1.068562949756e+01  ,9.861945378257e+00  
  8.422063389167e-03  ,1.018846967221e+01  ,3.398201614338e+00  ,9.862861639467e+00  
  8.422067477300e-03  ,1.046836066277e+01  ,2.663931129819e+00  ,9.863940899024e+00  
  8.422069798901e-03  ,1.062573810796e+01  ,2.745568534503e+00  ,9.864590110532e+00  
  8.422072731450e-03  ,1.081656149710e+01  ,2.800936312218e+00  ,9.865413979509e+00  
  8.422078596547e-03  ,1.117311420904e+01  ,2.810617710107e+00  ,9.867063550871e+00  
  8.422090326741e-03  ,1.179825862434e+01  ,2.800108298357e+00  ,9.870370605828e+00  
  8.422102571025e-03  ,1.234529337232e+01  ,2.804326695261e+00  ,9.873823012616e+00  
  8.422127059594e-03  ,1.317691574478e+01  ,2.806552895484e+00  ,9.880727479662e+00  
  8.422176036730e-03  ,1.416444743557e+01  ,2.808945489192e+00  ,9.894535215046e+00  
  8.422273991003e-03  ,1.497596357645e+01  ,2.816841119532e+00  ,9.922145396128e+00  
  8.422402260199e-03  ,1.499972300364e+01  ,2.827116072147e+00  ,9.958289118093e+00  
  8.422627351179e-03  ,1.500014216375e+01  ,2.845089932252e+00  ,1.002168350839e+01  
  8.422866675749e-03  ,1.500012563410e+01  ,2.864224952743e+00  ,1.008904222034e+01  
  8.423345324889e-03  ,1.500022136311e+01  ,2.902432586380e+00  ,1.022362244762e+01  
  8.424302623167e-03  ,1.500027519557e+01  ,2.978692196213e+00  ,1.049223512790e+01  
  8.426217219725e-03  ,1.500037603595e+01  ,3.130591238975e+00  ,1.102727599584e+01  
  8.430046412840e-03  ,1.500039750380e+01  ,3.431925763855e+00  ,1.208868013739e+01  
  8.432010000020e-03  ,1.499972509657e+01  ,3.585181414922e+00  ,1.262849865490e+01  
  8.432011000018e-03  ,1.442048227791e+01  ,3.585112723920e+00  ,1.262877279584e+01  
  8.432013000126e-03  ,1.321283752452e+01  ,3.584881809412e+00  ,1.262932102725e+01  
  8.432017000343e-03  ,1.067162179014e+01  ,3.584437904622e+00  ,1.263041781276e+01  
  8.432020000020e-03  ,8.646781739778e+00  ,3.584165288205e+00  ,1.263124019464e+01  
  8.432020800063e-03  ,8.543113687550e+00  ,3.584219815014e+00  ,1.263145949135e+01  
  8.432022400076e-03  ,8.338273762442e+00  ,3.584415666821e+00  ,1.263189818471e+01  
  8.432025600100e-03  ,7.943155529699e+00  ,3.584941656254e+00  ,1.263277554102e+01  
  8.432032000149e-03  ,7.207790432887e+00  ,3.586036424609e+00  ,1.263453002227e+01  
  8.432044800246e-03  ,5.932278089065e+00  ,3.588992137219e+00  ,1.263803884547e+01  
  8.432058725381e-03  ,4.791717137179e+00  ,3.598866016744e+00  ,1.264185502249e+01  
  8.432067643726e-03  ,4.356452678772e+00  ,1.402879528817e+01  ,1.264365368773e+01  
  8.432076013708e-03  ,4.342017002417e+00  ,4.356230915042e+01  ,1.264371137832e+01  
  8.432082286352e-03  ,4.134277821884e+00  ,5.282386858355e+01  ,3.623656412207e-02  
  8.432085556785e-03  ,3.936455317867e+00  ,5.285285968674e+01  ,-2.053194545977e-01  
  8.432087127367e-03  ,3.843531793122e+00  ,5.283460865129e+01  ,-4.093295913442e-03  
  8.432090268532e-03  ,3.664817895423e+00  ,5.283779324697e+01  ,1.012337269818e-02  
  8.432096550861e-03  ,3.331517627508e+00  ,5.284757774012e+01  ,5.647199502021e-03  
  8.432109115520e-03  ,2.750559939574e+00  ,5.286638133223e+01  ,4.592885923546e-03  
  8.432134244839e-03  ,1.860680924554e+00  ,5.290391140335e+01  ,3.312541560984e-03  
  8.432175366083e-03  ,9.413907049461e-01  ,5.296518098727e+01  ,1.971942479913e-03  
  8.432221357027e-03  ,4.554381918972e-01  ,5.303350245929e+01  ,1.262035777269e-03  
  8.432269452015e-03  ,1.918043619881e-01  ,5.310474663691e+01  ,8.760735972444e-04  
  8.432324371735e-03  ,8.005212640270e-02  ,5.318586170373e+01  ,7.111679331209e-04  
  8.432413075367e-03  ,6.880170195600e-03  ,5.331637762219e+01  ,6.012193836516e-04  
  8.432507894436e-03  ,2.594289376714e-03  ,5.345522134174e+01  ,5.914416254111e-04  
  8.432697532574e-03  ,7.926877978462e-04  ,5.373085365855e+01  ,5.817614478397e-04  
  8.432919190327e-03  ,1.962220279488e-03  ,5.404954557378e+01  ,5.753089939667e-04  
  8.433362505833e-03  ,1.917293804096e-03  ,5.467560899799e+01  ,5.589829937261e-04  
  8.434249136845e-03  ,1.422202134085e-03  ,5.588211612800e+01  ,5.265147262976e-04  
  8.436022398869e-03  ,1.581233818930e-03  ,5.810996913918e+01  ,4.652487579218e-04  
  8.439568922916e-03  ,9.471792224361e-04  ,6.181141399917e+01  ,3.494796568123e-04  
  8.442000000020e-03  ,1.005982663682e-03  ,6.376209712381e+01  ,2.787003821197e-04  
  8.442001000018e-03  ,5.776497439739e-01  ,6.376293357605e+01  ,-1.012336166954e-03  
  8.442001884868e-03  ,1.095288585785e+00  ,6.376367723922e+01  ,-2.188123745367e-03  
  8.442003654567e-03  ,2.160331464259e+00  ,6.376516142706e+01  ,-4.505261364948e-03  
  8.442007193965e-03  ,4.412688568746e+00  ,6.376811294434e+01  ,-8.959667909391e-03  
  8.442010000020e-03  ,6.311350087983e+00  ,6.377043744692e+01  ,-1.232633020144e-02  
  8.442010707900e-03  ,6.403656870716e+00  ,6.377092864326e+01  ,-1.224677887413e-02  
  8.442012123696e-03  ,6.584393829740e+00  ,6.377190046101e+01  ,-1.198659041867e-02  
  8.442014955289e-03  ,6.936786873038e+00  ,6.377384423187e+01  ,-1.147335796588e-02  
  8.442020618476e-03  ,7.600940709017e+00  ,6.377773522361e+01  ,-1.050558053338e-02  
  8.442031944848e-03  ,8.774094466699e+00  ,6.378552966547e+01  ,-8.796547614135e-03  
  8.442043354667e-03  ,9.771569585519e+00  ,6.379339505969e+01  ,-7.343401902529e-03  
  8.442051392354e-03  ,9.973401610829e+00  ,4.110487319746e+01  ,9.860160143881e+00  
  8.442059064962e-03  ,1.000018889533e+01  ,1.073907118462e+01  ,9.860330406716e+00  
  8.442063385553e-03  ,1.018785928831e+01  ,3.401121758224e+00  ,9.861246899139e+00  
  8.442067482628e-03  ,1.046834870287e+01  ,2.662750799047e+00  ,9.862327133107e+00  
  8.442069803484e-03  ,1.062568168619e+01  ,2.744885374091e+00  ,9.862976164913e+00  
  8.442072731562e-03  ,1.081622565079e+01  ,2.800460799178e+00  ,9.863798805168e+00  
  8.442078587718e-03  ,1.117228629812e+01  ,2.810188728194e+00  ,9.865445882746e+00  
  8.442090300031e-03  ,1.179826831708e+01  ,2.805160058094e+00  ,9.868744601824e+00  
  8.442110082812e-03  ,1.263362663776e+01  ,2.803791331403e+00  ,9.874322415298e+00  
  8.442149648376e-03  ,1.372599362813e+01  ,2.807927881841e+00  ,9.885477626868e+00  
  8.442228779502e-03  ,1.476740599021e+01  ,2.812893495611e+00  ,9.907784608750e+00  
  8.442346224494e-03  ,1.516337116098e+01  ,2.822088520015e+00  ,9.940883428768e+00  
  8.442518815703e-03  ,1.497820631177e+01  ,2.835979116948e+00  ,9.989504040193e+00  
  8.442675289817e-03  ,1.497093903569e+01  ,2.848487422577e+00  ,1.003356366205e+01  
  8.442988238044e-03  ,1.501190907671e+01  ,2.873469904367e+00  ,1.012162424700e+01  
  8.443614134498e-03  ,1.499232698206e+01  ,2.923413183795e+00  ,1.029751104680e+01  
  8.444711432166e-03  ,1.499816722796e+01  ,3.010740211935e+00  ,1.060511580179e+01  
  8.446906027503e-03  ,1.500018752223e+01  ,3.184585256899e+00  ,1.121746119579e+01  
  8.451295218177e-03  ,1.499992904426e+01  ,3.529046810087e+00  ,1.243077324893e+01  
  8.452010000020e-03  ,1.500001335782e+01  ,3.584736732140e+00  ,1.262693269783e+01  
  8.452011000018e-03  ,1.442322996862e+01  ,3.584667211136e+00  ,1.262720684176e+01  
  8.452013000126e-03  ,1.321550430976e+01  ,3.584435991251e+00  ,1.262775509052e+01  
  8.452017000343e-03  ,1.067413245295e+01  ,3.583991977200e+00  ,1.262885188691e+01  
  8.452020000020e-03  ,8.649180712239e+00  ,3.583719350784e+00  ,1.262967428217e+01  
  8.452020800063e-03  ,8.545483897368e+00  ,3.583773841570e+00  ,1.262989358252e+01  
  8.452022400076e-03  ,8.340587139303e+00  ,3.583969627833e+00  ,1.263033228294e+01  
  8.452025600100e-03  ,7.945359280100e+00  ,3.584495480287e+00  ,1.263120965343e+01  
  8.452032000149e-03  ,7.209790151604e+00  ,3.585589823101e+00  ,1.263296416335e+01  
  8.452044800246e-03  ,5.933923879120e+00  ,3.588543133077e+00  ,1.263647304388e+01  
  8.452058726871e-03  ,4.792934995410e+00  ,3.598390060073e+00  ,1.264028969426e+01  
  8.452067645216e-03  ,4.356527696714e+00  ,1.396969296208e+01  ,1.264209310757e+01  
  8.452076016689e-03  ,4.341956432325e+00  ,4.349895041064e+01  ,1.264215480436e+01  
  8.452082296783e-03  ,4.134786142183e+00  ,5.282150705982e+01  ,3.978929362595e-02  
  8.452085568333e-03  ,3.936886230478e+00  ,5.285096123727e+01  ,-2.062939002149e-01  
  8.452088130215e-03  ,3.786753051330e+00  ,5.283378505519e+01  ,-1.743711075923e-03  
  8.452090905184e-03  ,3.630782372360e+00  ,5.283689769775e+01  ,7.844313562267e-03  
  8.452096455121e-03  ,3.337549908281e+00  ,5.284536317697e+01  ,5.601201022049e-03  
  8.452107554996e-03  ,2.818436391151e+00  ,5.286196728583e+01  ,4.700662136792e-03  
  8.452129754746e-03  ,2.006687342826e+00  ,5.289514658989e+01  ,3.534854592019e-03  
  8.452174154246e-03  ,9.672008020264e-01  ,5.296132243941e+01  ,2.009527154261e-03  
  8.452216729844e-03  ,4.467168092063e-01  ,5.302457731207e+01  ,1.249421022853e-03  
  8.452264485085e-03  ,2.101196846140e-01  ,5.309531946179e+01  ,9.028638548370e-04  
  8.452334484780e-03  ,6.562015574648e-02  ,5.319867504710e+01  ,6.896604086331e-04  
  8.452397963727e-03  ,2.411862404395e-02  ,5.329206983235e+01  ,6.268215014470e-04  
  8.452524921620e-03  ,-3.275309476905e-03  ,5.347793376973e+01  ,5.821568129985e-04  
  8.452684042180e-03  ,-5.038971158206e-03  ,5.370914624769e+01  ,5.736754513717e-04  
  8.453002283299e-03  ,-3.864237054179e-04  ,5.416576472073e+01  ,5.687047453310e-04  
  8.453550359929e-03  ,2.947934285687e-03  ,5.493391915440e+01  ,5.536539624657e-04  
  8.454646513188e-03  ,5.509042616796e-04  ,5.640024865424e+01  ,5.110813262944e-04  
  8.456838819707e-03  ,2.246203449366e-03  ,5.904843884187e+01  ,4.388582414311e-04  
  8.461223432744e-03  ,8.435056845710e-05  ,6.318740323546e+01  ,2.977182763877e-04  
  8.462000000020e-03  ,1.476443816924e-03  ,6.375859373124e+01  ,2.805390746191e-04  
  8.462001000018e-03  ,5.781132096103e-01  ,6.375943048103e+01  ,-1.010975727834e-03  
  8.462001884495e-03  ,1.095525404839e+00  ,6.376017413579e+01  ,-2.187095178946e-03  
  8.462003653449e-03  ,2.160089823627e+00  ,6.376165812301e+01  ,-4.503108387436e-03  
  8.462007191357e-03  ,4.411390477938e+00  ,6.376460928900e+01  ,-8.955763811988e-03  
  8.462010000020e-03  ,6.311752134674e+00  ,6.376693665678e+01  ,-1.232565066657e-02  
  8.462010707602e-03  ,6.404016202219e+00  ,6.376742782553e+01  ,-1.224616296315e-02  
  8.462012122839e-03  ,6.584675781343e+00  ,6.376839961422e+01  ,-1.198608712161e-02  
  8.462014953315e-03  ,6.936921444966e+00  ,6.377034332220e+01  ,-1.147306949160e-02  
  8.462020614266e-03  ,7.600812885426e+00  ,6.377423418834e+01  ,-1.050567516891e-02  
  8.462031936168e-03  ,8.773558645423e+00  ,6.378202836985e+01  ,-8.797236399452e-03  
  8.462043341517e-03  ,9.770755386458e+00  ,6.378989351379e+01  ,-7.344495863180e-03  
  8.462051374733e-03  ,9.973364686276e+00  ,4.116194582216e+01  ,9.861029375731e+00  
  8.462059042871e-03  ,1.000010545036e+01  ,1.081160612025e+01  ,9.861196280978e+00  
  8.462063368678e-03  ,1.018693257492e+01  ,3.406124554243e+00  ,9.862113026692e+00  
  8.462067476928e-03  ,1.046817291054e+01  ,2.661988621026e+00  ,9.863194169602e+00  
  8.462069795549e-03  ,1.062537014217e+01  ,2.744811728413e+00  ,9.863842608274e+00  
  8.462072716921e-03  ,1.081550464391e+01  ,2.800686396792e+00  ,9.864663379302e+00  
  8.462078559667e-03  ,1.117084531415e+01  ,2.810478782899e+00  ,9.866306663479e+00  
  8.462090245157e-03  ,1.179416901384e+01  ,2.799843622566e+00  ,9.869601135260e+00  
  8.462102388113e-03  ,1.233772110657e+01  ,2.804099940404e+00  ,9.873024999875e+00  
  8.462126674026e-03  ,1.316588738103e+01  ,2.806325361040e+00  ,9.879872384574e+00  
  8.462175245851e-03  ,1.415338409668e+01  ,2.808669196310e+00  ,9.893565975526e+00  
  8.462272389501e-03  ,1.496998242847e+01  ,2.816503507957e+00  ,9.920947962731e+00  
  8.462400491804e-03  ,1.499962086552e+01  ,2.826763212827e+00  ,9.957045099817e+00  
  8.462623842329e-03  ,1.500016726613e+01  ,2.844597575284e+00  ,1.001995025327e+01  
  8.462862260908e-03  ,1.500014717188e+01  ,2.863660830773e+00  ,1.008705523072e+01  
  8.463339098066e-03  ,1.500027296761e+01  ,2.901724675784e+00  ,1.022112902168e+01  
  8.464292772382e-03  ,1.500034393993e+01  ,2.977697891183e+00  ,1.048873295337e+01  
  8.466200121015e-03  ,1.500047668439e+01  ,3.129028813000e+00  ,1.102177274562e+01  
  8.470014818281e-03  ,1.499966063229e+01  ,3.429245967115e+00  ,1.207923973408e+01  
  8.472010000020e-03  ,1.500000339143e+01  ,3.584977056922e+00  ,1.262777911451e+01  
  8.472011000018e-03  ,1.442257738774e+01  ,3.584907731472e+00  ,1.262805325684e+01  
  8.472013000126e-03  ,1.321487094405e+01  ,3.584676583046e+00  ,1.262860149619e+01  
  8.472017000343e-03  ,1.067353616659e+01  ,3.584232595019e+00  ,1.262969828675e+01  
  8.472020000020e-03  ,8.648610952589e+00  ,3.583959975082e+00  ,1.263052067479e+01  
  8.472020800063e-03  ,8.544920968917e+00  ,3.584014475986e+00  ,1.263073997319e+01  
  8.472022400076e-03  ,8.340037708822e+00  ,3.584210281031e+00  ,1.263117866979e+01  
  8.472025600100e-03  ,7.944835886171e+00  ,3.584736171422e+00  ,1.263205603260e+01  
  8.472032000149e-03  ,7.209315215760e+00  ,3.585830629147e+00  ,1.263381052708e+01  
  8.472044800246e-03  ,5.933533002829e+00  ,3.588784569305e+00  ,1.263731937675e+01  
  8.472058725381e-03  ,4.792730377940e+00  ,3.598636048617e+00  ,1.264113558471e+01  
  8.472067642236e-03  ,4.356524905240e+00  ,1.397445314912e+01  ,1.264293829214e+01  
  8.472076012218e-03  ,4.341967517531e+00  ,4.349931511444e+01  ,1.264299985061e+01  
  8.472082291568e-03  ,4.134794363802e+00  ,5.281893024176e+01  ,3.966382095327e-02  
  8.472085562745e-03  ,3.936915548372e+00  ,5.284836840072e+01  ,-2.062609712038e-01  
  8.472088124627e-03  ,3.786781287761e+00  ,5.283119600900e+01  ,-1.742166320677e-03  
  8.472090899596e-03  ,3.630809444102e+00  ,5.283430944314e+01  ,7.844165865333e-03  
  8.472096449533e-03  ,3.337574800424e+00  ,5.284277613891e+01  ,5.601319250179e-03  
  8.472107549408e-03  ,2.818457441107e+00  ,5.285938274133e+01  ,4.700795857592e-03  
  8.472129749158e-03  ,2.006702404156e+00  ,5.289256704684e+01  ,3.534977214334e-03  
  8.472174148658e-03  ,9.672081946228e-01  ,5.295875289894e+01  ,2.009639524795e-03  
  8.472216724256e-03  ,4.467203619987e-01  ,5.302201736387e+01  ,1.249527620235e-03  
  8.472264473537e-03  ,2.101431719495e-01  ,5.309276145446e+01  ,9.029995282522e-04  
  8.472334473232e-03  ,6.562754139306e-02  ,5.319613284682e+01  ,6.897723347994e-04  
  8.472397940258e-03  ,2.412664786957e-02  ,5.328952445449e+01  ,6.269345501860e-04  
  8.472524874309e-03  ,-3.271708525206e-03  ,5.347538238687e+01  ,5.822638008839e-04  
  8.472683971027e-03  ,-5.039044874487e-03  ,5.370659673813e+01  ,5.737773399149e-04  
  8.473002164463e-03  ,-3.872215460575e-04  ,5.416322071799e+01  ,5.688060894176e-04  
  8.473550145725e-03  ,2.948770332826e-03  ,5.493137185820e+01  ,5.537590471664e-04  
  8.474646108249e-03  ,5.508260074572e-04  ,5.639771910924e+01  ,5.111877326443e-04  
  8.476838033298e-03  ,2.246869020604e-03  ,5.904604197354e+01  ,4.389707965744e-04  
  8.481221883396e-03  ,8.445901236647e-05  ,6.318564871303e+01  ,2.978389495735e-04  
  8.482000000020e-03  ,1.477322508705e-03  ,6.375819068787e+01  ,2.806133973472e-04  
  8.482001000018e-03  ,5.781140798740e-01  ,6.375902764545e+01  ,-1.010901650773e-03  
  8.482001884402e-03  ,1.095471145039e+00  ,6.375977140566e+01  ,-2.186897654521e-03  
  8.482003653170e-03  ,2.159918958718e+00  ,6.376125560470e+01  ,-4.502673637694e-03  
  8.482007190705e-03  ,4.410961293319e+00  ,6.376420719778e+01  ,-8.954891242275e-03  
  8.482010000020e-03  ,6.311752342545e+00  ,6.376653569104e+01  ,-1.232557736644e-02  
  8.482010707527e-03  ,6.404006798547e+00  ,6.376702695585e+01  ,-1.224610338750e-02  
  8.482012122579e-03  ,6.584643302901e+00  ,6.376799891112e+01  ,-1.198606147592e-02  
  8.482014952682e-03  ,6.936845139744e+00  ,6.376994295202e+01  ,-1.147310769172e-02  
  8.482020612888e-03  ,7.600659101259e+00  ,6.377383448303e+01  ,-1.050582634305e-02  
  8.482031933300e-03  ,8.773286494034e+00  ,6.378162999115e+01  ,-8.797559966255e-03  
  8.482043335668e-03  ,9.770284998326e+00  ,6.378949544615e+01  ,-7.345108301557e-03  
  8.482051367394e-03  ,9.973348131972e+00  ,4.119205728316e+01  ,9.862017349449e+00  
  8.482059034042e-03  ,1.000006946976e+01  ,1.084660710025e+01  ,9.862182726058e+00  
  8.482063363574e-03  ,1.018657545420e+01  ,3.408469345435e+00  ,9.863099556251e+00  
  8.482067477785e-03  ,1.046821401835e+01  ,2.661807451362e+00  ,9.864181419873e+00  
  8.482069795660e-03  ,1.062536346609e+01  ,2.744959990256e+00  ,9.864829656604e+00  
  8.482072714425e-03  ,1.081533384102e+01  ,2.800962617735e+00  ,9.865649694088e+00  
  8.482078551955e-03  ,1.117038506935e+01  ,2.810777735611e+00  ,9.867291490899e+00  
  8.482090227015e-03  ,1.179327208641e+01  ,2.800110416211e+00  ,9.870582987980e+00  
  8.482102346129e-03  ,1.233599139920e+01  ,2.804376688568e+00  ,9.874000096743e+00  
  8.482126584358e-03  ,1.316332130707e+01  ,2.806602095531e+00  ,9.880833970139e+00  
  8.482175060816e-03  ,1.415077985681e+01  ,2.808934183647e+00  ,9.894500543237e+00  
  8.482272013731e-03  ,1.496855497917e+01  ,2.816754057505e+00  ,9.921828517064e+00  
  8.482400092192e-03  ,1.499959729997e+01  ,2.827011283500e+00  ,9.957918616592e+00  
  8.482623013563e-03  ,1.500017292317e+01  ,2.844811038740e+00  ,1.002070238731e+01  
  8.482861265249e-03  ,1.500015214255e+01  ,2.863860884632e+00  ,1.008775989873e+01  
  8.483337768621e-03  ,1.500028492771e+01  ,2.901897830117e+00  ,1.022173894882e+01  
  8.484290775366e-03  ,1.500035989931e+01  ,2.977817466033e+00  ,1.048915416265e+01  
  8.486196788855e-03  ,1.500050006666e+01  ,3.129042093317e+00  ,1.102181956093e+01  
  8.490008815832e-03  ,1.499963883300e+01  ,3.429050104665e+00  ,1.207854980254e+01  
  8.492010000020e-03  ,1.500000223009e+01  ,3.585249483531e+00  ,1.262873869295e+01  
  8.492011000018e-03  ,1.442253094138e+01  ,3.585180170552e+00  ,1.262901283255e+01  
  8.492013000126e-03  ,1.321482586529e+01  ,3.584949026026e+00  ,1.262956106644e+01  
  8.492017000343e-03  ,1.067349372696e+01  ,3.584505041994e+00  ,1.263065784612e+01  
  8.492020000020e-03  ,8.648570401056e+00  ,3.584232427823e+00  ,1.263148022598e+01  
  8.492020800063e-03  ,8.544880903637e+00  ,3.584286932933e+00  ,1.263169952220e+01  
  8.492022400076e-03  ,8.339998604341e+00  ,3.584482745821e+00  ,1.263213821444e+01  
  8.492025600100e-03  ,7.944798634981e+00  ,3.585008649089e+00  ,1.263301556854e+01  
  8.492032000149e-03  ,7.209281413946e+00  ,3.586103141451e+00  ,1.263477004558e+01  
  8.492044800246e-03  ,5.933505185610e+00  ,3.589057240341e+00  ,1.263827886035e+01  
  8.492058725381e-03  ,4.792707929300e+00  ,3.598909919460e+00  ,1.264209503023e+01  
  8.492067643726e-03  ,4.356522962268e+00  ,1.398165778611e+01  ,1.264389745233e+01  
  8.492076013708e-03  ,4.341977765823e+00  ,4.350742613855e+01  ,1.264395850184e+01  
  8.492082292313e-03  ,4.134710187283e+00  ,5.281866366201e+01  ,3.913131501781e-02  
  8.492085563118e-03  ,3.936855476073e+00  ,5.284803155668e+01  ,-2.061044748257e-01  
  8.492087132582e-03  ,3.843986319997e+00  ,5.282970445484e+01  ,-4.146387593924e-03  
  8.492090271512e-03  ,3.665375580279e+00  ,5.283287895107e+01  ,1.014194493551e-02  
  8.492096549371e-03  ,3.332251564281e+00  ,5.284265946604e+01  ,5.649387119524e-03  
  8.492109105090e-03  ,2.753141430457e+00  ,5.286150043961e+01  ,4.426943417218e-03  
  8.492134216526e-03  ,1.872847146643e+00  ,5.289899536737e+01  ,3.517258037794e-03  
  8.492173513869e-03  ,9.863610429218e-01  ,5.295759129917e+01  ,2.038359222879e-03  
  8.492218116024e-03  ,4.424764789851e-01  ,5.302387447266e+01  ,1.243260671317e-03  
  8.492263624171e-03  ,1.762459122135e-01  ,5.309131138325e+01  ,8.537054022539e-04  
  8.492332741717e-03  ,5.624041448966e-02  ,5.319339742558e+01  ,6.762410873727e-04  
  8.492413827876e-03  ,4.609035196378e-03  ,5.331268754658e+01  ,5.979666537959e-04  
  8.492510125140e-03  ,-7.862965079389e-03  ,5.345370044668e+01  ,5.762000447885e-04  
  8.492702719668e-03  ,-5.376227251670e-03  ,5.373360421160e+01  ,5.726641862083e-04  
  8.492993447283e-03  ,4.390308649633e-03  ,5.415076151444e+01  ,5.761966219992e-04  
  8.493574902514e-03  ,-2.563348833308e-05  ,5.496558575831e+01  ,5.485590708876e-04  
  8.494478318194e-03  ,1.130016410697e-03  ,5.617948600846e+01  ,5.178927175399e-04  
  8.495734307269e-03  ,1.472040312644e-03  ,5.776056757928e+01  ,4.748563119270e-04  
  8.498246285418e-03  ,1.203089469645e-03  ,6.054573482053e+01  ,3.921957160134e-04  
  8.502000000020e-03  ,8.927916879872e-04  ,6.375920538336e+01  ,2.766734756789e-04  
  8.502001000018e-03  ,5.775382038381e-01  ,6.376004205551e+01  ,-1.013299290978e-03  
  8.502001884868e-03  ,1.095178531579e+00  ,6.376078587917e+01  ,-2.187814826418e-03  
  8.502003654567e-03  ,2.160224333469e+00  ,6.376227067940e+01  ,-4.505248382290e-03  
  8.502007193965e-03  ,4.412587058775e+00  ,6.376522336529e+01  ,-8.959699092847e-03  
  8.502010000020e-03  ,6.311252825214e+00  ,6.376754879322e+01  ,-1.232635202484e-02  
  8.502010707900e-03  ,6.403560645348e+00  ,6.376804022257e+01  ,-1.224679830477e-02  
  8.502012123696e-03  ,6.584299635590e+00  ,6.376901250532e+01  ,-1.198660886556e-02  
  8.502014955289e-03  ,6.936696639357e+00  ,6.377095721128e+01  ,-1.147337048163e-02  
  8.502020618476e-03  ,7.600857939561e+00  ,6.377485006933e+01  ,-1.050558144682e-02  
  8.502031944848e-03  ,8.774024881961e+00  ,6.378264824408e+01  ,-8.796529342262e-03  
  8.502043354667e-03  ,9.771511211082e+00  ,6.379051739854e+01  ,-7.343367928545e-03  
  8.502051392354e-03  ,9.973407959220e+00  ,4.110558984566e+01  ,9.861491686443e+00  
  8.502059064962e-03  ,1.000019722941e+01  ,1.073997299274e+01  ,9.861662038780e+00  
  8.502063385553e-03  ,1.018785837190e+01  ,3.401521928962e+00  ,9.862578443516e+00  
  8.502067482628e-03  ,1.046834749677e+01  ,2.663122597892e+00  ,9.863658641418e+00  
  8.502069803111e-03  ,1.062565592234e+01  ,2.745264463202e+00  ,9.864307563249e+00  
  8.502072731189e-03  ,1.081620101983e+01  ,2.800842327531e+00  ,9.865130192246e+00  
  8.502078587346e-03  ,1.117226372693e+01  ,2.810567573292e+00  ,9.866777247641e+00  
  8.502090299658e-03  ,1.179824942211e+01  ,2.805538108214e+00  ,9.870075922408e+00  
  8.502110082440e-03  ,1.263361267350e+01  ,2.804169555400e+00  ,9.875653661081e+00  
  8.502149648003e-03  ,1.372598610605e+01  ,2.808305691930e+00  ,9.886808723083e+00  
  8.502228779129e-03  ,1.476740461557e+01  ,2.813271312450e+00  ,9.909115405931e+00  
  8.502346224121e-03  ,1.516337212375e+01  ,2.822466206119e+00  ,9.942213782284e+00  
  8.502518815331e-03  ,1.497820618215e+01  ,2.836356621844e+00  ,9.990833742012e+00  
  8.502675289444e-03  ,1.497093886318e+01  ,2.848864760677e+00  ,1.003489277330e+01  
  8.502988237671e-03  ,1.501190914589e+01  ,2.873846906181e+00  ,1.012295217791e+01  
  8.503614134125e-03  ,1.499232693573e+01  ,2.923789516812e+00  ,1.029883662013e+01  
  8.504711431794e-03  ,1.499816721608e+01  ,3.011115374182e+00  ,1.060643725207e+01  
  8.506906027131e-03  ,1.500018752227e+01  ,3.184958088808e+00  ,1.121877443832e+01  
  8.511295217804e-03  ,1.499992904279e+01  ,3.529415024788e+00  ,1.243207022849e+01  
  8.512010000020e-03  ,1.500001335703e+01  ,3.585104229368e+00  ,1.262822715025e+01  
  8.512011000018e-03  ,1.442322996693e+01  ,3.585034705150e+00  ,1.262850129049e+01  
  8.512013000126e-03  ,1.321550430811e+01  ,3.584803483121e+00  ,1.262904953190e+01  
  8.512017000343e-03  ,1.067413245149e+01  ,3.584359471854e+00  ,1.263014631360e+01  
  8.512020000020e-03  ,8.649180711010e+00  ,3.584086853342e+00  ,1.263096869783e+01  
  8.512020800063e-03  ,8.545483896235e+00  ,3.584141349089e+00  ,1.263118799524e+01  
  8.512022400076e-03  ,8.340587138354e+00  ,3.584337144673e+00  ,1.263162668979e+01  
  8.512025600100e-03  ,7.945359279478e+00  ,3.584863011782e+00  ,1.263250404852e+01  
  8.512032000149e-03  ,7.209790151759e+00  ,3.585957392656e+00  ,1.263425853491e+01  
  8.512044800246e-03  ,5.933923882075e+00  ,3.588910866464e+00  ,1.263776736838e+01  
  8.512058726871e-03  ,4.792935013586e+00  ,3.598758759039e+00  ,1.264158396746e+01  
  8.512067645216e-03  ,4.356535715519e+00  ,1.397054339809e+01  ,1.264338727975e+01  
  8.512076016689e-03  ,4.341964380989e+00  ,4.349986332663e+01  ,1.264344891352e+01  
  8.512082296038e-03  ,4.134785810902e+00  ,5.281918739923e+01  ,3.966559635470e-02  
  8.512085567215e-03  ,3.936907404635e+00  ,5.284862523015e+01  ,-2.062532599579e-01  
  8.512087136308e-03  ,3.844058444728e+00  ,5.283028326909e+01  ,-4.156689311397e-03  
  8.512090274492e-03  ,3.665485758246e+00  ,5.283345487522e+01  ,1.014577907648e-02  
  8.512096550861e-03  ,3.332427338181e+00  ,5.284323281457e+01  ,5.649817400688e-03  
  8.512109103600e-03  ,2.753412133777e+00  ,5.286206793470e+01  ,4.427072204286e-03  
  8.512134209076e-03  ,1.873206738437e+00  ,5.289955105201e+01  ,3.517951006108e-03  
  8.512173518339e-03  ,9.863465545829e-01  ,5.295816028338e+01  ,2.038291425868e-03  
  8.512218120495e-03  ,4.424534744556e-01  ,5.302443832826e+01  ,1.243179515969e-03  
  8.512263628641e-03  ,1.762280985577e-01  ,5.309187000665e+01  ,8.536319926865e-04  
  8.512332734266e-03  ,5.624833793688e-02  ,5.319393053332e+01  ,6.762057763861e-04  
  8.512413820425e-03  ,4.613153030820e-03  ,5.331321142062e+01  ,5.979259739674e-04  
  8.512510117689e-03  ,-7.861733010433e-03  ,5.345421336599e+01  ,5.761553654418e-04  
  8.512702712217e-03  ,-5.376705007484e-03  ,5.373409525886e+01  ,5.726174222763e-04  
  8.512993439833e-03  ,4.390301301509e-03  ,5.415121964280e+01  ,5.761511428832e-04  
  8.513574895063e-03  ,-2.584911364213e-05  ,5.496597842318e+01  ,5.485144599752e-04  
  8.514478215376e-03  ,1.129870431028e-03  ,5.617965329033e+01  ,5.178533480137e-04  
  8.515734204451e-03  ,1.471926551861e-03  ,5.776060684751e+01  ,4.748190774435e-04  
  8.518246182600e-03  ,1.202968466500e-03  ,6.054552797341e+01  ,3.921621211652e-04  
  8.522000000020e-03  ,8.926829045639e-04  ,6.375873242829e+01  ,2.766417373089e-04  
  8.522001000018e-03  ,5.775380949602e-01  ,6.375956900712e+01  ,-1.013331055810e-03  
  8.522001884868e-03  ,1.095178422625e+00  ,6.376031274819e+01  ,-2.187846355611e-03  
  8.522003654567e-03  ,2.160224224367e+00  ,6.376179738330e+01  ,-4.505279969537e-03  
  8.522007193965e-03  ,4.412586949386e+00  ,6.376474973893e+01  ,-8.959730698689e-03  
  8.522010000020e-03  ,6.311252716812e+00  ,6.376707490504e+01  ,-1.232638363784e-02  
  8.522010707900e-03  ,6.403560536907e+00  ,6.376756626824e+01  ,-1.224683015700e-02  
  8.522012123696e-03  ,6.584299527070e+00  ,6.376853841863e+01  ,-1.198664074194e-02  
  8.522014955289e-03  ,6.936696530684e+00  ,6.377048285989e+01  ,-1.147340235687e-02  
  8.522020618476e-03  ,7.600857830601e+00  ,6.377437518863e+01  ,-1.050561330742e-02  
  8.522031944848e-03  ,8.774024772499e+00  ,6.378217230505e+01  ,-8.796561188811e-03  
  8.522043354667e-03  ,9.771511101200e+00  ,6.379004039382e+01  ,-7.343399755994e-03  
  8.522051392354e-03  ,9.973405327630e+00  ,4.110490356378e+01  ,9.860980197511e+00  
  8.522059064962e-03  ,1.000019490011e+01  ,1.073929328689e+01  ,9.861150587613e+00  
  8.522063385553e-03  ,1.018786525748e+01  ,3.401342200510e+00  ,9.862066989976e+00  
  8.522067482628e-03  ,1.046835443416e+01  ,2.662982674815e+00  ,9.863147213548e+00  
  8.522069803484e-03  ,1.062568725293e+01  ,2.745120446550e+00  ,9.863796240438e+00  
  8.522072731562e-03  ,1.081623096571e+01  ,2.800694897921e+00  ,9.864618873644e+00  
  8.522078587718e-03  ,1.117229114842e+01  ,2.810421628102e+00  ,9.866265937573e+00  
  8.522090300031e-03  ,1.179827237275e+01  ,2.805392888229e+00  ,9.869564629369e+00  
  8.522110082812e-03  ,1.263362963601e+01  ,2.804024291255e+00  ,9.875142396772e+00  
  8.522149648376e-03  ,1.372599524005e+01  ,2.808160587349e+00  ,9.886297516219e+00  
  8.522228779502e-03  ,1.476740628390e+01  ,2.813126211492e+00  ,9.908604313913e+00  
  8.522346224494e-03  ,1.516337095348e+01  ,2.822321156309e+00  ,9.941702860657e+00  
  8.522518815703e-03  ,1.497820633903e+01  ,2.836211641208e+00  ,9.990323070668e+00  
  8.522675289817e-03  ,1.497093907215e+01  ,2.848719844098e+00  ,1.003438232877e+01  
  8.522988238044e-03  ,1.501190906122e+01  ,2.873702118841e+00  ,1.012244218668e+01  
  8.523614134498e-03  ,1.499232699140e+01  ,2.923644986281e+00  ,1.029832753433e+01  
  8.524711432166e-03  ,1.499816722990e+01  ,3.010971293298e+00  ,1.060592974973e+01  
  8.526906027503e-03  ,1.500018752160e+01  ,3.184814902893e+00  ,1.121827008816e+01  
  8.531295218177e-03  ,1.499992904397e+01  ,3.529273612109e+00  ,1.243157212411e+01  
  8.532010000020e-03  ,1.500001335739e+01  ,3.584963074375e+00  ,1.262772995352e+01  
  8.532011000018e-03  ,1.442322996840e+01  ,3.584893551391e+00  ,1.262800409517e+01  
  8.532013000126e-03  ,1.321550430954e+01  ,3.584662330186e+00  ,1.262855233940e+01  
  8.532017000343e-03  ,1.067413245280e+01  ,3.584218317849e+00  ,1.262964912675e+01  
  8.532020000020e-03  ,8.649180712199e+00  ,3.583945696301e+00  ,1.263047151521e+01  
  8.532020800063e-03  ,8.545483897378e+00  ,3.584000190143e+00  ,1.263069081375e+01  
  8.532022400076e-03  ,8.340587139410e+00  ,3.584195982147e+00  ,1.263112951055e+01  
  8.532025600100e-03  ,7.945359280376e+00  ,3.584721843627e+00  ,1.263200687380e+01  
  8.532032000149e-03  ,7.209790152297e+00  ,3.585816209882e+00  ,1.263376136923e+01  
  8.532044800246e-03  ,5.933923881432e+00  ,3.588769620761e+00  ,1.263727022077e+01  
  8.532058726871e-03  ,4.792935007002e+00  ,3.598617142448e+00  ,1.264108683956e+01  
  8.532067645216e-03  ,4.356532635570e+00  ,1.397021673007e+01  ,1.264289019027e+01  
  8.532076016689e-03  ,4.341961327913e+00  ,4.349951265542e+01  ,1.264295184322e+01  
  8.532082296038e-03  ,4.134781158539e+00  ,5.281878968695e+01  ,3.965677745720e-02  
  8.532085567215e-03  ,3.936902941014e+00  ,5.284822632244e+01  ,-2.062528961672e-01  
  8.532087136308e-03  ,3.844054084070e+00  ,5.282988424243e+01  ,-4.156702487757e-03  
  8.532090274492e-03  ,3.665481594514e+00  ,5.283305556293e+01  ,1.014574681776e-02  
  8.532096550861e-03  ,3.332423542444e+00  ,5.284283292758e+01  ,5.649779142800e-03  
  8.532109103600e-03  ,2.753408978721e+00  ,5.286166689296e+01  ,4.427033854898e-03  
  8.532134209076e-03  ,1.873204557341e+00  ,5.289914770168e+01  ,3.517915139683e-03  
  8.532173518339e-03  ,9.863453548601e-01  ,5.295775332210e+01  ,2.038256561568e-03  
  8.532218120495e-03  ,4.424528766524e-01  ,5.302402727491e+01  ,1.243145605477e-03  
  8.532263628641e-03  ,1.762277954581e-01  ,5.309145478376e+01  ,8.535985979628e-04  
  8.532332734266e-03  ,5.624816780673e-02  ,5.319350898981e+01  ,6.761727050779e-04  
  8.532413820425e-03  ,4.613040291760e-03  ,5.331278247757e+01  ,5.978931390544e-04  
  8.532510105768e-03  ,-7.860538135362e-03  ,5.345375824883e+01  ,5.761250607647e-04  
  8.532702676455e-03  ,-5.376518391445e-03  ,5.373358839700e+01  ,5.725868877773e-04  
  8.532993356386e-03  ,4.389590320628e-03  ,5.415061955442e+01  ,5.761215633696e-04  
  8.533574716249e-03  ,-2.542078300733e-05  ,5.496519903529e+01  ,5.484909739509e-04  
  8.534477941195e-03  ,1.129852573783e-03  ,5.617868362866e+01  ,5.178339723760e-04  
  8.535733930269e-03  ,1.471848128697e-03  ,5.775955989452e+01  ,4.748012209986e-04  
  8.538245908419e-03  ,1.202913181785e-03  ,6.054434234532e+01  ,3.921472266218e-04  
  8.542000000020e-03  ,8.926077711027e-04  ,6.375757357017e+01  ,2.766226364695e-04  
  8.542001000018e-03  ,5.775380199015e-01  ,6.375841008927e+01  ,-1.013349861827e-03  
  8.542001884868e-03  ,1.095178347645e+00  ,6.375915377746e+01  ,-2.187864672417e-03  
  8.542003654567e-03  ,2.160224149544e+00  ,6.376063830692e+01  ,-4.505298409242e-03  
  8.542007193965e-03  ,4.412586874867e+00  ,6.376359045127e+01  ,-8.959749180113e-03  
  8.542010000020e-03  ,6.311252641318e+00  ,6.376591544987e+01  ,-1.232640213056e-02  
  8.542010707900e-03  ,6.403560461453e+00  ,6.376640677077e+01  ,-1.224684914106e-02  
  8.542012123696e-03  ,6.584299451693e+00  ,6.376737883646e+01  ,-1.198665977825e-02  
  8.542014955289e-03  ,6.936696455457e+00  ,6.376932310831e+01  ,-1.147342139218e-02  
  8.542020618476e-03  ,7.600857755659e+00  ,6.377321509832e+01  ,-1.050563232411e-02  
  8.542031944848e-03  ,8.774024698065e+00  ,6.378101153767e+01  ,-8.796580186594e-03  
  8.542043354667e-03  ,9.771511027207e+00  ,6.378887894489e+01  ,-7.343418730913e-03  
  8.542051392354e-03  ,9.973403531737e+00  ,4.110359306805e+01  ,9.860564136578e+00  
  8.542059064962e-03  ,1.000019404778e+01  ,1.073803903770e+01  ,9.860734612924e+00  
  8.542063385553e-03  ,1.018788361824e+01  ,3.401140760955e+00  ,9.861651003564e+00  
  8.542067482628e-03  ,1.046837276983e+01  ,2.662874875181e+00  ,9.862731272653e+00  
  8.542069803484e-03  ,1.062570491711e+01  ,2.745006919789e+00  ,9.863380301744e+00  
  8.542072731934e-03  ,1.081627148841e+01  ,2.800578698999e+00  ,9.864203042443e+00  
  8.542078588836e-03  ,1.117237161697e+01  ,2.810302726366e+00  ,9.865850322813e+00  
  8.542090302638e-03  ,1.179683428513e+01  ,2.799743516014e+00  ,9.869152795018e+00  
  8.542102506689e-03  ,1.234245456204e+01  ,2.803977395882e+00  ,9.872593900595e+00  
  8.542126914791e-03  ,1.317265801081e+01  ,2.806203420892e+00  ,9.879475765974e+00  
  8.542175730996e-03  ,1.416012220056e+01  ,2.808576807045e+00  ,9.893238306010e+00  
  8.542273363404e-03  ,1.497360736548e+01  ,2.816448194765e+00  ,9.920758134102e+00  
  8.542401584916e-03  ,1.499968556254e+01  ,2.826718680043e+00  ,9.956888926423e+00  
  8.542625984482e-03  ,1.500015141254e+01  ,2.844637290602e+00  ,1.002008954114e+01  
  8.542864975266e-03  ,1.500013353350e+01  ,2.863746062797e+00  ,1.008735542109e+01  
  8.543342956833e-03  ,1.500024026550e+01  ,2.901901090132e+00  ,1.022175036396e+01  
  8.544298919968e-03  ,1.500030036524e+01  ,2.978055921971e+00  ,1.048999399135e+01  
  8.546210846238e-03  ,1.500041287976e+01  ,3.129747126107e+00  ,1.102430278966e+01  
  8.550034698777e-03  ,1.499972011378e+01  ,3.430673097531e+00  ,1.208426667959e+01  
  8.552010000020e-03  ,1.500000656119e+01  ,3.584848815805e+00  ,1.262732741160e+01  
  8.552011000018e-03  ,1.442270405989e+01  ,3.584779451041e+00  ,1.262760155521e+01  
  8.552013000126e-03  ,1.321499388634e+01  ,3.584548288419e+00  ,1.262814979716e+01  
  8.552017000343e-03  ,1.067365191141e+01  ,3.584104294169e+00  ,1.262924659283e+01  
  8.552020000020e-03  ,8.648721548289e+00  ,3.583831671721e+00  ,1.263006898471e+01  
  8.552020800063e-03  ,8.545030238598e+00  ,3.583886169454e+00  ,1.263028828415e+01  
  8.552022400076e-03  ,8.340144358385e+00  ,3.584081968704e+00  ,1.263072698279e+01  
  8.552025600100e-03  ,7.944937481734e+00  ,3.584607848499e+00  ,1.263160434970e+01  
  8.552032000149e-03  ,7.209407405004e+00  ,3.585702275447e+00  ,1.263335885241e+01  
  8.552044800246e-03  ,5.933608874743e+00  ,3.588656056876e+00  ,1.263686771851e+01  
  8.552058726871e-03  ,4.792680663269e+00  ,3.598508751682e+00  ,1.264068435264e+01  
  8.552067645216e-03  ,4.356512463580e+00  ,1.398209177203e+01  ,1.264248676384e+01  
  8.552076016689e-03  ,4.341969330548e+00  ,4.351336249483e+01  ,1.264254756204e+01  
  8.552082294548e-03  ,4.134636553607e+00  ,5.281820757367e+01  ,3.875569578100e-02  
  8.552085565725e-03  ,3.936762061078e+00  ,5.284752840188e+01  ,-2.060219193623e-01  
  8.552087135376e-03  ,3.843884377205e+00  ,5.282920888283e+01  ,-4.140040863806e-03  
  8.552090274679e-03  ,3.665257647199e+00  ,5.283238394435e+01  ,1.013972005491e-02  
  8.552096553283e-03  ,3.332106505006e+00  ,5.284216366508e+01  ,5.648946252014e-03  
  8.552109110491e-03  ,2.752958786356e+00  ,5.286100339080e+01  ,4.426698033527e-03  
  8.552134224908e-03  ,1.864016661529e+00  ,5.289851615330e+01  ,3.316478791853e-03  
  8.552175864713e-03  ,9.348900548019e-01  ,5.296056822724e+01  ,1.962619726866e-03  
  8.552222123878e-03  ,3.971986953086e-01  ,5.302928659906e+01  ,1.177139960062e-03  
  8.552268442647e-03  ,1.916133360215e-01  ,5.309788817868e+01  ,8.758181209204e-04  
  8.552330646055e-03  ,5.756107028490e-02  ,5.318974203689e+01  ,6.781397688598e-04  
  8.552396759527e-03  ,2.029528505848e-02  ,5.328703457560e+01  ,6.213658720098e-04  
  8.552528986471e-03  ,1.731028641109e-03  ,5.348061642389e+01  ,5.893766133893e-04  
  8.552669128912e-03  ,-1.046041034437e-03  ,5.368433162456e+01  ,5.801227723131e-04  
  8.552949413793e-03  ,3.097349701442e-04  ,5.408726020430e+01  ,5.717415298574e-04  
  8.553396067159e-03  ,1.567282839022e-03  ,5.471688878956e+01  ,5.572366557006e-04  
  8.554289373891e-03  ,1.675489077049e-03  ,5.592982926224e+01  ,5.254603783315e-04  
  8.556075987356e-03  ,1.354376360699e-03  ,5.816768533783e+01  ,4.631015514598e-04  
  8.559649214284e-03  ,1.145139240779e-03  ,6.187757838547e+01  ,3.473000322873e-04  
  8.562000000020e-03  ,8.843704136357e-04  ,6.375638528719e+01  ,2.762228882905e-04  
  8.562001000018e-03  ,5.775299587557e-01  ,6.375722205507e+01  ,-1.012316617732e-03  
  8.562001884868e-03  ,1.095170402775e+00  ,6.375796622166e+01  ,-2.188079168452e-03  
  8.562003654567e-03  ,2.160216426866e+00  ,6.375945142159e+01  ,-4.505217647032e-03  
  8.562007193965e-03  ,4.412579580594e+00  ,6.376240496217e+01  ,-8.959616413972e-03  
  8.562010000020e-03  ,6.311245670886e+00  ,6.376473106861e+01  ,-1.232627207669e-02  
  8.562010707900e-03  ,6.403553570123e+00  ,6.376522267038e+01  ,-1.224672117067e-02  
  8.562012123696e-03  ,6.584292715265e+00  ,6.376619529878e+01  ,-1.198652960681e-02  
  8.562014955289e-03  ,6.936690020952e+00  ,6.376814069049e+01  ,-1.147329096880e-02  
  8.562020618476e-03  ,7.600851890243e+00  ,6.377203492425e+01  ,-1.050550188987e-02  
  8.562031944848e-03  ,8.774019837875e+00  ,6.377983585021e+01  ,-8.796448298563e-03  
  8.562043354667e-03  ,9.771507021709e+00  ,6.378770777612e+01  ,-7.343284986711e-03  
  8.562051392354e-03  ,9.973414092131e+00  ,4.110347543896e+01  ,9.862401303428e+00  
  8.562059064962e-03  ,1.000020605244e+01  ,1.073808236567e+01  ,9.862571843018e+00  
  8.562063385553e-03  ,1.018790260711e+01  ,3.401597488536e+00  ,9.863488202550e+00  
  8.562067482628e-03  ,1.046839133704e+01  ,2.663398036900e+00  ,9.864568463631e+00  
  8.562069803484e-03  ,1.062572290912e+01  ,2.745535819759e+00  ,9.865217481148e+00  
  8.562072731934e-03  ,1.081628865920e+01  ,2.801103485434e+00  ,9.866040205817e+00  
  8.562078588836e-03  ,1.117238729544e+01  ,2.810824301622e+00  ,9.867687455644e+00  
  8.562090302638e-03  ,1.179684740971e+01  ,2.800265708130e+00  ,9.870989866712e+00  
  8.562102508180e-03  ,1.234252668062e+01  ,2.804499263320e+00  ,9.874431328742e+00  
  8.562126919262e-03  ,1.317279312783e+01  ,2.806725202375e+00  ,9.881313907010e+00  
  8.562175741426e-03  ,1.416027228927e+01  ,2.809099091263e+00  ,9.895077872590e+00  
  8.562273385755e-03  ,1.497369469537e+01  ,2.816971227231e+00  ,9.922600550533e+00  
  8.562401607267e-03  ,1.499968678327e+01  ,2.827241550703e+00  ,9.958730672317e+00  
  8.562626030676e-03  ,1.500015111245e+01  ,2.845161742711e+00  ,1.002193682672e+01  
  8.562865021459e-03  ,1.500013327384e+01  ,2.864270155177e+00  ,1.008920145370e+01  
  8.563343003027e-03  ,1.500023964588e+01  ,2.902424471874e+00  ,1.022359389321e+01  
  8.564298966162e-03  ,1.500029954026e+01  ,2.978577885220e+00  ,1.049183252404e+01  
  8.566210892431e-03  ,1.500041167256e+01  ,3.130266263867e+00  ,1.102613136981e+01  
  8.570034744970e-03  ,1.499972123852e+01  ,3.431186628737e+00  ,1.208607551587e+01  
  8.572010000020e-03  ,1.500000662132e+01  ,3.585355880243e+00  ,1.262911346816e+01  
  8.572011000018e-03  ,1.442270636329e+01  ,3.585286510326e+00  ,1.262938760670e+01  
  8.572013000126e-03  ,1.321499612191e+01  ,3.585055344477e+00  ,1.262993583850e+01  
  8.572017000343e-03  ,1.067365401622e+01  ,3.584611353974e+00  ,1.263103261389e+01  
  8.572020000020e-03  ,8.648723559688e+00  ,3.584338742439e+00  ,1.263185499056e+01  
  8.572020800063e-03  ,8.545032225992e+00  ,3.584393246992e+00  ,1.263207428594e+01  
  8.572022400076e-03  ,8.340146298341e+00  ,3.584589059057e+00  ,1.263251297647e+01  
  8.572025600100e-03  ,7.944939330152e+00  ,3.585114958976e+00  ,1.263339032716e+01  
  8.572032000149e-03  ,7.209409083280e+00  ,3.586209438135e+00  ,1.263514479740e+01  
  8.572044800246e-03  ,5.933610259888e+00  ,3.589163443835e+00  ,1.263865359858e+01  
  8.572058726871e-03  ,4.792681803448e+00  ,3.599017447867e+00  ,1.264247016192e+01  
  8.572067645216e-03  ,4.356523605497e+00  ,1.398321198551e+01  ,1.264427243880e+01  
  8.572076016689e-03  ,4.341980249955e+00  ,4.351456001523e+01  ,1.264433316258e+01  
  8.572082293803e-03  ,4.134658860450e+00  ,5.281728180801e+01  ,3.873363584434e-02  
  8.572085564608e-03  ,3.936805127961e+00  ,5.284659897841e+01  ,-2.060020871091e-01  
  8.572087134073e-03  ,3.843937304693e+00  ,5.282828184455e+01  ,-4.139869636945e-03  
  8.572090273002e-03  ,3.665328827320e+00  ,5.283145753890e+01  ,1.013998046661e-02  
  8.572096550861e-03  ,3.332209036321e+00  ,5.284123852812e+01  ,5.649272512070e-03  
  8.572109106580e-03  ,2.753106318990e+00  ,5.286008080643e+01  ,4.427041501965e-03  
  8.572134218017e-03  ,1.872823310030e+00  ,5.289757840612e+01  ,3.517172670267e-03  
  8.572173515359e-03  ,9.863485597600e-01  ,5.295617847892e+01  ,2.038389492978e-03  
  8.572218117515e-03  ,4.424709616238e-01  ,5.302246636579e+01  ,1.243301451974e-03  
  8.572263625661e-03  ,1.762438045914e-01  ,5.308990808742e+01  ,8.537510043207e-04  
  8.572332731286e-03  ,5.625342446323e-02  ,5.319198386338e+01  ,6.763090413679e-04  
  8.572413829366e-03  ,4.608273138195e-03  ,5.331130014012e+01  ,5.980139404969e-04  
  8.572510114709e-03  ,-7.862734671900e-03  ,5.345230582016e+01  ,5.762490473404e-04  
  8.572702685395e-03  ,-5.376332603040e-03  ,5.373219568572e+01  ,5.727132367383e-04  
  8.572993365327e-03  ,4.390031011228e-03  ,5.414931672489e+01  ,5.762466505108e-04  
  8.573574725190e-03  ,-2.509696401611e-05  ,5.496407497431e+01  ,5.486126976369e-04  
  8.574478045503e-03  ,1.130195723006e-03  ,5.617795920273e+01  ,5.179475794080e-04  
  8.575733843842e-03  ,1.472199123048e-03  ,5.775897113851e+01  ,4.749154857548e-04  
  8.578245440522e-03  ,1.203310327708e-03  ,6.054411391089e+01  ,3.922629048440e-04  
  8.582000000020e-03  ,8.929033606201e-04  ,6.375882595780e+01  ,2.767086078145e-04  
  8.582001000018e-03  ,5.775383156323e-01  ,6.375966273191e+01  ,-1.013263678848e-03  
  8.582001884868e-03  ,1.095178643512e+00  ,6.376040664572e+01  ,-2.187778137742e-03  
  8.582003654567e-03  ,2.160224445680e+00  ,6.376189162649e+01  ,-4.505211951408e-03  
  8.582007193965e-03  ,4.412587171519e+00  ,6.376484467343e+01  ,-8.959662714022e-03  
  8.582010000020e-03  ,6.311252938361e+00  ,6.376717038762e+01  ,-1.232631564867e-02  
  8.582010707900e-03  ,6.403560758596e+00  ,6.376766188930e+01  ,-1.224676201988e-02  
  8.582012123696e-03  ,6.584299749035e+00  ,6.376863431671e+01  ,-1.198657259407e-02  
  8.582014955289e-03  ,6.936696753185e+00  ,6.377057931199e+01  ,-1.147333421111e-02  
  8.582020618476e-03  ,7.600858054112e+00  ,6.377447274863e+01  ,-1.050554518240e-02  
  8.582031944848e-03  ,8.774024997785e+00  ,6.378227208041e+01  ,-8.796493082936e-03  
  8.582043354667e-03  ,9.771511327985e+00  ,6.379014240018e+01  ,-7.343331679625e-03  
  8.582051392354e-03  ,9.973410718665e+00  ,4.110542773692e+01  ,9.861957872817e+00  
  8.582059064962e-03  ,1.000020044368e+01  ,1.073985817172e+01  ,9.862128248866e+00  
  8.582063385553e-03  ,1.018786545576e+01  ,3.401627904169e+00  ,9.863044645535e+00  
  8.582067482628e-03  ,1.046835446292e+01  ,2.663256429044e+00  ,9.864124845812e+00  
  8.582069803111e-03  ,1.062566266235e+01  ,2.745399304930e+00  ,9.864773764660e+00  
  8.582072731189e-03  ,1.081620745248e+01  ,2.800975583873e+00  ,9.865596389555e+00  
  8.582078587346e-03  ,1.117226960369e+01  ,2.810699874420e+00  ,9.867243437223e+00  
  8.582090299658e-03  ,1.179825433849e+01  ,2.805670441645e+00  ,9.870542096519e+00  
  8.582110082440e-03  ,1.263361630800e+01  ,2.804302008428e+00  ,9.876119809003e+00  
  8.582149648003e-03  ,1.372598806122e+01  ,2.808437961826e+00  ,9.887274818633e+00  
  8.582228779129e-03  ,1.476740497225e+01  ,2.813403607481e+00  ,9.909581396775e+00  
  8.582346224121e-03  ,1.516337187261e+01  ,2.822598456707e+00  ,9.942679617775e+00  
  8.582518815331e-03  ,1.497820621546e+01  ,2.836488808531e+00  ,9.991299349305e+00  
  8.582675289444e-03  ,1.497093890765e+01  ,2.848996889028e+00  ,1.003535817380e+01  
  8.582988237671e-03  ,1.501190912741e+01  ,2.873978916845e+00  ,1.012341716510e+01  
  8.583614134125e-03  ,1.499232694734e+01  ,2.923921293258e+00  ,1.029930078179e+01  
  8.584711431794e-03  ,1.499816721873e+01  ,3.011246740682e+00  ,1.060689997002e+01  
  8.586906027131e-03  ,1.500018752181e+01  ,3.185088639322e+00  ,1.121923428225e+01  
  8.591295217804e-03  ,1.499992904273e+01  ,3.529543958544e+00  ,1.243252437779e+01  
  8.592010000020e-03  ,1.500001335679e+01  ,3.585232901741e+00  ,1.262868037888e+01  
  8.592011000018e-03  ,1.442322996694e+01  ,3.585163376398e+00  ,1.262895451784e+01  
  8.592013000126e-03  ,1.321550430812e+01  ,3.584932153618e+00  ,1.262950275667e+01  
  8.592017000343e-03  ,1.067413245153e+01  ,3.584488143326e+00  ,1.263059953322e+01  
  8.592020000020e-03  ,8.649180711105e+00  ,3.584215527582e+00  ,1.263142191359e+01  
  8.592020800063e-03  ,8.545483896356e+00  ,3.584270025066e+00  ,1.263164120997e+01  
  8.592022400076e-03  ,8.340587138527e+00  ,3.584465823913e+00  ,1.263207990246e+01  
  8.592025600100e-03  ,7.945359279743e+00  ,3.584991696152e+00  ,1.263295725707e+01  
  8.592032000149e-03  ,7.209790152250e+00  ,3.586086090353e+00  ,1.263471173523e+01  
  8.592044800246e-03  ,5.933923883469e+00  ,3.589039621524e+00  ,1.263822055222e+01  
  8.592058726871e-03  ,4.792935020241e+00  ,3.598887852177e+00  ,1.264203713334e+01  
  8.592067645216e-03  ,4.356538523111e+00  ,1.397084114481e+01  ,1.264384041041e+01  
  8.592076016689e-03  ,4.341967163991e+00  ,4.350018294694e+01  ,1.264390202413e+01  
  8.592082296038e-03  ,4.134778867802e+00  ,5.281889344092e+01  ,3.961593755751e-02  
  8.592085567215e-03  ,3.936900635774e+00  ,5.284832523282e+01  ,-2.062410292708e-01  
  8.592087136308e-03  ,3.844051857394e+00  ,5.282998460519e+01  ,-4.155899412438e-03  
  8.592090274492e-03  ,3.665479481272e+00  ,5.283315661727e+01  ,1.014558839647e-02  
  8.592096550861e-03  ,3.332421639215e+00  ,5.284293514709e+01  ,5.649837187821e-03  
  8.592109103600e-03  ,2.753407445904e+00  ,5.286177149252e+01  ,4.427116149702e-03  
  8.592134209076e-03  ,1.873203587727e+00  ,5.289925706683e+01  ,3.517974663639e-03  
  8.592173518339e-03  ,9.863449525531e-01  ,5.295787013885e+01  ,2.038328420865e-03  
  8.592218120495e-03  ,4.424528221765e-01  ,5.302415254019e+01  ,1.243217859237e-03  
  8.592263628641e-03  ,1.762279111186e-01  ,5.309158866063e+01  ,8.536709199153e-04  
  8.592332734266e-03  ,5.624835989387e-02  ,5.319365592693e+01  ,6.762448793922e-04  
  8.592413820425e-03  ,4.613265004482e-03  ,5.331294471319e+01  ,5.979650555439e-04  
  8.592510117689e-03  ,-7.861599439925e-03  ,5.345395602647e+01  ,5.761942993781e-04  
  8.592702712217e-03  ,-5.376576160146e-03  ,5.373385661254e+01  ,5.726559944341e-04  
  8.592993439833e-03  ,4.390412499364e-03  ,5.415100910503e+01  ,5.761891665762e-04  
  8.593574895063e-03  ,-2.573143840096e-05  ,5.496582369105e+01  ,5.485514708228e-04  
  8.594478215376e-03  ,1.129984042478e-03  ,5.617958409281e+01  ,5.178888319388e-04  
  8.595734204451e-03  ,1.472036475807e-03  ,5.776065403961e+01  ,4.748525986078e-04  
  8.598246182600e-03  ,1.203071883024e-03  ,6.054579810238e+01  ,3.921922054997e-04  
  8.602000000020e-03  ,8.927747877321e-04  ,6.375930738994e+01  ,2.766673124141e-04  
  8.602001000018e-03  ,5.775381868388e-01  ,6.376014404505e+01  ,-1.013305584854e-03  
  8.602001884868e-03  ,1.095178514499e+00  ,6.376088785359e+01  ,-2.187820938355e-03  
  8.602003654567e-03  ,2.160224316230e+00  ,6.376237262362e+01  ,-4.505254536525e-03  
  8.602007193965e-03  ,4.412587041231e+00  ,6.376532524911e+01  ,-8.959705253004e-03  
  8.602010000020e-03  ,6.311252808642e+00  ,6.376765062916e+01  ,-1.232635818534e-02  
  8.602010707900e-03  ,6.403560628734e+00  ,6.376814204640e+01  ,-1.224680443425e-02  
  8.602012123696e-03  ,6.584299618894e+00  ,6.376911430495e+01  ,-1.198661499173e-02  
  8.602014955289e-03  ,6.936696622501e+00  ,6.377105896251e+01  ,-1.147337660773e-02  
  8.602020618476e-03  ,7.600857922405e+00  ,6.377495172378e+01  ,-1.050558757238e-02  
  8.602031944848e-03  ,8.774024864273e+00  ,6.378274970496e+01  ,-8.796535467831e-03  
  8.602043354667e-03  ,9.771511192943e+00  ,6.379061866446e+01  ,-7.343374053402e-03  
  8.602051392354e-03  ,9.973407502683e+00  ,4.110565611593e+01  ,9.861417693699e+00  
  8.602059064962e-03  ,1.000019666305e+01  ,1.074002901221e+01  ,9.861588039277e+00  
  8.602063385553e-03  ,1.018785655993e+01  ,3.401508085332e+00  ,9.862504445822e+00  
  8.602067482628e-03  ,1.046834570710e+01  ,2.663101032032e+00  ,9.863584642020e+00  
  8.602069803111e-03  ,1.062565419289e+01  ,2.745242871350e+00  ,9.864233564337e+00  
  8.602072731189e-03  ,1.081619936918e+01  ,2.800821150118e+00  ,9.865056193995e+00  
  8.602078587346e-03  ,1.117226221828e+01  ,2.810546589587e+00  ,9.866703250610e+00  
  8.602090299658e-03  ,1.179824815980e+01  ,2.805517107651e+00  ,9.870001927827e+00  
  8.602110082440e-03  ,1.263361174034e+01  ,2.804148528626e+00  ,9.875579670656e+00  
  8.602149648003e-03  ,1.372598560396e+01  ,2.808284700202e+00  ,9.886734740971e+00  
  8.602228779129e-03  ,1.476740452393e+01  ,2.813250313716e+00  ,9.909041440439e+00  
  8.602346224121e-03  ,1.516337218820e+01  ,2.822445214311e+00  ,9.942139841450e+00  
  8.602518815331e-03  ,1.497820617357e+01  ,2.836335640215e+00  ,9.990759837399e+00  
  8.602675289444e-03  ,1.497093885174e+01  ,2.848843788296e+00  ,1.003481890151e+01  
  8.602988237671e-03  ,1.501190915061e+01  ,2.873825952477e+00  ,1.012287837172e+01  
  8.603614134125e-03  ,1.499232693272e+01  ,2.923768600286e+00  ,1.029876294498e+01  
  8.604711431794e-03  ,1.499816721538e+01  ,3.011094522725e+00  ,1.060636380608e+01  
  8.606906027131e-03  ,1.500018752237e+01  ,3.184937366870e+00  ,1.121870144852e+01  
  8.611295217804e-03  ,1.499992904278e+01  ,3.529394559474e+00  ,1.243199814258e+01  
  8.612010000020e-03  ,1.500001335706e+01  ,3.585083805543e+00  ,1.262815521047e+01  
  8.612011000018e-03  ,1.442322996691e+01  ,3.585014281504e+00  ,1.262842935092e+01  
  8.612013000126e-03  ,1.321550430809e+01  ,3.584783059594e+00  ,1.262897759273e+01  
  8.612017000343e-03  ,1.067413245146e+01  ,3.584339048172e+00  ,1.263007437525e+01  
  8.612020000020e-03  ,8.649180710974e+00  ,3.584066429221e+00  ,1.263089676009e+01  
  8.612020800063e-03  ,8.545483896194e+00  ,3.584120924692e+00  ,1.263111605766e+01  
  8.612022400076e-03  ,8.340587138305e+00  ,3.584316719758e+00  ,1.263155475254e+01  
  8.612025600100e-03  ,7.945359279416e+00  ,3.584842586052e+00  ,1.263243211192e+01  
  8.612032000149e-03  ,7.209790151663e+00  ,3.585936964811e+00  ,1.263418659962e+01  
  8.612044800246e-03  ,5.933923881838e+00  ,3.588890429515e+00  ,1.263769543571e+01  
  8.612058726871e-03  ,4.792935012518e+00  ,3.598738268427e+00  ,1.264151203764e+01  
  8.612067645216e-03  ,4.356535269874e+00  ,1.397049613793e+01  ,1.264331535553e+01  
  8.612076016689e-03  ,4.341963939248e+00  ,4.349981259463e+01  ,1.264337699262e+01  
  8.612082296038e-03  ,4.134787489480e+00  ,5.281926789873e+01  ,3.967645280280e-02  
  8.612085567215e-03  ,3.936909037706e+00  ,5.284870705568e+01  ,-2.062558488812e-01  
  8.612087136308e-03  ,3.844060034790e+00  ,5.283036481983e+01  ,-4.156854788634e-03  
  8.612090274492e-03  ,3.665487273794e+00  ,5.283353635402e+01  ,1.014582068774e-02  
  8.612096550861e-03  ,3.332428714896e+00  ,5.284331419621e+01  ,5.649815037665e-03  
  8.612109103600e-03  ,2.753413267779e+00  ,5.286214911295e+01  ,4.427064765714e-03  
  8.612134209076e-03  ,1.873207503443e+00  ,5.289963182209e+01  ,3.517947716918e-03  
  8.612173518339e-03  ,9.863469478256e-01  ,5.295824041555e+01  ,2.038285285055e-03  
  8.612218120495e-03  ,4.424536397048e-01  ,5.302451773665e+01  ,1.243173046792e-03  
  8.612263628641e-03  ,1.762281522142e-01  ,5.309194867691e+01  ,8.536253764385e-04  
  8.612332734266e-03  ,5.624834131427e-02  ,5.319400808342e+01  ,6.761991080163e-04  
  8.612413820425e-03  ,4.613134783098e-03  ,5.331328765745e+01  ,5.979192990205e-04  
  8.612510117689e-03  ,-7.861756462645e-03  ,5.345428804481e+01  ,5.761487121068e-04  
  8.612702712217e-03  ,-5.376727366779e-03  ,5.373416682691e+01  ,5.726108283622e-04  
  8.612993439833e-03  ,4.390283116319e-03  ,5.415128652877e+01  ,5.761446401982e-04  
  8.613574895063e-03  ,-2.586898204476e-05  ,5.496603599731e+01  ,5.485081212945e-04  
  8.614478215376e-03  ,1.129851330676e-03  ,5.617969654949e+01  ,5.178472578035e-04  
  8.615734204451e-03  ,1.471908032847e-03  ,5.776063054249e+01  ,4.748133058486e-04  
  8.618246182600e-03  ,1.202950853248e-03  ,6.054551390005e+01  ,3.921569049560e-04  
  8.622000000020e-03  ,8.926695276090e-04  ,6.375866599267e+01  ,2.766372478892e-04  
  8.622001000018e-03  ,5.775380815847e-01  ,6.375950255828e+01  ,-1.013335541516e-03  
  8.622001884868e-03  ,1.095178409251e+00  ,6.376024628765e+01  ,-2.187850831967e-03  
  8.622003654567e-03  ,2.160224210995e+00  ,6.376173089936e+01  ,-4.505284448496e-03  
  8.622007193965e-03  ,4.412586936021e+00  ,6.376468320820e+01  ,-8.959735179163e-03  
  8.622010000020e-03  ,6.311252702248e+00  ,6.376700833721e+01  ,-1.232638811696e-02  
  8.622010707900e-03  ,6.403560522329e+00  ,6.376749969104e+01  ,-1.224683466990e-02  
  8.622012123696e-03  ,6.584299512464e+00  ,6.376847182268e+01  ,-1.198664525820e-02  
  8.622014955289e-03  ,6.936696516024e+00  ,6.377041622644e+01  ,-1.147340687294e-02  
  8.622020618476e-03  ,7.600857815840e+00  ,6.377430848017e+01  ,-1.050561782156e-02  
  8.622031944848e-03  ,8.774024757559e+00  ,6.378210544665e+01  ,-8.796565701149e-03  
  8.622043354667e-03  ,9.771511086109e+00  ,6.378997338442e+01  ,-7.343404265713e-03  
  8.622051392354e-03  ,9.973404954862e+00  ,4.110480688897e+01  ,9.860907786357e+00  
  8.622059064962e-03  ,1.000019456968e+01  ,1.073919750957e+01  ,9.861078181769e+00  
  8.622063385553e-03  ,1.018786622410e+01  ,3.401316791655e+00  ,9.861994583801e+00  
  8.622067482628e-03  ,1.046835540816e+01  ,2.662962862151e+00  ,9.863074810993e+00  
  8.622069803484e-03  ,1.062568818893e+01  ,2.745100072820e+00  ,9.863723838307e+00  
  8.622072731562e-03  ,1.081623185923e+01  ,2.800674281027e+00  ,9.864546472120e+00  
  8.622078587718e-03  ,1.117229196665e+01  ,2.810401033037e+00  ,9.866193537269e+00  
  8.622090300031e-03  ,1.179827305786e+01  ,2.805372323412e+00  ,9.869492231488e+00  
  8.622110082812e-03  ,1.263363014244e+01  ,2.804003729585e+00  ,9.875070002960e+00  
  8.622149648376e-03  ,1.372599551281e+01  ,2.808140036154e+00  ,9.886225130540e+00  
  8.622228779502e-03  ,1.476740633378e+01  ,2.813105665457e+00  ,9.908531944496e+00  
  8.622346224494e-03  ,1.516337091858e+01  ,2.822300617564e+00  ,9.941630515366e+00  
  8.622518815703e-03  ,1.497820634374e+01  ,2.836191112282e+00  ,9.990250760817e+00  
  8.622675289817e-03  ,1.497093907842e+01  ,2.848699324264e+00  ,1.003431005103e+01  
  8.622988238044e-03  ,1.501190905872e+01  ,2.873681617294e+00  ,1.012236997313e+01  
  8.623614134498e-03  ,1.499232699310e+01  ,2.923624521103e+00  ,1.029825544899e+01  
  8.624711432166e-03  ,1.499816723034e+01  ,3.010950891787e+00  ,1.060585788860e+01  
  8.626906027503e-03  ,1.500018752162e+01  ,3.184794628107e+00  ,1.121819867337e+01  
  8.631295218177e-03  ,1.499992904403e+01  ,3.529253588409e+00  ,1.243150159371e+01  
  8.632010000020e-03  ,1.500001335743e+01  ,3.584943091268e+00  ,1.262765956610e+01  
  8.632011000018e-03  ,1.442322996847e+01  ,3.584873568460e+00  ,1.262793370796e+01  
  8.632013000126e-03  ,1.321550430961e+01  ,3.584642347370e+00  ,1.262848195259e+01  
  8.632017000343e-03  ,1.067413245286e+01  ,3.584198334882e+00  ,1.262957874073e+01  
  8.632020000020e-03  ,8.649180712249e+00  ,3.583925712905e+00  ,1.263040112979e+01  
  8.632020800063e-03  ,8.545483897424e+00  ,3.583980206477e+00  ,1.263062042849e+01  
  8.632022400076e-03  ,8.340587139446e+00  ,3.584175997974e+00  ,1.263105912562e+01  
  8.632025600100e-03  ,7.945359280394e+00  ,3.584701858657e+00  ,1.263193648950e+01  
  8.632032000149e-03  ,7.209790152275e+00  ,3.585796222842e+00  ,1.263369098621e+01  
  8.632044800246e-03  ,5.933923881260e+00  ,3.588749624813e+00  ,1.263719984031e+01  
  8.632058726871e-03  ,4.792935006004e+00  ,3.598597093995e+00  ,1.264101646189e+01  
  8.632067645216e-03  ,4.356532199538e+00  ,1.397017048707e+01  ,1.264281981804e+01  
  8.632076016689e-03  ,4.341960895693e+00  ,4.349946301478e+01  ,1.264288147370e+01  
  8.632082296038e-03  ,4.134780507029e+00  ,5.281873380455e+01  ,3.965556570606e-02  
  8.632085567215e-03  ,3.936902316004e+00  ,5.284817027535e+01  ,-2.062528526537e-01  
  8.632087136308e-03  ,3.844053473460e+00  ,5.282982817772e+01  ,-4.156704847727e-03  
  8.632090274492e-03  ,3.665481011471e+00  ,5.283299945769e+01  ,1.014574239070e-02  
  8.632096550861e-03  ,3.332423010916e+00  ,5.284277674093e+01  ,5.649773736221e-03  
  8.632109103600e-03  ,2.753408536879e+00  ,5.286161054274e+01  ,4.427028420019e-03  
  8.632134209076e-03  ,1.873204251837e+00  ,5.289909102440e+01  ,3.517910067833e-03  
  8.632173518339e-03  ,9.863451867327e-01  ,5.295769613328e+01  ,2.038251622517e-03  
  8.632218120495e-03  ,4.424527927842e-01  ,5.302396950637e+01  ,1.243140800000e-03  
  8.632263628641e-03  ,1.762277528438e-01  ,5.309139642454e+01  ,8.535938648255e-04  
  8.632332734266e-03  ,5.624814380630e-02  ,5.319344973515e+01  ,6.761680174557e-04  
  8.632413820425e-03  ,4.613024325512e-03  ,5.331272217464e+01  ,5.978884847891e-04  
  8.632510105768e-03  ,-7.860552125692e-03  ,5.345369670448e+01  ,5.761204348216e-04  
  8.632702676455e-03  ,-5.376532677911e-03  ,5.373352438082e+01  ,5.725823120041e-04  
  8.632993356386e-03  ,4.389574656775e-03  ,5.415055183509e+01  ,5.761170602420e-04  
  8.633574716249e-03  ,-2.543548754592e-05  ,5.496512401242e+01  ,5.484866183941e-04  
  8.634477941195e-03  ,1.129838131281e-03  ,5.617859753833e+01  ,5.178298354422e-04  
  8.635733930269e-03  ,1.471834270791e-03  ,5.775945899882e+01  ,4.747973677787e-04  
  8.638245908419e-03  ,1.202900715975e-03  ,6.054421397418e+01  ,3.921438775742e-04  
  8.642000000020e-03  ,8.925975204511e-04  ,6.375740978755e+01  ,2.766199543165e-04  
  8.642001000018e-03  ,5.775380096518e-01  ,6.375824629815e+01  ,-1.013352488788e-03  
  8.642001884868e-03  ,1.095178337396e+00  ,6.375898997883e+01  ,-2.187867294163e-03  
  8.642003654567e-03  ,2.160224139297e+00  ,6.376047449328e+01  ,-4.505301033268e-03  
  8.642007193965e-03  ,4.412586864623e+00  ,6.376342660760e+01  ,-8.959751807484e-03  
  8.642010000020e-03  ,6.311252631077e+00  ,6.376575158239e+01  ,-1.232640476002e-02  
  8.642010707900e-03  ,6.403560451213e+00  ,6.376624289728e+01  ,-1.224685184009e-02  
  8.642012123696e-03  ,6.584299441454e+00  ,6.376721495093e+01  ,-1.198666248459e-02  
  8.642014955289e-03  ,6.936696445219e+00  ,6.376915919871e+01  ,-1.147342409838e-02  
  8.642020618476e-03  ,7.600857745424e+00  ,6.377305114058e+01  ,-1.050563502783e-02  
  8.642031944848e-03  ,8.774024687836e+00  ,6.378084748370e+01  ,-8.796582887671e-03  
  8.642043354667e-03  ,9.771511016985e+00  ,6.378871479405e+01  ,-7.343421428843e-03  
  8.642051392354e-03  ,9.973403276627e+00  ,4.110340773562e+01  ,9.860505099304e+00  
  8.642059064962e-03  ,1.000019392598e+01  ,1.073786164439e+01  ,9.860675587840e+00  
  8.642063385553e-03  ,1.018788621302e+01  ,3.401112222685e+00  ,9.861591976823e+00  
  8.642067482628e-03  ,1.046837536110e+01  ,2.662859573917e+00  ,9.862672252353e+00  
  8.642069803484e-03  ,1.062570741348e+01  ,2.744990807949e+00  ,9.863321281756e+00  
  8.642072731934e-03  ,1.081627387125e+01  ,2.800561961051e+00  ,9.864144022923e+00  
  8.642078588836e-03  ,1.117237379713e+01  ,2.810285895592e+00  ,9.865791304306e+00  
  8.642090302638e-03  ,1.179683611066e+01  ,2.799726790839e+00  ,9.869093778479e+00  
  8.642102506689e-03  ,1.234245607638e+01  ,2.803960636946e+00  ,9.872534886101e+00  
  8.642126914791e-03  ,1.317265905210e+01  ,2.806186660252e+00  ,9.879416755571e+00  
  8.642175730996e-03  ,1.416012267926e+01  ,2.808560058084e+00  ,9.893179303786e+00  
  8.642273363404e-03  ,1.497360738061e+01  ,2.816431448578e+00  ,9.920699148231e+00  
  8.642401584916e-03  ,1.499968556278e+01  ,2.826701939878e+00  ,9.956829962020e+00  
  8.642625984482e-03  ,1.500015141252e+01  ,2.844620561210e+00  ,1.002003061429e+01  
  8.642864975266e-03  ,1.500013353349e+01  ,2.863729344698e+00  ,1.008729653421e+01  
  8.643342956833e-03  ,1.500024026543e+01  ,2.901884394705e+00  ,1.022169155693e+01  
  8.644298919968e-03  ,1.500030036513e+01  ,2.978039271796e+00  ,1.048993534371e+01  
  8.646210846238e-03  ,1.500041287959e+01  ,3.129730566068e+00  ,1.102424445950e+01  
  8.650034698777e-03  ,1.499972011400e+01  ,3.430656716302e+00  ,1.208420897924e+01  
  8.652010000020e-03  ,1.500000656123e+01  ,3.584832526187e+00  ,1.262727003393e+01  
  8.652011000018e-03  ,1.442270406031e+01  ,3.584763161565e+00  ,1.262754417770e+01  
  8.652013000126e-03  ,1.321499388675e+01  ,3.584531999037e+00  ,1.262809241998e+01  
  8.652017000343e-03  ,1.067365191178e+01  ,3.584088004664e+00  ,1.262918921630e+01  
  8.652020000020e-03  ,8.648721548641e+00  ,3.583815381866e+00  ,1.263001160867e+01  
  8.652020800063e-03  ,8.545030238943e+00  ,3.583869879379e+00  ,1.263023090823e+01  
  8.652022400076e-03  ,8.340144358714e+00  ,3.584065678215e+00  ,1.263066960714e+01  
  8.652025600100e-03  ,7.944937482036e+00  ,3.584591557361e+00  ,1.263154697457e+01  
  8.652032000149e-03  ,7.209407405246e+00  ,3.585685982621e+00  ,1.263330147832e+01  
  8.652044800246e-03  ,5.933608874816e+00  ,3.588639756786e+00  ,1.263681034651e+01  
  8.652058726871e-03  ,4.792680662628e+00  ,3.598492408758e+00  ,1.264062698291e+01  
  8.652067645216e-03  ,4.356512108134e+00  ,1.398205406652e+01  ,1.264242939852e+01  
  8.652076016689e-03  ,4.341968978263e+00  ,4.351332202330e+01  ,1.264249019859e+01  
  8.652082294548e-03  ,4.134634509929e+00  ,5.281807322904e+01  ,3.874690260892e-02  
  8.652085565725e-03  ,3.936760085830e+00  ,5.284739295856e+01  ,-2.060201839908e-01  
  8.652087135376e-03  ,3.843882450958e+00  ,5.282907359090e+01  ,-4.139937513419e-03  
  8.652090274678e-03  ,3.665255809707e+00  ,5.283224863907e+01  ,1.013968666655e-02  
  8.652096553283e-03  ,3.332104833100e+00  ,5.284202830243e+01  ,5.648939803477e-03  
  8.652109110491e-03  ,2.752957403368e+00  ,5.286086791811e+01  ,4.426694819718e-03  
  8.652134224908e-03  ,1.864015722022e+00  ,5.289838046147e+01  ,3.316474839424e-03  
  8.652175864713e-03  ,9.348895788268e-01  ,5.296043217252e+01  ,1.962616446921e-03  
  8.652222123878e-03  ,3.971984875935e-01  ,5.302915014214e+01  ,1.177137080763e-03  
  8.652268442647e-03  ,1.916132308895e-01  ,5.309775132004e+01  ,8.758154000102e-04  
  8.652330646055e-03  ,5.756103205852e-02  ,5.318960464033e+01  ,6.781371575465e-04  
  8.652396759527e-03  ,2.029526545613e-02  ,5.328689660924e+01  ,6.213633007458e-04  
  8.652528986471e-03  ,1.731018366713e-03  ,5.348047732397e+01  ,5.893740814351e-04  
  8.652669128912e-03  ,-1.046049852400e-03  ,5.368419133203e+01  ,5.801202696170e-04  
  8.652949413793e-03  ,3.097256184041e-04  ,5.408711755375e+01  ,5.717390799664e-04  
  8.653396067159e-03  ,1.567273088394e-03  ,5.471674245674e+01  ,5.572342889271e-04  
  8.654289373891e-03  ,1.675479733622e-03  ,5.592967584478e+01  ,5.254581723357e-04  
  8.656075987356e-03  ,1.354368113633e-03  ,5.816751888585e+01  ,4.630996485214e-04  
  8.659649214284e-03  ,1.145133001212e-03  ,6.187739047545e+01  ,3.472986644293e-04  
  8.662000000020e-03  ,8.843655734178e-04  ,6.375618663472e+01  ,2.762218327880e-04  
  8.662001000018e-03  ,5.775299539164e-01  ,6.375702339861e+01  ,-1.012317600602e-03  
  8.662001884868e-03  ,1.095170397937e+00  ,6.375776756168e+01  ,-2.188080145741e-03  
  8.662003654567e-03  ,2.160216422029e+00  ,6.375925275455e+01  ,-4.505218627199e-03  
  8.662007193965e-03  ,4.412579575760e+00  ,6.376220628103e+01  ,-8.959617398129e-03  
  8.662010000020e-03  ,6.311245666054e+00  ,6.376453237630e+01  ,-1.232627306348e-02  
  8.662010707900e-03  ,6.403553565292e+00  ,6.376502397524e+01  ,-1.224672223826e-02  
  8.662012123696e-03  ,6.584292710434e+00  ,6.376599659798e+01  ,-1.198653068300e-02  
  8.662014955289e-03  ,6.936690016123e+00  ,6.376794197839e+01  ,-1.147329204497e-02  
  8.662020618476e-03  ,7.600851885417e+00  ,6.377183618953e+01  ,-1.050550296372e-02  
  8.662031944848e-03  ,8.774019833055e+00  ,6.377963707031e+01  ,-8.796449369930e-03  
  8.662043354667e-03  ,9.771507016895e+00  ,6.378750895078e+01  ,-7.343286055150e-03  
  8.662051392354e-03  ,9.973413956422e+00  ,4.110326448851e+01  ,9.862360954130e+00  
  8.662059064962e-03  ,1.000020608600e+01  ,1.073788254317e+01  ,9.862531508274e+00  
  8.662063385553e-03  ,1.018790581018e+01  ,3.401571794093e+00  ,9.863447865576e+00  
  8.662067482628e-03  ,1.046839453019e+01  ,2.663388253613e+00  ,9.864528133820e+00  
  8.662069803484e-03  ,1.062572598682e+01  ,2.745525202892e+00  ,9.865177151524e+00  
  8.662072731934e-03  ,1.081629159689e+01  ,2.801092102075e+00  ,9.865999876491e+00  
  8.662078588836e-03  ,1.117238998280e+01  ,2.810812767301e+00  ,9.867647127024e+00  
  8.662090302638e-03  ,1.179684965988e+01  ,2.800254301976e+00  ,9.870949539439e+00  
  8.662102508180e-03  ,1.234252854714e+01  ,2.804487813452e+00  ,9.874391002866e+00  
  8.662126919262e-03  ,1.317279441118e+01  ,2.806713746514e+00  ,9.881273583930e+00  
  8.662175741426e-03  ,1.416027287919e+01  ,2.809087648634e+00  ,9.895037555100e+00  
  8.662273385755e-03  ,1.497369471393e+01  ,2.816959784259e+00  ,9.922560244219e+00  
  8.662401607267e-03  ,1.499968678355e+01  ,2.827230111729e+00  ,9.958690380673e+00  
  8.662626030676e-03  ,1.500015111240e+01  ,2.845150311217e+00  ,1.002189656074e+01  
  8.662865021459e-03  ,1.500013327381e+01  ,2.864258731341e+00  ,1.008916121503e+01  
  8.663343003027e-03  ,1.500023964577e+01  ,2.902413063531e+00  ,1.022355370911e+01  
  8.664298966162e-03  ,1.500029954011e+01  ,2.978566507798e+00  ,1.049179244885e+01  
  8.666210892431e-03  ,1.500041167233e+01  ,3.130254948038e+00  ,1.102609151156e+01  
  8.670034744970e-03  ,1.499972123878e+01  ,3.431175435091e+00  ,1.208603608798e+01  
  8.672010000020e-03  ,1.500000662136e+01  ,3.585344749196e+00  ,1.262907426076e+01  
  8.672011000018e-03  ,1.442270636378e+01  ,3.585275379376e+00  ,1.262934839941e+01  
  8.672013000126e-03  ,1.321499612239e+01  ,3.585044213592e+00  ,1.262989663143e+01  
  8.672017000343e-03  ,1.067365401667e+01  ,3.584600223004e+00  ,1.263099340727e+01  
  8.672020000020e-03  ,8.648723560114e+00  ,3.584327611230e+00  ,1.263181578428e+01  
  8.672020800063e-03  ,8.545032226410e+00  ,3.584382115633e+00  ,1.263203507974e+01  
  8.672022400076e-03  ,8.340146298744e+00  ,3.584577927415e+00  ,1.263247377045e+01  
  8.672025600100e-03  ,7.944939330527e+00  ,3.585103826890e+00  ,1.263335112150e+01  
  8.672032000149e-03  ,7.209409083599e+00  ,3.586198304895e+00  ,1.263510559245e+01  
  8.672044800246e-03  ,5.933610260065e+00  ,3.589152305632e+00  ,1.263861439505e+01  
  8.672058726871e-03  ,4.792681803112e+00  ,3.599006280391e+00  ,1.264243095995e+01  
  8.672067645216e-03  ,4.356523362632e+00  ,1.398318621633e+01  ,1.264423323982e+01  
  8.672076016689e-03  ,4.341980009238e+00  ,4.351453235524e+01  ,1.264429396460e+01  
  8.672082293803e-03  ,4.134656267167e+00  ,5.281711975631e+01  ,3.872145063536e-02  
  8.672085564608e-03  ,3.936802618474e+00  ,5.284643541278e+01  ,-2.059995561553e-01  
  8.672087134073e-03  ,3.843934858163e+00  ,5.282811851354e+01  ,-4.139715696214e-03  
  8.672090273002e-03  ,3.665326493865e+00  ,5.283129421436e+01  ,1.013993408283e-02  
  8.672096550861e-03  ,3.332206913773e+00  ,5.284107517150e+01  ,5.649266490218e-03  
  8.672109106580e-03  ,2.753104564574e+00  ,5.285991739311e+01  ,4.427040269093e-03  
  8.672134218017e-03  ,1.872822115230e+00  ,5.289741488091e+01  ,3.517168041694e-03  
  8.672173515359e-03  ,9.863479285051e-01  ,5.295601477831e+01  ,2.038387781769e-03  
  8.672218117515e-03  ,4.424706761318e-01  ,5.302230246716e+01  ,1.243300257494e-03  
  8.672263625661e-03  ,1.762436883603e-01  ,5.308974398765e+01  ,8.537500603307e-04  
  8.672332731286e-03  ,5.625338454115e-02  ,5.319181945986e+01  ,6.763082166170e-04  
  8.672413829366e-03  ,4.608266083466e-03  ,5.331113538273e+01  ,5.980131730280e-04  
  8.672510114709e-03  ,-7.862733755409e-03  ,5.345214064626e+01  ,5.762483025958e-04  
  8.672702685395e-03  ,-5.376333180335e-03  ,5.373202969060e+01  ,5.727125121654e-04  
  8.672993365327e-03  ,4.390024356437e-03  ,5.414914951993e+01  ,5.762459502829e-04  
  8.673574725190e-03  ,-2.510055062776e-05  ,5.496390545711e+01  ,5.486120671591e-04  
  8.674478045503e-03  ,1.130191806685e-03  ,5.617778637639e+01  ,5.179470468305e-04  
  8.675733843842e-03  ,1.472195547670e-03  ,5.775879428274e+01  ,4.749150840307e-04  
  8.678245440522e-03  ,1.203308019472e-03  ,6.054393096755e+01  ,3.922627457430e-04  
  8.682000000020e-03  ,8.929028331061e-04  ,6.375863867606e+01  ,2.767087769783e-04  
  8.682001000018e-03  ,5.775383151058e-01  ,6.375947544976e+01  ,-1.013263428282e-03  
  8.682001884868e-03  ,1.095178642986e+00  ,6.376021936321e+01  ,-2.187777888703e-03  
  8.682003654567e-03  ,2.160224445155e+00  ,6.376170434328e+01  ,-4.505211703362e-03  
  8.682007193965e-03  ,4.412587170997e+00  ,6.376465738881e+01  ,-8.959662469441e-03  
  8.682010000020e-03  ,6.311252937841e+00  ,6.376698310188e+01  ,-1.232631540666e-02  
  8.682010707900e-03  ,6.403560758076e+00  ,6.376747460328e+01  ,-1.224676185221e-02  
  8.682012123696e-03  ,6.584299748516e+00  ,6.376844703012e+01  ,-1.198657243440e-02  
  8.682014955289e-03  ,6.936696752668e+00  ,6.377039202426e+01  ,-1.147333405150e-02  
  8.682020618476e-03  ,7.600858053598e+00  ,6.377428545863e+01  ,-1.050554502080e-02  
  8.682031944848e-03  ,8.774024997277e+00  ,6.378208478590e+01  ,-8.796492919421e-03  
  8.682043354667e-03  ,9.771511327482e+00  ,6.378995510117e+01  ,-7.343331513930e-03  
  8.682051392354e-03  ,9.973410683186e+00  ,4.110523622794e+01  ,9.861936472681e+00  
  8.682059064962e-03  ,1.000020057179e+01  ,1.073967794957e+01  ,9.862106862325e+00  
  8.682063385553e-03  ,1.018786850524e+01  ,3.401608430118e+00  ,9.863023256781e+00  
  8.682067482628e-03  ,1.046835750001e+01  ,2.663251877254e+00  ,9.864103463459e+00  
  8.682069803111e-03  ,1.062566559043e+01  ,2.745394046950e+00  ,9.864752382381e+00  
  8.682072731562e-03  ,1.081623390926e+01  ,2.800971357395e+00  ,9.865575111609e+00  
  8.682078588463e-03  ,1.117233720234e+01  ,2.810693440898e+00  ,9.867222368964e+00  
  8.682090302266e-03  ,1.179680546979e+01  ,2.800132733334e+00  ,9.870524795447e+00  
  8.682102506317e-03  ,1.234243065751e+01  ,2.804367038712e+00  ,9.873965853477e+00  
  8.682126914419e-03  ,1.317264157282e+01  ,2.806593018220e+00  ,9.880847623760e+00  
  8.682175730623e-03  ,1.416011464352e+01  ,2.808966222409e+00  ,9.894609973651e+00  
  8.682273363031e-03  ,1.497360712629e+01  ,2.816837506555e+00  ,9.922129421574e+00  
  8.682401584543e-03  ,1.499968555843e+01  ,2.827107849794e+00  ,9.958259714804e+00  
  8.682625984110e-03  ,1.500015141264e+01  ,2.845026211990e+00  ,1.002145945650e+01  
  8.682864974893e-03  ,1.500013353343e+01  ,2.864134720626e+00  ,1.008872440728e+01  
  8.683342956461e-03  ,1.500024026641e+01  ,2.902289220877e+00  ,1.022311749370e+01  
  8.684298919596e-03  ,1.500030036669e+01  ,2.978443000706e+00  ,1.049135741573e+01  
  8.686210845865e-03  ,1.500041288225e+01  ,3.130132109379e+00  ,1.102565883341e+01  
  8.690034698404e-03  ,1.499972011000e+01  ,3.431053923885e+00  ,1.208560808163e+01  
  8.692010000020e-03  ,1.500000656028e+01  ,3.585227541407e+00  ,1.262866141425e+01  
  8.692011000018e-03  ,1.442270405306e+01  ,3.585158173347e+00  ,1.262893555407e+01  
  8.692013000126e-03  ,1.321499387971e+01  ,3.584927008520e+00  ,1.262948378844e+01  
  8.692017000343e-03  ,1.067365190525e+01  ,3.584483017140e+00  ,1.263058056897e+01  
  8.692020000020e-03  ,8.648721542573e+00  ,3.584210402839e+00  ,1.263140294949e+01  
  8.692020800063e-03  ,8.545030233033e+00  ,3.584264905686e+00  ,1.263162224589e+01  
  8.692022400076e-03  ,8.340144353115e+00  ,3.584460714542e+00  ,1.263206093848e+01  
  8.692025600100e-03  ,7.944937477006e+00  ,3.584986609442e+00  ,1.263293829327e+01  
  8.692032000149e-03  ,7.209407401455e+00  ,3.586081075625e+00  ,1.263469277173e+01  
  8.692044800246e-03  ,5.933608874736e+00  ,3.589035025946e+00  ,1.263820158934e+01  
  8.692058726871e-03  ,4.792680679548e+00  ,3.598888716596e+00  ,1.264201817060e+01  
  8.692067645216e-03  ,4.356520727466e+00  ,1.398296833146e+01  ,1.264382047875e+01  
  8.692076016689e-03  ,4.341977520708e+00  ,4.351430334544e+01  ,1.264388122473e+01  
  8.692082294548e-03  ,4.134646222223e+00  ,5.281910954781e+01  ,3.876484995512e-02  
  8.692085565725e-03  ,3.936771310454e+00  ,5.284843179149e+01  ,-2.060197392117e-01  
  8.692087135376e-03  ,3.843893419531e+00  ,5.283011289949e+01  ,-4.139810185949e-03  
  8.692090274678e-03  ,3.665266284274e+00  ,5.283328876419e+01  ,1.013975134389e-02  
  8.692096553283e-03  ,3.332114384319e+00  ,5.284307004419e+01  ,5.649045112041e-03  
  8.692109110491e-03  ,2.752965347666e+00  ,5.286191291269e+01  ,4.426803176797e-03  
  8.692134224908e-03  ,1.864021199810e+00  ,5.289943195970e+01  ,3.316576821007e-03  
  8.692175864713e-03  ,9.348924784680e-01  ,5.296149444279e+01  ,1.962714415615e-03  
  8.692222123878e-03  ,3.971998950509e-01  ,5.303022436402e+01  ,1.177232638831e-03  
  8.692268442647e-03  ,1.916140675617e-01  ,5.309883749267e+01  ,8.759098813374e-04  
  8.692330646055e-03  ,5.756149626548e-02  ,5.319070683640e+01  ,6.782307675878e-04  
  8.692396759527e-03  ,2.029562568581e-02  ,5.328801580362e+01  ,6.214564107422e-04  
  8.692528986471e-03  ,1.731325910955e-03  ,5.348163041444e+01  ,5.894664197782e-04  
  8.692669128912e-03  ,-1.045751272618e-03  ,5.368538020055e+01  ,5.802118655723e-04  
  8.692949413793e-03  ,3.100254153815e-04  ,5.408837751988e+01  ,5.718292375715e-04  
  8.693396067159e-03  ,1.567572253460e-03  ,5.471811444091e+01  ,5.573222025868e-04  
  8.694289373891e-03  ,1.675770720987e-03  ,5.593126704093e+01  ,5.255418098307e-04  
  8.696075987356e-03  ,1.354640384868e-03  ,5.816952835588e+01  ,4.631752900555e-04  
  8.699649214284e-03  ,1.145366152550e-03  ,6.188015029167e+01  ,3.473604075886e-04  
  8.702000000020e-03  ,8.845709576074e-04  ,6.375937360940e+01  ,2.762755956573e-04  
  8.702001000018e-03  ,5.775301582577e-01  ,6.376021054345e+01  ,-1.012264755542e-03  
  8.702001884961e-03  ,1.095225726469e+00  ,6.376095493529e+01  ,-2.188150560514e-03  
  8.702003654846e-03  ,2.160388345593e+00  ,6.376244058484e+01  ,-4.505526328346e-03  
  8.702007194617e-03  ,4.413009810941e+00  ,6.376539502117e+01  ,-8.960362883283e-03  
  8.702010000020e-03  ,6.312029615092e+00  ,6.376772095010e+01  ,-1.232506690102e-02  
  8.702010707974e-03  ,6.404338800150e+00  ,6.376821272282e+01  ,-1.224552378659e-02  
  8.702012123957e-03  ,6.585084718191e+00  ,6.376918571699e+01  ,-1.198532253241e-02  
  8.702014955923e-03  ,6.937494064214e+00  ,6.377113184026e+01  ,-1.147206636002e-02  
  8.702020619854e-03  ,7.601673500164e+00  ,6.377502753729e+01  ,-1.050425175387e-02  
  8.702031947717e-03  ,8.774853972303e+00  ,6.378283138967e+01  ,-8.795180005702e-03  
  8.702043359026e-03  ,9.772328957288e+00  ,6.379070625662e+01  ,-7.342034495792e-03  
  8.702051398203e-03  ,9.973455424501e+00  ,4.105934497866e+01  ,9.863535676771e+00  
  8.702059073791e-03  ,1.000027816241e+01  ,1.068367854726e+01  ,9.863708547664e+00  
  8.702063389167e-03  ,1.018852415725e+01  ,3.398482320902e+00  ,9.864624749490e+00  
  8.702067477300e-03  ,1.046841456407e+01  ,2.664450265007e+00  ,9.865704072744e+00  
  8.702069799274e-03  ,1.062581483659e+01  ,2.746085994255e+00  ,9.866353374520e+00  
  8.702072732195e-03  ,1.081665842656e+01  ,2.801441286676e+00  ,9.867177331692e+00  
  8.702078598037e-03  ,1.117324624119e+01  ,2.811116673756e+00  ,9.868827083271e+00  
  8.702090329721e-03  ,1.179844205100e+01  ,2.800610370374e+00  ,9.872134499685e+00  
  8.702102576986e-03  ,1.234556825463e+01  ,2.804827847661e+00  ,9.875587685394e+00  
  8.702127071514e-03  ,1.317727520000e+01  ,2.807053944835e+00  ,9.882493710216e+00  
  8.702176060572e-03  ,1.416478740791e+01  ,2.809447880030e+00  ,9.896304560598e+00  
  8.702274038687e-03  ,1.497613781883e+01  ,2.817345141910e+00  ,9.923920969002e+00  
  8.702402331724e-03  ,1.499972763013e+01  ,2.827621873056e+00  ,9.960070761365e+00  
  8.702627470389e-03  ,1.500014098654e+01  ,2.845599241987e+00  ,1.002347743856e+01  
  8.702866842642e-03  ,1.500012465804e+01  ,2.864737716378e+00  ,1.009084834798e+01  
  8.703345587149e-03  ,1.500021904016e+01  ,2.902952261435e+00  ,1.022545291805e+01  
  8.704303076163e-03  ,1.500027210914e+01  ,2.979225634442e+00  ,1.049411407584e+01  
  8.706218054190e-03  ,1.500037152216e+01  ,3.131151968323e+00  ,1.102925107032e+01  
  8.710048010245e-03  ,1.500039266882e+01  ,3.432540143276e+00  ,1.209084418601e+01  
  8.712010000020e-03  ,1.499972935441e+01  ,3.585668048223e+00  ,1.263021275304e+01  
  8.712011000018e-03  ,1.442052571924e+01  ,3.585599340124e+00  ,1.263048688910e+01  
  8.712013000126e-03  ,1.321287968671e+01  ,3.585368418028e+00  ,1.263103511088e+01  
  8.712017000343e-03  ,1.067166148413e+01  ,3.584924515281e+00  ,1.263213187684e+01  
  8.712020000020e-03  ,8.646819668152e+00  ,3.584651909331e+00  ,1.263295424412e+01  
  8.712020800063e-03  ,8.543151161287e+00  ,3.584706442238e+00  ,1.263317353693e+01  
  8.712022400076e-03  ,8.338310337843e+00  ,3.584902305537e+00  ,1.263361222251e+01  
  8.712025600100e-03  ,7.943190372244e+00  ,3.585428312508e+00  ,1.263448956326e+01  
  8.712032000149e-03  ,7.207822050540e+00  ,3.586523125319e+00  ,1.263624401335e+01  
  8.712044800246e-03  ,5.932304114538e+00  ,3.589479020309e+00  ,1.263975277425e+01  
  8.712058725381e-03  ,4.791738171775e+00  ,3.599353728365e+00  ,1.264356888339e+01  
  8.712067643726e-03  ,4.356464756373e+00  ,1.402891853687e+01  ,1.264536749562e+01  
  8.712076013708e-03  ,4.342026657205e+00  ,4.356235009771e+01  ,1.264542517532e+01  
  8.712082286352e-03  ,4.134243614706e+00  ,5.282119534845e+01  ,3.600775808583e-02  
  8.712085557157e-03  ,3.936400074296e+00  ,5.285016117559e+01  ,-2.052846802606e-01  
  8.712087127926e-03  ,3.843467072253e+00  ,5.283191426619e+01  ,-4.089680538563e-03  
  8.712090269463e-03  ,3.664735503547e+00  ,5.283510113523e+01  ,1.012243360685e-02  
  8.712096552538e-03  ,3.331404978852e+00  ,5.284488916702e+01  ,5.647133481561e-03  
  8.712109118687e-03  ,2.752002966905e+00  ,5.286374863477e+01  ,4.426452848871e-03  
  8.712134250985e-03  ,1.871459046209e+00  ,5.290128111123e+01  ,3.514240530541e-03  
  8.712173518525e-03  ,9.861308367442e-01  ,5.295984215020e+01  ,2.038101950441e-03  
  8.712218120681e-03  ,4.424101723180e-01  ,5.302613635491e+01  ,1.243247268736e-03  
  8.712263628827e-03  ,1.762390185322e-01  ,5.309358451591e+01  ,8.537778068342e-04  
  8.712332758294e-03  ,5.622488745569e-02  ,5.319570519511e+01  ,6.763001206913e-04  
  8.712413856374e-03  ,4.599275555320e-03  ,5.331503269875e+01  ,5.980332062388e-04  
  8.712510177480e-03  ,-7.866961770826e-03  ,5.345610386768e+01  ,5.762735991390e-04  
  8.712702819692e-03  ,-5.374703462823e-03  ,5.373612284481e+01  ,5.727430222806e-04  
  8.712993547307e-03  ,4.390122312206e-03  ,5.415334820491e+01  ,5.762715284361e-04  
  8.713575002538e-03  ,-2.506673250923e-05  ,5.496830598994e+01  ,5.486322095641e-04  
  8.714478895055e-03  ,1.130313974157e-03  ,5.618303071340e+01  ,5.179442181459e-04  
  8.715734884130e-03  ,1.472204965299e-03  ,5.776432950394e+01  ,4.749028149186e-04  
  8.718246862279e-03  ,1.203288186996e-03  ,6.054987894063e+01  ,3.922335923959e-04  
  8.722000000020e-03  ,8.929330981198e-04  ,6.376338169582e+01  ,2.767162850060e-04  
  8.722001000018e-03  ,5.775383457095e-01  ,6.376421850992e+01  ,-1.013257750710e-03  
  8.722001884961e-03  ,1.095233798048e+00  ,6.376496253741e+01  ,-2.187897428517e-03  
  8.722003654846e-03  ,2.160396195762e+00  ,6.376644774422e+01  ,-4.505568081420e-03  
  8.722007194617e-03  ,4.413017234207e+00  ,6.376940123980e+01  ,-8.960456512557e-03  
  8.722010000020e-03  ,6.312036714660e+00  ,6.377172642184e+01  ,-1.232515423252e-02  
  8.722010707974e-03  ,6.404345820885e+00  ,6.377221800524e+01  ,-1.224561121016e-02  
  8.722012123957e-03  ,6.585091584539e+00  ,6.377319061934e+01  ,-1.198541221143e-02  
  8.722014955923e-03  ,6.937500629643e+00  ,6.377513598795e+01  ,-1.147215629322e-02  
  8.722020619854e-03  ,7.601679498396e+00  ,6.377903017141e+01  ,-1.050434174748e-02  
  8.722031947717e-03  ,8.774858968653e+00  ,6.378683099671e+01  ,-8.795271482727e-03  
  8.722043359026e-03  ,9.772333101788e+00  ,6.379470281404e+01  ,-7.342127877361e-03  
  8.722051398203e-03  ,9.973448775396e+00  ,4.106261599123e+01  ,9.862628932256e+00  
  8.722059073791e-03  ,1.000026774144e+01  ,1.068664693340e+01  ,9.862801530487e+00  
  8.722063389167e-03  ,1.018846033359e+01  ,3.398493236917e+00  ,9.863717794479e+00  
  8.722067477300e-03  ,1.046835122263e+01  ,2.664166393099e+00  ,9.864797014769e+00  
  8.722069798901e-03  ,1.062572904308e+01  ,2.745809995336e+00  ,9.865446221211e+00  
  8.722072731450e-03  ,1.081655284417e+01  ,2.801180165937e+00  ,9.866270082974e+00  
  8.722078596547e-03  ,1.117310628415e+01  ,2.810861185782e+00  ,9.867919639903e+00  
  8.722090326741e-03  ,1.179825198920e+01  ,2.800351349102e+00  ,9.871226666310e+00  
  8.722102571025e-03  ,1.234528787097e+01  ,2.804569827560e+00  ,9.874679043329e+00  
  8.722127059594e-03  ,1.317691196583e+01  ,2.806795957194e+00  ,9.881583450846e+00  
  8.722176036730e-03  ,1.416444570289e+01  ,2.809188485149e+00  ,9.895391067200e+00  
  8.722273991003e-03  ,1.497596352573e+01  ,2.817084030901e+00  ,9.923001010294e+00  
  8.722402260199e-03  ,1.499972300246e+01  ,2.827358893858e+00  ,9.959144420737e+00  
  8.722627351179e-03  ,1.500014216345e+01  ,2.845332599589e+00  ,1.002253826463e+01  
  8.722866675749e-03  ,1.500012563377e+01  ,2.864467454875e+00  ,1.008989639603e+01  
  8.723345324889e-03  ,1.500022136298e+01  ,2.902674759176e+00  ,1.022447546336e+01  
  8.724302623167e-03  ,1.500027519556e+01  ,2.978933711697e+00  ,1.049308582847e+01  
  8.726217219725e-03  ,1.500037603615e+01  ,3.130831445187e+00  ,1.102812208489e+01  
  8.730046412840e-03  ,1.500039750406e+01  ,3.432163372786e+00  ,1.208951707821e+01  
  8.732010000020e-03  ,1.499972509546e+01  ,3.585417702939e+00  ,1.262933094303e+01  
  8.732011000018e-03  ,1.442048227139e+01  ,3.585349009905e+00  ,1.262960508161e+01  
  8.732013000126e-03  ,1.321283751818e+01  ,3.585118094023e+00  ,1.263015330829e+01  
  8.732017000343e-03  ,1.067162178423e+01  ,3.584674191025e+00  ,1.263125008435e+01  
  8.732020000020e-03  ,8.646781734237e+00  ,3.584401579695e+00  ,1.263207245914e+01  
  8.732020800063e-03  ,8.543113682127e+00  ,3.584456109696e+00  ,1.263229175395e+01  
  8.732022400076e-03  ,8.338273757249e+00  ,3.584651967499e+00  ,1.263273044354e+01  
  8.732025600100e-03  ,7.943155524935e+00  ,3.585177966365e+00  ,1.263360779229e+01  
  8.732032000149e-03  ,7.207790429026e+00  ,3.586272759223e+00  ,1.263536225841e+01  
  8.732044800246e-03  ,5.932278087708e+00  ,3.589228577339e+00  ,1.263887105136e+01  
  8.732058725381e-03  ,4.791717146270e+00  ,3.599103079854e+00  ,1.264268719539e+01  
  8.732067643726e-03  ,4.356457835224e+00  ,1.402934228383e+01  ,1.264448579657e+01  
  8.732076013708e-03  ,4.342022108907e+00  ,4.356289597894e+01  ,1.264454345426e+01  
  8.732082286352e-03  ,4.134283768253e+00  ,5.282442630382e+01  ,3.624184932981e-02  
  8.732085556785e-03  ,3.936461005464e+00  ,5.285341823848e+01  ,-2.053180077521e-01  
  8.732087127367e-03  ,3.843537353557e+00  ,5.283516760278e+01  ,-4.093146786523e-03  
  8.732090268532e-03  ,3.664823206638e+00  ,5.283835270087e+01  ,1.012339075422e-02  
  8.732096550861e-03  ,3.331522472720e+00  ,5.284813816796e+01  ,5.647261078882e-03  
  8.732109115520e-03  ,2.750563972368e+00  ,5.286694372103e+01  ,4.592949184403e-03  
  8.732134244839e-03  ,1.860683712659e+00  ,5.290447771576e+01  ,3.312602708116e-03  
  8.732175360123e-03  ,9.414965941575e-01  ,5.296574484792e+01  ,1.972153953166e-03  
  8.732221357027e-03  ,4.554427162178e-01  ,5.303408235964e+01  ,1.262099172975e-03  
  8.732269446054e-03  ,1.918272693495e-01  ,5.310532520656e+01  ,8.761638504134e-04  
  8.732324371735e-03  ,8.005310942329e-02  ,5.318645762816e+01  ,7.112258399672e-04  
  8.732413075367e-03  ,6.878422234703e-03  ,5.331698730660e+01  ,6.012730286973e-04  
  8.732507894436e-03  ,2.594159061426e-03  ,5.345584569521e+01  ,5.914973300073e-04  
  8.732697532574e-03  ,7.932314810269e-04  ,5.373150722859e+01  ,5.818175400484e-04  
  8.732919190327e-03  ,1.962312609980e-03  ,5.405023308639e+01  ,5.753637503319e-04  
  8.733362505833e-03  ,1.917385212701e-03  ,5.467636371382e+01  ,5.590364033364e-04  
  8.734249136845e-03  ,1.422444548767e-03  ,5.588300246450e+01  ,5.265658052949e-04  
  8.736022398869e-03  ,1.581341904141e-03  ,5.811110706544e+01  ,4.652948817663e-04  
  8.739568922916e-03  ,9.473745649346e-04  ,6.181300510007e+01  ,3.495176357755e-04  
  8.742000000020e-03  ,1.006060255009e-03  ,6.376395822327e+01  ,2.787336727132e-04  
  8.742001000018e-03  ,5.776498232913e-01  ,6.376479477935e+01  ,-1.012303817972e-03  
  8.742001884868e-03  ,1.095288665740e+00  ,6.376553853431e+01  ,-2.188091480062e-03  
  8.742003654567e-03  ,2.160331545462e+00  ,6.376702290571e+01  ,-4.505229064246e-03  
  8.742007193965e-03  ,4.412688652348e+00  ,6.376997479009e+01  ,-8.959635567187e-03  
  8.742010000020e-03  ,6.311350172194e+00  ,6.377229958369e+01  ,-1.232629783097e-02  
  8.742010707900e-03  ,6.403656955356e+00  ,6.377279085353e+01  ,-1.224674570837e-02  
  8.742012123696e-03  ,6.584393915223e+00  ,6.377376281845e+01  ,-1.198655716844e-02  
  8.742014955289e-03  ,6.936786960164e+00  ,6.377570688362e+01  ,-1.147332471452e-02  
  8.742020618476e-03  ,7.600940799238e+00  ,6.377959846385e+01  ,-1.050554730711e-02  
  8.742031944848e-03  ,8.774094562375e+00  ,6.378739408207e+01  ,-8.796514410012e-03  
  8.742043354667e-03  ,9.771569685820e+00  ,6.379526066046e+01  ,-7.343368728867e-03  
  8.742051392354e-03  ,9.973404709972e+00  ,4.110699643785e+01  ,9.860867212639e+00  
  8.742059064962e-03  ,1.000019048838e+01  ,1.074110594525e+01  ,9.861037336631e+00  
  8.742063385553e-03  ,1.018782984646e+01  ,3.401456459333e+00  ,9.861953847539e+00  
  8.742067482628e-03  ,1.046831929447e+01  ,2.662934828587e+00  ,9.863034007600e+00  
  8.742069803111e-03  ,1.062562869281e+01  ,2.745078911902e+00  ,9.863682933573e+00  
  8.742072730817e-03  ,1.081615136543e+01  ,2.800661370864e+00  ,9.864505464080e+00  
  8.742078586228e-03  ,1.117217491856e+01  ,2.810391022333e+00  ,9.866152320330e+00  
  8.742090297051e-03  ,1.179652369494e+01  ,2.799828333942e+00  ,9.869453942063e+00  
  8.742102498121e-03  ,1.234207348017e+01  ,2.804062837044e+00  ,9.872894196890e+00  
  8.742126900263e-03  ,1.317222487604e+01  ,2.806288753345e+00  ,9.879774360897e+00  
  8.742175704546e-03  ,1.415974707231e+01  ,2.808660595604e+00  ,9.893533498833e+00  
  8.742273313112e-03  ,1.497343024506e+01  ,2.816530138849e+00  ,9.921046525577e+00  
  8.742401510782e-03  ,1.499968060932e+01  ,2.826798628783e+00  ,9.957170495869e+00  
  8.742625862665e-03  ,1.500015266174e+01  ,2.844713357386e+00  ,1.002035750576e+01  
  8.742864805765e-03  ,1.500013457663e+01  ,2.863818277411e+00  ,1.008760978759e+01  
  8.743342691965e-03  ,1.500024275414e+01  ,2.901965598715e+00  ,1.022197758913e+01  
  8.744298464365e-03  ,1.500030367435e+01  ,2.978105081387e+00  ,1.049016715298e+01  
  8.746210009165e-03  ,1.500041772108e+01  ,3.129765835035e+00  ,1.102436869671e+01  
  8.750033098764e-03  ,1.499971559994e+01  ,3.430631891858e+00  ,1.208412153146e+01  
  8.752010000020e-03  ,1.500000631998e+01  ,3.584932373944e+00  ,1.262762173177e+01  
  8.752011000018e-03  ,1.442269447966e+01  ,3.584863011509e+00  ,1.262789587455e+01  
  8.752013000126e-03  ,1.321498458820e+01  ,3.584631849529e+00  ,1.262844411482e+01  
  8.752017000343e-03  ,1.067364315763e+01  ,3.584187856309e+00  ,1.262954090715e+01  
  8.752020000020e-03  ,8.648713183972e+00  ,3.583915235640e+00  ,1.263036329653e+01  
  8.752020800063e-03  ,8.545021974584e+00  ,3.583969734610e+00  ,1.263058259529e+01  
  8.752022400076e-03  ,8.340136292560e+00  ,3.584165536172e+00  ,1.263102129260e+01  
  8.752025600100e-03  ,7.944929798197e+00  ,3.584691419714e+00  ,1.263189865684e+01  
  8.752032000149e-03  ,7.209400432999e+00  ,3.585785856641e+00  ,1.263365315419e+01  
  8.752044800246e-03  ,5.933603137338e+00  ,3.588739683010e+00  ,1.263716200959e+01  
  8.752058726871e-03  ,4.792676034438e+00  ,3.598592697277e+00  ,1.264097863205e+01  
  8.752067645216e-03  ,4.356513964956e+00  ,1.398250627890e+01  ,1.264278100430e+01  
  8.752076016689e-03  ,4.341971328366e+00  ,4.351382750557e+01  ,1.264284179475e+01  
  8.752082295293e-03  ,4.134675007655e+00  ,5.282340450627e+01  ,3.902767554497e-02  
  8.752085566470e-03  ,3.936799636456e+00  ,5.285275808943e+01  ,-2.060725643080e-01  
  8.752087135935e-03  ,3.843931829847e+00  ,5.283443346965e+01  ,-4.144051044658e-03  
  8.752090274865e-03  ,3.665323604916e+00  ,5.283760727925e+01  ,1.014106534904e-02  
  8.752096552724e-03  ,3.332204273132e+00  ,5.284738569789e+01  ,5.649119798697e-03  
  8.752109108442e-03  ,2.753102294402e+00  ,5.286622257815e+01  ,4.426778291388e-03  
  8.752134219879e-03  ,1.872820407428e+00  ,5.290370934575e+01  ,3.517022048823e-03  
  8.752173517222e-03  ,9.863467874036e-01  ,5.296229248635e+01  ,2.038185843394e-03  
  8.752218119377e-03  ,4.424698825337e-01  ,5.302856114271e+01  ,1.243098962548e-03  
  8.752263627524e-03  ,1.762430647563e-01  ,5.309598323638e+01  ,8.535493919167e-04  
  8.752332745070e-03  ,5.623925670491e-02  ,5.319804676497e+01  ,6.760879297791e-04  
  8.752413831228e-03  ,4.608604156670e-03  ,5.331731045835e+01  ,5.978150093408e-04  
  8.752510140413e-03  ,-7.864514085565e-03  ,5.345830936087e+01  ,5.760468581001e-04  
  8.752702758783e-03  ,-5.376806042245e-03  ,5.373818453855e+01  ,5.725125830393e-04  
  8.752993486399e-03  ,4.389981750258e-03  ,5.415524596854e+01  ,5.760469476701e-04  
  8.753574941630e-03  ,-2.607431964901e-05  ,5.496987795238e+01  ,5.484122542018e-04  
  8.754478452677e-03  ,1.129597626345e-03  ,5.618360318846e+01  ,5.177470238040e-04  
  8.755734441752e-03  ,1.471625018369e-03  ,5.776425735589e+01  ,4.747164628351e-04  
  8.758246419901e-03  ,1.202687594570e-03  ,6.054857003792e+01  ,3.920658353149e-04  
  8.762000000020e-03  ,8.924032096686e-04  ,6.376068947001e+01  ,2.765603224203e-04  
  8.762001000018e-03  ,5.775378154497e-01  ,6.376152582371e+01  ,-1.013413643012e-03  
  8.762001884961e-03  ,1.095233267491e+00  ,6.376226944370e+01  ,-2.188052269241e-03  
  8.762003654846e-03  ,2.160395664627e+00  ,6.376375383578e+01  ,-4.505723185222e-03  
  8.762007194617e-03  ,4.413016701960e+00  ,6.376670570187e+01  ,-8.960611709529e-03  
  8.762010000020e-03  ,6.312036181573e+00  ,6.376902959249e+01  ,-1.232530945656e-02  
  8.762010707974e-03  ,6.404345287585e+00  ,6.376952084952e+01  ,-1.224576775947e-02  
  8.762012123957e-03  ,6.585091050815e+00  ,6.377049281055e+01  ,-1.198556889543e-02  
  8.762014955923e-03  ,6.937500095094e+00  ,6.377243687307e+01  ,-1.147231297152e-02  
  8.762020619854e-03  ,7.601678962298e+00  ,6.377632844475e+01  ,-1.050449835028e-02  
  8.762031947717e-03  ,8.774858429846e+00  ,6.378412404808e+01  ,-8.795428012825e-03  
  8.762043359026e-03  ,9.772332560715e+00  ,6.379199060726e+01  ,-7.342284309145e-03  
  8.762051398203e-03  ,9.973435746719e+00  ,4.105886491488e+01  ,9.860068265912e+00  
  8.762059073791e-03  ,1.000025653020e+01  ,1.068295097655e+01  ,9.860241076173e+00  
  8.762063388422e-03  ,1.018844873249e+01  ,3.397695306490e+00  ,9.861157257199e+00  
  8.762067476555e-03  ,1.046834131477e+01  ,2.663435127780e+00  ,9.862236536513e+00  
  8.762069798529e-03  ,1.062574418248e+01  ,2.745077466322e+00  ,9.862885862250e+00  
  8.762072731077e-03  ,1.081656736801e+01  ,2.800448718978e+00  ,9.863709746661e+00  
  8.762078596174e-03  ,1.117311963608e+01  ,2.810133671955e+00  ,9.865359346928e+00  
  8.762090326369e-03  ,1.179826316360e+01  ,2.799623971855e+00  ,9.868666458685e+00  
  8.762102569163e-03  ,1.234523596323e+01  ,2.803842582215e+00  ,9.872118504600e+00  
  8.762127054751e-03  ,1.317679096362e+01  ,2.806068830836e+00  ,9.879022249917e+00  
  8.762176025927e-03  ,1.416430260269e+01  ,2.808460950020e+00  ,9.892828542079e+00  
  8.762273968279e-03  ,1.497587713681e+01  ,2.816355806037e+00  ,9.920435837964e+00  
  8.762402237475e-03  ,1.499972181135e+01  ,2.826630906037e+00  ,9.956580182343e+00  
  8.762627304613e-03  ,1.500014245987e+01  ,2.844603162597e+00  ,1.001996895159e+01  
  8.762866581499e-03  ,1.500012588414e+01  ,2.863734708279e+00  ,1.008731541169e+01  
  8.763345135271e-03  ,1.500022196407e+01  ,2.901935400029e+00  ,1.022187118750e+01  
  8.764302242815e-03  ,1.500027599631e+01  ,2.978181185370e+00  ,1.049043517332e+01  
  8.766216457903e-03  ,1.500037720842e+01  ,3.130052814817e+00  ,1.102537948239e+01  
  8.770044888079e-03  ,1.500032316103e+01  ,3.431336170465e+00  ,1.208660315697e+01  
  8.772010000020e-03  ,1.499979005944e+01  ,3.584713650619e+00  ,1.262685124257e+01  
  8.772011000018e-03  ,1.442035642593e+01  ,3.584645046221e+00  ,1.262712538819e+01  
  8.772013000126e-03  ,1.321271537842e+01  ,3.584414165838e+00  ,1.262767362890e+01  
  8.772017000343e-03  ,1.067150679482e+01  ,3.583970268358e+00  ,1.262877043316e+01  
  8.772020000020e-03  ,8.646671859947e+00  ,3.583697639290e+00  ,1.262959282906e+01  
  8.772020800063e-03  ,8.543005125030e+00  ,3.583752161696e+00  ,1.262981212951e+01  
  8.772022400076e-03  ,8.338167802832e+00  ,3.583948004532e+00  ,1.263025083036e+01  
  8.772025600100e-03  ,7.943054590933e+00  ,3.584473980641e+00  ,1.263112820164e+01  
  8.772032000149e-03  ,7.207698838465e+00  ,3.585568717968e+00  ,1.263288271282e+01  
  8.772044800246e-03  ,5.932202702109e+00  ,3.588524322781e+00  ,1.263639159589e+01  
  8.772058725381e-03  ,4.791656247704e+00  ,3.598398285551e+00  ,1.264020783804e+01  
  8.772067643726e-03  ,4.356438248880e+00  ,1.403061851816e+01  ,1.264200639756e+01  
  8.772076013708e-03  ,4.342009390935e+00  ,4.356452951914e+01  ,1.264206393583e+01  
  8.772082285607e-03  ,4.134217690595e+00  ,5.282047431189e+01  ,3.589285027379e-02  
  8.772085556040e-03  ,3.936396827738e+00  ,5.284942195388e+01  ,-2.052445698791e-01  
  8.772087126808e-03  ,3.843463952129e+00  ,5.283117782902e+01  ,-4.087920437476e-03  
  8.772090268346e-03  ,3.664732484511e+00  ,5.283436290627e+01  ,1.012139173955e-02  
  8.772096551420e-03  ,3.331402149377e+00  ,5.284414670643e+01  ,5.646842455780e-03  
  8.772109117569e-03  ,2.752000491123e+00  ,5.286299783096e+01  ,4.426231512766e-03  
  8.772134249868e-03  ,1.871457108467e+00  ,5.290051364854e+01  ,3.513951984838e-03  
  8.772173517408e-03  ,9.861294399776e-01  ,5.295904866440e+01  ,2.037848630228e-03  
  8.772218119563e-03  ,4.424091082134e-01  ,5.302531334320e+01  ,1.242995169968e-03  
  8.772263627710e-03  ,1.762381177151e-01  ,5.309273141021e+01  ,8.535265303653e-04  
  8.772332757177e-03  ,5.622406116582e-02  ,5.319480643659e+01  ,6.760498655409e-04  
  8.772413855256e-03  ,4.598482287739e-03  ,5.331408047887e+01  ,5.977840705060e-04  
  8.772510176362e-03  ,-7.867745618180e-03  ,5.345508828582e+01  ,5.760257386401e-04  
  8.772702818574e-03  ,-5.375485171981e-03  ,5.373498098171e+01  ,5.724976672836e-04  
  8.772993546190e-03  ,4.389340249939e-03  ,5.415201689263e+01  ,5.760298628796e-04  
  8.773575001420e-03  ,-2.583459557381e-05  ,5.496659995275e+01  ,5.483977866608e-04  
  8.774478893938e-03  ,1.129564036459e-03  ,5.618075364397e+01  ,5.177205927275e-04  
  8.775734883012e-03  ,1.471482131608e-03  ,5.776128328998e+01  ,4.746931399134e-04  
  8.778246861162e-03  ,1.202624652770e-03  ,6.054538493242e+01  ,3.920485560611e-04  
  8.782000000020e-03  ,8.923646260483e-04  ,6.375697137475e+01  ,2.765636933804e-04  
  8.782001000018e-03  ,5.775377772804e-01  ,6.375780771960e+01  ,-1.013408443119e-03  
  8.782001884868e-03  ,1.095178105439e+00  ,6.375855125379e+01  ,-2.187924693239e-03  
  8.782003654567e-03  ,2.160223908147e+00  ,6.376003547495e+01  ,-4.505358090730e-03  
  8.782007193965e-03  ,4.412586635025e+00  ,6.376298700274e+01  ,-8.959808810119e-03  
  8.782010000020e-03  ,6.311252403855e+00  ,6.376531151254e+01  ,-1.232646177095e-02  
  8.782010707900e-03  ,6.403560224289e+00  ,6.376580270995e+01  ,-1.224690911908e-02  
  8.782012123696e-03  ,6.584299215112e+00  ,6.376677452856e+01  ,-1.198671978578e-02  
  8.782014955289e-03  ,6.936696220014e+00  ,6.376871830628e+01  ,-1.147348139555e-02  
  8.782020618476e-03  ,7.600857522362e+00  ,6.377260930814e+01  ,-1.050569230001e-02  
  8.782031944848e-03  ,8.774024468567e+00  ,6.378040377171e+01  ,-8.796640132237e-03  
  8.782043354667e-03  ,9.771510800952e+00  ,6.378826918935e+01  ,-7.343478637354e-03  
  8.782051392354e-03  ,9.973398654675e+00  ,4.110259869652e+01  ,9.859638374516e+00  
  8.782059064962e-03  ,1.000018948890e+01  ,1.073703986573e+01  ,9.859808900957e+00  
  8.782063384808e-03  ,1.018784046283e+01  ,3.400959793475e+00  ,9.860725223994e+00  
  8.782067481883e-03  ,1.046833118137e+01  ,2.662586195343e+00  ,9.861805451318e+00  
  8.782069802738e-03  ,1.062566491545e+01  ,2.744731718803e+00  ,9.862454488209e+00  
  8.782072730817e-03  ,1.081620967764e+01  ,2.800312370016e+00  ,9.863277133867e+00  
  8.782078586973e-03  ,1.117227170594e+01  ,2.810041180967e+00  ,9.864924220642e+00  
  8.782090299286e-03  ,1.179825611741e+01  ,2.805012013704e+00  ,9.868222957448e+00  
  8.782110079087e-03  ,1.263350818622e+01  ,2.803642979840e+00  ,9.873799959939e+00  
  8.782149638690e-03  ,1.372580326559e+01  ,2.807779265787e+00  ,9.884953549751e+00  
  8.782228757895e-03  ,1.476724719461e+01  ,2.812743865013e+00  ,9.907257289154e+00  
  8.782346202887e-03  ,1.516335788074e+01  ,2.821938868942e+00  ,9.940356284919e+00  
  8.782518770255e-03  ,1.497821916713e+01  ,2.835827622013e+00  ,9.988970439702e+00  
  8.782675244368e-03  ,1.497094258888e+01  ,2.848335997783e+00  ,1.003303029855e+01  
  8.782988192595e-03  ,1.501190763058e+01  ,2.873318616664e+00  ,1.012109135717e+01  
  8.783614089049e-03  ,1.499232792539e+01  ,2.923262163459e+00  ,1.029697910308e+01  
  8.784711386718e-03  ,1.499816745863e+01  ,3.010589661728e+00  ,1.060458551259e+01  
  8.786905982055e-03  ,1.500018750632e+01  ,3.184435641941e+00  ,1.121693420030e+01  
  8.791295172728e-03  ,1.499992905981e+01  ,3.528899047973e+00  ,1.243025277966e+01  
  8.792010000020e-03  ,1.500001336011e+01  ,3.584592807013e+00  ,1.262642574373e+01  
  8.792011000018e-03  ,1.442322998603e+01  ,3.584523287263e+00  ,1.262669988909e+01  
  8.792013000126e-03  ,1.321550432666e+01  ,3.584292068215e+00  ,1.262724814074e+01  
  8.792017000343e-03  ,1.067413246882e+01  ,3.583848053073e+00  ,1.262834494289e+01  
  8.792020000020e-03  ,8.649180727343e+00  ,3.583575423561e+00  ,1.262916734246e+01  
  8.792020800063e-03  ,8.545483912261e+00  ,3.583629912404e+00  ,1.262938664396e+01  
  8.792022400076e-03  ,8.340587153777e+00  ,3.583825695017e+00  ,1.262982534668e+01  
  8.792025600100e-03  ,7.945359293777e+00  ,3.584351541731e+00  ,1.263070272178e+01  
  8.792032000149e-03  ,7.209790163734e+00  ,3.585445869636e+00  ,1.263245724091e+01  
  8.792044800246e-03  ,5.933923887995e+00  ,3.588399115436e+00  ,1.263596613987e+01  
  8.792058726871e-03  ,4.792934996392e+00  ,3.598245664110e+00  ,1.263978281034e+01  
  8.792067645216e-03  ,4.356524556740e+00  ,1.396935950888e+01  ,1.264158626177e+01  
  8.792076016689e-03  ,4.341953318801e+00  ,4.349859241415e+01  ,1.264164796335e+01  
  8.792082296038e-03  ,4.134761779051e+00  ,5.281732489492e+01  ,3.959662481702e-02  
  8.792085567215e-03  ,3.936884278804e+00  ,5.284675382096e+01  ,-2.062438832281e-01  
  8.792087136308e-03  ,3.844035868631e+00  ,5.282841221474e+01  ,-4.156238026188e-03  
  8.792090274492e-03  ,3.665464209942e+00  ,5.283158287944e+01  ,1.014552102796e-02  
  8.792096550861e-03  ,3.332407709248e+00  ,5.284135877933e+01  ,5.649669112114e-03  
  8.792109103600e-03  ,2.753395849554e+00  ,5.286018982655e+01  ,4.426939026773e-03  
  8.792134209076e-03  ,1.873195538889e+00  ,5.289766480592e+01  ,3.517815264068e-03  
  8.792173518339e-03  ,9.863404782901e-01  ,5.295626130688e+01  ,2.038168456066e-03  
  8.792218120495e-03  ,4.424505404042e-01  ,5.302252492780e+01  ,1.243061425033e-03  
  8.792263628641e-03  ,1.762267028622e-01  ,5.308994191117e+01  ,8.535164467015e-04  
  8.792332734266e-03  ,5.624763612626e-02  ,5.319198016534e+01  ,6.760917042160e-04  
  8.792413820425e-03  ,4.612750476988e-03  ,5.331123498406e+01  ,5.978128827755e-04  
  8.792510105768e-03  ,-7.860768822822e-03  ,5.345218865484e+01  ,5.760453530514e-04  
  8.792702676455e-03  ,-5.376758914543e-03  ,5.373197482456e+01  ,5.725080833717e-04  
  8.792993356386e-03  ,4.389306878660e-03  ,5.414894016309e+01  ,5.760440523482e-04  
  8.793574716249e-03  ,-2.567814809891e-05  ,5.496339007521e+01  ,5.484161568846e-04  
  8.794477941195e-03  ,1.129598506061e-03  ,5.617667896514e+01  ,5.177631275497e-04  
  8.795733930269e-03  ,1.471604944255e-03  ,5.775729473040e+01  ,4.747355443859e-04  
  8.798245908419e-03  ,1.202697404589e-03  ,6.054159831143e+01  ,3.920907655086e-04  
  8.802000000020e-03  ,8.924348311139e-04  ,6.375422385670e+01  ,2.765783910023e-04  
  8.802001000018e-03  ,5.775378469822e-01  ,6.375506023262e+01  ,-1.013392918863e-03  
  8.802001884868e-03  ,1.095178174743e+00  ,6.375580379423e+01  ,-2.187907646437e-03  
  8.802003654567e-03  ,2.160223976675e+00  ,6.375728807058e+01  ,-4.505341424756e-03  
  8.802007193965e-03  ,4.412586702063e+00  ,6.376023970873e+01  ,-8.959792262898e-03  
  8.802010000020e-03  ,6.311252468565e+00  ,6.376256430606e+01  ,-1.232644525656e-02  
  8.802010707900e-03  ,6.403560288710e+00  ,6.376305552562e+01  ,-1.224689367271e-02  
  8.802012123696e-03  ,6.584299278966e+00  ,6.376402738837e+01  ,-1.198670445830e-02  
  8.802014955289e-03  ,6.936696282760e+00  ,6.376597125434e+01  ,-1.147346607050e-02  
  8.802020618476e-03  ,7.600857583022e+00  ,6.376986243282e+01  ,-1.050567695394e-02  
  8.802031944848e-03  ,8.774024525552e+00  ,6.377765725011e+01  ,-8.796624766607e-03  
  8.802043354667e-03  ,9.771510854822e+00  ,6.378552302472e+01  ,-7.343463250649e-03  
  8.802051392354e-03  ,9.973399154382e+00  ,4.109986955694e+01  ,9.859507896776e+00  
  8.802059064962e-03  ,1.000019243398e+01  ,1.073448517783e+01  ,9.859678621314e+00  
  8.802063384808e-03  ,1.018788554238e+01  ,3.400726334060e+00  ,9.860594910558e+00  
  8.802067481138e-03  ,1.046832571816e+01  ,2.662611981780e+00  ,9.861675037751e+00  
  8.802069801993e-03  ,1.062565918412e+01  ,2.744710694900e+00  ,9.862324073983e+00  
  8.802072730444e-03  ,1.081622768895e+01  ,2.800275779793e+00  ,9.863146824204e+00  
  8.802078587346e-03  ,1.117233157652e+01  ,2.810001790507e+00  ,9.864794122850e+00  
  8.802090301148e-03  ,1.179680079566e+01  ,2.799444319064e+00  ,9.868096630249e+00  
  8.802102505199e-03  ,1.234242677137e+01  ,2.803677536219e+00  ,9.871537772411e+00  
  8.802126913301e-03  ,1.317263890135e+01  ,2.805903498844e+00  ,9.878419710984e+00  
  8.802175729505e-03  ,1.416011341899e+01  ,2.808277074619e+00  ,9.892182397388e+00  
  8.802273361914e-03  ,1.497360708988e+01  ,2.816148503805e+00  ,9.919702518127e+00  
  8.802401583425e-03  ,1.499968555926e+01  ,2.826419096765e+00  ,9.955833694647e+00  
  8.802625982992e-03  ,1.500015141415e+01  ,2.844337899952e+00  ,1.001903498141e+01  
  8.802864973776e-03  ,1.500013353491e+01  ,2.863446874322e+00  ,1.008630157663e+01  
  8.803342955343e-03  ,1.500024026802e+01  ,2.901602307399e+00  ,1.022069794861e+01  
  8.804298918478e-03  ,1.500030036838e+01  ,2.977757949075e+00  ,1.048894442838e+01  
  8.806210844747e-03  ,1.500041288408e+01  ,3.129450766295e+00  ,1.102325890829e+01  
  8.810034697287e-03  ,1.499972011087e+01  ,3.430379937718e+00  ,1.208323406940e+01  
  8.812010000020e-03  ,1.500000656158e+01  ,3.584557411451e+00  ,1.262630098461e+01  
  8.812011000018e-03  ,1.442270405296e+01  ,3.584488049227e+00  ,1.262657513113e+01  
  8.812013000126e-03  ,1.321499387962e+01  ,3.584256888302e+00  ,1.262712337891e+01  
  8.812017000343e-03  ,1.067365190501e+01  ,3.583812891845e+00  ,1.262822018623e+01  
  8.812020000020e-03  ,8.648721542042e+00  ,3.583540263128e+00  ,1.262904258686e+01  
  8.812020800063e-03  ,8.545030232363e+00  ,3.583594756927e+00  ,1.262926188863e+01  
  8.812022400076e-03  ,8.340144352175e+00  ,3.583790548785e+00  ,1.262970059193e+01  
  8.812025600100e-03  ,7.944937475594e+00  ,3.584316416958e+00  ,1.263057796817e+01  
  8.812032000149e-03  ,7.209407398863e+00  ,3.585410813720e+00  ,1.263233248953e+01  
  8.812044800246e-03  ,5.933608867446e+00  ,3.588364465208e+00  ,1.263584139295e+01  
  8.812058726871e-03  ,4.792680644848e+00  ,3.598216393922e+00  ,1.263965806775e+01  
  8.812067645216e-03  ,4.356506104450e+00  ,1.398141758643e+01  ,1.264146055764e+01  
  8.812076016689e-03  ,4.341963028722e+00  ,4.351263888023e+01  ,1.264152138793e+01  
  8.812082293803e-03  ,4.134638647282e+00  ,5.281544882766e+01  ,3.871521191719e-02  
  8.812085564608e-03  ,3.936785792802e+00  ,5.284476309568e+01  ,-2.060066550331e-01  
  8.812087134073e-03  ,3.843918402161e+00  ,5.282644464042e+01  ,-4.140354894056e-03  
  8.812090273002e-03  ,3.665310771572e+00  ,5.282961863744e+01  ,1.013991156536e-02  
  8.812096550861e-03  ,3.332192563888e+00  ,5.283939633033e+01  ,5.649063159606e-03  
  8.812109106580e-03  ,2.753092600440e+00  ,5.285823196526e+01  ,4.426819199482e-03  
  8.812134218017e-03  ,1.872813777598e+00  ,5.289571627948e+01  ,3.516973555308e-03  
  8.812173515359e-03  ,9.863432431940e-01  ,5.295429558426e+01  ,2.038188611530e-03  
  8.812218123475e-03  ,4.424108535463e-01  ,5.302056876971e+01  ,1.243020914046e-03  
  8.812263625661e-03  ,1.762391984859e-01  ,5.308797765609e+01  ,8.535520734999e-04  
  8.812332743207e-03  ,5.623797141298e-02  ,5.319003462775e+01  ,6.760945977568e-04  
  8.812413829366e-03  ,4.608430327705e-03  ,5.330929073962e+01  ,5.978235644080e-04  
  8.812510126630e-03  ,-7.863124721217e-03  ,5.345026338473e+01  ,5.760584567295e-04  
  8.812702721158e-03  ,-5.376472360298e-03  ,5.373008707755e+01  ,5.725241666764e-04  
  8.812993401090e-03  ,4.389223795540e-03  ,5.414705675139e+01  ,5.760596369646e-04  
  8.813574760953e-03  ,-2.559365240925e-05  ,5.496151621273e+01  ,5.484320435365e-04  
  8.814478081265e-03  ,1.129631344462e-03  ,5.617494693993e+01  ,5.177756569272e-04  
  8.815733879605e-03  ,1.471628424581e-03  ,5.775535097710e+01  ,4.747549829718e-04  
  8.818245476285e-03  ,1.202795434359e-03  ,6.053936074536e+01  ,3.921227354669e-04  
  8.822000000020e-03  ,8.924746042250e-04  ,6.375257462907e+01  ,2.765963881558e-04  
  8.822001000018e-03  ,5.775378879537e-01  ,6.375341105066e+01  ,-1.013373837479e-03  
  8.822001884774e-03  ,1.095123092797e+00  ,6.375415457452e+01  ,-2.187765019203e-03  
  8.822003654287e-03  ,2.160052300968e+00  ,6.375563877628e+01  ,-4.504961541191e-03  
  8.822007193313e-03  ,4.412156719695e+00  ,6.375859026873e+01  ,-8.958974577354e-03  
  8.822010000020e-03  ,6.312035494531e+00  ,6.376091543453e+01  ,-1.232527020614e-02  
  8.822010707825e-03  ,6.404325385788e+00  ,6.376140663788e+01  ,-1.224575903653e-02  
  8.822012123435e-03  ,6.586944358981e+00  ,6.376237857509e+01  ,-1.198579608972e-02  
  8.822014954656e-03  ,6.940714466986e+00  ,6.376432190389e+01  ,-1.146759631967e-02  
  8.822020617097e-03  ,7.604461096108e+00  ,6.376821286750e+01  ,-1.050047782361e-02  
  8.822031941980e-03  ,8.776914062489e+00  ,6.377600724386e+01  ,-8.792371283987e-03  
  8.822043351799e-03  ,9.773936516287e+00  ,6.378387361131e+01  ,-7.339909588492e-03  
  8.822051390975e-03  ,9.973500676746e+00  ,4.097068236931e+01  ,9.859572923595e+00  
  8.822059066564e-03  ,1.000035459855e+01  ,1.059717188758e+01  ,9.859749407176e+00  
  8.822063370764e-03  ,1.018925114961e+01  ,3.392513280343e+00  ,9.860665491475e+00  
  8.822067442506e-03  ,1.046805125202e+01  ,2.664464052255e+00  ,9.861742513534e+00  
  8.822069764852e-03  ,1.062548113880e+01  ,2.745260743321e+00  ,9.862391929268e+00  
  8.822072702989e-03  ,1.081666762723e+01  ,2.800318471270e+00  ,9.863217373296e+00  
  8.822078579262e-03  ,1.117386215034e+01  ,2.809950277690e+00  ,9.864870136900e+00  
  8.822090331807e-03  ,1.179997882277e+01  ,2.799516793672e+00  ,9.868183569531e+00  
  8.822102632716e-03  ,1.234904896675e+01  ,2.803710860378e+00  ,9.871652017408e+00  
  8.822127234533e-03  ,1.318273137779e+01  ,2.805937107012e+00  ,9.878588565745e+00  
  8.822176438167e-03  ,1.417042828129e+01  ,2.808357300574e+00  ,9.892460452309e+00  
  8.822274845436e-03  ,1.497924082354e+01  ,2.816287220171e+00  ,9.920198882168e+00  
  8.822403209999e-03  ,1.499977597835e+01  ,2.826571105404e+00  ,9.956370182059e+00  
  8.822629278496e-03  ,1.500012889405e+01  ,2.844623784866e+00  ,1.002004102218e+01  
  8.822869032219e-03  ,1.500011445338e+01  ,2.863793251024e+00  ,1.008752159709e+01  
  8.823348539665e-03  ,1.500019468993e+01  ,2.902069943998e+00  ,1.022234505631e+01  
  8.824307554558e-03  ,1.500023971845e+01  ,2.978467106402e+00  ,1.049144222790e+01  
  8.826225584343e-03  ,1.500032412795e+01  ,3.130639023766e+00  ,1.102744422396e+01  
  8.830061643913e-03  ,1.500034189814e+01  ,3.432510455338e+00  ,1.209073952936e+01  
  8.832010000020e-03  ,1.499977397790e+01  ,3.584577344411e+00  ,1.262637099341e+01  
  8.832011000018e-03  ,1.442097314265e+01  ,3.584508512990e+00  ,1.262664514004e+01  
  8.832013000126e-03  ,1.321331393581e+01  ,3.584277548301e+00  ,1.262719338557e+01  
  8.832017000343e-03  ,1.067207031062e+01  ,3.583833620636e+00  ,1.262829019357e+01  
  8.832020000020e-03  ,8.647210306962e+00  ,3.583560990705e+00  ,1.262911259357e+01  
  8.832020800063e-03  ,8.543537116286e+00  ,3.583615504077e+00  ,1.262933189513e+01  
  8.832022400076e-03  ,8.338687037968e+00  ,3.583811330921e+00  ,1.262977059815e+01  
  8.832025600100e-03  ,7.943549220491e+00  ,3.584337274905e+00  ,1.263064797378e+01  
  8.832032000149e-03  ,7.208147673244e+00  ,3.585431912800e+00  ,1.263240249373e+01  
  8.832044800246e-03  ,5.932572097680e+00  ,3.588386961557e+00  ,1.263591139436e+01  
  8.832058725381e-03  ,4.791954501106e+00  ,3.598254118700e+00  ,1.263972765625e+01  
  8.832067642236e-03  ,4.356462280889e+00  ,1.401056185499e+01  ,1.264152751285e+01  
  8.832076012218e-03  ,4.341990789374e+00  ,4.354143503552e+01  ,1.264158646401e+01  
  8.832082286352e-03  ,4.134364982362e+00  ,5.281543997639e+01  ,3.690539691833e-02  
  8.832085557157e-03  ,3.936518822520e+00  ,5.284452219910e+01  ,-2.055443853157e-01  
  8.832088120902e-03  ,3.786293761383e+00  ,5.282742066249e+01  ,-1.699321401285e-03  
  8.832090896988e-03  ,3.630280347750e+00  ,5.283054039429e+01  ,7.835718447063e-03  
  8.832096449161e-03  ,3.336974780296e+00  ,5.283900855901e+01  ,5.599671350748e-03  
  8.832107553506e-03  ,2.818873172057e+00  ,5.285566158069e+01  ,4.578561619145e-03  
  8.832129762197e-03  ,2.006717906663e+00  ,5.288882967960e+01  ,3.656735464938e-03  
  8.832174179578e-03  ,9.668798108851e-01  ,5.295504527279e+01  ,2.009633821094e-03  
  8.832217464471e-03  ,4.395780537168e-01  ,5.301935331256e+01  ,1.238974048394e-03  
  8.832265058780e-03  ,1.636193211118e-01  ,5.308986076293e+01  ,8.351168752856e-04  
  8.832331231857e-03  ,5.545594338919e-02  ,5.318757061574e+01  ,6.750208272023e-04  
  8.832415167117e-03  ,1.368875483575e-02  ,5.331101774678e+01  ,6.110153993937e-04  
  8.832508460307e-03  ,-3.614466226817e-04  ,5.344759588934e+01  ,5.870608879425e-04  
  8.832695046687e-03  ,-3.207798930351e-03  ,5.371876103714e+01  ,5.759779006778e-04  
  8.833065072322e-03  ,6.271892060878e-05  ,5.424864297818e+01  ,5.670891233305e-04  
  8.833717671657e-03  ,2.738988553326e-03  ,5.515751114581e+01  ,5.473634054532e-04  
  8.835022870326e-03  ,6.332575394249e-04  ,5.687575658334e+01  ,4.980929292653e-04  
  8.837633267665e-03  ,2.080763859638e-03  ,5.990723109239e+01  ,4.125787490479e-04  
  8.842000000020e-03  ,1.224658911065e-04  ,6.375315330167e+01  ,2.753598045400e-04  
  8.842001000018e-03  ,5.767793560790e-01  ,6.375399014642e+01  ,-1.015015605627e-03  
  8.842001885426e-03  ,1.094760524788e+00  ,6.375473445955e+01  ,-2.189332968251e-03  
  8.842003656243e-03  ,2.160525742372e+00  ,6.375622044545e+01  ,-4.508379930425e-03  
  8.842007197877e-03  ,4.414476537934e+00  ,6.375917544136e+01  ,-8.965440139029e-03  
  8.842010000020e-03  ,6.310594297349e+00  ,6.376149799549e+01  ,-1.232725358963e-02  
  8.842010708347e-03  ,6.402966792733e+00  ,6.376198982253e+01  ,-1.224760386121e-02  
  8.842012125075e-03  ,6.583834669184e+00  ,6.376296292095e+01  ,-1.198723316952e-02  
  8.842014958530e-03  ,6.936477142570e+00  ,6.376490928320e+01  ,-1.147363643569e-02  
  8.842020625442e-03  ,7.600255024171e+00  ,6.376880550395e+01  ,-1.050647668811e-02  
  8.842031959265e-03  ,8.773583028617e+00  ,6.377661031590e+01  ,-8.797116832343e-03  
  8.842044029206e-03  ,9.824004968508e+00  ,6.378493672016e+01  ,-7.266836132435e-03  
  8.842052573532e-03  ,9.976792997332e+00  ,3.628539902863e+01  ,9.861538167291e+00  
  8.842060714036e-03  ,1.001058475848e+01  ,4.463892382985e+00  ,9.862604027113e+00  
  8.842064623356e-03  ,1.027360032432e+01  ,2.829964152427e+00  ,9.863063779410e+00  
  8.842066732987e-03  ,1.042116377890e+01  ,2.762381350548e+00  ,9.863646778999e+00  
  8.842069399178e-03  ,1.060269645653e+01  ,2.789057643722e+00  ,9.864389625563e+00  
  8.842074668973e-03  ,1.094094769023e+01  ,2.818218358082e+00  ,9.865840330523e+00  
  8.842083804875e-03  ,1.146771569377e+01  ,2.807686453359e+00  ,9.868451782631e+00  
  8.842102076679e-03  ,1.233271515705e+01  ,2.804555513027e+00  ,9.873603409706e+00  
  8.842138620287e-03  ,1.349033757802e+01  ,2.806996389349e+00  ,9.883906606721e+00  
  8.842211707502e-03  ,1.464955988073e+01  ,2.811998494765e+00  ,9.904510246170e+00  
  8.842321141630e-03  ,1.514733384302e+01  ,2.820527318225e+00  ,9.935352725667e+00  
  8.842481907278e-03  ,1.516616767415e+01  ,2.833379200364e+00  ,9.980645160298e+00  
  8.842704041868e-03  ,1.495769412722e+01  ,2.851227117336e+00  ,1.004319311116e+01  
  8.843118890196e-03  ,1.502198245498e+01  ,2.884331772898e+00  ,1.015989911462e+01  
  8.843521483808e-03  ,1.500840563925e+01  ,2.916454801586e+00  ,1.027302633931e+01  
  8.844326671034e-03  ,1.499405490527e+01  ,2.980585245456e+00  ,1.049889334916e+01  
  8.845937045485e-03  ,1.500514690021e+01  ,3.108389598852e+00  ,1.094908178135e+01  
  8.849157794386e-03  ,1.500051515691e+01  ,3.362266904444e+00  ,1.184331771858e+01  
  8.852010000020e-03  ,1.499960475173e+01  ,3.585160282477e+00  ,1.262842401071e+01  
  8.852011000018e-03  ,1.441979243436e+01  ,3.585091778974e+00  ,1.262869815150e+01  
  8.852013000126e-03  ,1.321216799325e+01  ,3.584860933267e+00  ,1.262924638538e+01  
  8.852017000343e-03  ,1.067099145540e+01  ,3.584417053320e+00  ,1.263034317003e+01  
  8.852020000020e-03  ,8.646179446295e+00  ,3.584144435913e+00  ,1.263116555253e+01  
  8.852020800063e-03  ,8.542518615278e+00  ,3.584198970115e+00  ,1.263138484939e+01  
  8.852022400076e-03  ,8.337692958773e+00  ,3.584394835127e+00  ,1.263182354311e+01  
  8.852025600100e-03  ,7.942602249092e+00  ,3.584920853660e+00  ,1.263270090011e+01  
  8.852032000149e-03  ,7.207288376868e+00  ,3.586015715231e+00  ,1.263445538266e+01  
  8.852044800246e-03  ,5.931864890543e+00  ,3.588971972672e+00  ,1.263796420848e+01  
  8.852058725381e-03  ,4.791383509533e+00  ,3.598853016300e+00  ,1.264178038765e+01  
  8.852067642236e-03  ,4.356435377006e+00  ,1.403917061318e+01  ,1.264357791083e+01  
  8.852076010728e-03  ,4.342027590278e+00  ,4.356923279060e+01  ,1.264363503860e+01  
  8.852082281137e-03  ,4.134187794989e+00  ,5.281682011561e+01  ,3.546564595115e-02  
  8.852085551197e-03  ,3.936388770939e+00  ,5.284571376721e+01  ,-2.051367437556e-01  
  8.852088115687e-03  ,3.786126456590e+00  ,5.282865356036e+01  ,-1.676187719143e-03  
  8.852090892145e-03  ,3.630099376894e+00  ,5.283177770274e+01  ,7.831396117065e-03  
  8.852096445063e-03  ,3.336770543336e+00  ,5.284024872181e+01  ,5.599138381624e-03  
  8.852107550899e-03  ,2.817519849171e+00  ,5.285686608502e+01  ,4.699569104638e-03  
  8.852129762569e-03  ,1.998504924385e+00  ,5.289005024992e+01  ,3.513777937321e-03  
  8.852174185911e-03  ,9.570856832030e-01  ,5.295625982469e+01  ,1.994944301139e-03  
  8.852219574848e-03  ,4.678272350830e-01  ,5.302369958682e+01  ,1.280258338625e-03  
  8.852268343369e-03  ,2.161661030344e-01  ,5.309595156824e+01  ,9.117202695931e-04  
  8.852322410742e-03  ,9.147535570283e-02  ,5.317582344128e+01  ,7.279707139023e-04  
  8.852414082685e-03  ,1.789429476103e-02  ,5.331072282199e+01  ,6.173367533657e-04  
  8.852525626818e-03  ,-5.697417104088e-03  ,5.347399545763e+01  ,5.787853703078e-04  
  8.852711998621e-03  ,-6.517430166407e-03  ,5.374467785293e+01  ,5.706664096237e-04  
  8.853028952280e-03  ,-5.129597944823e-04  ,5.419891543063e+01  ,5.677219218450e-04  
  8.853597342173e-03  ,3.045348758776e-03  ,5.499415745467e+01  ,5.522773700322e-04  
  8.854734121958e-03  ,4.540760655491e-04  ,5.650932001508e+01  ,5.080409380372e-04  
  8.857007681528e-03  ,2.313624543759e-03  ,5.923337373815e+01  ,4.335302090264e-04  
  8.861554800669e-03  ,-2.757712567393e-05  ,6.343596471976e+01  ,2.878337867618e-04  
  8.862000000020e-03  ,1.378652014865e-03  ,6.375767346897e+01  ,2.806858613990e-04  
  8.862001000018e-03  ,5.780168901554e-01  ,6.375851075120e+01  ,-1.010891534666e-03  
  8.862001884495e-03  ,1.095430374334e+00  ,6.375925487663e+01  ,-2.187064097837e-03  
  8.862003653449e-03  ,2.159997323390e+00  ,6.376073979261e+01  ,-4.503060635121e-03  
  8.862007191357e-03  ,4.411302843726e+00  ,6.376369281864e+01  ,-8.955706721936e-03  
  8.862010000020e-03  ,6.311668184547e+00  ,6.376602166302e+01  ,-1.232558837103e-02  
  8.862010707602e-03  ,6.403933150218e+00  ,6.376651320446e+01  ,-1.224609960548e-02  
  8.862012122839e-03  ,6.584594487941e+00  ,6.376748573867e+01  ,-1.198602103206e-02  
  8.862014953315e-03  ,6.936843580431e+00  ,6.376943093724e+01  ,-1.147299843063e-02  
  8.862020614266e-03  ,7.600741483414e+00  ,6.377332478469e+01  ,-1.050559479809e-02  
  8.862031936168e-03  ,8.773498659260e+00  ,6.378112492796e+01  ,-8.797139443322e-03  
  8.862043340027e-03  ,9.770584685420e+00  ,6.378899504687e+01  ,-7.344560231284e-03  
  8.862051371753e-03  ,9.973368608215e+00  ,4.117717609622e+01  ,9.863540284243e+00  
  8.862059039891e-03  ,1.000010337258e+01  ,1.082647466345e+01  ,9.863706539052e+00  
  8.862063367188e-03  ,1.018679627608e+01  ,3.407658498534e+00  ,9.864623283416e+00  
  8.862067477673e-03  ,1.046818536934e+01  ,2.662520778902e+00  ,9.865704636411e+00  
  8.862069795921e-03  ,1.062535868730e+01  ,2.745476856537e+00  ,9.866352960519e+00  
  8.862072716176e-03  ,1.081542315247e+01  ,2.801400006346e+00  ,9.867173398986e+00  
  8.862078556686e-03  ,1.117064045162e+01  ,2.811199242367e+00  ,9.868816011059e+00  
  8.862090237707e-03  ,1.179534565133e+01  ,2.806129926300e+00  ,9.872105793770e+00  
  8.862109910220e-03  ,1.262741072339e+01  ,2.804734303662e+00  ,9.877652327861e+00  
  8.862149255246e-03  ,1.371794532091e+01  ,2.808868068405e+00  ,9.888744990767e+00  
  8.862227945298e-03  ,1.476131767758e+01  ,2.813788755893e+00  ,9.910926914899e+00  
  8.862345366448e-03  ,1.516294619129e+01  ,2.822978531944e+00  ,9.944017967330e+00  
  8.862517194718e-03  ,1.497861763869e+01  ,2.836807461224e+00  ,9.992422175030e+00  
  8.862673454255e-03  ,1.497107092823e+01  ,2.849298313802e+00  ,1.003642009613e+01  
  8.862985973328e-03  ,1.501183878341e+01  ,2.874245893358e+00  ,1.012435744175e+01  
  8.863611011475e-03  ,1.499237745935e+01  ,2.924119329977e+00  ,1.029999841230e+01  
  8.864705257386e-03  ,1.499817675690e+01  ,3.011201683997e+00  ,1.060674127981e+01  
  8.866893749207e-03  ,1.500018676429e+01  ,3.184561876177e+00  ,1.121737884016e+01  
  8.871270732850e-03  ,1.499992978081e+01  ,3.528071631578e+00  ,1.242733833458e+01  
  8.872010000020e-03  ,1.500001367783e+01  ,3.585669305769e+00  ,1.263021754424e+01  
  8.872011000018e-03  ,1.442322924766e+01  ,3.585599776723e+00  ,1.263049167885e+01  
  8.872013000126e-03  ,1.321550361001e+01  ,3.585368551437e+00  ,1.263103990886e+01  
  8.872017000343e-03  ,1.067413179439e+01  ,3.584924544439e+00  ,1.263213666803e+01  
  8.872020000020e-03  ,8.649180083395e+00  ,3.584651938124e+00  ,1.263295903531e+01  
  8.872020800063e-03  ,8.545483276267e+00  ,3.584706441498e+00  ,1.263317832819e+01  
  8.872022400076e-03  ,8.340586533493e+00  ,3.584902251420e+00  ,1.263361701370e+01  
  8.872025600100e-03  ,7.945358703716e+00  ,3.585428141094e+00  ,1.263449435436e+01  
  8.872032000149e-03  ,7.209789630407e+00  ,3.586522580591e+00  ,1.263624880457e+01  
  8.872044800246e-03  ,5.933923457344e+00  ,3.589476306891e+00  ,1.263975756568e+01  
  8.872058726871e-03  ,4.792934694935e+00  ,3.599325691673e+00  ,1.264357408588e+01  
  8.872067645216e-03  ,4.356548020868e+00  ,1.397186756786e+01  ,1.264537724225e+01  
  8.872076016689e-03  ,4.341976616831e+00  ,4.350128627971e+01  ,1.264543878714e+01  
  8.872082296038e-03  ,4.134756694562e+00  ,5.281799528444e+01  ,3.945460629557e-02  
  8.872085567215e-03  ,3.936879010771e+00  ,5.284740746251e+01  ,-2.062010241964e-01  
  8.872087136494e-03  ,3.844019984420e+00  ,5.282907140328e+01  ,-4.152565539779e-03  
  8.872090275051e-03  ,3.665428406999e+00  ,5.283224544765e+01  ,1.014446751290e-02  
  8.872096552165e-03  ,3.332337441276e+00  ,5.284202703616e+01  ,5.649769955389e-03  
  8.872109106393e-03  ,2.751680167801e+00  ,5.286082106939e+01  ,4.594634217714e-03  
  8.872134214850e-03  ,1.862075796332e+00  ,5.289833180170e+01  ,3.314783545020e-03  
  8.872175371857e-03  ,9.415145171867e-01  ,5.295967397740e+01  ,1.972334365468e-03  
  8.872221362801e-03  ,4.554982595872e-01  ,5.302801689988e+01  ,1.262334099113e-03  
  8.872269457789e-03  ,1.918298479678e-01  ,5.309928350764e+01  ,8.763212655011e-04  
  8.872324359627e-03  ,8.008864719804e-02  ,5.318039780833e+01  ,7.114318651508e-04  
  8.872413051339e-03  ,6.895560728741e-03  ,5.331093771976e+01  ,6.014522706110e-04  
  8.872507846566e-03  ,2.597904583080e-03  ,5.344979105545e+01  ,5.916574275471e-04  
  8.872697437020e-03  ,7.907681577556e-04  ,5.372544366341e+01  ,5.819694464746e-04  
  8.872919047089e-03  ,1.963330707633e-03  ,5.404417259943e+01  ,5.755213846772e-04  
  8.873362267228e-03  ,1.918505197320e-03  ,5.467031503953e+01  ,5.591955094590e-04  
  8.874248707505e-03  ,1.422349166093e-03  ,5.587700002726e+01  ,5.267257681438e-04  
  8.876021588059e-03  ,1.582255574139e-03  ,5.810528709703e+01  ,4.654614547129e-04  
  8.879567349168e-03  ,9.475179332517e-04  ,6.180790062224e+01  ,3.496927153533e-04  
  8.882000000020e-03  ,1.006838736628e-03  ,6.376108158947e+01  ,2.788541821776e-04  
  8.882001000018e-03  ,5.776505950690e-01  ,6.376191847747e+01  ,-1.012182215812e-03  
  8.882001884868e-03  ,1.095289432548e+00  ,6.376266252610e+01  ,-2.187968705586e-03  
  8.882003654567e-03  ,2.160332302521e+00  ,6.376414748512e+01  ,-4.505106608789e-03  
  8.882007193965e-03  ,4.412689390660e+00  ,6.376710054476e+01  ,-8.959513245974e-03  
  8.882010000020e-03  ,6.311350896338e+00  ,6.376942627015e+01  ,-1.232617556896e-02  
  8.882010707900e-03  ,6.403657676049e+00  ,6.376991777547e+01  ,-1.224662440128e-02  
  8.882012123696e-03  ,6.584394629154e+00  ,6.377089021122e+01  ,-1.198643598315e-02  
  8.882014955289e-03  ,6.936787660912e+00  ,6.377283521805e+01  ,-1.147320355397e-02  
  8.882020618476e-03  ,7.600941475138e+00  ,6.377672868152e+01  ,-1.050542619090e-02  
  8.882031944848e-03  ,8.774095194381e+00  ,6.378452806602e+01  ,-8.796393363469e-03  
  8.882043354667e-03  ,9.771570280499e+00  ,6.379239843812e+01  ,-7.343247756245e-03  
  8.882051392354e-03  ,9.973413485902e+00  ,4.110478708148e+01  ,9.862214414881e+00  
  8.882059064962e-03  ,1.000020218627e+01  ,1.073915052168e+01  ,9.862384735514e+00  
  8.882063384808e-03  ,1.018782843664e+01  ,3.401760982793e+00  ,9.863301134252e+00  
  8.882067481883e-03  ,1.046831883978e+01  ,2.663302058199e+00  ,9.864381278081e+00  
  8.882069802366e-03  ,1.062562846714e+01  ,2.745463143054e+00  ,9.865030197177e+00  
  8.882072730444e-03  ,1.081617484132e+01  ,2.801048554631e+00  ,9.865852820925e+00  
  8.882078586600e-03  ,1.117223978176e+01  ,2.810773801381e+00  ,9.867499864580e+00  
  8.882090298913e-03  ,1.179822938954e+01  ,2.805743444608e+00  ,9.870798515499e+00  
  8.882110081695e-03  ,1.263359786574e+01  ,2.804374734184e+00  ,9.876376213563e+00  
  8.882149647258e-03  ,1.372597813335e+01  ,2.808510864048e+00  ,9.887531194389e+00  
  8.882228778384e-03  ,1.476740315895e+01  ,2.813476381488e+00  ,9.909837714929e+00  
  8.882346223376e-03  ,1.516337314508e+01  ,2.822671199969e+00  ,9.942935850475e+00  
  8.882518814586e-03  ,1.497820604507e+01  ,2.836561518405e+00  ,9.991555456486e+00  
  8.882675288699e-03  ,1.497093868062e+01  ,2.849069566311e+00  ,1.003561416724e+01  
  8.882988236926e-03  ,1.501190921964e+01  ,2.874051529229e+00  ,1.012367293119e+01  
  8.883614133380e-03  ,1.499232688698e+01  ,2.923993776894e+00  ,1.029955609380e+01  
  8.884711431049e-03  ,1.499816720387e+01  ,3.011318998801e+00  ,1.060715448791e+01  
  8.886906026385e-03  ,1.500018752270e+01  ,3.185160448601e+00  ,1.121948721929e+01  
  8.891295217059e-03  ,1.499992904161e+01  ,3.529614878526e+00  ,1.243277418250e+01  
  8.892010000020e-03  ,1.500001335656e+01  ,3.585303735939e+00  ,1.262892988143e+01  
  8.892011000018e-03  ,1.442322996548e+01  ,3.585234209976e+00  ,1.262920401968e+01  
  8.892013000126e-03  ,1.321550430670e+01  ,3.585002986784e+00  ,1.262975225710e+01  
  8.892017000343e-03  ,1.067413245021e+01  ,3.584558977028e+00  ,1.263084903082e+01  
  8.892020000020e-03  ,8.649180709874e+00  ,3.584286362808e+00  ,1.263167140907e+01  
  8.892020800063e-03  ,8.545483895156e+00  ,3.584340861248e+00  ,1.263189070487e+01  
  8.892022400076e-03  ,8.340587137386e+00  ,3.584536661892e+00  ,1.263232939623e+01  
  8.892025600100e-03  ,7.945359278710e+00  ,3.585062536955e+00  ,1.263320674858e+01  
  8.892032000149e-03  ,7.209790151452e+00  ,3.586156938493e+00  ,1.263496122220e+01  
  8.892044800246e-03  ,5.933923883357e+00  ,3.589110501243e+00  ,1.263847003012e+01  
  8.892058726871e-03  ,4.792935023194e+00  ,3.598958918025e+00  ,1.264228660135e+01  
  8.892067645216e-03  ,4.356540068630e+00  ,1.397100508782e+01  ,1.264408985963e+01  
  8.892076016689e-03  ,4.341968696095e+00  ,4.350035894017e+01  ,1.264415147015e+01  
  8.892082296038e-03  ,4.134809055670e+00  ,5.282072792830e+01  ,3.976405550285e-02  
  8.892085567215e-03  ,3.936929866512e+00  ,5.285017807372e+01  ,-2.062724978169e-01  
  8.892087136308e-03  ,3.844080350633e+00  ,5.283183445500e+01  ,-4.157830075995e-03  
  8.892090274492e-03  ,3.665506655692e+00  ,5.283500624784e+01  ,1.014615269869e-02  
  8.892096550861e-03  ,3.332446354053e+00  ,5.284478490022e+01  ,5.649893960947e-03  
  8.892109103600e-03  ,2.753427866686e+00  ,5.286362139512e+01  ,4.427113012362e-03  
  8.892134209076e-03  ,1.873217480445e+00  ,5.290110724991e+01  ,3.518015168579e-03  
  8.892173518339e-03  ,9.863522679822e-01  ,5.295972076676e+01  ,2.038332932102e-03  
  8.892218120495e-03  ,4.424561037686e-01  ,5.302600366195e+01  ,1.243216368416e-03  
  8.892263628641e-03  ,1.762292181269e-01  ,5.309344027785e+01  ,8.536665451431e-04  
  8.892332734266e-03  ,5.624877681826e-02  ,5.319550828056e+01  ,6.762391702660e-04  
  8.892413832346e-03  ,4.607902589396e-03  ,5.331481540712e+01  ,5.979504352191e-04  
  8.892510117689e-03  ,-7.862073422172e-03  ,5.345581018360e+01  ,5.761871964303e-04  
  8.892702688375e-03  ,-5.375879860766e-03  ,5.373567811218e+01  ,5.726513763284e-04  
  8.892993415991e-03  ,4.390167752914e-03  ,5.415283360174e+01  ,5.761830011804e-04  
  8.893574871222e-03  ,-2.556032204110e-05  ,5.496765319729e+01  ,5.485455875808e-04  
  8.894478382269e-03  ,1.130015278463e-03  ,5.618166833270e+01  ,5.178754375611e-04  
  8.895734562078e-03  ,1.471992633888e-03  ,5.776295203930e+01  ,4.748321081350e-04  
  8.898246921698e-03  ,1.202992786044e-03  ,6.054839066760e+01  ,3.921591025483e-04  
  8.902000000020e-03  ,8.927399410786e-04  ,6.376108801042e+01  ,2.766567581764e-04  
  8.902001000018e-03  ,5.775381531341e-01  ,6.376192464135e+01  ,-1.013317082554e-03  
  8.902001884961e-03  ,1.095233605113e+00  ,6.376266850675e+01  ,-2.187956504427e-03  
  8.902003654846e-03  ,2.160396002119e+00  ,6.376415338944e+01  ,-4.505627232894e-03  
  8.902007194617e-03  ,4.413017039201e+00  ,6.376710623682e+01  ,-8.960515719682e-03  
  8.902010000020e-03  ,6.311253356979e+00  ,6.376943100685e+01  ,-1.232636944648e-02  
  8.902010707974e-03  ,6.403570783143e+00  ,6.376992245801e+01  ,-1.224680133124e-02  
  8.902012123957e-03  ,6.584332837730e+00  ,6.377089481008e+01  ,-1.198657790830e-02  
  8.902014955923e-03  ,6.936773646085e+00  ,6.377283965491e+01  ,-1.147327571309e-02  
  8.902020619854e-03  ,7.601012378462e+00  ,6.377673279151e+01  ,-1.050537380439e-02  
  8.902031947717e-03  ,8.774297589500e+00  ,6.378453152580e+01  ,-8.796149483800e-03  
  8.902043359026e-03  ,9.771861626801e+00  ,6.379240123935e+01  ,-7.342874846709e-03  
  8.902051398203e-03  ,9.973424654202e+00  ,4.108343729731e+01  ,9.861481906943e+00  
  8.902059072301e-03  ,1.000023021374e+01  ,1.071273202752e+01  ,9.861653481750e+00  
  8.902063390657e-03  ,1.018819015665e+01  ,3.399758800056e+00  ,9.862569798335e+00  
  8.902067483261e-03  ,1.046837944180e+01  ,2.663501315484e+00  ,9.863649566504e+00  
  8.902069804489e-03  ,1.062573372426e+01  ,2.745380131843e+00  ,9.864298683963e+00  
  8.902072735175e-03  ,1.081643996790e+01  ,2.800847671585e+00  ,9.865122037740e+00  
  8.902078596547e-03  ,1.117278608683e+01  ,2.810548739284e+00  ,9.866770562822e+00  
  8.902090319290e-03  ,1.179920124244e+01  ,2.805532060606e+00  ,9.870072179045e+00  
  8.902110137835e-03  ,1.264299865873e+01  ,2.804973419315e+00  ,9.875657706153e+00  
  8.902149774924e-03  ,1.373253899392e+01  ,2.807541747500e+00  ,9.886832889239e+00  
  8.902229049101e-03  ,1.477008287771e+01  ,2.813265000329e+00  ,9.909179911519e+00  
  8.902342882052e-03  ,1.515466809040e+01  ,2.822202197732e+00  ,9.941260486439e+00  
  8.902518572703e-03  ,1.514253764497e+01  ,2.836259129340e+00  ,9.990753761885e+00  
  8.902757515803e-03  ,1.495890851523e+01  ,2.855437685332e+00  ,1.005802614818e+01  
  8.903235402003e-03  ,1.502340583872e+01  ,2.893567875018e+00  ,1.019243397417e+01  
  8.903722252741e-03  ,1.500773814601e+01  ,2.932396040153e+00  ,1.032917592049e+01  
  8.904695954218e-03  ,1.499420488016e+01  ,3.009883897423e+00  ,1.060209332738e+01  
  8.906643357172e-03  ,1.500516300499e+01  ,3.164201594241e+00  ,1.114567108169e+01  
  8.910538163081e-03  ,1.500043489746e+01  ,3.470306455012e+00  ,1.222387016399e+01  
  8.912010000020e-03  ,1.499970739666e+01  ,3.585101588814e+00  ,1.262821756453e+01  
  8.912011000018e-03  ,1.442200473925e+01  ,3.585032413103e+00  ,1.262849170506e+01  
  8.912013000126e-03  ,1.321431515705e+01  ,3.584801319708e+00  ,1.262903994495e+01  
  8.912017000343e-03  ,1.067301291719e+01  ,3.584357353380e+00  ,1.263013672802e+01  
  8.912020000020e-03  ,8.648110980670e+00  ,3.584084735237e+00  ,1.263095911231e+01  
  8.912020800063e-03  ,8.544426991454e+00  ,3.584139244278e+00  ,1.263117840971e+01  
  8.912022400076e-03  ,8.339555575979e+00  ,3.584335063941e+00  ,1.263161710432e+01  
  8.912025600100e-03  ,7.944376600697e+00  ,3.584860984097e+00  ,1.263249446316e+01  
  8.912032000149e-03  ,7.208898452762e+00  ,3.585955533809e+00  ,1.263424894963e+01  
  8.912044800246e-03  ,5.933190002632e+00  ,3.588909988697e+00  ,1.263775778327e+01  
  8.912058725381e-03  ,4.792453435980e+00  ,3.598767761240e+00  ,1.264157397319e+01  
  8.912067642236e-03  ,4.356508373253e+00  ,1.398796016159e+01  ,1.264337559064e+01  
  8.912076012218e-03  ,4.341981611758e+00  ,4.351501442688e+01  ,1.264343619047e+01  
  8.912082290078e-03  ,4.134662800877e+00  ,5.282050298542e+01  ,3.880411372106e-02  
  8.912085560882e-03  ,3.936809172491e+00  ,5.284982795489e+01  ,-2.060155722949e-01  
  8.912087130347e-03  ,3.843941235091e+00  ,5.283150912047e+01  ,-4.140821878260e-03  
  8.912090269277e-03  ,3.665332570686e+00  ,5.283468392220e+01  ,1.014009818494e-02  
  8.912096547136e-03  ,3.332212422799e+00  ,5.284446337080e+01  ,5.649170743773e-03  
  8.912109102854e-03  ,2.753109064670e+00  ,5.286330252234e+01  ,4.426922525234e-03  
  8.912134214291e-03  ,1.872825081511e+00  ,5.290079386263e+01  ,3.517068687017e-03  
  8.912173511634e-03  ,9.863493502430e-01  ,5.295938414175e+01  ,2.038276161236e-03  
  8.912218113789e-03  ,4.424711501916e-01  ,5.302566090943e+01  ,1.243187437938e-03  
  8.912263621936e-03  ,1.762436984893e-01  ,5.309309128339e+01  ,8.536367697433e-04  
  8.912332739482e-03  ,5.623960482123e-02  ,5.319516739596e+01  ,6.761746788403e-04  
  8.912413825640e-03  ,4.608829522021e-03  ,5.331444586448e+01  ,5.979013284692e-04  
  8.912510134825e-03  ,-7.864318178179e-03  ,5.345546233271e+01  ,5.761328416859e-04  
  8.912702753195e-03  ,-5.376603727170e-03  ,5.373537269457e+01  ,5.725979980572e-04  
  8.912993480811e-03  ,4.390208021130e-03  ,5.415248735814e+01  ,5.761315513861e-04  
  8.913574936042e-03  ,-2.585729829677e-05  ,5.496722623155e+01  ,5.484951936278e-04  
  8.914478447089e-03  ,1.129819048437e-03  ,5.618111848766e+01  ,5.178275298158e-04  
  8.915734436164e-03  ,1.471848905085e-03  ,5.776200620726e+01  ,4.747938832715e-04  
  8.918246414313e-03  ,1.202911958306e-03  ,6.054678808023e+01  ,3.921380145644e-04  
  8.922000000020e-03  ,8.926227619797e-04  ,6.375960633813e+01  ,2.766255928003e-04  
  8.922001000018e-03  ,5.775380350008e-01  ,6.376044287430e+01  ,-1.013347550622e-03  
  8.922001884961e-03  ,1.095233487036e+00  ,6.376118665585e+01  ,-2.187986312398e-03  
  8.922003654846e-03  ,2.160395884159e+00  ,6.376267137101e+01  ,-4.505657206096e-03  
  8.922007194617e-03  ,4.413016921468e+00  ,6.376562388331e+01  ,-8.960545747683e-03  
  8.922010000020e-03  ,6.312036401062e+00  ,6.376794828608e+01  ,-1.232524351160e-02  
  8.922010707974e-03  ,6.404345507074e+00  ,6.376843967259e+01  ,-1.224570214060e-02  
  8.922012123957e-03  ,6.585091270303e+00  ,6.376941189253e+01  ,-1.198550331544e-02  
  8.922014955923e-03  ,6.937500314578e+00  ,6.377135647286e+01  ,-1.147224739467e-02  
  8.922020619854e-03  ,7.601679181775e+00  ,6.377524908010e+01  ,-1.050443278317e-02  
  8.922031947717e-03  ,8.774858649308e+00  ,6.378304675434e+01  ,-8.795362454098e-03  
  8.922043359026e-03  ,9.772332780159e+00  ,6.379091539938e+01  ,-7.342218766392e-03  
  8.922051398203e-03  ,9.973440633441e+00  ,4.105816300704e+01  ,9.860860641775e+00  
  8.922059073791e-03  ,1.000026258801e+01  ,1.068235848613e+01  ,9.861033523999e+00  
  8.922063388422e-03  ,1.018846800485e+01  ,3.397843915313e+00  ,9.861949685219e+00  
  8.922067476555e-03  ,1.046836035332e+01  ,2.663666016785e+00  ,9.863028982977e+00  
  8.922069798529e-03  ,1.062576258035e+01  ,2.745308668737e+00  ,9.863678303501e+00  
  8.922072731450e-03  ,1.081660858593e+01  ,2.800677247276e+00  ,9.864502285025e+00  
  8.922078597292e-03  ,1.117320070971e+01  ,2.810358099986e+00  ,9.866152081514e+00  
  8.922090328976e-03  ,1.179840393813e+01  ,2.799849391564e+00  ,9.869459587033e+00  
  8.922102573260e-03  ,1.234541432204e+01  ,2.804067878185e+00  ,9.872912025527e+00  
  8.922127061829e-03  ,1.317699880728e+01  ,2.806294126867e+00  ,9.879816555946e+00  
  8.922176038965e-03  ,1.416448550723e+01  ,2.808686918364e+00  ,9.893624418022e+00  
  8.922273993239e-03  ,1.497596467500e+01  ,2.816582614235e+00  ,9.921234852383e+00  
  8.922402286276e-03  ,1.499972525758e+01  ,2.826859566371e+00  ,9.957385622874e+00  
  8.922627377256e-03  ,1.500014157569e+01  ,2.844833593051e+00  ,1.002078059035e+01  
  8.922866701826e-03  ,1.500012515863e+01  ,2.863968786889e+00  ,1.008813991558e+01  
  8.923345350966e-03  ,1.500022023820e+01  ,2.902176768694e+00  ,1.022272136817e+01  
  8.924302649244e-03  ,1.500027370426e+01  ,2.978437073051e+00  ,1.049133649406e+01  
  8.926217245802e-03  ,1.500037385682e+01  ,3.130337499201e+00  ,1.102638223334e+01  
  8.930046438917e-03  ,1.500039517111e+01  ,3.431674767789e+00  ,1.208779603854e+01  
  8.932010000020e-03  ,1.499972713716e+01  ,3.584929782464e+00  ,1.262761232181e+01  
  8.932011000018e-03  ,1.442050203732e+01  ,3.584861087784e+00  ,1.262788646527e+01  
  8.932013000126e-03  ,1.321285670212e+01  ,3.584630172587e+00  ,1.262843470170e+01  
  8.932017000343e-03  ,1.067163984496e+01  ,3.584186265123e+00  ,1.262953149729e+01  
  8.932020000020e-03  ,8.646798991297e+00  ,3.583913643313e+00  ,1.263035388671e+01  
  8.932020800063e-03  ,8.543130732177e+00  ,3.583968166500e+00  ,1.263057318543e+01  
  8.932022400076e-03  ,8.338290398265e+00  ,3.584164011526e+00  ,1.263101188282e+01  
  8.932025600100e-03  ,7.943171376991e+00  ,3.584689990057e+00  ,1.263188924718e+01  
  8.932032000149e-03  ,7.207804812490e+00  ,3.585784729587e+00  ,1.263364374454e+01  
  8.932044800246e-03  ,5.932289921718e+00  ,3.588740313975e+00  ,1.263715259997e+01  
  8.932058725381e-03  ,4.791726680312e+00  ,3.598613323507e+00  ,1.264096881213e+01  
  8.932067643726e-03  ,4.356447850117e+00  ,1.402775672292e+01  ,1.264276758142e+01  
  8.932076013708e-03  ,4.342011172315e+00  ,4.356115345643e+01  ,1.264282533200e+01  
  8.932082286352e-03  ,4.134246556230e+00  ,5.282131334860e+01  ,3.610227285558e-02  
  8.932085557157e-03  ,3.936403153646e+00  ,5.285029002793e+01  ,-2.053111675177e-01  
  8.932087127926e-03  ,3.843470022197e+00  ,5.283203970431e+01  ,-4.091513958679e-03  
  8.932090269463e-03  ,3.664738288482e+00  ,5.283522470324e+01  ,1.012273712101e-02  
  8.932096552538e-03  ,3.331407459250e+00  ,5.284500947885e+01  ,5.646958400544e-03  
  8.932109118687e-03  ,2.752004905584e+00  ,5.286386232012e+01  ,4.426225461201e-03  
  8.932134250985e-03  ,1.871460161377e+00  ,5.290138153235e+01  ,3.514063300937e-03  
  8.932173518525e-03  ,9.861311242915e-01  ,5.295992187124e+01  ,2.037898575787e-03  
  8.932218120681e-03  ,4.424099518143e-01  ,5.302619258081e+01  ,1.243043500696e-03  
  8.932263628827e-03  ,1.762385496287e-01  ,5.309361679157e+01  ,8.535741694823e-04  
  8.932332758294e-03  ,5.622430719143e-02  ,5.319570113235e+01  ,6.760970372598e-04  
  8.932413856374e-03  ,4.598648073176e-03  ,5.331498607343e+01  ,5.978308975259e-04  
  8.932510177480e-03  ,-7.867599625411e-03  ,5.345600678527e+01  ,5.760722671342e-04  
  8.932702819692e-03  ,-5.375336378576e-03  ,5.373592516084e+01  ,5.725436638439e-04  
  8.932993547307e-03  ,4.389502535369e-03  ,5.415299949603e+01  ,5.760750874416e-04  
  8.933575002538e-03  ,-2.568238874337e-05  ,5.496765819538e+01  ,5.484414457604e-04  
  8.934478895055e-03  ,1.129712847175e-03  ,5.618192619454e+01  ,5.177619291806e-04  
  8.935734884130e-03  ,1.471624038974e-03  ,5.776260787455e+01  ,4.747314586687e-04  
  8.938246862279e-03  ,1.202750581884e-03  ,6.054698897214e+01  ,3.920814950837e-04  
  8.942000000020e-03  ,8.924656181789e-04  ,6.375892794380e+01  ,2.765895363155e-04  
  8.942001000018e-03  ,5.775378782608e-01  ,6.375976437228e+01  ,-1.013383293991e-03  
  8.942001884868e-03  ,1.095178206410e+00  ,6.376050798040e+01  ,-2.187899594830e-03  
  8.942003654567e-03  ,2.160224009098e+00  ,6.376199234939e+01  ,-4.505332967522e-03  
  8.942007193965e-03  ,4.412586735939e+00  ,6.376494417283e+01  ,-8.959783647519e-03  
  8.942010000020e-03  ,6.311252504740e+00  ,6.376726891700e+01  ,-1.232643658311e-02  
  8.942010707900e-03  ,6.403560325168e+00  ,6.376776017358e+01  ,-1.224688311021e-02  
  8.942012123696e-03  ,6.584299315983e+00  ,6.376873211073e+01  ,-1.198669369026e-02  
  8.942014955289e-03  ,6.936696320868e+00  ,6.377067612551e+01  ,-1.147345530109e-02  
  8.942020618476e-03  ,7.600857623181e+00  ,6.377456760135e+01  ,-1.050566623387e-02  
  8.942031944848e-03  ,8.774024569316e+00  ,6.378236301229e+01  ,-8.796614095130e-03  
  8.942043354667e-03  ,9.771510901627e+00  ,6.379022938347e+01  ,-7.343452635473e-03  
  8.942051392354e-03  ,9.973401211351e+00  ,4.110477358991e+01  ,9.860255293873e+00  
  8.942059064962e-03  ,1.000019043165e+01  ,1.073911568438e+01  ,9.860425675344e+00  
  8.942063385553e-03  ,1.018786072215e+01  ,3.401149364191e+00  ,9.861342085252e+00  
  8.942067482628e-03  ,1.046835004764e+01  ,2.662777628372e+00  ,9.862422317630e+00  
  8.942069803484e-03  ,1.062568298884e+01  ,2.744912561400e+00  ,9.863071349037e+00  
  8.942072731562e-03  ,1.081622689669e+01  ,2.800487943835e+00  ,9.863893988527e+00  
  8.942078587718e-03  ,1.117228743708e+01  ,2.810215762808e+00  ,9.865541064535e+00  
  8.942090300031e-03  ,1.179826926978e+01  ,2.805187083284e+00  ,9.868839780450e+00  
  8.942110082812e-03  ,1.263362734195e+01  ,2.803818368408e+00  ,9.874417588576e+00  
  8.942149648376e-03  ,1.372599400702e+01  ,2.807954892956e+00  ,9.885572789455e+00  
  8.942228779502e-03  ,1.476740605932e+01  ,2.812920506420e+00  ,9.907879749958e+00  
  8.942346224494e-03  ,1.516337111231e+01  ,2.822115521555e+00  ,9.940978538258e+00  
  8.942518815703e-03  ,1.497820631822e+01  ,2.836006105484e+00  ,9.989599103091e+00  
  8.942675289817e-03  ,1.497093904431e+01  ,2.848514399183e+00  ,1.003365868273e+01  
  8.942988238044e-03  ,1.501190907313e+01  ,2.873496856944e+00  ,1.012171918329e+01  
  8.943614134498e-03  ,1.499232698431e+01  ,2.923440088552e+00  ,1.029760581454e+01  
  8.944711432166e-03  ,1.499816722847e+01  ,3.010767032993e+00  ,1.060521027477e+01  
  8.946906027503e-03  ,1.500018752214e+01  ,3.184611911357e+00  ,1.121755508198e+01  
  8.951295218177e-03  ,1.499992904424e+01  ,3.529073134452e+00  ,1.243086597245e+01  
  8.952010000020e-03  ,1.500001335778e+01  ,3.584763003139e+00  ,1.262702523338e+01  
  8.952011000018e-03  ,1.442322996862e+01  ,3.584693481906e+00  ,1.262729937704e+01  
  8.952013000126e-03  ,1.321550430976e+01  ,3.584462261867e+00  ,1.262784762528e+01  
  8.952017000343e-03  ,1.067413245295e+01  ,3.584018248015e+00  ,1.262894442063e+01  
  8.952020000020e-03  ,8.649180712256e+00  ,3.583745622164e+00  ,1.262976681509e+01  
  8.952020800063e-03  ,8.545483897391e+00  ,3.583800113305e+00  ,1.262998611523e+01  
  8.952022400076e-03  ,8.340587139337e+00  ,3.583995900234e+00  ,1.263042481523e+01  
  8.952025600100e-03  ,7.945359280151e+00  ,3.584521753736e+00  ,1.263130218488e+01  
  8.952032000149e-03  ,7.209790151703e+00  ,3.585616099270e+00  ,1.263305669312e+01  
  8.952044800246e-03  ,5.933923879403e+00  ,3.588569420958e+00  ,1.263656557028e+01  
  8.952058726871e-03  ,4.792934996768e+00  ,3.598416416978e+00  ,1.264038221699e+01  
  8.952067645216e-03  ,4.356528269958e+00  ,1.396975375401e+01  ,1.264218562238e+01  
  8.952076016689e-03  ,4.341957000497e+00  ,4.349901566454e+01  ,1.264224730525e+01  
  8.952082296038e-03  ,4.134786511530e+00  ,5.281892728027e+01  ,3.970591314663e-02  
  8.952085567215e-03  ,3.936908191608e+00  ,5.284836983665e+01  ,-2.062658002449e-01  
  8.952087136308e-03  ,3.844059186426e+00  ,5.283002627943e+01  ,-4.157552139585e-03  
  8.952090274492e-03  ,3.665486452693e+00  ,5.283319703957e+01  ,1.014593620013e-02  
  8.952096550861e-03  ,3.332427946423e+00  ,5.284297351850e+01  ,5.649741033620e-03  
  8.952109103600e-03  ,2.753412586833e+00  ,5.286180566271e+01  ,4.426969898229e-03  
  8.952134209076e-03  ,1.873206955467e+00  ,5.289928282262e+01  ,3.517873956961e-03  
  8.952173518339e-03  ,9.863465339862e-01  ,5.295788273846e+01  ,2.038201575727e-03  
  8.952218120495e-03  ,4.424533082436e-01  ,5.302415022221e+01  ,1.243089602415e-03  
  8.952263628641e-03  ,1.762278612266e-01  ,5.309157113621e+01  ,8.535421999042e-04  
  8.952332734266e-03  ,5.624806887849e-02  ,5.319361533880e+01  ,6.761162627632e-04  
  8.952413820425e-03  ,4.612870664251e-03  ,5.331287710602e+01  ,5.978368244623e-04  
  8.952510105768e-03  ,-7.860724570553e-03  ,5.345383898406e+01  ,5.760689928378e-04  
  8.952702676455e-03  ,-5.376700724348e-03  ,5.373364142581e+01  ,5.725313632650e-04  
  8.952993356386e-03  ,4.389422470491e-03  ,5.415063096595e+01  ,5.760668520163e-04  
  8.953574716249e-03  ,-2.559251919681e-05  ,5.496512797421e+01  ,5.484378066517e-04  
  8.954477941195e-03  ,1.129685993932e-03  ,5.617848655345e+01  ,5.177831207283e-04  
  8.955733930269e-03  ,1.471687319822e-03  ,5.775919213532e+01  ,4.747533548094e-04  
  8.958245908419e-03  ,1.202763691456e-03  ,6.054365043100e+01  ,3.921046109085e-04  
  8.962000000020e-03  ,8.924775487757e-04  ,6.375644518667e+01  ,2.765869272169e-04  
  8.962001000018e-03  ,5.775378896873e-01  ,6.375728159773e+01  ,-1.013385285666e-03  
  8.962001884868e-03  ,1.095178217439e+00  ,6.375802519036e+01  ,-2.187900023329e-03  
  8.962003654567e-03  ,2.160224019354e+00  ,6.375950952871e+01  ,-4.505333784035e-03  
  8.962007193965e-03  ,4.412586744708e+00  ,6.376246129083e+01  ,-8.959784578894e-03  
  8.962010000020e-03  ,6.311252511184e+00  ,6.376478598642e+01  ,-1.232643754314e-02  
  8.962010707900e-03  ,6.403560331323e+00  ,6.376527723077e+01  ,-1.224688506071e-02  
  8.962012123696e-03  ,6.584299321569e+00  ,6.376624914327e+01  ,-1.198669575021e-02  
  8.962014955289e-03  ,6.936696325345e+00  ,6.376819310874e+01  ,-1.147345736262e-02  
  8.962020618476e-03  ,7.600857625571e+00  ,6.377208448610e+01  ,-1.050566827157e-02  
  8.962031944848e-03  ,8.774024568027e+00  ,6.377987970062e+01  ,-8.796616110864e-03  
  8.962043354667e-03  ,9.771510897224e+00  ,6.378774587466e+01  ,-7.343454625660e-03  
  8.962051392354e-03  ,9.973400409864e+00  ,4.110220752241e+01  ,9.859911904053e+00  
  8.962059064962e-03  ,1.000019178492e+01  ,1.073669642416e+01  ,9.860082466224e+00  
  8.962063384808e-03  ,1.018784964147e+01  ,3.401000220738e+00  ,9.860998780711e+00  
  8.962067481883e-03  ,1.046834026460e+01  ,2.662667089551e+00  ,9.862079019119e+00  
  8.962069802738e-03  ,1.062567368825e+01  ,2.744812223697e+00  ,9.862728054165e+00  
  8.962072730817e-03  ,1.081621805086e+01  ,2.800390754639e+00  ,9.863550697342e+00  
  8.962078586973e-03  ,1.117227936025e+01  ,2.810118697293e+00  ,9.865197779632e+00  
  8.962090299286e-03  ,1.179826252231e+01  ,2.805089634711e+00  ,9.868496507408e+00  
  8.962110079087e-03  ,1.263351292123e+01  ,2.803720723877e+00  ,9.874073494536e+00  
  8.962149638690e-03  ,1.372580581383e+01  ,2.807856858648e+00  ,9.885227053620e+00  
  8.962228757895e-03  ,1.476724766002e+01  ,2.812821494675e+00  ,9.907530731592e+00  
  8.962346202887e-03  ,1.516335755384e+01  ,2.822016473467e+00  ,9.940629636197e+00  
  8.962518770255e-03  ,1.497821921068e+01  ,2.835905188792e+00  ,9.989243657093e+00  
  8.962675244368e-03  ,1.497094264698e+01  ,2.848413530410e+00  ,1.003330339460e+01  
  8.962988192595e-03  ,1.501190760671e+01  ,2.873396080253e+00  ,1.012136421069e+01  
  8.963614089049e-03  ,1.499232794070e+01  ,2.923339489598e+00  ,1.029725147218e+01  
  8.964711386718e-03  ,1.499816746225e+01  ,3.010666747316e+00  ,1.060485703451e+01  
  8.966905982055e-03  ,1.500018750591e+01  ,3.184512248712e+00  ,1.121720403576e+01  
  8.971295172728e-03  ,1.499992905991e+01  ,3.528974706033e+00  ,1.243051927352e+01  
  8.972010000020e-03  ,1.500001335999e+01  ,3.584668311684e+00  ,1.262669169731e+01  
  8.972011000018e-03  ,1.442322998621e+01  ,3.584598791274e+00  ,1.262696584192e+01  
  8.972013000126e-03  ,1.321550432684e+01  ,3.584367571785e+00  ,1.262751409205e+01  
  8.972017000343e-03  ,1.067413246901e+01  ,3.583923557215e+00  ,1.262861089118e+01  
  8.972020000020e-03  ,8.649180727557e+00  ,3.583650929328e+00  ,1.262943328849e+01  
  8.972020800063e-03  ,8.545483912488e+00  ,3.583705419190e+00  ,1.262965258938e+01  
  8.972022400076e-03  ,8.340587154031e+00  ,3.583901203717e+00  ,1.263009129090e+01  
  8.972025600100e-03  ,7.945359294077e+00  ,3.584427053442e+00  ,1.263096866358e+01  
  8.972032000149e-03  ,7.209790164154e+00  ,3.585521389167e+00  ,1.263272317788e+01  
  8.972044800246e-03  ,5.933923888922e+00  ,3.588474668627e+00  ,1.263623206717e+01  
  8.972058726871e-03  ,4.792935000385e+00  ,3.598321415676e+00  ,1.264004872710e+01  
  8.972067645216e-03  ,4.356526204319e+00  ,1.396953422684e+01  ,1.264185215778e+01  
  8.972076016689e-03  ,4.341954951948e+00  ,4.349877996796e+01  ,1.264191384664e+01  
  8.972082296038e-03  ,4.134753516428e+00  ,5.281690655096e+01  ,3.954587598498e-02  
  8.972085567215e-03  ,3.936876248106e+00  ,5.284632926342e+01  ,-2.062320013089e-01  
  8.972087136494e-03  ,3.844017217696e+00  ,5.282798908899e+01  ,-4.154736638254e-03  
  8.972090275051e-03  ,3.665425730910e+00  ,5.283116072013e+01  ,1.014482736769e-02  
  8.972096552165e-03  ,3.332334939805e+00  ,5.284093805773e+01  ,5.649539224772e-03  
  8.972109106393e-03  ,2.751677962416e+00  ,5.285972345352e+01  ,4.594368500786e-03  
  8.972134214850e-03  ,1.862074040188e+00  ,5.289721689776e+01  ,3.314521250710e-03  
  8.972175371857e-03  ,9.415132234512e-01  ,5.295853074924e+01  ,1.972073409835e-03  
  8.972221362801e-03  ,4.554972082061e-01  ,5.302684204787e+01  ,1.262074121541e-03  
  8.972269457789e-03  ,1.918289285292e-01  ,5.309807562279e+01  ,8.760621514751e-04  
  8.972324359627e-03  ,8.008778436972e-02  ,5.317915226310e+01  ,7.111735851823e-04  
  8.972413051339e-03  ,6.894736049887e-03  ,5.330963144337e+01  ,6.011952729374e-04  
  8.972507846566e-03  ,2.597083963669e-03  ,5.344842001632e+01  ,5.914017202536e-04  
  8.972697437020e-03  ,7.899523247712e-04  ,5.372394356151e+01  ,5.817163255183e-04  
  8.972919047089e-03  ,1.962518893294e-03  ,5.404252242541e+01  ,5.752712033539e-04  
  8.973362267228e-03  ,1.917702779375e-03  ,5.466836732355e+01  ,5.589511653468e-04  
  8.974248707505e-03  ,1.421566423515e-03  ,5.587446791313e+01  ,5.264924752905e-04  
  8.976021588059e-03  ,1.581514152727e-03  ,5.810163135297e+01  ,4.652487599612e-04  
  8.979567349167e-03  ,9.468683365454e-04  ,6.180219483279e+01  ,3.495157353950e-04  
  8.982000000020e-03  ,1.006257551953e-03  ,6.375413203324e+01  ,2.786965463370e-04  
  8.982001000018e-03  ,5.776500139275e-01  ,6.375496843927e+01  ,-1.012336206578e-03  
  8.982001884774e-03  ,1.095233728501e+00  ,6.375571198356e+01  ,-2.187999186182e-03  
  8.982003654287e-03  ,2.160160004732e+00  ,6.375719593485e+01  ,-4.504899887623e-03  
  8.982007193313e-03  ,4.412258786231e+00  ,6.376014698252e+01  ,-8.958868812769e-03  
  8.982010000020e-03  ,6.312133300281e+00  ,6.376247179711e+01  ,-1.232517744848e-02  
  8.982010707825e-03  ,6.404422151081e+00  ,6.376296291212e+01  ,-1.224566566902e-02  
  8.982012123435e-03  ,6.587039065492e+00  ,6.376393467412e+01  ,-1.198570160832e-02  
  8.982014954656e-03  ,6.940805185142e+00  ,6.376587764801e+01  ,-1.146750983752e-02  
  8.982020617097e-03  ,7.604544331324e+00  ,6.376976790525e+01  ,-1.050040285370e-02  
  8.982031941980e-03  ,8.776984079715e+00  ,6.377756086839e+01  ,-8.792315676514e-03  
  8.982043351799e-03  ,9.773995293302e+00  ,6.378542581184e+01  ,-7.339869722155e-03  
  8.982051390975e-03  ,9.973499794302e+00  ,4.096904841681e+01  ,9.859116421266e+00  
  8.982059066564e-03  ,1.000035316287e+01  ,1.059548379788e+01  ,9.859292912708e+00  
  8.982063370764e-03  ,1.018927575713e+01  ,3.392265797017e+00  ,9.860209051195e+00  
  8.982067442506e-03  ,1.046807589334e+01  ,2.664348339925e+00  ,9.861286136163e+00  
  8.982069765225e-03  ,1.062552954659e+01  ,2.745137692699e+00  ,9.861935656109e+00  
  8.982072703734e-03  ,1.081673752245e+01  ,2.800189254262e+00  ,9.862761207759e+00  
  8.982078580752e-03  ,1.117396947220e+01  ,2.809819258956e+00  ,9.864414188481e+00  
  8.982090334788e-03  ,1.180014150152e+01  ,2.799387902254e+00  ,9.867728056580e+00  
  8.982102637186e-03  ,1.234924528921e+01  ,2.803581540364e+00  ,9.871196940527e+00  
  8.982127241984e-03  ,1.318295106377e+01  ,2.805807849161e+00  ,9.878134360950e+00  
  8.982176451578e-03  ,1.417061569386e+01  ,2.808228858408e+00  ,9.892007991352e+00  
  8.982274870768e-03  ,1.497932725661e+01  ,2.816159721659e+00  ,9.919749907419e+00  
  8.982403235331e-03  ,1.499977713963e+01  ,2.826443682261e+00  ,9.955921370924e+00  
  8.982629327669e-03  ,1.500012860241e+01  ,2.844498358392e+00  ,1.001959921181e+01  
  8.982869129076e-03  ,1.500011421078e+01  ,2.863671714648e+00  ,1.008709350379e+01  
  8.983348731890e-03  ,1.500019410782e+01  ,2.901956180627e+00  ,1.022194434180e+01  
  8.984307937517e-03  ,1.500023894356e+01  ,2.978368826238e+00  ,1.049109605015e+01  
  8.986226348772e-03  ,1.500032299350e+01  ,3.130571460340e+00  ,1.102720624040e+01  
  8.990063171282e-03  ,1.500034068176e+01  ,3.432503336798e+00  ,1.209071445332e+01  
  8.992010000020e-03  ,1.499977506788e+01  ,3.584451383314e+00  ,1.262592731679e+01  
  8.992011000018e-03  ,1.442098543882e+01  ,3.584382549303e+00  ,1.262620146467e+01  
  8.992013000126e-03  ,1.321332586992e+01  ,3.584151583991e+00  ,1.262674971279e+01  
  8.992017000343e-03  ,1.067208154604e+01  ,3.583707654912e+00  ,1.262784652577e+01  
  8.992020000020e-03  ,8.647221042502e+00  ,3.583435022255e+00  ,1.262866892955e+01  
  8.992020800063e-03  ,8.543547723084e+00  ,3.583489533793e+00  ,1.262888823212e+01  
  8.992022400076e-03  ,8.338697390383e+00  ,3.583685357200e+00  ,1.262932693715e+01  
  8.992025600100e-03  ,7.943559082230e+00  ,3.584211295623e+00  ,1.263020431681e+01  
  8.992032000149e-03  ,7.208156621703e+00  ,3.585305918760e+00  ,1.263195884483e+01  
  8.992044800246e-03  ,5.932579461402e+00  ,3.588260901422e+00  ,1.263546776159e+01  
  8.992058725381e-03  ,4.791960441336e+00  ,3.598127598302e+00  ,1.263928404108e+01  
  8.992067642236e-03  ,4.356459944771e+00  ,1.400998646898e+01  ,1.264108395500e+01  
  8.992076012218e-03  ,4.341987822123e+00  ,4.354079182158e+01  ,1.264114295006e+01  
  8.992082286352e-03  ,4.134393369814e+00  ,5.281668503318e+01  ,3.706554781321e-02  
  8.992085556785e-03  ,3.936568324044e+00  ,5.284578495208e+01  ,-2.055654436584e-01  
  8.992088120157e-03  ,3.786362698697e+00  ,5.282868068703e+01  ,-1.701834076354e-03  
  8.992090896243e-03  ,3.630346447840e+00  ,5.283179978116e+01  ,7.836318396762e-03  
  8.992096448416e-03  ,3.337035541047e+00  ,5.284026735728e+01  ,5.599748090821e-03  
  8.992107552761e-03  ,2.818924472506e+00  ,5.285691909933e+01  ,4.578544568454e-03  
  8.992129761452e-03  ,2.006754377068e+00  ,5.289008461391e+01  ,3.656775972302e-03  
  8.992174178833e-03  ,9.668972940739e-01  ,5.295629505704e+01  ,2.009607525049e-03  
  8.992217463726e-03  ,4.395859084779e-01  ,5.302059807281e+01  ,1.238933633486e-03  
  8.992265058035e-03  ,1.636221369584e-01  ,5.309109999806e+01  ,8.350692378023e-04  
  8.992331231112e-03  ,5.545678428287e-02  ,5.318880216805e+01  ,6.749704499486e-04  
  8.992415166372e-03  ,1.368883319665e-02  ,5.331223955350e+01  ,6.109640843195e-04  
  8.992508459562e-03  ,-3.616246665502e-04  ,5.344880686364e+01  ,5.870093905358e-04  
  8.992695045942e-03  ,-3.208028638056e-03  ,5.371995034666e+01  ,5.759267061046e-04  
  8.993065071577e-03  ,6.254957984011e-05  ,5.424978933001e+01  ,5.670387522230e-04  
  8.993717670912e-03  ,2.738869324867e-03  ,5.515858178418e+01  ,5.473143378809e-04  
  8.995022869581e-03  ,6.331027263872e-04  ,5.687667623389e+01  ,4.980461330386e-04  
  8.997633266920e-03  ,2.080642632830e-03  ,5.990785234918e+01  ,4.125360583277e-04  
  9.002000000020e-03  ,1.223214425316e-04  ,6.375329535644e+01  ,2.753225915217e-04  
  9.002001000018e-03  ,5.767792128619e-01  ,6.375413209484e+01  ,-1.015053165225e-03  
  9.002001885426e-03  ,1.094760381780e+00  ,6.375487631376e+01  ,-2.189370403508e-03  
  9.002003656243e-03  ,2.160525599771e+00  ,6.375636211128e+01  ,-4.508417392230e-03  
  9.002007197877e-03  ,4.414476396117e+00  ,6.375931673040e+01  ,-8.965477601023e-03  
  9.002010000020e-03  ,6.310594156121e+00  ,6.376163898641e+01  ,-1.232729104751e-02  
  9.002010708347e-03  ,6.402966651646e+00  ,6.376213073797e+01  ,-1.224764132153e-02  
  9.002012125075e-03  ,6.583834528376e+00  ,6.376310368541e+01  ,-1.198727062856e-02  
  9.002014958530e-03  ,6.936477002303e+00  ,6.376504974571e+01  ,-1.147367389206e-02  
  9.002020625442e-03  ,7.600254884925e+00  ,6.376894536261e+01  ,-1.050651413338e-02  
  9.002031959265e-03  ,8.773582891178e+00  ,6.377674896707e+01  ,-8.797154263963e-03  
  9.002044029206e-03  ,9.824004832694e+00  ,6.378507408582e+01  ,-7.266873543464e-03  
  9.002052573532e-03  ,9.976790060543e+00  ,3.628530802936e+01  ,9.861025658179e+00  
  9.002060714036e-03  ,1.001058163661e+01  ,4.463771873265e+00  ,9.862091508425e+00  
  9.002064623356e-03  ,1.027359704494e+01  ,2.829824481000e+00  ,9.862551265199e+00  
  9.002066732987e-03  ,1.042116054307e+01  ,2.762235913989e+00  ,9.863134267615e+00  
  9.002069399178e-03  ,1.060269333612e+01  ,2.788910954193e+00  ,9.863877118099e+00  
  9.002074668973e-03  ,1.094094482507e+01  ,2.818073101493e+00  ,9.865327832979e+00  
  9.002083804875e-03  ,1.146771319987e+01  ,2.807541031050e+00  ,9.867939296177e+00  
  9.002102076679e-03  ,1.233271327340e+01  ,2.804409964436e+00  ,9.873090949850e+00  
  9.002138620287e-03  ,1.349033651257e+01  ,2.806850899628e+00  ,9.883394200044e+00  
  9.002211707502e-03  ,1.464955963390e+01  ,2.811853048426e+00  ,9.903997945817e+00  
  9.002321141630e-03  ,1.514733394747e+01  ,2.820381921705e+00  ,9.934840584459e+00  
  9.002481907278e-03  ,1.516616779174e+01  ,2.833233870390e+00  ,9.980133252789e+00  
  9.002704041868e-03  ,1.495769409758e+01  ,2.851081877009e+00  ,1.004268152638e+01  
  9.003118890196e-03  ,1.502198247076e+01  ,2.884186704164e+00  ,1.015938813201e+01  
  9.003521483808e-03  ,1.500840564543e+01  ,2.916309898444e+00  ,1.027251594042e+01  
  9.004326671034e-03  ,1.499405490131e+01  ,2.980440673057e+00  ,1.049838411567e+01  
  9.005937045485e-03  ,1.500514690409e+01  ,3.108245686039e+00  ,1.094857487070e+01  
  9.009157794386e-03  ,1.500051515751e+01  ,3.362124301560e+00  ,1.184281542194e+01  
  9.012010000020e-03  ,1.499960475171e+01  ,3.585018829669e+00  ,1.262792576499e+01  
  9.012011000018e-03  ,1.441979243201e+01  ,3.584950327379e+00  ,1.262819990720e+01  
  9.012013000126e-03  ,1.321216799097e+01  ,3.584719482495e+00  ,1.262874814391e+01  
  9.012017000343e-03  ,1.067099145322e+01  ,3.584275601475e+00  ,1.262984493422e+01  
  9.012020000020e-03  ,8.646179444149e+00  ,3.584002981022e+00  ,1.263066732096e+01  
  9.012020800063e-03  ,8.542518613127e+00  ,3.584057513313e+00  ,1.263088661895e+01  
  9.012022400076e-03  ,8.337692956614e+00  ,3.584253374735e+00  ,1.263132531493e+01  
  9.012025600100e-03  ,7.942602246926e+00  ,3.584779387619e+00  ,1.263220267646e+01  
  9.012032000149e-03  ,7.207288374625e+00  ,3.585874234518e+00  ,1.263395716807e+01  
  9.012044800246e-03  ,5.931864887607e+00  ,3.588830428778e+00  ,1.263746601200e+01  
  9.012058725381e-03  ,4.791383501059e+00  ,3.598711099181e+00  ,1.264128221091e+01  
  9.012067642236e-03  ,4.356432289721e+00  ,1.403884328989e+01  ,1.264307977254e+01  
  9.012076010728e-03  ,4.342024533770e+00  ,4.356888168489e+01  ,1.264313692174e+01  
  9.012082281137e-03  ,4.134191630002e+00  ,5.281692042418e+01  ,3.550067443753e-02  
  9.012085551197e-03  ,3.936392532113e+00  ,5.284581829742e+01  ,-2.051459315999e-01  
  9.012088115687e-03  ,3.786130058340e+00  ,5.282875693511e+01  ,-1.676738554677e-03  
  9.012090892145e-03  ,3.630102826060e+00  ,5.283188073321e+01  ,7.831435854012e-03  
  9.012096445063e-03  ,3.336773705726e+00  ,5.284035119030e+01  ,5.599110176918e-03  
  9.012107550899e-03  ,2.817522501486e+00  ,5.285696741427e+01  ,4.699532365683e-03  
  9.012129762569e-03  ,1.998506770526e+00  ,5.289014929796e+01  ,3.513740348387e-03  
  9.012174185911e-03  ,9.570865031276e-01  ,5.295635431171e+01  ,1.994905329186e-03  
  9.012219574848e-03  ,4.678275720223e-01  ,5.302378941658e+01  ,1.280218754242e-03  
  9.012268343369e-03  ,2.161661916014e-01  ,5.309603639843e+01  ,9.116804228875e-04  
  9.012322410742e-03  ,9.147532128213e-02  ,5.317590273415e+01  ,7.279307961798e-04  
  9.012414082685e-03  ,1.789418791228e-02  ,5.331079273954e+01  ,6.172969147291e-04  
  9.012525626818e-03  ,-5.697546969581e-03  ,5.347405399026e+01  ,5.787457201020e-04  
  9.012711998621e-03  ,-6.517560371603e-03  ,5.374471741961e+01  ,5.706271263763e-04  
  9.013028952280e-03  ,-5.130832557929e-04  ,5.419892290771e+01  ,5.676832630289e-04  
  9.013597342173e-03  ,3.045230321062e-03  ,5.499410791902e+01  ,5.522397784505e-04  
  9.014734121958e-03  ,4.539582692150e-04  ,5.650915862048e+01  ,5.080053728025e-04  
  9.017007681528e-03  ,2.313515650282e-03  ,5.923299808572e+01  ,4.334982993361e-04  
  9.021554800669e-03  ,-2.767196778701e-05  ,6.343520383520e+01  ,2.878080601798e-04  
  9.022000000020e-03  ,1.378562513113e-03  ,6.375687814582e+01  ,2.806601656195e-04  
  9.022001000018e-03  ,5.780168006574e-01  ,6.375771535150e+01  ,-1.010916623554e-03  
  9.022001884495e-03  ,1.095430284840e+00  ,6.375845940929e+01  ,-2.187089137292e-03  
  9.022003653449e-03  ,2.159997233905e+00  ,6.375994418999e+01  ,-4.503085692175e-03  
  9.022007191357e-03  ,4.411302754258e+00  ,6.376289694547e+01  ,-8.955731795220e-03  
  9.022010000020e-03  ,6.311668093889e+00  ,6.376522557507e+01  ,-1.232561345216e-02  
  9.022010707602e-03  ,6.403933059546e+00  ,6.376571706233e+01  ,-1.224612504423e-02  
  9.022012122839e-03  ,6.584594397243e+00  ,6.376668948810e+01  ,-1.198604650766e-02  
  9.022014953315e-03  ,6.936843489681e+00  ,6.376863446979e+01  ,-1.147302390513e-02  
  9.022020614266e-03  ,7.600741392566e+00  ,6.377252788357e+01  ,-1.050562025663e-02  
  9.022031936168e-03  ,8.773498568247e+00  ,6.378032715982e+01  ,-8.797164885829e-03  
  9.022043340027e-03  ,9.770584594273e+00  ,6.378819640592e+01  ,-7.344585653134e-03  
  9.022051371753e-03  ,9.973366397671e+00  ,4.117619866828e+01  ,9.863078797219e+00  
  9.022059039890e-03  ,1.000010176183e+01  ,1.082552702368e+01  ,9.863245112607e+00  
  9.022063367188e-03  ,1.018680856752e+01  ,3.407470376708e+00  ,9.864161851109e+00  
  9.022067477673e-03  ,1.046819767010e+01  ,2.662397413246e+00  ,9.865243238089e+00  
  9.022069795921e-03  ,1.062537052915e+01  ,2.745348675938e+00  ,9.865891564781e+00  
  9.022072716176e-03  ,1.081543445764e+01  ,2.801268842975e+00  ,9.866712007014e+00  
  9.022078556686e-03  ,1.117065080040e+01  ,2.811067853436e+00  ,9.868354626905e+00  
  9.022090237707e-03  ,1.179535431864e+01  ,2.805998834824e+00  ,9.871644425073e+00  
  9.022109910220e-03  ,1.262741714133e+01  ,2.804603295170e+00  ,9.877190984946e+00  
  9.022149255246e-03  ,1.371794878927e+01  ,2.808737074691e+00  ,9.888283699394e+00  
  9.022227945298e-03  ,1.476131832389e+01  ,2.813657821258e+00  ,9.910465726579e+00  
  9.022345366448e-03  ,1.516294575105e+01  ,2.822847644939e+00  ,9.943556932732e+00  
  9.022517194718e-03  ,1.497861769691e+01  ,2.836676636214e+00  ,9.991961365280e+00  
  9.022673454255e-03  ,1.497107100687e+01  ,2.849167546745e+00  ,1.003595949076e+01  
  9.022985973328e-03  ,1.501183875180e+01  ,2.874115242696e+00  ,1.012389724487e+01  
  9.023611011475e-03  ,1.499237748037e+01  ,2.923988910762e+00  ,1.029953903133e+01  
  9.024705257386e-03  ,1.499817676223e+01  ,3.011071669392e+00  ,1.060628332372e+01  
  9.026893749207e-03  ,1.500018676418e+01  ,3.184432666925e+00  ,1.121692372062e+01  
  9.031270732850e-03  ,1.499992978140e+01  ,3.527944018050e+00  ,1.242688883559e+01  
  9.032010000020e-03  ,1.500001367811e+01  ,3.585541959801e+00  ,1.262976898767e+01  
  9.032011000018e-03  ,1.442322924834e+01  ,3.585472431868e+00  ,1.263004312355e+01  
  9.032013000126e-03  ,1.321550361068e+01  ,3.585241207325e+00  ,1.263059135611e+01  
  9.032017000343e-03  ,1.067413179499e+01  ,3.584797199362e+00  ,1.263168812038e+01  
  9.032020000020e-03  ,8.649180083909e+00  ,3.584524590308e+00  ,1.263251049148e+01  
  9.032020800063e-03  ,8.545483276747e+00  ,3.584579091963e+00  ,1.263272978538e+01  
  9.032022400076e-03  ,8.340586533907e+00  ,3.584774898656e+00  ,1.263316847292e+01  
  9.032025600100e-03  ,7.945358704013e+00  ,3.585300783252e+00  ,1.263404581765e+01  
  9.032032000149e-03  ,7.209789630427e+00  ,3.586395209559e+00  ,1.263580027602e+01  
  9.032044800246e-03  ,5.933923456380e+00  ,3.589348879087e+00  ,1.263930905343e+01  
  9.032058726871e-03  ,4.792934688685e+00  ,3.599197929258e+00  ,1.264312559141e+01  
  9.032067645216e-03  ,4.356545242356e+00  ,1.397157288113e+01  ,1.264492878235e+01  
  9.032076016689e-03  ,4.341973862613e+00  ,4.350096994279e+01  ,1.264499034336e+01  
  9.032082296038e-03  ,4.134747410337e+00  ,5.281733790860e+01  ,3.942040483261e-02  
  9.032085567215e-03  ,3.936870054326e+00  ,5.284674576547e+01  ,-2.061949814472e-01  
  9.032087136494e-03  ,3.844011246147e+00  ,5.282841015614e+01  ,-4.152223546330e-03  
  9.032090275051e-03  ,3.665420069248e+00  ,5.283158400903e+01  ,1.014433829591e-02  
  9.032096552165e-03  ,3.332329851078e+00  ,5.284136510929e+01  ,5.649728577663e-03  
  9.032109106393e-03  ,2.751673883321e+00  ,5.286015818095e+01  ,4.594599551330e-03  
  9.032134214850e-03  ,1.862071513967e+00  ,5.289766699089e+01  ,3.314751548630e-03  
  9.032175371857e-03  ,9.415123076980e-01  ,5.295900601844e+01  ,1.972305443347e-03  
  9.032221362801e-03  ,4.554971454147e-01  ,5.302734542828e+01  ,1.262306846053e-03  
  9.032269457789e-03  ,1.918293280917e-01  ,5.309860836943e+01  ,8.762949557309e-04  
  9.032324359627e-03  ,8.008837929683e-02  ,5.317971849299e+01  ,7.114060113007e-04  
  9.032413051339e-03  ,6.895458053986e-03  ,5.331025167538e+01  ,6.014268016701e-04  
  9.032507846566e-03  ,2.597811911177e-03  ,5.344909784484e+01  ,5.916321257332e-04  
  9.032697437020e-03  ,7.906801985729e-04  ,5.372473620097e+01  ,5.819444561379e-04  
  9.032919047089e-03  ,1.963240859860e-03  ,5.404344861498e+01  ,5.754967396637e-04  
  9.033362267228e-03  ,1.918416972280e-03  ,5.466955845808e+01  ,5.591715572110e-04  
  9.034248707505e-03  ,1.422265158590e-03  ,5.587618006344e+01  ,5.267031357632e-04  
  9.036021588059e-03  ,1.582177605746e-03  ,5.810434781339e+01  ,4.654412906135e-04  
  9.039567349167e-03  ,9.474548090410e-04  ,6.180675370396e+01  ,3.496768799196e-04  
  9.042000000020e-03  ,1.006782568739e-03  ,6.375981682944e+01  ,2.788407711683e-04  
  9.042001000018e-03  ,5.776505389101e-01  ,6.376065367326e+01  ,-1.012195025707e-03  
  9.042001884868e-03  ,1.095289376397e+00  ,6.376139768286e+01  ,-2.187981470530e-03  
  9.042003654567e-03  ,2.160332246386e+00  ,6.376288256382e+01  ,-4.505119393787e-03  
  9.042007193965e-03  ,4.412689334558e+00  ,6.376583546735e+01  ,-8.959526056513e-03  
  9.042010000020e-03  ,6.311350841463e+00  ,6.376816106900e+01  ,-1.232618839793e-02  
  9.042010707900e-03  ,6.403657621194e+00  ,6.376865254308e+01  ,-1.224663775531e-02  
  9.042012123696e-03  ,6.584394574337e+00  ,6.376962491624e+01  ,-1.198644939276e-02  
  9.042014955289e-03  ,6.936787606169e+00  ,6.377156979788e+01  ,-1.147321696304e-02  
  9.042020618476e-03  ,7.600941420535e+00  ,6.377546301106e+01  ,-1.050543958255e-02  
  9.042031944848e-03  ,8.774095140033e+00  ,6.378326189535e+01  ,-8.796406737109e-03  
  9.042043354667e-03  ,9.771570226375e+00  ,6.379113176404e+01  ,-7.343261108378e-03  
  9.042051392354e-03  ,9.973412105724e+00  ,4.110340295054e+01  ,9.861864645325e+00  
  9.042059064962e-03  ,1.000020186117e+01  ,1.073783277927e+01  ,9.862035059307e+00  
  9.042063384808e-03  ,1.018784866286e+01  ,3.401570885195e+00  ,9.862951444565e+00  
  9.042067481883e-03  ,1.046833901982e+01  ,2.663213698896e+00  ,9.864031635856e+00  
  9.042069802738e-03  ,1.062567257696e+01  ,2.745368910484e+00  ,9.864680658771e+00  
  9.042072730817e-03  ,1.081621698468e+01  ,2.800947779717e+00  ,9.865503285144e+00  
  9.042078586973e-03  ,1.117227835682e+01  ,2.810673513108e+00  ,9.867150334759e+00  
  9.042090299286e-03  ,1.179826167418e+01  ,2.805644078670e+00  ,9.870448997443e+00  
  9.042110082067e-03  ,1.263362172828e+01  ,2.804275480021e+00  ,9.876026715155e+00  
  9.042149647630e-03  ,1.372599098094e+01  ,2.808411611247e+00  ,9.887181735250e+00  
  9.042228778757e-03  ,1.476740550537e+01  ,2.813377188782e+00  ,9.909488334302e+00  
  9.042346223749e-03  ,1.516337149854e+01  ,2.822572045029e+00  ,9.942586586328e+00  
  9.042518814958e-03  ,1.497820626556e+01  ,2.836462409910e+00  ,9.991206363431e+00  
  9.042675289072e-03  ,1.497093897440e+01  ,2.848970501802e+00  ,1.003526522923e+01  
  9.042988237299e-03  ,1.501190910031e+01  ,2.873952553165e+00  ,1.012332430306e+01  
  9.043614133753e-03  ,1.499232696510e+01  ,2.923894976335e+00  ,1.029920808462e+01  
  9.044711431421e-03  ,1.499816722310e+01  ,3.011220505634e+00  ,1.060680756117e+01  
  9.046906026758e-03  ,1.500018752156e+01  ,3.185062567236e+00  ,1.121914244737e+01  
  9.051295217432e-03  ,1.499992904306e+01  ,3.529518209338e+00  ,1.243243368017e+01  
  9.052010000020e-03  ,1.500001335687e+01  ,3.585207233730e+00  ,1.262858996726e+01  
  9.052011000018e-03  ,1.442322996735e+01  ,3.585137708612e+00  ,1.262886410648e+01  
  9.052013000126e-03  ,1.321550430851e+01  ,3.584906485982e+00  ,1.262941234582e+01  
  9.052017000343e-03  ,1.067413245189e+01  ,3.584462475495e+00  ,1.263050912340e+01  
  9.052020000020e-03  ,8.649180711438e+00  ,3.584189859199e+00  ,1.263133150454e+01  
  9.052020800063e-03  ,8.545483896680e+00  ,3.584244356336e+00  ,1.263155080112e+01  
  9.052022400076e-03  ,8.340587138832e+00  ,3.584440154533e+00  ,1.263198949402e+01  
  9.052025600100e-03  ,7.945359280013e+00  ,3.584966025748e+00  ,1.263286684946e+01  
  9.052032000149e-03  ,7.209790152446e+00  ,3.586060417291e+00  ,1.263462132926e+01  
  9.052044800246e-03  ,5.933923883433e+00  ,3.589013937018e+00  ,1.263813014954e+01  
  9.052058726871e-03  ,4.792935019108e+00  ,3.598862100226e+00  ,1.264194673424e+01  
  9.052067645216e-03  ,4.356537963060e+00  ,1.397078174022e+01  ,1.264375001856e+01  
  9.052076016689e-03  ,4.341966608841e+00  ,4.350011917876e+01  ,1.264381163919e+01  
  9.052082296038e-03  ,4.134792885022e+00  ,5.281969353724e+01  ,3.969101237806e-02  
  9.052085567215e-03  ,3.936914227109e+00  ,5.284913458562e+01  ,-2.062576582324e-01  
  9.052087136494e-03  ,3.844054271485e+00  ,5.283079249899e+01  ,-4.156189066203e-03  
  9.052090275051e-03  ,3.665461086285e+00  ,5.283396493947e+01  ,1.014537564069e-02  
  9.052096552165e-03  ,3.332367125182e+00  ,5.284374434282e+01  ,5.649714431274e-03  
  9.052109106393e-03  ,2.751704610895e+00  ,5.286253380658e+01  ,4.594515214678e-03  
  9.052134214850e-03  ,1.862092198682e+00  ,5.290003538354e+01  ,3.314656645028e-03  
  9.052175371857e-03  ,9.415225918976e-01  ,5.296136255341e+01  ,1.972195768370e-03  
  9.052221362801e-03  ,4.555019319534e-01  ,5.302968871249e+01  ,1.262189403183e-03  
  9.052269457789e-03  ,1.918311321567e-01  ,5.310093779917e+01  ,8.761734338927e-04  
  9.052324359627e-03  ,8.008891949621e-02  ,5.318203211097e+01  ,7.112829351454e-04  
  9.052413051339e-03  ,6.895170533675e-03  ,5.331253975863e+01  ,6.013029920427e-04  
  9.052507846566e-03  ,2.597476032250e-03  ,5.345135864838e+01  ,5.915087322688e-04  
  9.052697437020e-03  ,7.903244130576e-04  ,5.372694248573e+01  ,5.818220195172e-04  
  9.052919047089e-03  ,1.962898994963e-03  ,5.404559124524e+01  ,5.753754363855e-04  
  9.053362267228e-03  ,1.918076009600e-03  ,5.467157404169e+01  ,5.590524673378e-04  
  9.054248707505e-03  ,1.421921789564e-03  ,5.587794275684e+01  ,5.265881928903e-04  
  9.056021588059e-03  ,1.581843953420e-03  ,5.810561092480e+01  ,4.653340339906e-04  
  9.059567349167e-03  ,9.471352874204e-04  ,6.180705259231e+01  ,3.495826931557e-04  
  9.062000000020e-03  ,1.006484398022e-03  ,6.375948810430e+01  ,2.787532445107e-04  
  9.062001000018e-03  ,5.776502407303e-01  ,6.376032469714e+01  ,-1.012282053756e-03  
  9.062001884868e-03  ,1.095289078213e+00  ,6.376106848470e+01  ,-2.188068371802e-03  
  9.062003654567e-03  ,2.160331948194e+00  ,6.376255292163e+01  ,-4.505206325018e-03  
  9.062007193965e-03  ,4.412689036349e+00  ,6.376550493707e+01  ,-8.959612996757e-03  
  9.062010000020e-03  ,6.311350542039e+00  ,6.376782983462e+01  ,-1.232627533787e-02  
  9.062010707900e-03  ,6.403657321747e+00  ,6.376832113081e+01  ,-1.224672496626e-02  
  9.062012123696e-03  ,6.584394274845e+00  ,6.376929314809e+01  ,-1.198653662729e-02  
  9.062014955289e-03  ,6.936787306587e+00  ,6.377123731799e+01  ,-1.147330419381e-02  
  9.062020618476e-03  ,7.600941120788e+00  ,6.377512910786e+01  ,-1.050552678254e-02  
  9.062031944848e-03  ,8.774094840004e+00  ,6.378292514618e+01  ,-8.796493907465e-03  
  9.062043354667e-03  ,9.771569926122e+00  ,6.379079214886e+01  ,-7.343348236435e-03  
  9.062051392354e-03  ,9.973405152396e+00  ,4.110251770268e+01  ,9.860587029809e+00  
  9.062059064962e-03  ,1.000019489454e+01  ,1.073690790243e+01  ,9.860757476934e+00  
  9.062063384808e-03  ,1.018785180039e+01  ,3.401182817064e+00  ,9.861673867031e+00  
  9.062067481883e-03  ,1.046834236108e+01  ,2.662857563532e+00  ,9.862754095310e+00  
  9.062069802738e-03  ,1.062567574015e+01  ,2.745005595419e+00  ,9.863403125978e+00  
  9.062072730817e-03  ,1.081622000575e+01  ,2.800583469313e+00  ,9.864225763262e+00  
  9.062078586973e-03  ,1.117228113789e+01  ,2.810310439905e+00  ,9.865872834275e+00  
  9.062090299286e-03  ,1.179826400726e+01  ,2.805281301747e+00  ,9.869171539573e+00  
  9.062110082067e-03  ,1.263362345251e+01  ,2.803912612346e+00  ,9.874749329059e+00  
  9.062149647630e-03  ,1.372599191215e+01  ,2.808049049386e+00  ,9.885904492666e+00  
  9.062228778757e-03  ,1.476740567651e+01  ,2.813014656936e+00  ,9.908211378651e+00  
  9.062346223749e-03  ,1.516337138049e+01  ,2.822209639198e+00  ,9.941310056391e+00  
  9.062518814958e-03  ,1.497820628214e+01  ,2.836100178043e+00  ,9.989930458825e+00  
  9.062675289072e-03  ,1.497093899628e+01  ,2.848608430148e+00  ,1.003398989129e+01  
  9.062988237299e-03  ,1.501190909242e+01  ,2.873590804105e+00  ,1.012205009772e+01  
  9.063614133753e-03  ,1.499232697142e+01  ,2.923533869054e+00  ,1.029793614148e+01  
  9.064711431421e-03  ,1.499816722519e+01  ,3.010860521744e+00  ,1.060553957426e+01  
  9.066906026758e-03  ,1.500018752217e+01  ,3.184704819398e+00  ,1.121788233614e+01  
  9.071295217432e-03  ,1.499992904385e+01  ,3.529164891906e+00  ,1.243118917394e+01  
  9.072010000020e-03  ,1.500001335758e+01  ,3.584854632566e+00  ,1.262734798394e+01  
  9.072011000018e-03  ,1.442322996813e+01  ,3.584785110531e+00  ,1.262762212668e+01  
  9.072013000126e-03  ,1.321550430928e+01  ,3.584553889958e+00  ,1.262817037308e+01  
  9.072017000343e-03  ,1.067413245253e+01  ,3.584109876800e+00  ,1.262926716476e+01  
  9.072020000020e-03  ,8.649180711888e+00  ,3.583837252920e+00  ,1.263008955648e+01  
  9.072020800063e-03  ,8.545483897047e+00  ,3.583891745298e+00  ,1.263030885588e+01  
  9.072022400076e-03  ,8.340587139040e+00  ,3.584087534551e+00  ,1.263074755442e+01  
  9.072025600100e-03  ,7.945359279940e+00  ,3.584613391707e+00  ,1.263162492114e+01  
  9.072032000149e-03  ,7.209790151690e+00  ,3.585707746731e+00  ,1.263337942351e+01  
  9.072044800246e-03  ,5.933923880098e+00  ,3.588661109267e+00  ,1.263688828894e+01  
  9.072058726871e-03  ,4.792935001265e+00  ,3.598508346037e+00  ,1.264070492286e+01  
  9.072067645216e-03  ,4.356530269336e+00  ,1.396996579937e+01  ,1.264250830336e+01  
  9.072076016689e-03  ,4.341958982416e+00  ,4.349924329075e+01  ,1.264256997459e+01  
  9.072082296038e-03  ,4.134793028524e+00  ,5.281939069992e+01  ,3.972967819801e-02  
  9.072085567215e-03  ,3.936914477805e+00  ,5.284883626123e+01  ,-2.062699642988e-01  
  9.072087136308e-03  ,3.844065319680e+00  ,5.283049239822e+01  ,-4.157786805347e-03  
  9.072090274492e-03  ,3.665492304945e+00  ,5.283366329824e+01  ,1.014602595502e-02  
  9.072096550861e-03  ,3.332433274181e+00  ,5.284344012942e+01  ,5.649770586379e-03  
  9.072109103600e-03  ,2.753416999947e+00  ,5.286227296924e+01  ,4.426991983069e-03  
  9.072134209076e-03  ,1.873209978112e+00  ,5.289975151753e+01  ,3.517900065461e-03  
  9.072173518339e-03  ,9.863481556368e-01  ,5.295835360573e+01  ,2.038222577952e-03  
  9.072218120495e-03  ,4.424540706408e-01  ,5.302462355002e+01  ,1.243109292037e-03  
  9.072263628641e-03  ,1.762282029791e-01  ,5.309204697016e+01  ,8.535612251468e-04  
  9.072332734266e-03  ,5.624822094310e-02  ,5.319409496998e+01  ,6.761349308729e-04  
  9.072413820425e-03  ,4.612940970350e-03  ,5.331336117981e+01  ,5.978552785181e-04  
  9.072510117689e-03  ,-7.861967703887e-03  ,5.345434572423e+01  ,5.760849760539e-04  
  9.072702712217e-03  ,-5.376934260115e-03  ,5.373419291364e+01  ,5.725477127620e-04  
  9.072993439833e-03  ,1.958924260163e-04  ,5.415126197465e+01  ,5.699385950802e-04  
  9.073574895063e-03  ,2.617497658077e-03  ,5.496591684091e+01  ,5.523323800001e-04  
  9.074737805525e-03  ,7.896699997843e-04  ,5.651642232529e+01  ,5.082819867451e-04  
  9.077063626448e-03  ,2.010282087857e-03  ,5.929689478808e+01  ,4.311146542181e-04  
  9.081715268293e-03  ,2.366261021494e-04  ,6.355436898394e+01  ,2.833708669093e-04  
  9.082000000020e-03  ,1.111593456927e-03  ,6.375822161961e+01  ,2.802925466211e-04  
  9.082001000018e-03  ,5.777538203735e-01  ,6.375905874342e+01  ,-1.011319954333e-03  
  9.082001884774e-03  ,1.095336166970e+00  ,6.375980296161e+01  ,-2.187873998379e-03  
  9.082003654287e-03  ,2.160259753203e+00  ,6.376128805670e+01  ,-4.504568449396e-03  
  9.082007193313e-03  ,4.412353362402e+00  ,6.376424143143e+01  ,-8.958508203100e-03  
  9.082010000020e-03  ,6.312223967050e+00  ,6.376656809183e+01  ,-1.232482728863e-02  
  9.082010707825e-03  ,6.404511863215e+00  ,6.376705967347e+01  ,-1.224531422477e-02  
  9.082012123435e-03  ,6.587126888445e+00  ,6.376803235788e+01  ,-1.198534977472e-02  
  9.082014954656e-03  ,6.940841132165e+00  ,6.376997692517e+01  ,-1.146426436661e-02  
  9.082020617097e-03  ,7.604934254263e+00  ,6.377387116662e+01  ,-1.049967966966e-02  
  9.082031941980e-03  ,8.777594361583e+00  ,6.378167155759e+01  ,-8.791208506804e-03  
  9.082044002980e-03  ,9.826974761406e+00  ,6.378999372270e+01  ,-7.262462687252e-03  
  9.082052541345e-03  ,9.976911766481e+00  ,3.616470892406e+01  ,9.862834810668e+00  
  9.082060677379e-03  ,1.001078667533e+01  ,4.368326933021e+00  ,9.863817880520e+00  
  9.082064567327e-03  ,1.027402357405e+01  ,2.818871456840e+00  ,9.864364073759e+00  
  9.082066654607e-03  ,1.042014653773e+01  ,2.762199616497e+00  ,9.864941851486e+00  
  9.082069300309e-03  ,1.060037159680e+01  ,2.790381732029e+00  ,9.865678860637e+00  
  9.082074591711e-03  ,1.093999651490e+01  ,2.807122765691e+00  ,9.867163172524e+00  
  9.082083897486e-03  ,1.147614122736e+01  ,2.806265097573e+00  ,9.869781369083e+00  
  9.082102509036e-03  ,1.234783636042e+01  ,2.804131565583e+00  ,9.875028806233e+00  
  9.082139732137e-03  ,1.351560038662e+01  ,2.808204652297e+00  ,9.885523471571e+00  
  9.082214178338e-03  ,1.467202763793e+01  ,2.812580518799e+00  ,9.906509821896e+00  
  9.082326282754e-03  ,1.515797106031e+01  ,2.821300855983e+00  ,9.938104136082e+00  
  9.082487334504e-03  ,1.498431766429e+01  ,2.834265960016e+00  ,9.983475984192e+00  
  9.082633055940e-03  ,1.497350383479e+01  ,2.845916231995e+00  ,1.002451101290e+01  
  9.082924498811e-03  ,1.501006516494e+01  ,2.869185476683e+00  ,1.010653018905e+01  
  9.083507384553e-03  ,1.499373881703e+01  ,2.915705820484e+00  ,1.027036524315e+01  
  9.084531249299e-03  ,1.499838819605e+01  ,2.997219971154e+00  ,1.055749323513e+01  
  9.086578978792e-03  ,1.500015934197e+01  ,3.159543107161e+00  ,1.112925407773e+01  
  9.090674437776e-03  ,1.500058166673e+01  ,3.481375158735e+00  ,1.226285832149e+01  
  9.092010000020e-03  ,1.499959294270e+01  ,3.585520048598e+00  ,1.262969122522e+01  
  9.092011000018e-03  ,1.442163005552e+01  ,3.585450935416e+00  ,1.262996536062e+01  
  9.092013000126e-03  ,1.321395150565e+01  ,3.585219862879e+00  ,1.263051359755e+01  
  9.092017000343e-03  ,1.067267055518e+01  ,3.584775909931e+00  ,1.263161035942e+01  
  9.092020000020e-03  ,8.647783849270e+00  ,3.584503300527e+00  ,1.263243273115e+01  
  9.092020800063e-03  ,8.544103782296e+00  ,3.584557819379e+00  ,1.263265202518e+01  
  9.092022400076e-03  ,8.339240116892e+00  ,3.584753657108e+00  ,1.263309071311e+01  
  9.092025600100e-03  ,7.944076090883e+00  ,3.585279610205e+00  ,1.263396805857e+01  
  9.092032000149e-03  ,7.208625766001e+00  ,3.586374255036e+00  ,1.263572251823e+01  
  9.092044800246e-03  ,5.932965581245e+00  ,3.589329197206e+00  ,1.263923129825e+01  
  9.092058725381e-03  ,4.792272250367e+00  ,3.599191978470e+00  ,1.264304742934e+01  
  9.092067642236e-03  ,4.356504913690e+00  ,1.399757785785e+01  ,1.264484824186e+01  
  9.092076012218e-03  ,4.341998111176e+00  ,4.352612273424e+01  ,1.264490816122e+01  
  9.092082288587e-03  ,4.134588556969e+00  ,5.282070971938e+01  ,3.820910380996e-02  
  9.092085559392e-03  ,3.936736336434e+00  ,5.284995882187e+01  ,-2.058596146291e-01  
  9.092087129230e-03  ,3.843848689654e+00  ,5.283165577375e+01  ,-4.129376476006e-03  
  9.092090268904e-03  ,3.665202924423e+00  ,5.283483415800e+01  ,1.013614310194e-02  
  9.092096548254e-03  ,3.332018967670e+00  ,5.284461729069e+01  ,5.648764437685e-03  
  9.092109106952e-03  ,2.751227191371e+00  ,5.286341590052e+01  ,4.593935326799e-03  
  9.092134224350e-03  ,1.861496278519e+00  ,5.290093587438e+01  ,3.313862654420e-03  
  9.092175363475e-03  ,9.415155326975e-01  ,5.296224469159e+01  ,1.972258693952e-03  
  9.092221354419e-03  ,4.554986494645e-01  ,5.303058017197e+01  ,1.262257764035e-03  
  9.092269449407e-03  ,1.918298983866e-01  ,5.310183899325e+01  ,8.762445127996e-04  
  9.092324357206e-03  ,8.007998870945e-02  ,5.318295319259e+01  ,7.113423621977e-04  
  9.092413048917e-03  ,6.892825867360e-03  ,5.331347868484e+01  ,6.013716313274e-04  
  9.092507856065e-03  ,2.596979323341e-03  ,5.345233401099e+01  ,5.915792523827e-04  
  9.092697470361e-03  ,7.909090786242e-04  ,5.372799003826e+01  ,5.818924395624e-04  
  9.092919080431e-03  ,1.963045101790e-03  ,5.404668218040e+01  ,5.754443521535e-04  
  9.093362300569e-03  ,1.918220200921e-03  ,5.467275080802e+01  ,5.591196355585e-04  
  9.094248740846e-03  ,1.422210551521e-03  ,5.587928737741e+01  ,5.266522721826e-04  
  9.096021621400e-03  ,1.581998191229e-03  ,5.810727539849e+01  ,4.653917558335e-04  
  9.099567382509e-03  ,9.473655097825e-04  ,6.180928924209e+01  ,3.496297993702e-04  
  9.102000000020e-03  ,1.006597140760e-03  ,6.376203920242e+01  ,2.787952771869e-04  
  9.102001000018e-03  ,5.776503541547e-01  ,6.376287592722e+01  ,-1.012241284449e-03  
  9.102001884868e-03  ,1.095289192233e+00  ,6.376361983143e+01  ,-2.188027743956e-03  
  9.102003654567e-03  ,2.160332063382e+00  ,6.376510450161e+01  ,-4.505165643233e-03  
  9.102007193965e-03  ,4.412689153784e+00  ,6.376805698355e+01  ,-8.959572258315e-03  
  9.102010000020e-03  ,6.311350661171e+00  ,6.377038225091e+01  ,-1.232623456440e-02  
  9.102010707900e-03  ,6.403657441295e+00  ,6.377087364049e+01  ,-1.224668310878e-02  
  9.102012123696e-03  ,6.584394395212e+00  ,6.377184584479e+01  ,-1.198649465494e-02  
  9.102014955289e-03  ,6.936787428551e+00  ,6.377379038871e+01  ,-1.147326222075e-02  
  9.102020618476e-03  ,7.600941245758e+00  ,6.377768292641e+01  ,-1.050548484448e-02  
  9.102031944848e-03  ,8.774094970270e+00  ,6.378548045958e+01  ,-8.796452001902e-03  
  9.102043354667e-03  ,9.771570060873e+00  ,6.379334896699e+01  ,-7.343306373693e-03  
  9.102051392354e-03  ,9.973409115182e+00  ,4.110540487910e+01  ,9.861504841561e+00  
  9.102059064962e-03  ,1.000019678020e+01  ,1.073967131528e+01  ,9.861675098766e+00  
  9.102063385553e-03  ,1.018786277457e+01  ,3.401500787730e+00  ,9.862591581108e+00  
  9.102067482628e-03  ,1.046835193920e+01  ,2.663128838001e+00  ,9.863671789239e+00  
  9.102069803484e-03  ,1.062568486973e+01  ,2.745269641517e+00  ,9.864320812757e+00  
  9.102072731562e-03  ,1.081622868754e+01  ,2.800844505511e+00  ,9.865143441430e+00  
  9.102078587718e-03  ,1.117228905660e+01  ,2.810570716344e+00  ,9.866790496553e+00  
  9.102090300031e-03  ,1.179827061991e+01  ,2.805541850277e+00  ,9.870089170843e+00  
  9.102110082812e-03  ,1.263362834055e+01  ,2.804173290522e+00  ,9.875666908776e+00  
  9.102149648376e-03  ,1.372599454138e+01  ,2.808309460005e+00  ,9.886821969293e+00  
  9.102228779502e-03  ,1.476740615588e+01  ,2.813275071985e+00  ,9.909128649169e+00  
  9.102346224494e-03  ,1.516337104249e+01  ,2.822469965027e+00  ,9.942227021109e+00  
  9.102518815703e-03  ,1.497820632680e+01  ,2.836360378511e+00  ,9.990846974351e+00  
  9.102675289817e-03  ,1.497093905594e+01  ,2.848868515618e+00  ,1.003490599976e+01  
  9.102988238044e-03  ,1.501190906740e+01  ,2.873850657895e+00  ,1.012296539262e+01  
  9.103614134498e-03  ,1.499232698689e+01  ,2.923793261814e+00  ,1.029884981138e+01  
  9.104711432166e-03  ,1.499816722858e+01  ,3.011119107551e+00  ,1.060645040230e+01  
  9.106906027503e-03  ,1.500018752139e+01  ,3.184961798992e+00  ,1.121878750687e+01  
  9.111295218177e-03  ,1.499992904361e+01  ,3.529418689024e+00  ,1.243208313520e+01  
  9.112010000020e-03  ,1.500001335710e+01  ,3.585107857181e+00  ,1.262823992866e+01  
  9.112011000018e-03  ,1.442322996804e+01  ,3.585038332931e+00  ,1.262851406887e+01  
  9.112013000126e-03  ,1.321550430919e+01  ,3.584807110881e+00  ,1.262906231021e+01  
  9.112017000343e-03  ,1.067413245250e+01  ,3.584363099641e+00  ,1.263015909176e+01  
  9.112020000020e-03  ,8.649180711979e+00  ,3.584090481208e+00  ,1.263098147588e+01  
  9.112020800063e-03  ,8.545483897192e+00  ,3.584144977004e+00  ,1.263120077326e+01  
  9.112022400076e-03  ,8.340587139290e+00  ,3.584340772680e+00  ,1.263163946775e+01  
  9.112025600100e-03  ,7.945359280373e+00  ,3.584866639932e+00  ,1.263251682636e+01  
  9.112032000149e-03  ,7.209790152578e+00  ,3.585961021182e+00  ,1.263427131252e+01  
  9.112044800246e-03  ,5.933923882777e+00  ,3.588914496607e+00  ,1.263778014553e+01  
  9.112058726871e-03  ,4.792935014309e+00  ,3.598762398702e+00  ,1.264159674410e+01  
  9.112067645216e-03  ,4.356535794719e+00  ,1.397055176763e+01  ,1.264340005607e+01  
  9.112076016689e-03  ,4.341964459487e+00  ,4.349987231274e+01  ,1.264346169834e+01  
  9.112082296038e-03  ,4.134824869866e+00  ,5.282148320267e+01  ,3.986670688170e-02  
  9.112085567215e-03  ,3.936945253071e+00  ,5.285094588415e+01  ,-2.062970077004e-01  
  9.112087136308e-03  ,3.844095331713e+00  ,5.283259966111e+01  ,-4.159397269087e-03  
  9.112090274492e-03  ,3.665520934588e+00  ,5.283577076769e+01  ,1.014654616775e-02  
  9.112096550861e-03  ,3.332459324686e+00  ,5.284554848998e+01  ,5.649870915395e-03  
  9.112109103600e-03  ,2.753438550106e+00  ,5.286438303864e+01  ,4.427041903600e-03  
  9.112134209076e-03  ,1.873224686651e+00  ,5.290186498783e+01  ,3.517983393884e-03  
  9.112173518339e-03  ,9.863559708719e-01  ,5.296047240067e+01  ,2.038274172158e-03  
  9.112218120495e-03  ,4.424576581648e-01  ,5.302674837038e+01  ,1.243154515895e-03  
  9.112263628641e-03  ,1.762297209336e-01  ,5.309417792348e+01  ,8.536033093829e-04  
  9.112332734266e-03  ,5.624880582446e-02  ,5.319623520795e+01  ,6.761754462146e-04  
  9.112413832346e-03  ,4.607727795678e-03  ,5.331552976709e+01  ,5.978866527956e-04  
  9.112510117689e-03  ,-7.862297234131e-03  ,5.345650963808e+01  ,5.761236222749e-04  
  9.112702688375e-03  ,-5.376093355778e-03  ,5.373634780717e+01  ,5.725883711585e-04  
  9.112993415991e-03  ,4.389993609044e-03  ,5.415345850153e+01  ,5.761208686935e-04  
  9.113574871222e-03  ,-2.575028392810e-05  ,5.496818901501e+01  ,5.484850262164e-04  
  9.114478382269e-03  ,1.129832622144e-03  ,5.618206719701e+01  ,5.178172571025e-04  
  9.115734562078e-03  ,1.471815555547e-03  ,5.776316378211e+01  ,4.747769798306e-04  
  9.118246921698e-03  ,1.202824459354e-03  ,6.054824131558e+01  ,3.921092963147e-04  
  9.122000000020e-03  ,8.925878840177e-04  ,6.376043854181e+01  ,2.766139157063e-04  
  9.122001000018e-03  ,5.775380000588e-01  ,6.376127504648e+01  ,-1.013359881816e-03  
  9.122001884961e-03  ,1.095233452021e+00  ,6.376201880015e+01  ,-2.187999212936e-03  
  9.122003654846e-03  ,2.160395848999e+00  ,6.376350345942e+01  ,-4.505669966064e-03  
  9.122007194617e-03  ,4.413016886029e+00  ,6.376645585994e+01  ,-8.960558468105e-03  
  9.122010000020e-03  ,6.312036366617e+00  ,6.376878017413e+01  ,-1.232525622595e-02  
  9.122010707974e-03  ,6.404345472591e+00  ,6.376927153822e+01  ,-1.224571454262e-02  
  9.122012123957e-03  ,6.585091235748e+00  ,6.377024371341e+01  ,-1.198551568249e-02  
  9.122014955923e-03  ,6.937500279881e+00  ,6.377218820422e+01  ,-1.147225976136e-02  
  9.122020619854e-03  ,7.601679146812e+00  ,6.377608063239e+01  ,-1.050444515514e-02  
  9.122031947717e-03  ,8.774858613871e+00  ,6.378387794842e+01  ,-8.795374831924e-03  
  9.122043359026e-03  ,9.772332744318e+00  ,6.379174623249e+01  ,-7.342231149153e-03  
  9.122051398203e-03  ,9.973439872334e+00  ,4.105894069245e+01  ,9.860790478419e+00  
  9.122059073791e-03  ,1.000026105712e+01  ,1.068307788593e+01  ,9.860963301419e+00  
  9.122063388422e-03  ,1.018845416222e+01  ,3.397883486162e+00  ,9.861879474141e+00  
  9.122067476555e-03  ,1.046834659213e+01  ,2.663639847377e+00  ,9.862958746445e+00  
  9.122069798529e-03  ,1.062574930544e+01  ,2.745284829623e+00  ,9.863608067659e+00  
  9.122072731077e-03  ,1.081657225650e+01  ,2.800654938744e+00  ,9.864431945790e+00  
  9.122078596174e-03  ,1.117312409636e+01  ,2.810338753448e+00  ,9.866081534014e+00  
  9.122090326369e-03  ,1.179826689608e+01  ,2.799829216568e+00  ,9.869388621702e+00  
  9.122102569163e-03  ,1.234523905669e+01  ,2.804047703349e+00  ,9.872840642504e+00  
  9.122127054751e-03  ,1.317679308697e+01  ,2.806273847487e+00  ,9.879744337609e+00  
  9.122176025927e-03  ,1.416430357579e+01  ,2.808665960066e+00  ,9.893550529374e+00  
  9.122273968279e-03  ,1.497587716432e+01  ,2.816560723892e+00  ,9.921157624520e+00  
  9.122402237475e-03  ,1.499972181132e+01  ,2.826835747164e+00  ,9.957301706101e+00  
  9.122627304613e-03  ,1.500014245938e+01  ,2.844807874617e+00  ,1.002069001446e+01  
  9.122866581499e-03  ,1.500012588366e+01  ,2.863939280415e+00  ,1.008803598490e+01  
  9.123345135271e-03  ,1.500022196347e+01  ,2.902139694392e+00  ,1.022259078239e+01  
  9.124302242815e-03  ,1.500027599566e+01  ,2.978384925343e+00  ,1.049115281555e+01  
  9.126216457903e-03  ,1.500037720765e+01  ,3.130255450521e+00  ,1.102609323517e+01  
  9.130044888079e-03  ,1.500039876054e+01  ,3.431533891188e+00  ,1.208729982850e+01  
  9.132010000020e-03  ,1.499972396683e+01  ,3.584910398190e+00  ,1.262754403821e+01  
  9.132011000018e-03  ,1.442046914030e+01  ,3.584841713464e+00  ,1.262781818188e+01  
  9.132013000126e-03  ,1.321282477374e+01  ,3.584610801987e+00  ,1.262836641864e+01  
  9.132017000343e-03  ,1.067160978577e+01  ,3.584166895634e+00  ,1.262946321505e+01  
  9.132020000020e-03  ,8.646770269322e+00  ,3.583894273399e+00  ,1.263028560505e+01  
  9.132020800063e-03  ,8.543102354561e+00  ,3.583948796687e+00  ,1.263050490393e+01  
  9.132022400076e-03  ,8.338262701078e+00  ,3.584144641873e+00  ,1.263094360163e+01  
  9.132025600100e-03  ,7.943144992301e+00  ,3.584670621059e+00  ,1.263182096661e+01  
  9.132032000149e-03  ,7.207780870547e+00  ,3.585765363127e+00  ,1.263357546521e+01  
  9.132044800246e-03  ,5.932270217052e+00  ,3.588720965282e+00  ,1.263708432311e+01  
  9.132058725381e-03  ,4.791710769435e+00  ,3.598594267731e+00  ,1.264090053794e+01  
  9.132067643726e-03  ,4.356446323231e+00  ,1.402847137981e+01  ,1.264269925209e+01  
  9.132076013708e-03  ,4.342011405942e+00  ,4.356198926352e+01  ,1.264275695376e+01  
  9.132082286352e-03  ,4.134244308630e+00  ,5.282199353245e+01  ,3.609263433266e-02  
  9.132085557157e-03  ,3.936400975040e+00  ,5.285096863193e+01  ,-2.053061894472e-01  
  9.132087127926e-03  ,3.843467902597e+00  ,5.283271874024e+01  ,-4.091219814930e-03  
  9.132090269463e-03  ,3.664736266251e+00  ,5.283590369370e+01  ,1.012261181975e-02  
  9.132096552538e-03  ,3.331405617314e+00  ,5.284568828253e+01  ,5.646934668047e-03  
  9.132109118687e-03  ,2.752003378276e+00  ,5.286454076917e+01  ,4.426214633864e-03  
  9.132134250985e-03  ,1.871459112286e+00  ,5.290205927555e+01  ,3.514040903456e-03  
  9.132173518525e-03  ,9.861305559602e-01  ,5.296059850808e+01  ,2.037882988389e-03  
  9.132218120681e-03  ,4.424096787282e-01  ,5.302686796026e+01  ,1.243028399301e-03  
  9.132263634788e-03  ,1.762102170297e-01  ,5.309429970617e+01  ,8.535179722247e-04  
  9.132332764255e-03  ,5.621544064434e-02  ,5.319638205896e+01  ,6.760692381219e-04  
  9.132413874255e-03  ,4.592760781413e-03  ,5.331568216185e+01  ,5.978070297738e-04  
  9.132510195361e-03  ,-7.867779679691e-03  ,5.345670000710e+01  ,5.760567600011e-04  
  9.132702837573e-03  ,-5.373766269217e-03  ,5.373661262932e+01  ,5.725307932539e-04  
  9.132993612872e-03  ,4.389359207975e-03  ,5.415374610266e+01  ,5.760580893990e-04  
  9.133575163471e-03  ,-2.579970343553e-05  ,5.496851647688e+01  ,5.484213132409e-04  
  9.134479342090e-03  ,1.129696651852e-03  ,5.618312067484e+01  ,5.177322491927e-04  
  9.135735712634e-03  ,1.471513560727e-03  ,5.776418117335e+01  ,4.746895497154e-04  
  9.138248453723e-03  ,1.202553815066e-03  ,6.054908601282e+01  ,3.920178066384e-04  
  9.142000000020e-03  ,8.924325412547e-04  ,6.375930112912e+01  ,2.765792779091e-04  
  9.142001000018e-03  ,5.775378452042e-01  ,6.376013752475e+01  ,-1.013394010708e-03  
  9.142001884868e-03  ,1.095178173307e+00  ,6.376088110400e+01  ,-2.187912430370e-03  
  9.142003654567e-03  ,2.160223975895e+00  ,6.376236541473e+01  ,-4.505345299469e-03  
  9.142007193965e-03  ,4.412586702544e+00  ,6.376531712175e+01  ,-8.959795884880e-03  
  9.142010000020e-03  ,6.311252469998e+00  ,6.376764177362e+01  ,-1.232644881871e-02  
  9.142010707900e-03  ,6.403560290375e+00  ,6.376813300688e+01  ,-1.224689521961e-02  
  9.142012123696e-03  ,6.584299281090e+00  ,6.376910489740e+01  ,-1.198670578216e-02  
  9.142014955289e-03  ,6.936696285781e+00  ,6.377104881890e+01  ,-1.147346739296e-02  
  9.142020618476e-03  ,7.600857587728e+00  ,6.377494010821e+01  ,-1.050567832746e-02  
  9.142031944848e-03  ,8.774024533217e+00  ,6.378273514609e+01  ,-8.796626189928e-03  
  9.142043354667e-03  ,9.771510864980e+00  ,6.379060114146e+01  ,-7.343464729291e-03  
  9.142051392354e-03  ,9.973400354496e+00  ,4.110508114724e+01  ,9.860131004179e+00  
  9.142059064962e-03  ,1.000018920840e+01  ,1.073939275088e+01  ,9.860301359815e+00  
  9.142063385553e-03  ,1.018785434976e+01  ,3.401140521414e+00  ,9.861217775310e+00  
  9.142067482628e-03  ,1.046834373027e+01  ,2.662739833239e+00  ,9.862297998403e+00  
  9.142069803484e-03  ,1.062567689042e+01  ,2.744875373040e+00  ,9.862947030689e+00  
  9.142072731562e-03  ,1.081622107594e+01  ,2.800452239838e+00  ,9.863769671338e+00  
  9.142078587718e-03  ,1.117228211516e+01  ,2.810180588073e+00  ,9.865416749363e+00  
  9.142090300031e-03  ,1.179826481627e+01  ,2.805151823452e+00  ,9.868715469360e+00  
  9.142110082812e-03  ,1.263362404974e+01  ,2.803783029546e+00  ,9.874293284468e+00  
  9.142149648376e-03  ,1.372599223527e+01  ,2.807919641919e+00  ,9.885448499313e+00  
  9.142228779502e-03  ,1.476740573585e+01  ,2.812885229011e+00  ,9.907755487735e+00  
  9.142346224494e-03  ,1.516337133958e+01  ,2.822080255156e+00  ,9.940854317462e+00  
  9.142518815703e-03  ,1.497820628789e+01  ,2.835970856353e+00  ,9.989474943147e+00  
  9.142675289817e-03  ,1.497093900387e+01  ,2.848479165537e+00  ,1.003353457793e+01  
  9.142988238044e-03  ,1.501190908969e+01  ,2.873461654662e+00  ,1.012159518871e+01  
  9.143614134498e-03  ,1.499232697362e+01  ,2.923404948737e+00  ,1.029748204009e+01  
  9.144711432166e-03  ,1.499816722592e+01  ,3.010732002492e+00  ,1.060508688531e+01  
  9.146906027503e-03  ,1.500018752239e+01  ,3.184577098448e+00  ,1.121743245891e+01  
  9.151295218177e-03  ,1.499992904414e+01  ,3.529038752672e+00  ,1.243074486792e+01  
  9.152010000020e-03  ,1.500001335783e+01  ,3.584728691059e+00  ,1.262690437437e+01  
  9.152011000018e-03  ,1.442322996845e+01  ,3.584659170126e+00  ,1.262717851837e+01  
  9.152013000126e-03  ,1.321550430960e+01  ,3.584427950288e+00  ,1.262772676729e+01  
  9.152017000343e-03  ,1.067413245280e+01  ,3.583983936176e+00  ,1.262882356401e+01  
  9.152020000020e-03  ,8.649180712089e+00  ,3.583711309586e+00  ,1.262964595950e+01  
  9.152020800063e-03  ,8.545483897219e+00  ,3.583765800264e+00  ,1.262986525991e+01  
  9.152022400076e-03  ,8.340587139154e+00  ,3.583961586324e+00  ,1.263030396047e+01  
  9.152025600100e-03  ,7.945359279951e+00  ,3.584487438457e+00  ,1.263118133121e+01  
  9.152032000149e-03  ,7.209790151454e+00  ,3.585581780438e+00  ,1.263293584165e+01  
  9.152044800246e-03  ,5.933923878934e+00  ,3.588535086829e+00  ,1.263644472321e+01  
  9.152058726871e-03  ,4.792934994915e+00  ,3.598381992700e+00  ,1.264026137471e+01  
  9.152067645216e-03  ,4.356527521244e+00  ,1.396967435813e+01  ,1.264206478955e+01  
  9.152076016689e-03  ,4.341956258349e+00  ,4.349893043622e+01  ,1.264212647863e+01  
  9.152082296038e-03  ,4.134792116275e+00  ,5.281922597646e+01  ,3.973851845794e-02  
  9.152085567215e-03  ,3.936913633679e+00  ,5.284867253561e+01  ,-2.062732776452e-01  
  9.152087136308e-03  ,3.844064487673e+00  ,5.283032821172e+01  ,-4.158023829391e-03  
  9.152090274492e-03  ,3.665491506781e+00  ,5.283349881474e+01  ,1.014606090676e-02  
  9.152096550861e-03  ,3.332432539829e+00  ,5.284327511386e+01  ,5.649740820787e-03  
  9.152109103600e-03  ,2.753416375309e+00  ,5.286210687339e+01  ,4.426955164076e-03  
  9.152134209076e-03  ,1.873209520229e+00  ,5.289958325980e+01  ,3.517870681533e-03  
  9.152173518339e-03  ,9.863478658306e-01  ,5.295818196724e+01  ,2.038189961259e-03  
  9.152218120495e-03  ,4.424538839594e-01  ,5.302444807913e+01  ,1.243076884152e-03  
  9.152263628641e-03  ,1.762280668358e-01  ,5.309186759341e+01  ,8.535289721634e-04  
  9.152332734266e-03  ,5.624810770042e-02  ,5.319390967062e+01  ,6.761028302063e-04  
  9.152413820425e-03  ,4.612837716379e-03  ,5.331316894429e+01  ,5.978233324735e-04  
  9.152510117689e-03  ,-7.862068344987e-03  ,5.345414527003e+01  ,5.760531987934e-04  
  9.152702712217e-03  ,-5.377034867100e-03  ,5.373397608335e+01  ,5.725162626542e-04  
  9.152993439833e-03  ,4.389989718823e-03  ,5.415102376939e+01  ,5.760514828976e-04  
  9.153574895063e-03  ,-2.616374048253e-05  ,5.496563066886e+01  ,5.484176778167e-04  
  9.154478215376e-03  ,1.129564686223e-03  ,5.617907377377e+01  ,5.177608726198e-04  
  9.155734204451e-03  ,1.471631665460e-03  ,5.775971403136e+01  ,4.747321601367e-04  
  9.158246182600e-03  ,1.202695650936e-03  ,6.054404218040e+01  ,3.920849948676e-04  
  9.162000000020e-03  ,8.924471701424e-04  ,6.375645325448e+01  ,2.765775011762e-04  
  9.162001000018e-03  ,5.775378602662e-01  ,6.375728963779e+01  ,-1.013394673974e-03  
  9.162001884868e-03  ,1.095178187969e+00  ,6.375803320590e+01  ,-2.187909843670e-03  
  9.162003654567e-03  ,2.160223989785e+00  ,6.375951749513e+01  ,-4.505343502058e-03  
  9.162007193965e-03  ,4.412586714945e+00  ,6.376246915904e+01  ,-8.959794278899e-03  
  9.162010000020e-03  ,6.311252481274e+00  ,6.376479377676e+01  ,-1.232644724417e-02  
  9.162010707900e-03  ,6.403560301376e+00  ,6.376528500144e+01  ,-1.224689477470e-02  
  9.162012123696e-03  ,6.584299291551e+00  ,6.376625687458e+01  ,-1.198670546446e-02  
  9.162014955289e-03  ,6.936696295187e+00  ,6.376820076134e+01  ,-1.147346707672e-02  
  9.162020618476e-03  ,7.600857595149e+00  ,6.377209198129e+01  ,-1.050567798327e-02  
  9.162031944848e-03  ,8.774024537142e+00  ,6.377988688105e+01  ,-8.796625820375e-03  
  9.162043354667e-03  ,9.771510865945e+00  ,6.378775273811e+01  ,-7.343464331303e-03  
  9.162051392354e-03  ,9.973399646724e+00  ,4.110215473930e+01  ,9.859775213715e+00  
  9.162059064962e-03  ,1.000019098142e+01  ,1.073663656069e+01  ,9.859945776334e+00  
  9.162063384808e-03  ,1.018784926597e+01  ,3.400961781211e+00  ,9.860862091884e+00  
  9.162067481883e-03  ,1.046833991463e+01  ,2.662628651625e+00  ,9.861942332878e+00  
  9.162069802738e-03  ,1.062567334440e+01  ,2.744773156658e+00  ,9.862591368767e+00  
  9.162072730817e-03  ,1.081621772285e+01  ,2.800351749540e+00  ,9.863414013121e+00  
  9.162078586973e-03  ,1.117227906217e+01  ,2.810079868134e+00  ,9.865061097694e+00  
  9.162090299286e-03  ,1.179826227344e+01  ,2.805050825118e+00  ,9.868359830023e+00  
  9.162110079087e-03  ,1.263351273720e+01  ,2.803681897091e+00  ,9.873936824828e+00  
  9.162149638690e-03  ,1.372580571510e+01  ,2.807818070769e+00  ,9.885090399265e+00  
  9.162228757895e-03  ,1.476724764210e+01  ,2.812782706886e+00  ,9.907394107931e+00  
  9.162346202887e-03  ,1.516335756664e+01  ,2.821977699027e+00  ,9.940493058085e+00  
  9.162518770255e-03  ,1.497821920905e+01  ,2.835866432998e+00  ,9.989107145876e+00  
  9.162675244368e-03  ,1.497094264479e+01  ,2.848374791746e+00  ,1.003316694401e+01  
  9.162988192595e-03  ,1.501190760771e+01  ,2.873357376101e+00  ,1.012122788128e+01  
  9.163614089049e-03  ,1.499232794018e+01  ,2.923300854113e+00  ,1.029711538480e+01  
  9.164711386718e-03  ,1.499816746218e+01  ,3.010628232024e+00  ,1.060472137042e+01  
  9.166905982055e-03  ,1.500018750599e+01  ,3.184473972658e+00  ,1.121706921430e+01  
  9.171295172728e-03  ,1.499992905997e+01  ,3.528936903996e+00  ,1.243038612167e+01  
  9.172010000020e-03  ,1.500001336006e+01  ,3.584630586287e+00  ,1.262655881541e+01  
  9.172011000018e-03  ,1.442322998627e+01  ,3.584561066206e+00  ,1.262683296039e+01  
  9.172013000126e-03  ,1.321550432689e+01  ,3.584329846938e+00  ,1.262738121128e+01  
  9.172017000343e-03  ,1.067413246906e+01  ,3.583885832082e+00  ,1.262847801192e+01  
  9.172020000020e-03  ,8.649180727582e+00  ,3.583613203383e+00  ,1.262930041036e+01  
  9.172020800063e-03  ,8.545483912505e+00  ,3.583667692736e+00  ,1.262951971155e+01  
  9.172022400076e-03  ,8.340587154032e+00  ,3.583863476307e+00  ,1.262995841368e+01  
  9.172025600100e-03  ,7.945359294048e+00  ,3.584389324528e+00  ,1.263083578756e+01  
  9.172032000149e-03  ,7.209790164054e+00  ,3.585483656346e+00  ,1.263259030428e+01  
  9.172044800246e-03  ,5.933923888550e+00  ,3.588436918987e+00  ,1.263609919840e+01  
  9.172058726871e-03  ,4.792934998463e+00  ,3.598283566918e+00  ,1.263991586359e+01  
  9.172067645216e-03  ,4.356525381123e+00  ,1.396944692676e+01  ,1.264171930458e+01  
  9.172076016689e-03  ,4.341954135951e+00  ,4.349868625362e+01  ,1.264178099899e+01  
  9.172082296038e-03  ,4.134754128416e+00  ,5.281690917052e+01  ,3.955309107695e-02  
  9.172085567215e-03  ,3.936876853090e+00  ,5.284633274614e+01  ,-2.062339881913e-01  
  9.172087136494e-03  ,3.844017804511e+00  ,5.282799233669e+01  ,-4.154869210529e-03  
  9.172090275051e-03  ,3.665426289085e+00  ,5.283116386732e+01  ,1.014485525526e-02  
  9.172096552165e-03  ,3.332335444786e+00  ,5.284094104027e+01  ,5.649531502391e-03  
  9.172109106393e-03  ,2.751678374056e+00  ,5.285972609898e+01  ,4.594358545571e-03  
  9.172134214850e-03  ,1.862074308476e+00  ,5.289721886836e+01  ,3.314511239898e-03  
  9.172175371857e-03  ,9.415133431897e-01  ,5.295853161407e+01  ,1.972063210131e-03  
  9.172221362801e-03  ,4.554972493547e-01  ,5.302684167792e+01  ,1.262063831448e-03  
  9.172269457789e-03  ,1.918289270580e-01  ,5.309807396283e+01  ,8.760518252269e-04  
  9.172324359627e-03  ,8.008776486029e-02  ,5.317914913215e+01  ,7.111632615331e-04  
  9.172413051339e-03  ,6.894704761813e-03  ,5.330962593970e+01  ,6.011849793834e-04  
  9.172507846566e-03  ,2.597052046659e-03  ,5.344841198164e+01  ,5.913914750483e-04  
  9.172697437020e-03  ,7.899202496464e-04  ,5.372393048040e+01  ,5.817061792899e-04  
  9.172919047089e-03  ,1.962487167031e-03  ,5.404250347220e+01  ,5.752611702618e-04  
  9.173362267228e-03  ,1.917671371314e-03  ,5.466833671447e+01  ,5.589413564820e-04  
  9.174248707505e-03  ,1.421535614314e-03  ,5.587441435701e+01  ,5.264830901084e-04  
  9.176021588059e-03  ,1.581484833817e-03  ,5.810153346208e+01  ,4.652401638204e-04  
  9.179567349168e-03  ,9.468422134243e-04  ,6.180201520742e+01  ,3.495085032874e-04  
  9.182000000020e-03  ,1.006233941255e-03  ,6.375390213548e+01  ,2.786900463066e-04  
  9.182001000018e-03  ,5.776499903180e-01  ,6.375473852192e+01  ,-1.012342581038e-03  
  9.182001884774e-03  ,1.095233704892e+00  ,6.375548204887e+01  ,-2.188005546540e-03  
  9.182003654287e-03  ,2.160159981127e+00  ,6.375696596549e+01  ,-4.504906252957e-03  
  9.182007193313e-03  ,4.412258762630e+00  ,6.375991694384e+01  ,-8.958875182795e-03  
  9.182010000020e-03  ,6.312133276685e+00  ,6.376224170345e+01  ,-1.232518382136e-02  
  9.182010707825e-03  ,6.404422127486e+00  ,6.376273280457e+01  ,-1.224567214387e-02  
  9.182012123435e-03  ,6.587039041897e+00  ,6.376370453878e+01  ,-1.198570810409e-02  
  9.182014954656e-03  ,6.940805161549e+00  ,6.376564745710e+01  ,-1.146751632261e-02  
  9.182020617097e-03  ,7.604544307734e+00  ,6.376953760321e+01  ,-1.050040933492e-02  
  9.182031941980e-03  ,8.776984056133e+00  ,6.377733034420e+01  ,-8.792322152640e-03  
  9.182043351799e-03  ,9.773995269729e+00  ,6.378519506395e+01  ,-7.339876192742e-03  
  9.182051390975e-03  ,9.973499225022e+00  ,4.096877144150e+01  ,9.858995489974e+00  
  9.182059066564e-03  ,1.000035277382e+01  ,1.059521631715e+01  ,9.859171998771e+00  
  9.182063370764e-03  ,1.018927932984e+01  ,3.392214698036e+00  ,9.860088134827e+00  
  9.182067442506e-03  ,1.046807947099e+01  ,2.664316171628e+00  ,9.861165229975e+00  
  9.182069765225e-03  ,1.062553299148e+01  ,2.745104223209e+00  ,9.861814750596e+00  
  9.182072703734e-03  ,1.081674081016e+01  ,2.800154904736e+00  ,9.862640303234e+00  
  9.182078580752e-03  ,1.117397247985e+01  ,2.809784820629e+00  ,9.864293286021e+00  
  9.182090334788e-03  ,1.180014401845e+01  ,2.799353612892e+00  ,9.867607158162e+00  
  9.182102637186e-03  ,1.234924737395e+01  ,2.803547206694e+00  ,9.871076046333e+00  
  9.182127241984e-03  ,1.318295249291e+01  ,2.805773517776e+00  ,9.878013475203e+00  
  9.182176451578e-03  ,1.417061634636e+01  ,2.808194544658e+00  ,9.891887122495e+00  
  9.182274870768e-03  ,1.497932727302e+01  ,2.816125416325e+00  ,9.919629072332e+00  
  9.182403235331e-03  ,1.499977713992e+01  ,2.826409389402e+00  ,9.955800579865e+00  
  9.182629327669e-03  ,1.500012860242e+01  ,2.844464087621e+00  ,1.001947849826e+01  
  9.182869129076e-03  ,1.500011421080e+01  ,2.863637467162e+00  ,1.008697287239e+01  
  9.183348731890e-03  ,1.500019410778e+01  ,2.901921979743e+00  ,1.022182387454e+01  
  9.184307937517e-03  ,1.500023894349e+01  ,2.978334718367e+00  ,1.049097591050e+01  
  9.186226348772e-03  ,1.500032299336e+01  ,3.130537537738e+00  ,1.102708675331e+01  
  9.190063171282e-03  ,1.500034068160e+01  ,3.432469781718e+00  ,1.209059626072e+01  
  9.192010000020e-03  ,1.499977506815e+01  ,3.584418013186e+00  ,1.262580977566e+01  
  9.192011000018e-03  ,1.442098544078e+01  ,3.584349179463e+00  ,1.262608392387e+01  
  9.192013000126e-03  ,1.321332587183e+01  ,3.584118214345e+00  ,1.262663217266e+01  
  9.192017000343e-03  ,1.067208154782e+01  ,3.583674285012e+00  ,1.262772898698e+01  
  9.192020000020e-03  ,8.647221044193e+00  ,3.583401651637e+00  ,1.262855139176e+01  
  9.192020800063e-03  ,8.543547724748e+00  ,3.583456162725e+00  ,1.262877069459e+01  
  9.192022400076e-03  ,8.338697391993e+00  ,3.583651985284e+00  ,1.262920940016e+01  
  9.192025600100e-03  ,7.943559083737e+00  ,3.584177922375e+00  ,1.263008678088e+01  
  9.192032000149e-03  ,7.208156623005e+00  ,3.585272542053e+00  ,1.263184131104e+01  
  9.192044800246e-03  ,5.932579462217e+00  ,3.588227509819e+00  ,1.263535023207e+01  
  9.192058725381e-03  ,4.791960440557e+00  ,3.598094118769e+00  ,1.263916651622e+01  
  9.192067642236e-03  ,4.356459216555e+00  ,1.400990919467e+01  ,1.264096643917e+01  
  9.192076012218e-03  ,4.341987100686e+00  ,4.354070890202e+01  ,1.264102543843e+01  
  9.192082286352e-03  ,4.134390640959e+00  ,5.281649536323e+01  ,3.705504995584e-02  
  9.192085556785e-03  ,3.936565690192e+00  ,5.284559395985e+01  ,-2.055635242885e-01  
  9.192088120157e-03  ,3.786360166345e+00  ,5.282848982671e+01  ,-1.701725536154e-03  
  9.192090896243e-03  ,3.630344018494e+00  ,5.283160887984e+01  ,7.836295656730e-03  
  9.192096448416e-03  ,3.337033305570e+00  ,5.284007634574e+01  ,5.599736923704e-03  
  9.192107552761e-03  ,2.818922580615e+00  ,5.285672786852e+01  ,4.578536662999e-03  
  9.192129761452e-03  ,2.006753023791e+00  ,5.288989294571e+01  ,3.656766129664e-03  
  9.192174178833e-03  ,9.668966304112e-01  ,5.295610251459e+01  ,2.009600060348e-03  
  9.192217463726e-03  ,4.395855945383e-01  ,5.302040468008e+01  ,1.238926701277e-03  
  9.192265058035e-03  ,1.636220060658e-01  ,5.309090567215e+01  ,8.350625915846e-04  
  9.192331231112e-03  ,5.545672517922e-02  ,5.318860654774e+01  ,6.749639362463e-04  
  9.192415166372e-03  ,1.368880186713e-02  ,5.331204229642e+01  ,6.109576463963e-04  
  9.192508459562e-03  ,-3.616465939250e-04  ,5.344860779399e+01  ,5.870030054483e-04  
  9.192695045942e-03  ,-3.208048507816e-03  ,5.371974767303e+01  ,5.759204016397e-04  
  9.193065071577e-03  ,6.252788102405e-05  ,5.424957959325e+01  ,5.670325966983e-04  
  9.193717670912e-03  ,2.738846458619e-03  ,5.515835986531e+01  ,5.473084378509e-04  
  9.195022869581e-03  ,6.330824994265e-04  ,5.687643102453e+01  ,4.980407274868e-04  
  9.197633266920e-03  ,2.080624024737e-03  ,5.990756498923e+01  ,4.125315384469e-04  
  9.202000000020e-03  ,1.223086442771e-04  ,6.375295117272e+01  ,2.753193399434e-04  
  9.202001000018e-03  ,5.767791990340e-01  ,6.375378790011e+01  ,-1.015056287536e-03  
  9.202001885426e-03  ,1.094760367924e+00  ,6.375453210930e+01  ,-2.189373522994e-03  
  9.202003656243e-03  ,2.160525585862e+00  ,6.375601788736e+01  ,-4.508420514523e-03  
  9.202007197877e-03  ,4.414476382108e+00  ,6.375897246757e+01  ,-8.965480730312e-03  
  9.202010000020e-03  ,6.310594143241e+00  ,6.376129469279e+01  ,-1.232729418339e-02  
  9.202010708347e-03  ,6.402966638763e+00  ,6.376178643656e+01  ,-1.224764459970e-02  
  9.202012125075e-03  ,6.583834515485e+00  ,6.376275936840e+01  ,-1.198727392199e-02  
  9.202014958530e-03  ,6.936476989399e+00  ,6.376470539749e+01  ,-1.147367718546e-02  
  9.202020625442e-03  ,7.600254871995e+00  ,6.376860095199e+01  ,-1.050651742272e-02  
  9.202031959265e-03  ,8.773582878205e+00  ,6.377640443175e+01  ,-8.797157548026e-03  
  9.202044029206e-03  ,9.824004819685e+00  ,6.378472941785e+01  ,-7.266876821340e-03  
  9.202052573532e-03  ,9.976789730838e+00  ,3.628493469403e+01  ,9.860935506580e+00  
  9.202060714036e-03  ,1.001058185909e+01  ,4.463436549177e+00  ,9.862001371693e+00  
  9.202064623356e-03  ,1.027360239355e+01  ,2.829757696110e+00  ,9.862461143526e+00  
  9.202066732987e-03  ,1.042116612553e+01  ,2.762206674639e+00  ,9.863044149787e+00  
  9.202069399178e-03  ,1.060269877448e+01  ,2.788888464687e+00  ,9.863786999844e+00  
  9.202074668973e-03  ,1.094094979213e+01  ,2.818045335287e+00  ,9.865237708254e+00  
  9.202083806365e-03  ,1.146779801518e+01  ,2.807514826787e+00  ,9.867849601640e+00  
  9.202102081150e-03  ,1.233290278734e+01  ,2.804384588308e+00  ,9.873002100275e+00  
  9.202138630718e-03  ,1.349059160428e+01  ,2.806825926907e+00  ,9.883307040181e+00  
  9.202211729854e-03  ,1.464976715904e+01  ,2.811829162896e+00  ,9.903914164379e+00  
  9.202321163982e-03  ,1.514735575292e+01  ,2.820358135089e+00  ,9.934756829119e+00  
  9.202481929630e-03  ,1.516613616751e+01  ,2.833210116702e+00  ,9.980049535693e+00  
  9.202704088062e-03  ,1.495769382973e+01  ,2.851060029893e+00  ,1.004260457332e+01  
  9.203118984073e-03  ,1.502198439159e+01  ,2.884168688164e+00  ,1.015932467620e+01  
  9.203521673053e-03  ,1.500840536862e+01  ,2.916299507595e+00  ,1.027247933990e+01  
  9.204327051013e-03  ,1.499405462198e+01  ,2.980445478575e+00  ,1.049840104177e+01  
  9.205937806934e-03  ,1.500514733990e+01  ,3.108280676112e+00  ,1.094869811866e+01  
  9.209159318775e-03  ,1.500051508506e+01  ,3.362218839267e+00  ,1.184314841621e+01  
  9.212010000020e-03  ,1.499960483888e+01  ,3.584993957388e+00  ,1.262783815651e+01  
  9.212011000018e-03  ,1.441979504671e+01  ,3.584925454506e+00  ,1.262811229897e+01  
  9.212013000126e-03  ,1.321217052868e+01  ,3.584694609469e+00  ,1.262866053618e+01  
  9.212017000343e-03  ,1.067099384235e+01  ,3.584250728158e+00  ,1.262975732748e+01  
  9.212020000020e-03  ,8.646181726993e+00  ,3.583978107171e+00  ,1.263057971497e+01  
  9.212020800063e-03  ,8.542520868595e+00  ,3.584032639097e+00  ,1.263079901316e+01  
  9.212022400076e-03  ,8.337695157990e+00  ,3.584228499835e+00  ,1.263123770953e+01  
  9.212025600100e-03  ,7.942604343964e+00  ,3.584754511613e+00  ,1.263211507186e+01  
  9.212032000149e-03  ,7.207290277464e+00  ,3.585849355570e+00  ,1.263386956506e+01  
  9.212044800246e-03  ,5.931866453475e+00  ,3.588805536619e+00  ,1.263737841217e+01  
  9.212058725381e-03  ,4.791384764306e+00  ,3.598686114008e+00  ,1.264119461456e+01  
  9.212067642236e-03  ,4.356431834586e+00  ,1.403872535502e+01  ,1.264299218767e+01  
  9.212076010728e-03  ,4.342023944482e+00  ,4.356874968177e+01  ,1.264304934379e+01  
  9.212082281137e-03  ,4.134188316305e+00  ,5.281663807777e+01  ,3.548624452564e-02  
  9.212085551197e-03  ,3.936389329316e+00  ,5.284553417877e+01  ,-2.051433059358e-01  
  9.212088115687e-03  ,3.786126979836e+00  ,5.282847303697e+01  ,-1.676584238177e-03  
  9.212090892145e-03  ,3.630099873328e+00  ,5.283159682106e+01  ,7.831411315529e-03  
  9.212096445063e-03  ,3.336770989748e+00  ,5.284006721183e+01  ,5.599101444806e-03  
  9.212107550899e-03  ,2.817520205568e+00  ,5.285668330575e+01  ,4.699526181221e-03  
  9.212129762569e-03  ,1.998505137853e+00  ,5.288986492975e+01  ,3.513735088336e-03  
  9.212174185911e-03  ,9.570857143010e-01  ,5.295606942511e+01  ,1.994901304613e-03  
  9.212219574848e-03  ,4.678271800428e-01  ,5.302350400188e+01  ,1.280215319771e-03  
  9.212268343369e-03  ,2.161660037721e-01  ,5.309575041822e+01  ,9.116772990035e-04  
  9.212322410742e-03  ,9.147523463062e-02  ,5.317561612928e+01  ,7.279278347551e-04  
  9.212414082685e-03  ,1.789416102107e-02  ,5.331050508103e+01  ,6.172940658597e-04  
  9.212525626818e-03  ,-5.697554625385e-03  ,5.347376505904e+01  ,5.787429304129e-04  
  9.212711998621e-03  ,-6.517567192206e-03  ,5.374442638475e+01  ,5.706243895460e-04  
  9.213028952280e-03  ,-5.130946564478e-04  ,5.419862836100e+01  ,5.676806062689e-04  
  9.213597342173e-03  ,3.045216555284e-03  ,5.499380728223e+01  ,5.522372695831e-04  
  9.214734121958e-03  ,4.539476495443e-04  ,5.650884660618e+01  ,5.080031602910e-04  
  9.217007681528e-03  ,2.313505612883e-03  ,5.923266653463e+01  ,4.334966262439e-04  
  9.221554800669e-03  ,-2.767599751674e-05  ,6.343484596214e+01  ,2.878073384674e-04  
  9.222000000020e-03  ,1.378557758662e-03  ,6.375651860342e+01  ,2.806595020168e-04  
  9.222001000018e-03  ,5.780167959100e-01  ,6.375735580554e+01  ,-1.010917127402e-03  
  9.222001884495e-03  ,1.095430280099e+00  ,6.375809986018e+01  ,-2.187089626221e-03  
  9.222003653449e-03  ,2.159997229176e+00  ,6.375958463461e+01  ,-4.503086187611e-03  
  9.222007191357e-03  ,4.411302749555e+00  ,6.376253737753e+01  ,-8.955732297960e-03  
  9.222010000020e-03  ,6.311668089204e+00  ,6.376486599717e+01  ,-1.232561395961e-02  
  9.222010707602e-03  ,6.403933054866e+00  ,6.376535748192e+01  ,-1.224612569589e-02  
  9.222012122839e-03  ,6.584594392571e+00  ,6.376632990265e+01  ,-1.198604717475e-02  
  9.222014953315e-03  ,6.936843485026e+00  ,6.376827487426e+01  ,-1.147302457228e-02  
  9.222020614266e-03  ,7.600741387942e+00  ,6.377216826789e+01  ,-1.050562091980e-02  
  9.222031936168e-03  ,8.773498563680e+00  ,6.377996750393e+01  ,-8.797165544902e-03  
  9.222043340027e-03  ,9.770584589757e+00  ,6.378783670963e+01  ,-7.344586307499e-03  
  9.222051371753e-03  ,9.973366252621e+00  ,4.117582489474e+01  ,9.863023919605e+00  
  9.222059039891e-03  ,1.000010192548e+01  ,1.082517410852e+01  ,9.863190261186e+00  
  9.222063367188e-03  ,1.018681439823e+01  ,3.407429187769e+00  ,9.864106995916e+00  
  9.222067477673e-03  ,1.046820347721e+01  ,2.662384806038e+00  ,9.865188395118e+00  
  9.222069795921e-03  ,1.062537612721e+01  ,2.745334632596e+00  ,9.865836722035e+00  
  9.222072716176e-03  ,1.081543980174e+01  ,2.801253415522e+00  ,9.866657164651e+00  
  9.222078556686e-03  ,1.117065569010e+01  ,2.811052133888e+00  ,9.868299785514e+00  
  9.222090237707e-03  ,1.179535841316e+01  ,2.805983225223e+00  ,9.871589585561e+00  
  9.222109910220e-03  ,1.262742017327e+01  ,2.804587741202e+00  ,9.877136148501e+00  
  9.222149255246e-03  ,1.371795042739e+01  ,2.808721484665e+00  ,9.888228869074e+00  
  9.222227945298e-03  ,1.476131862901e+01  ,2.813642257337e+00  ,9.910410908510e+00  
  9.222345366448e-03  ,1.516294554296e+01  ,2.822832087502e+00  ,9.943502132935e+00  
  9.222517194718e-03  ,1.497861772433e+01  ,2.836661085924e+00  ,9.991906592209e+00  
  9.222673454255e-03  ,1.497107104393e+01  ,2.849152003412e+00  ,1.003590474198e+01  
  9.222985973328e-03  ,1.501183873678e+01  ,2.874099713216e+00  ,1.012384254465e+01  
  9.223611011475e-03  ,1.499237749021e+01  ,2.923973408784e+00  ,1.029948442808e+01  
  9.224705257386e-03  ,1.499817676466e+01  ,3.011056215510e+00  ,1.060622888984e+01  
  9.226893749207e-03  ,1.500018676405e+01  ,3.184417308770e+00  ,1.121686962391e+01  
  9.231270732850e-03  ,1.499992978159e+01  ,3.527928849567e+00  ,1.242683540695e+01  
  9.232010000020e-03  ,1.500001367816e+01  ,3.585526823121e+00  ,1.262971567104e+01  
  9.232011000018e-03  ,1.442322924858e+01  ,3.585457295321e+00  ,1.262998980707e+01  
  9.232013000126e-03  ,1.321550361091e+01  ,3.585226070866e+00  ,1.263053803994e+01  
  9.232017000343e-03  ,1.067413179520e+01  ,3.584782062788e+00  ,1.263163480481e+01  
  9.232020000020e-03  ,8.649180084108e+00  ,3.584509453408e+00  ,1.263245717636e+01  
  9.232020800063e-03  ,8.545483276940e+00  ,3.584563954859e+00  ,1.263267647039e+01  
  9.232022400076e-03  ,8.340586534089e+00  ,3.584759761168e+00  ,1.263311515818e+01  
  9.232025600100e-03  ,7.945358704174e+00  ,3.585285645160e+00  ,1.263399250339e+01  
  9.232032000149e-03  ,7.209789630545e+00  ,3.586380069900e+00  ,1.263574696272e+01  
  9.232044800246e-03  ,5.933923456360e+00  ,3.589333732680e+00  ,1.263925574208e+01  
  9.232058726871e-03  ,4.792934688019e+00  ,3.599182743076e+00  ,1.264307228217e+01  
  9.232067645216e-03  ,4.356544912097e+00  ,1.397153785007e+01  ,1.264487547715e+01  
  9.232076016689e-03  ,4.341973535229e+00  ,4.350093233732e+01  ,1.264493703924e+01  
  9.232082296038e-03  ,4.134742650087e+00  ,5.281704513111e+01  ,3.939747438550e-02  
  9.232085567215e-03  ,3.936865446258e+00  ,5.284645014351e+01  ,-2.061901557319e-01  
  9.232087136494e-03  ,3.844006754061e+00  ,5.282811498819e+01  ,-4.151928543669e-03  
  9.232090275051e-03  ,3.665415784954e+00  ,5.283128886592e+01  ,1.014425097960e-02  
  9.232096552165e-03  ,3.332325954333e+00  ,5.284106992992e+01  ,5.649718726946e-03  
  9.232109106393e-03  ,2.751670663956e+00  ,5.285986294407e+01  ,4.594595088708e-03  
  9.232134214850e-03  ,1.862069333512e+00  ,5.289737164010e+01  ,3.314748324081e-03  
  9.232175371857e-03  ,9.415112030112e-01  ,5.295871048178e+01  ,1.972303780069e-03  
  9.232221362801e-03  ,4.554966092724e-01  ,5.302704968528e+01  ,1.262306017192e-03  
  9.232269457789e-03  ,1.918291004069e-01  ,5.309831241224e+01  ,8.762945821415e-04  
  9.232324359627e-03  ,8.008828235957e-02  ,5.317942229329e+01  ,7.114058359789e-04  
  9.232413051339e-03  ,6.895446797452e-03  ,5.330995508832e+01  ,6.014267634420e-04  
  9.232507846566e-03  ,2.597805750266e-03  ,5.344880084978e+01  ,5.916321084901e-04  
  9.232697437020e-03  ,7.906762881035e-04  ,5.372443840849e+01  ,5.819444686452e-04  
  9.232919047089e-03  ,1.963235737052e-03  ,5.404314992178e+01  ,5.754967813606e-04  
  9.233362267228e-03  ,1.918412219104e-03  ,5.466925806455e+01  ,5.591716606309e-04  
  9.234248707505e-03  ,1.422261614225e-03  ,5.587587667163e+01  ,5.267033604166e-04  
  9.236021588059e-03  ,1.582175104117e-03  ,5.810404001270e+01  ,4.654417455895e-04  
  9.239567349167e-03  ,9.474553787302e-04  ,6.180644321778e+01  ,3.496777604311e-04  
  9.242000000020e-03  ,1.006784584824e-03  ,6.375950904365e+01  ,2.788419247173e-04  
  9.242001000018e-03  ,5.776505419536e-01  ,6.376034588931e+01  ,-1.012193746294e-03  
  9.242001884868e-03  ,1.095289379466e+00  ,6.376108990055e+01  ,-2.187980185997e-03  
  9.242003654567e-03  ,2.160332249504e+00  ,6.376257478479e+01  ,-4.505118112861e-03  
  9.242007193965e-03  ,4.412689337766e+00  ,6.376552769488e+01  ,-8.959524781580e-03  
  9.242010000020e-03  ,6.311350843536e+00  ,6.376785330172e+01  ,-1.232618712494e-02  
  9.242010707900e-03  ,6.403657623268e+00  ,6.376834477712e+01  ,-1.224663660314e-02  
  9.242012123696e-03  ,6.584394576414e+00  ,6.376931715290e+01  ,-1.198644825358e-02  
  9.242014955289e-03  ,6.936787608252e+00  ,6.377126203977e+01  ,-1.147321582395e-02  
  9.242020618476e-03  ,7.600941422630e+00  ,6.377515526344e+01  ,-1.050543844064e-02  
  9.242031944848e-03  ,8.774095142149e+00  ,6.378295416875e+01  ,-8.796405592284e-03  
  9.242043354667e-03  ,9.771570228510e+00  ,6.379082405870e+01  ,-7.343259960229e-03  
  9.242051392354e-03  ,9.973412116470e+00  ,4.110309372206e+01  ,9.861841900913e+00  
  9.242059064962e-03  ,1.000020214381e+01  ,1.073754269840e+01  ,9.862012337145e+00  
  9.242063384808e-03  ,1.018785369663e+01  ,3.401542422085e+00  ,9.862928718680e+00  
  9.242067481883e-03  ,1.046834403103e+01  ,2.663209707914e+00  ,9.864008920230e+00  
  9.242069802738e-03  ,1.062567740886e+01  ,2.745363817824e+00  ,9.864657943189e+00  
  9.242072730817e-03  ,1.081622159674e+01  ,2.800941490178e+00  ,9.865480569684e+00  
  9.242078586973e-03  ,1.117228257534e+01  ,2.810666940745e+00  ,9.867127619728e+00  
  9.242090299286e-03  ,1.179826520486e+01  ,2.805637596548e+00  ,9.870426283218e+00  
  9.242110082067e-03  ,1.263362433826e+01  ,2.804269048621e+00  ,9.876004002208e+00  
  9.242149647630e-03  ,1.372599238584e+01  ,2.808405141994e+00  ,9.887159024854e+00  
  9.242228778757e-03  ,1.476740576197e+01  ,2.813370741902e+00  ,9.909465629010e+00  
  9.242346223749e-03  ,1.516337131845e+01  ,2.822565601323e+00  ,9.942563888605e+00  
  9.242518814958e-03  ,1.497820628967e+01  ,2.836455969045e+00  ,9.991183676827e+00  
  9.242675289072e-03  ,1.497093900652e+01  ,2.848964063864e+00  ,1.003524255270e+01  
  9.242988237299e-03  ,1.501190908725e+01  ,2.873946120984e+00  ,1.012330164667e+01  
  9.243614133753e-03  ,1.499232697363e+01  ,2.923888555554e+00  ,1.029918546846e+01  
  9.244711431421e-03  ,1.499816722520e+01  ,3.011214104832e+00  ,1.060678501535e+01  
  9.246906026758e-03  ,1.500018752142e+01  ,3.185056206193e+00  ,1.121912004159e+01  
  9.251295217432e-03  ,1.499992904322e+01  ,3.529511927072e+00  ,1.243241155186e+01  
  9.252010000020e-03  ,1.500001335690e+01  ,3.585200964200e+00  ,1.262856788380e+01  
  9.252011000018e-03  ,1.442322996754e+01  ,3.585131439136e+00  ,1.262884202308e+01  
  9.252013000126e-03  ,1.321550430870e+01  ,3.584900216542e+00  ,1.262939026255e+01  
  9.252017000343e-03  ,1.067413245207e+01  ,3.584456206008e+00  ,1.263048704039e+01  
  9.252020000020e-03  ,8.649180711603e+00  ,3.584183589577e+00  ,1.263130942171e+01  
  9.252020800063e-03  ,8.545483896841e+00  ,3.584238086630e+00  ,1.263152871834e+01  
  9.252022400076e-03  ,8.340587138987e+00  ,3.584433884667e+00  ,1.263196741135e+01  
  9.252025600100e-03  ,7.945359280156e+00  ,3.584959755633e+00  ,1.263284476698e+01  
  9.252032000149e-03  ,7.209790152563e+00  ,3.586054146526e+00  ,1.263459924718e+01  
  9.252044800246e-03  ,5.933923883481e+00  ,3.589007663459e+00  ,1.263810806826e+01  
  9.252058726871e-03  ,4.792935018878e+00  ,3.598855810191e+00  ,1.264192465384e+01  
  9.252067645216e-03  ,4.356537826267e+00  ,1.397076722810e+01  ,1.264372793980e+01  
  9.252076016689e-03  ,4.341966473230e+00  ,4.350010359966e+01  ,1.264378956037e+01  
  9.252082296038e-03  ,4.134788721258e+00  ,5.281944359942e+01  ,3.967020615070e-02  
  9.252085567215e-03  ,3.936910194251e+00  ,5.284888207243e+01  ,-2.062531972507e-01  
  9.252087136308e-03  ,3.844061170627e+00  ,5.283054022333e+01  ,-4.156660960160e-03  
  9.252090274492e-03  ,3.665488361364e+00  ,5.283371202881e+01  ,1.014579571914e-02  
  9.252096550861e-03  ,3.332429711811e+00  ,5.284349036367e+01  ,5.649843244865e-03  
  9.252109103600e-03  ,2.753414107985e+00  ,5.286232627946e+01  ,4.427098708986e-03  
  9.252134209076e-03  ,1.873208105447e+00  ,5.289981098765e+01  ,3.517975361777e-03  
  9.252173518339e-03  ,9.863473097712e-01  ,5.295842270733e+01  ,2.038315448697e-03  
  9.252218120495e-03  ,4.424538543829e-01  ,5.302470357213e+01  ,1.243202940155e-03  
  9.252263628641e-03  ,1.762282947507e-01  ,5.309213812392e+01  ,8.536550896454e-04  
  9.252332734266e-03  ,5.624845122110e-02  ,5.319420300655e+01  ,6.762286634282e-04  
  9.252413820425e-03  ,4.613230521728e-03  ,5.331348899355e+01  ,5.979487037942e-04  
  9.252510117689e-03  ,-7.861664335295e-03  ,5.345449697924e+01  ,5.761779587540e-04  
  9.252702712217e-03  ,-5.376635043054e-03  ,5.373439090004e+01  ,5.726397719693e-04  
  9.252993439833e-03  ,4.390377354463e-03  ,5.415153330654e+01  ,5.761731390847e-04  
  9.253574895063e-03  ,-2.577742894432e-05  ,5.496632763975e+01  ,5.485357401455e-04  
  9.254478215376e-03  ,1.129940795426e-03  ,5.618005640021e+01  ,5.178735672511e-04  
  9.255734204451e-03  ,1.471994088075e-03  ,5.776108208811e+01  ,4.748379201669e-04  
  9.258246182600e-03  ,1.203029317549e-03  ,6.054613722420e+01  ,3.921785194665e-04  
  9.262000000020e-03  ,8.927356398319e-04  ,6.375951476890e+01  ,2.766549027423e-04  
  9.262001000018e-03  ,5.775381476913e-01  ,6.376035138932e+01  ,-1.013318152587e-03  
  9.262001884961e-03  ,1.095233599572e+00  ,6.376109524540e+01  ,-2.187956597803e-03  
  9.262003654846e-03  ,2.160395996392e+00  ,6.376258010968e+01  ,-4.505627568417e-03  
  9.262007194617e-03  ,4.413017033119e+00  ,6.376553292022e+01  ,-8.960516126524e-03  
  9.262010000020e-03  ,6.312036512275e+00  ,6.376785755937e+01  ,-1.232521389135e-02  
  9.262010707974e-03  ,6.404345618181e+00  ,6.376834900561e+01  ,-1.224567250985e-02  
  9.262012123957e-03  ,6.585091381203e+00  ,6.376932134506e+01  ,-1.198547368617e-02  
  9.262014955923e-03  ,6.937500425075e+00  ,6.377126616440e+01  ,-1.147221776729e-02  
  9.262020619854e-03  ,7.601679291512e+00  ,6.377515924961e+01  ,-1.050440316524e-02  
  9.262031947717e-03  ,8.774858757698e+00  ,6.378295787962e+01  ,-8.795332846057e-03  
  9.262043359026e-03  ,9.772332887401e+00  ,6.379082748721e+01  ,-7.342189172296e-03  
  9.262051398203e-03  ,9.973442942208e+00  ,4.105825438036e+01  ,9.861268696556e+00  
  9.262059073791e-03  ,1.000026507817e+01  ,1.068247544064e+01  ,9.861441582379e+00  
  9.262063388422e-03  ,1.018847024915e+01  ,3.397953816055e+00  ,9.862357739575e+00  
  9.262067476555e-03  ,1.046836251566e+01  ,2.663781296579e+00  ,9.863437031757e+00  
  9.262069798529e-03  ,1.062576468460e+01  ,2.745425601904e+00  ,9.864086349740e+00  
  9.262072731450e-03  ,1.081661059372e+01  ,2.800793729979e+00  ,9.864910327728e+00  
  9.262078597292e-03  ,1.117320254003e+01  ,2.810473990359e+00  ,9.866560117403e+00  
  9.262090328976e-03  ,1.179840546959e+01  ,2.799965341900e+00  ,9.869867609321e+00  
  9.262102573260e-03  ,1.234541559115e+01  ,2.804183770589e+00  ,9.873320033625e+00  
  9.262127061829e-03  ,1.317699967819e+01  ,2.806409963023e+00  ,9.880224535670e+00  
  9.262176038965e-03  ,1.416448590626e+01  ,2.808802747763e+00  ,9.894032341014e+00  
  9.262273993239e-03  ,1.497596468614e+01  ,2.816698392833e+00  ,9.921642661944e+00  
  9.262402286276e-03  ,1.499972525750e+01  ,2.826975301679e+00  ,9.957793283927e+00  
  9.262627377256e-03  ,1.500014157543e+01  ,2.844949255337e+00  ,1.002118799098e+01  
  9.262866701826e-03  ,1.500012515837e+01  ,2.864084370159e+00  ,1.008854703950e+01  
  9.263345350966e-03  ,1.500022023790e+01  ,2.902292194991e+00  ,1.022312793922e+01  
  9.264302649244e-03  ,1.500027370393e+01  ,2.978552186055e+00  ,1.049174196164e+01  
  9.266217245802e-03  ,1.500037385645e+01  ,3.130451988170e+00  ,1.102678550293e+01  
  9.270046438917e-03  ,1.500039517073e+01  ,3.431788018821e+00  ,1.208819494784e+01  
  9.272010000020e-03  ,1.499972713708e+01  ,3.585042403919e+00  ,1.262800901353e+01  
  9.272011000018e-03  ,1.442050203847e+01  ,3.584973708269e+00  ,1.262828315587e+01  
  9.272013000126e-03  ,1.321285670323e+01  ,3.584742792417e+00  ,1.262883139004e+01  
  9.272017000343e-03  ,1.067163984603e+01  ,3.584298885807e+00  ,1.262992818113e+01  
  9.272020000020e-03  ,8.646798992371e+00  ,3.584026266421e+00  ,1.263075056717e+01  
  9.272020800063e-03  ,8.543130733263e+00  ,3.584080791130e+00  ,1.263096986499e+01  
  9.272022400076e-03  ,8.338290399373e+00  ,3.584276639014e+00  ,1.263140856058e+01  
  9.272025600100e-03  ,7.943171378134e+00  ,3.584802622041e+00  ,1.263228592134e+01  
  9.272032000149e-03  ,7.207804813747e+00  ,3.585897373249e+00  ,1.263404041149e+01  
  9.272044800246e-03  ,5.932289923620e+00  ,3.588853007920e+00  ,1.263754925249e+01  
  9.272058725381e-03  ,4.791726686703e+00  ,3.598726314328e+00  ,1.264136544894e+01  
  9.272067643726e-03  ,4.356450308037e+00  ,1.402801734209e+01  ,1.264316418759e+01  
  9.272076013708e-03  ,4.342013606217e+00  ,4.356143304707e+01  ,1.264322192121e+01  
  9.272082286352e-03  ,4.134243798670e+00  ,5.282125086805e+01  ,3.607592034979e-02  
  9.272085557157e-03  ,3.936400445772e+00  ,5.285022437605e+01  ,-2.053041870289e-01  
  9.272087127926e-03  ,3.843467391549e+00  ,5.283197485639e+01  ,-4.091053182708e-03  
  9.272090269463e-03  ,3.664735784213e+00  ,5.283516016772e+01  ,1.012263552781e-02  
  9.272096552538e-03  ,3.331405189994e+00  ,5.284494544093e+01  ,5.646980200613e-03  
  9.272109118687e-03  ,2.752003048196e+00  ,5.286379930451e+01  ,4.426261255501e-03  
  9.272134250985e-03  ,1.871458929990e+00  ,5.290132056482e+01  ,3.514086693467e-03  
  9.272173518525e-03  ,9.861305222333e-01  ,5.295986409894e+01  ,2.037929408388e-03  
  9.272218120681e-03  ,4.424097362255e-01  ,5.302613843571e+01  ,1.243074855106e-03  
  9.272263628827e-03  ,1.762385231844e-01  ,5.309356634413e+01  ,8.536057221029e-04  
  9.272332758294e-03  ,5.622436593459e-02  ,5.319565629556e+01  ,6.761286040518e-04  
  9.272413856374e-03  ,4.598743357993e-03  ,5.331494780885e+01  ,5.978623879789e-04  
  9.272510177480e-03  ,-7.867495671229e-03  ,5.345597631272e+01  ,5.761036179318e-04  
  9.272702819692e-03  ,-5.375234587696e-03  ,5.373591022662e+01  ,5.725747094894e-04  
  9.272993547307e-03  ,4.389596782335e-03  ,5.415300789467e+01  ,5.761056770856e-04  
  9.273575002538e-03  ,-2.558624436435e-05  ,5.496771282496e+01  ,5.484711675883e-04  
  9.274478895055e-03  ,1.129806141813e-03  ,5.618205148287e+01  ,5.177903493523e-04  
  9.275734884130e-03  ,1.471714083246e-03  ,5.776282875748e+01  ,4.747582016326e-04  
  9.278246862279e-03  ,1.202834198278e-03  ,6.054739126514e+01  ,3.921052871569e-04  
  9.282000000020e-03  ,8.925383285912e-04  ,6.375957410258e+01  ,2.766094468399e-04  
  9.282001000018e-03  ,5.775379509665e-01  ,6.376041059137e+01  ,-1.013363550089e-03  
  9.282001884961e-03  ,1.095233403330e+00  ,6.376115433108e+01  ,-2.188003011669e-03  
  9.282003654846e-03  ,2.160395801095e+00  ,6.376263896240e+01  ,-4.505673738500e-03  
  9.282007194617e-03  ,4.413016839640e+00  ,6.376559130705e+01  ,-8.960562249688e-03  
  9.282010000020e-03  ,6.312036321371e+00  ,6.376791557696e+01  ,-1.232526001802e-02  
  9.282010707974e-03  ,6.404345427625e+00  ,6.376840692988e+01  ,-1.224571868505e-02  
  9.282012123957e-03  ,6.585091191327e+00  ,6.376937908264e+01  ,-1.198551986130e-02  
  9.282014955923e-03  ,6.937500236525e+00  ,6.377132352861e+01  ,-1.147226393854e-02  
  9.282020619854e-03  ,7.601679105462e+00  ,6.377521586716e+01  ,-1.050444931932e-02  
  9.282031947717e-03  ,8.774858576071e+00  ,6.378301300415e+01  ,-8.795378980421e-03  
  9.282043359026e-03  ,9.772332709540e+00  ,6.379088110814e+01  ,-7.342235280894e-03  
  9.282051398203e-03  ,9.973439324293e+00  ,4.105802695471e+01  ,9.860622580336e+00  
  9.282059073791e-03  ,1.000026125037e+01  ,1.068221315152e+01  ,9.860795466588e+00  
  9.282063388422e-03  ,1.018846809873e+01  ,3.397773702680e+00  ,9.861711629015e+00  
  9.282067476555e-03  ,1.046836048799e+01  ,2.663599423779e+00  ,9.862790932782e+00  
  9.282069798529e-03  ,1.062576269924e+01  ,2.745240838484e+00  ,9.863440254762e+00  
  9.282072731450e-03  ,1.081660869973e+01  ,2.800609346313e+00  ,9.864264238328e+00  
  9.282078597292e-03  ,1.117320081712e+01  ,2.810290458197e+00  ,9.865914038805e+00  
  9.282090328976e-03  ,1.179840402841e+01  ,2.799781769814e+00  ,9.869221552262e+00  
  9.282102573260e-03  ,1.234541439713e+01  ,2.804000269939e+00  ,9.872673999034e+00  
  9.282127061829e-03  ,1.317699885918e+01  ,2.806226546697e+00  ,9.879578546005e+00  
  9.282176038965e-03  ,1.416448553114e+01  ,2.808619347288e+00  ,9.893386441177e+00  
  9.282273993239e-03  ,1.497596467590e+01  ,2.816515070598e+00  ,9.920996941713e+00  
  9.282402286276e-03  ,1.499972525773e+01  ,2.826792047874e+00  ,9.957147798842e+00  
  9.282627377256e-03  ,1.500014157582e+01  ,2.844766117271e+00  ,1.002054291825e+01  
  9.282866701826e-03  ,1.500012515876e+01  ,2.863901357148e+00  ,1.008790240491e+01  
  9.283345350966e-03  ,1.500022023833e+01  ,2.902109430528e+00  ,1.022248418003e+01  
  9.284302649244e-03  ,1.500027370438e+01  ,2.978369917656e+00  ,1.049109994968e+01  
  9.286217245802e-03  ,1.500037385694e+01  ,3.130270707861e+00  ,1.102614697122e+01  
  9.290046438917e-03  ,1.500039517122e+01  ,3.431608698644e+00  ,1.208756332017e+01  
  9.292010000020e-03  ,1.499972713731e+01  ,3.584864080606e+00  ,1.262738089713e+01  
  9.292011000018e-03  ,1.442050203754e+01  ,3.584795386491e+00  ,1.262765504126e+01  
  9.292013000126e-03  ,1.321285670233e+01  ,3.584564471676e+00  ,1.262820327900e+01  
  9.292017000343e-03  ,1.067163984515e+01  ,3.584120563714e+00  ,1.262930007721e+01  
  9.292020000020e-03  ,8.646798991445e+00  ,3.583847940490e+00  ,1.263012246861e+01  
  9.292020800063e-03  ,8.543130732309e+00  ,3.583902462790e+00  ,1.263034176786e+01  
  9.292022400076e-03  ,8.338290398366e+00  ,3.584098306148e+00  ,1.263078046630e+01  
  9.292025600100e-03  ,7.943171377037e+00  ,3.584624282056e+00  ,1.263165783276e+01  
  9.292032000149e-03  ,7.207804812402e+00  ,3.585719014774e+00  ,1.263341233432e+01  
  9.292044800246e-03  ,5.932289921140e+00  ,3.588674569826e+00  ,1.263692119817e+01  
  9.292058725381e-03  ,4.791726677013e+00  ,3.598547406157e+00  ,1.264073741950e+01  
  9.292067643726e-03  ,4.356446416217e+00  ,1.402760465993e+01  ,1.264253620664e+01  
  9.292076013708e-03  ,4.342009752375e+00  ,4.356099032203e+01  ,1.264259396685e+01  
  9.292082286352e-03  ,4.134246983305e+00  ,5.282128042145e+01  ,3.611154546570e-02  
  9.292085556785e-03  ,3.936425537916e+00  ,5.285025606124e+01  ,-2.052975609823e-01  
  9.292087127553e-03  ,3.843491915634e+00  ,5.283200702344e+01  ,-4.091270867529e-03  
  9.292090269091e-03  ,3.664759165062e+00  ,5.283519193174e+01  ,1.012245499440e-02  
  9.292096552165e-03  ,3.331426432495e+00  ,5.284497639006e+01  ,5.646960179426e-03  
  9.292109118314e-03  ,2.752020567553e+00  ,5.286382865169e+01  ,4.426238843970e-03  
  9.292134250613e-03  ,1.871470791169e+00  ,5.290134670985e+01  ,3.514053128472e-03  
  9.292173518153e-03  ,9.861366945222e-01  ,5.295988524313e+01  ,2.037889128308e-03  
  9.292218120309e-03  ,4.424124147860e-01  ,5.302615390429e+01  ,1.243029603140e-03  
  9.292263628455e-03  ,1.762394915252e-01  ,5.309357602696e+01  ,8.535580919777e-04  
  9.292332757922e-03  ,5.622456333501e-02  ,5.319565719971e+01  ,6.760800241435e-04  
  9.292413856002e-03  ,4.598609322798e-03  ,5.331493843060e+01  ,5.978135284279e-04  
  9.292510177107e-03  ,-7.867709447864e-03  ,5.345595474481e+01  ,5.760548816302e-04  
  9.292702819319e-03  ,-5.375431611282e-03  ,5.373586435478e+01  ,5.725264725725e-04  
  9.292993546935e-03  ,4.389463637920e-03  ,5.415292553706e+01  ,5.760582333360e-04  
  9.293575002165e-03  ,-2.574543663043e-05  ,5.496755821095e+01  ,5.484250556293e-04  
  9.294478894683e-03  ,1.129658142188e-03  ,5.618178652588e+01  ,5.177462954861e-04  
  9.295734883757e-03  ,1.471573814959e-03  ,5.776241470365e+01  ,4.747167923599e-04  
  9.298246861907e-03  ,1.202704216608e-03  ,6.054669491735e+01  ,3.920685291411e-04  
  9.302000000020e-03  ,8.924285553429e-04  ,6.375850013241e+01  ,2.765788000405e-04  
  9.302001000018e-03  ,5.775378412007e-01  ,6.375933652797e+01  ,-1.013393906894e-03  
  9.302001884868e-03  ,1.095178169352e+00  ,6.376008010700e+01  ,-2.187910185075e-03  
  9.302003654567e-03  ,2.160223972046e+00  ,6.376156441779e+01  ,-4.505343565845e-03  
  9.302007193965e-03  ,4.412586698896e+00  ,6.376451612483e+01  ,-8.959794254718e-03  
  9.302010000020e-03  ,6.311252466503e+00  ,6.376684077673e+01  ,-1.232644719362e-02  
  9.302010707900e-03  ,6.403560286917e+00  ,6.376733201000e+01  ,-1.224689390851e-02  
  9.302012123696e-03  ,6.584299277705e+00  ,6.376830390050e+01  ,-1.198670450809e-02  
  9.302014955289e-03  ,6.936696282536e+00  ,6.377024782197e+01  ,-1.147346611851e-02  
  9.302020618476e-03  ,7.600857584750e+00  ,6.377413911124e+01  ,-1.050567704362e-02  
  9.302031944848e-03  ,8.774024530713e+00  ,6.378193414920e+01  ,-8.796624897284e-03  
  9.302043354667e-03  ,9.771510862882e+00  ,6.378980014487e+01  ,-7.343463427872e-03  
  9.302051392354e-03  ,9.973400249682e+00  ,4.110426591686e+01  ,9.860047942145e+00  
  9.302059064962e-03  ,1.000018980530e+01  ,1.073862619983e+01  ,9.860218355859e+00  
  9.302063385553e-03  ,1.018786740566e+01  ,3.401059653516e+00  ,9.861134761821e+00  
  9.302067482628e-03  ,1.046835673164e+01  ,2.662722740852e+00  ,9.862215012120e+00  
  9.302069803484e-03  ,1.062568942548e+01  ,2.744855301912e+00  ,9.862864044670e+00  
  9.302072731562e-03  ,1.081623304074e+01  ,2.800429060855e+00  ,9.863686685839e+00  
  9.302078587718e-03  ,1.117229305937e+01  ,2.810156702574e+00  ,9.865333765380e+00  
  9.302090300031e-03  ,1.179827397611e+01  ,2.805128176475e+00  ,9.868632488270e+00  
  9.302110082812e-03  ,1.263363082094e+01  ,2.803759511770e+00  ,9.874210308045e+00  
  9.302149648376e-03  ,1.372599588012e+01  ,2.807896032261e+00  ,9.885365532211e+00  
  9.302228779502e-03  ,1.476740640158e+01  ,2.812861677676e+00  ,9.907672539275e+00  
  9.302346224494e-03  ,1.516337087239e+01  ,2.822056714417e+00  ,9.940771396656e+00  
  9.302518815703e-03  ,1.497820635044e+01  ,2.835947326262e+00  ,9.989392062962e+00  
  9.302675289817e-03  ,1.497093908722e+01  ,2.848455646056e+00  ,1.003345173455e+01  
  9.302988238044e-03  ,1.501190905582e+01  ,2.873438156190e+00  ,1.012151241890e+01  
  9.303614134498e-03  ,1.499232699578e+01  ,2.923381491926e+00  ,1.029739941724e+01  
  9.304711432166e-03  ,1.499816723136e+01  ,3.010708618663e+00  ,1.060500451944e+01  
  9.306906027503e-03  ,1.500018752205e+01  ,3.184553859871e+00  ,1.121735060463e+01  
  9.311295218177e-03  ,1.499992904454e+01  ,3.529015801885e+00  ,1.243066402731e+01  
  9.312010000020e-03  ,1.500001335791e+01  ,3.584705786800e+00  ,1.262682369764e+01  
  9.312011000018e-03  ,1.442322996897e+01  ,3.584636266067e+00  ,1.262709784187e+01  
  9.312013000126e-03  ,1.321550431010e+01  ,3.584405046362e+00  ,1.262764609125e+01  
  9.312017000343e-03  ,1.067413245326e+01  ,3.583961032076e+00  ,1.262874288888e+01  
  9.312020000020e-03  ,8.649180712523e+00  ,3.583688404995e+00  ,1.262956528506e+01  
  9.312020800063e-03  ,8.545483897642e+00  ,3.583742895363e+00  ,1.262978458566e+01  
  9.312022400076e-03  ,8.340587139558e+00  ,3.583938680842e+00  ,1.263022328658e+01  
  9.312025600100e-03  ,7.945359280318e+00  ,3.584464532062e+00  ,1.263110065806e+01  
  9.312032000149e-03  ,7.209790151742e+00  ,3.585558871670e+00  ,1.263285516996e+01  
  9.312044800246e-03  ,5.933923878995e+00  ,3.588512167850e+00  ,1.263636405445e+01  
  9.312058726871e-03  ,4.792934993980e+00  ,3.598359013539e+00  ,1.264018070915e+01  
  9.312067645216e-03  ,4.356527021475e+00  ,1.396962134459e+01  ,1.264198413006e+01  
  9.312076016689e-03  ,4.341955762910e+00  ,4.349887352549e+01  ,1.264204581994e+01  
  9.312082296038e-03  ,4.134781367727e+00  ,5.281857484234e+01  ,3.968553070956e-02  
  9.312085567215e-03  ,3.936903225187e+00  ,5.284801483751e+01  ,-2.062619932721e-01  
  9.312087136494e-03  ,3.844043512002e+00  ,5.282967177946e+01  ,-4.156584311976e-03  
  9.312090275051e-03  ,3.665450806985e+00  ,5.283284313993e+01  ,1.014535961685e-02  
  9.312096552165e-03  ,3.332357744064e+00  ,5.284262047158e+01  ,5.649585278011e-03  
  9.312109106393e-03  ,2.751696795394e+00  ,5.286140576011e+01  ,4.594381051519e-03  
  9.312134214850e-03  ,1.862086782106e+00  ,5.289889898272e+01  ,3.314526690783e-03  
  9.312175371857e-03  ,9.415196580579e-01  ,5.296021246664e+01  ,1.972069730431e-03  
  9.312221362801e-03  ,4.555003092893e-01  ,5.302852334791e+01  ,1.262065581735e-03  
  9.312269457789e-03  ,1.918302210698e-01  ,5.309975647888e+01  ,8.760509765514e-04  
  9.312324359627e-03  ,8.008831034904e-02  ,5.318083260322e+01  ,7.111612866850e-04  
  9.312413051339e-03  ,6.894759744623e-03  ,5.331131092949e+01  ,6.011822338915e-04  
  9.312507846566e-03  ,2.597077878518e-03  ,5.345009856191e+01  ,5.913886239153e-04  
  9.312697437020e-03  ,7.899332415411e-04  ,5.372562014043e+01  ,5.817031872890e-04  
  9.312919047089e-03  ,1.962507151591e-03  ,5.404419656138e+01  ,5.752580449890e-04  
  9.313362267228e-03  ,1.917689345660e-03  ,5.467003611246e+01  ,5.589379447405e-04  
  9.314248707505e-03  ,1.421546887957e-03  ,5.587612418958e+01  ,5.264791108596e-04  
  9.316021588059e-03  ,1.581490606913e-03  ,5.810325558483e+01  ,4.652351015739e-04  
  9.319567349167e-03  ,9.468314429313e-04  ,6.180372903801e+01  ,3.495014135317e-04  
  9.322000000020e-03  ,1.006215669526e-03  ,6.375558611676e+01  ,2.786816146584e-04  
  9.322001000018e-03  ,5.776499720287e-01  ,6.375642248710e+01  ,-1.012351705651e-03  
  9.322001884774e-03  ,1.095233686588e+00  ,6.375716599975e+01  ,-2.188014695573e-03  
  9.322003654287e-03  ,2.160159962793e+00  ,6.375864988774e+01  ,-4.504915382886e-03  
  9.322007193313e-03  ,4.412258744240e+00  ,6.376160080882e+01  ,-8.958884279470e-03  
  9.322010000020e-03  ,6.312133258251e+00  ,6.376392552299e+01  ,-1.232519289559e-02  
  9.322010707825e-03  ,6.404422109041e+00  ,6.376441661260e+01  ,-1.224568056063e-02  
  9.322012123435e-03  ,6.587039023432e+00  ,6.376538832391e+01  ,-1.198571638172e-02  
  9.322014954656e-03  ,6.940805143044e+00  ,6.376733119646e+01  ,-1.146752466864e-02  
  9.322020617097e-03  ,7.604544289154e+00  ,6.377122125093e+01  ,-1.050041769068e-02  
  9.322031941980e-03  ,8.776984037415e+00  ,6.377901380833e+01  ,-8.792330529339e-03  
  9.322043351799e-03  ,9.773995250887e+00  ,6.378687834273e+01  ,-7.339884585127e-03  
  9.322051390975e-03  ,9.973498996936e+00  ,4.097044985022e+01  ,9.859089965013e+00  
  9.322059066564e-03  ,1.000035103602e+01  ,1.059678742200e+01  ,9.859266352178e+00  
  9.322063370764e-03  ,1.018925174392e+01  ,3.392362984805e+00  ,9.860182511381e+00  
  9.322067442506e-03  ,1.046805199393e+01  ,2.664329620923e+00  ,9.861259548750e+00  
  9.322069764852e-03  ,1.062548183092e+01  ,2.745123593195e+00  ,9.861908967227e+00  
  9.322072703361e-03  ,1.081669194490e+01  ,2.800182521458e+00  ,9.862734519529e+00  
  9.322078580379e-03  ,1.117392777497e+01  ,2.809812725605e+00  ,9.864387500547e+00  
  9.322090334415e-03  ,1.180010661228e+01  ,2.799379631541e+00  ,9.867701369480e+00  
  9.322102635324e-03  ,1.234915529676e+01  ,2.803573842841e+00  ,9.871169834224e+00  
  9.322127237141e-03  ,1.318280426998e+01  ,2.805800103080e+00  ,9.878106416265e+00  
  9.322176440775e-03  ,1.417046155820e+01  ,2.808220450304e+00  ,9.891978370204e+00  
  9.322274848044e-03  ,1.497924165892e+01  ,2.816150394660e+00  ,9.919716934748e+00  
  9.322403212607e-03  ,1.499977598983e+01  ,2.826434328577e+00  ,9.955888410243e+00  
  9.322629281103e-03  ,1.500012889138e+01  ,2.844487097523e+00  ,1.001955955948e+01  
  9.322869082510e-03  ,1.500011445417e+01  ,2.863660464803e+00  ,1.008705387845e+01  
  9.323348685324e-03  ,1.500019468702e+01  ,2.901944945976e+00  ,1.022190477037e+01  
  9.324307890951e-03  ,1.500023971351e+01  ,2.978357622043e+00  ,1.049105658634e+01  
  9.326226302206e-03  ,1.500032411969e+01  ,3.130560316821e+00  ,1.102716699096e+01  
  9.330063124716e-03  ,1.500034188779e+01  ,3.432492313966e+00  ,1.209067562911e+01  
  9.332010000020e-03  ,1.499977401406e+01  ,3.584444046738e+00  ,1.262590147304e+01  
  9.332011000018e-03  ,1.442097528239e+01  ,3.584375215792e+00  ,1.262617562100e+01  
  9.332013000126e-03  ,1.321331601256e+01  ,3.584144251630e+00  ,1.262672386922e+01  
  9.332017000343e-03  ,1.067207226575e+01  ,3.583700322870e+00  ,1.262782068254e+01  
  9.332020000020e-03  ,8.647212175058e+00  ,3.583427690069e+00  ,1.262864308654e+01  
  9.332020800063e-03  ,8.543538961955e+00  ,3.583482201617e+00  ,1.262886238917e+01  
  9.332022400076e-03  ,8.338688839325e+00  ,3.583678025036e+00  ,1.262930109431e+01  
  9.332025600100e-03  ,7.943550936382e+00  ,3.584203963607e+00  ,1.263017847421e+01  
  9.332032000149e-03  ,7.208149230012e+00  ,3.585298587387e+00  ,1.263193300270e+01  
  9.332044800246e-03  ,5.932573377892e+00  ,3.588253574928e+00  ,1.263544192039e+01  
  9.332058725381e-03  ,4.791955529040e+00  ,3.598120358561e+00  ,1.263925820090e+01  
  9.332067642236e-03  ,4.356459443622e+00  ,1.401020396449e+01  ,1.264105809844e+01  
  9.332076012218e-03  ,4.341987865332e+00  ,4.354104653086e+01  ,1.264111708243e+01  
  9.332082286352e-03  ,4.134409210089e+00  ,5.281786429515e+01  ,3.714807408162e-02  
  9.332085556785e-03  ,3.936583674424e+00  ,5.284697429028e+01  ,-2.055825463437e-01  
  9.332088120157e-03  ,3.786377443648e+00  ,5.282986830449e+01  ,-1.702846856248e-03  
  9.332090895871e-03  ,3.630381087593e+00  ,5.283298666514e+01  ,7.836308849574e-03  
  9.332096447298e-03  ,3.337105192258e+00  ,5.284145295754e+01  ,5.599857941304e-03  
  9.332107550153e-03  ,2.817931545180e+00  ,5.285806001248e+01  ,4.699933568453e-03  
  9.332129755864e-03  ,2.006141445998e+00  ,5.289124537269e+01  ,3.533998399765e-03  
  9.332174167285e-03  ,9.667140120460e-01  ,5.295743325449e+01  ,2.008790264935e-03  
  9.332216730962e-03  ,4.465837039854e-01  ,5.302066495733e+01  ,1.249200276760e-03  
  9.332264510045e-03  ,2.099705983602e-01  ,5.309143631554e+01  ,9.026190338677e-04  
  9.332334497819e-03  ,6.559042614656e-02  ,5.319476536898e+01  ,6.895902247636e-04  
  9.332398000607e-03  ,2.409760176388e-02  ,5.328818715305e+01  ,6.267632785755e-04  
  9.332525006184e-03  ,-3.280901605696e-03  ,5.347410452537e+01  ,5.821197279708e-04  
  9.332684174428e-03  ,-5.036797517219e-03  ,5.370536543500e+01  ,5.736484357176e-04  
  9.333002510915e-03  ,-3.839268149242e-04  ,5.416207808227e+01  ,5.686757378509e-04  
  9.333550873646e-03  ,2.946463763003e-03  ,5.493055440517e+01  ,5.536106525317e-04  
  9.334647599110e-03  ,5.515618536265e-04  ,5.639746353072e+01  ,5.110248184215e-04  
  9.336841050038e-03  ,2.245169109452e-03  ,5.904655020128e+01  ,4.387694642350e-04  
  9.341227951894e-03  ,8.452921537856e-05  ,6.318623973016e+01  ,2.975808842983e-04  
  9.342000000020e-03  ,1.474710992375e-03  ,6.375394369334e+01  ,2.805377577114e-04  
  9.342001000018e-03  ,5.781115032766e-01  ,6.375478041992e+01  ,-1.010976014700e-03  
  9.342001884402e-03  ,1.095468599012e+00  ,6.375552397609e+01  ,-2.186973040058e-03  
  9.342003653170e-03  ,2.159916472703e+00  ,6.375700776682e+01  ,-4.502748717104e-03  
  9.342007190705e-03  ,4.410958922715e+00  ,6.375995854337e+01  ,-8.954966187319e-03  
  9.342010000020e-03  ,6.311750059321e+00  ,6.376228638823e+01  ,-1.232565224157e-02  
  9.342010707527e-03  ,6.404004536620e+00  ,6.376277748957e+01  ,-1.224618004528e-02  
  9.342012122579e-03  ,6.584641082670e+00  ,6.376374911752e+01  ,-1.198613825903e-02  
  9.342014952682e-03  ,6.936843000810e+00  ,6.376569250377e+01  ,-1.147318435395e-02  
  9.342020612888e-03  ,7.600657115554e+00  ,6.376958272583e+01  ,-1.050590271639e-02  
  9.342031933300e-03  ,8.773284779032e+00  ,6.377737561745e+01  ,-8.797635877062e-03  
  9.342043335668e-03  ,9.770283513515e+00  ,6.378523843893e+01  ,-7.345183792388e-03  
  9.342051367394e-03  ,9.973341167526e+00  ,4.118728787301e+01  ,9.860432921290e+00  
  9.342059034042e-03  ,1.000006589890e+01  ,1.084203729045e+01  ,9.860598612413e+00  
  9.342063362829e-03  ,1.018659019971e+01  ,3.407847506037e+00  ,9.861515335203e+00  
  9.342067476295e-03  ,1.046817978033e+01  ,2.661402582259e+00  ,9.862597092585e+00  
  9.342069794170e-03  ,1.062533006410e+01  ,2.744516513301e+00  ,9.863245339405e+00  
  9.342072712935e-03  ,1.081530180902e+01  ,2.800509483061e+00  ,9.864065390729e+00  
  9.342078550465e-03  ,1.117035579068e+01  ,2.810326458141e+00  ,9.865707214687e+00  
  9.342090225525e-03  ,1.179324759383e+01  ,2.799661395067e+00  ,9.868998764382e+00  
  9.342102344639e-03  ,1.233597104529e+01  ,2.803926860385e+00  ,9.872415927648e+00  
  9.342126582868e-03  ,1.316330727423e+01  ,2.806152226817e+00  ,9.879249910075e+00  
  9.342175059326e-03  ,1.415077337062e+01  ,2.808484568769e+00  ,9.892916701196e+00  
  9.342272012241e-03  ,1.496855473998e+01  ,2.816304525458e+00  ,9.920245110937e+00  
  9.342400090702e-03  ,1.499959729737e+01  ,2.826561913886e+00  ,9.956335786115e+00  
  9.342623012073e-03  ,1.500017292496e+01  ,2.844361955334e+00  ,1.001912055826e+01  
  9.342861263759e-03  ,1.500015214418e+01  ,2.863412103965e+00  ,1.008617913927e+01  
  9.343337767131e-03  ,1.500028493035e+01  ,2.901449656184e+00  ,1.022016032637e+01  
  9.344290773876e-03  ,1.500035990251e+01  ,2.977370503104e+00  ,1.048757980556e+01  
  9.346196787365e-03  ,1.500050007092e+01  ,3.128597542572e+00  ,1.102025370002e+01  
  9.350008814342e-03  ,1.499963883072e+01  ,3.428610339265e+00  ,1.207700079681e+01  
  9.352010000020e-03  ,1.500000223079e+01  ,3.584812325608e+00  ,1.262719887144e+01  
  9.352011000018e-03  ,1.442253093522e+01  ,3.584743016433e+00  ,1.262747301542e+01  
  9.352013000126e-03  ,1.321482585932e+01  ,3.584511874453e+00  ,1.262802125805e+01  
  9.352017000343e-03  ,1.067349372123e+01  ,3.584067887108e+00  ,1.262911805521e+01  
  9.352020000020e-03  ,8.648570395392e+00  ,3.583795263532e+00  ,1.262994044819e+01  
  9.352020800063e-03  ,8.544880897946e+00  ,3.583849762740e+00  ,1.263015974791e+01  
  9.352022400076e-03  ,8.339998598600e+00  ,3.584045564539e+00  ,1.263059844714e+01  
  9.352025600100e-03  ,7.944798629174e+00  ,3.584571450370e+00  ,1.263147581522e+01  
  9.352032000149e-03  ,7.209281407821e+00  ,3.585665897444e+00  ,1.263323032025e+01  
  9.352044800246e-03  ,5.933505177205e+00  ,3.588619801376e+00  ,1.263673919100e+01  
  9.352058725381e-03  ,4.792707903719e+00  ,3.598471331279e+00  ,1.264055542190e+01  
  9.352067643726e-03  ,4.356513422927e+00  ,1.398064631261e+01  ,1.264235796222e+01  
  9.352076013708e-03  ,4.341968311853e+00  ,4.350634048702e+01  ,1.264241906233e+01  
  9.352082292313e-03  ,4.134657382134e+00  ,5.281517849506e+01  ,3.890587630709e-02  
  9.352085563490e-03  ,3.936782492899e+00  ,5.284452035087e+01  ,-2.060766274250e-01  
  9.352087132955e-03  ,3.843915075815e+00  ,5.282619545481e+01  ,-4.144186195979e-03  
  9.352090271885e-03  ,3.665307622546e+00  ,5.282936948985e+01  ,1.014140912260e-02  
  9.352096549744e-03  ,3.332189744819e+00  ,5.283914848737e+01  ,5.649200763830e-03  
  9.352109105462e-03  ,2.753090310778e+00  ,5.285798647819e+01  ,4.426822151642e-03  
  9.352134216899e-03  ,1.872812291842e+00  ,5.289547546156e+01  ,3.517111520814e-03  
  9.352173514241e-03  ,9.863425674218e-01  ,5.295406209702e+01  ,2.038261150481e-03  
  9.352218122357e-03  ,4.424106745931e-01  ,5.302034358995e+01  ,1.243093703852e-03  
  9.352263624543e-03  ,1.762392625497e-01  ,5.308776094324e+01  ,8.536250916644e-04  
  9.352332742089e-03  ,5.623814483361e-02  ,5.318983076250e+01  ,6.761675217547e-04  
  9.352413828248e-03  ,4.608650579187e-03  ,5.330910192544e+01  ,5.978962629415e-04  
  9.352510125512e-03  ,-7.862893486709e-03  ,5.345009241506e+01  ,5.761308246998e-04  
  9.352702720040e-03  ,-5.376244234182e-03  ,5.372995169789e+01  ,5.725958421430e-04  
  9.352993399972e-03  ,4.389441710408e-03  ,5.414697483369e+01  ,5.761302840163e-04  
  9.353574759835e-03  ,-2.537436838756e-05  ,5.496154027437e+01  ,5.485007097620e-04  
  9.354478080148e-03  ,1.129845204292e-03  ,5.617513303976e+01  ,5.178413623489e-04  
  9.355733878488e-03  ,1.471835459237e-03  ,5.775575667997e+01  ,4.748168720449e-04  
  9.358245475167e-03  ,1.202988277424e-03  ,6.054018413995e+01  ,3.921779163684e-04  
  9.362000000020e-03  ,8.926456503915e-04  ,6.375396292639e+01  ,2.766427127201e-04  
  9.362001000018e-03  ,5.775380579659e-01  ,6.375479948777e+01  ,-1.013327848753e-03  
  9.362001884868e-03  ,1.095178385881e+00  ,6.375554321351e+01  ,-2.187842241848e-03  
  9.362003654567e-03  ,2.160224188117e+00  ,6.375702781819e+01  ,-4.505276102625e-03  
  9.362007193965e-03  ,4.412586914090e+00  ,6.375998011299e+01  ,-8.959726960580e-03  
  9.362010000020e-03  ,6.311252681034e+00  ,6.376230523093e+01  ,-1.232637995794e-02  
  9.362010707900e-03  ,6.403560501291e+00  ,6.376279658204e+01  ,-1.224682837277e-02  
  9.362012123696e-03  ,6.584299491766e+00  ,6.376376870790e+01  ,-1.198663916239e-02  
  9.362014955289e-03  ,6.936696495987e+00  ,6.376571310010e+01  ,-1.147340077688e-02  
  9.362020618476e-03  ,7.600857797054e+00  ,6.376960533093e+01  ,-1.050561167705e-02  
  9.362031944848e-03  ,8.774024740997e+00  ,6.377740225255e+01  ,-8.796559504715e-03  
  9.362043354667e-03  ,9.771511071461e+00  ,6.378527014643e+01  ,-7.343398012907e-03  
  9.362051392354e-03  ,9.973404229660e+00  ,4.110001136949e+01  ,9.860400285176e+00  
  9.362059064962e-03  ,1.000019796054e+01  ,1.073468691664e+01  ,9.860571021743e+00  
  9.362063384808e-03  ,1.018789143371e+01  ,3.400962393171e+00  ,9.861487301422e+00  
  9.362067481138e-03  ,1.046833142470e+01  ,2.662864548084e+00  ,9.862567418369e+00  
  9.362069801621e-03  ,1.062564006529e+01  ,2.744966815408e+00  ,9.863216346972e+00  
  9.362072730072e-03  ,1.081620939869e+01  ,2.800532361872e+00  ,9.864039089529e+00  
  9.362078586973e-03  ,1.117231481012e+01  ,2.810255679930e+00  ,9.865686373394e+00  
  9.362090300776e-03  ,1.179678675780e+01  ,2.799697566430e+00  ,9.868988851068e+00  
  9.362102504827e-03  ,1.234241512530e+01  ,2.803930935843e+00  ,9.872429962308e+00  
  9.362126912929e-03  ,1.317263089250e+01  ,2.806156839413e+00  ,9.879311839039e+00  
  9.362175729133e-03  ,1.416010973705e+01  ,2.808530327843e+00  ,9.893074401791e+00  
  9.362273361541e-03  ,1.497360697314e+01  ,2.816401676144e+00  ,9.920594275304e+00  
  9.362401583053e-03  ,1.499968555713e+01  ,2.826672176033e+00  ,9.956725127263e+00  
  9.362625982620e-03  ,1.500015141407e+01  ,2.844590818417e+00  ,1.001992584629e+01  
  9.362864973403e-03  ,1.500013353475e+01  ,2.863699621042e+00  ,1.008719183728e+01  
  9.363342954971e-03  ,1.500024026834e+01  ,2.901854711351e+00  ,1.022158700198e+01  
  9.364298918105e-03  ,1.500030036897e+01  ,2.978009668899e+00  ,1.048983107214e+01  
  9.366210844375e-03  ,1.500041288517e+01  ,3.129701123426e+00  ,1.102414075238e+01  
  9.370034696914e-03  ,1.499972010891e+01  ,3.430627591577e+00  ,1.208410639188e+01  
  9.372010000020e-03  ,1.500000656102e+01  ,3.584803709316e+00  ,1.262716853094e+01  
  9.372011000018e-03  ,1.442270404949e+01  ,3.584734344948e+00  ,1.262744267500e+01  
  9.372013000126e-03  ,1.321499387625e+01  ,3.584503182589e+00  ,1.262799091785e+01  
  9.372017000343e-03  ,1.067365190189e+01  ,3.584059187998e+00  ,1.262908771532e+01  
  9.372020000020e-03  ,8.648721539178e+00  ,3.583786564580e+00  ,1.262991010855e+01  
  9.372020800063e-03  ,8.545030229587e+00  ,3.583841061704e+00  ,1.263012940835e+01  
  9.372022400076e-03  ,8.340144349570e+00  ,3.584036859810e+00  ,1.263056810772e+01  
  9.372025600100e-03  ,7.944937473303e+00  ,3.584562737806e+00  ,1.263144547607e+01  
  9.372032000149e-03  ,7.209407397265e+00  ,3.585657160084e+00  ,1.263319998166e+01  
  9.372044800246e-03  ,5.933608868026e+00  ,3.588610921406e+00  ,1.263670885354e+01  
  9.372058726871e-03  ,4.792680655907e+00  ,3.598463497725e+00  ,1.264052549397e+01  
  9.372067645216e-03  ,4.356511478944e+00  ,1.398198763047e+01  ,1.264232791660e+01  
  9.372076016689e-03  ,4.341968355227e+00  ,4.351325073333e+01  ,1.264238870989e+01  
  9.372082293803e-03  ,4.134631776763e+00  ,5.281526304955e+01  ,3.865325961051e-02  
  9.372085564608e-03  ,3.936779056963e+00  ,5.284456984775e+01  ,-2.059904491136e-01  
  9.372087134073e-03  ,3.843911855772e+00  ,5.282625324224e+01  ,-4.139288961078e-03  
  9.372090273002e-03  ,3.665304538146e+00  ,5.282942793294e+01  ,1.013967282193e-02  
  9.372096550861e-03  ,3.332186912658e+00  ,5.283920671810e+01  ,5.649109693248e-03  
  9.372109106580e-03  ,2.753087969190e+00  ,5.285804459983e+01  ,4.426898164891e-03  
  9.372134218017e-03  ,1.872810696958e+00  ,5.289553341579e+01  ,3.517024025142e-03  
  9.372173515359e-03  ,9.863417239052e-01  ,5.295411975479e+01  ,2.038256434303e-03  
  9.372218123475e-03  ,4.424102922279e-01  ,5.302040092068e+01  ,1.243090044791e-03  
  9.372263625661e-03  ,1.762391058477e-01  ,5.308781794060e+01  ,8.536217168870e-04  
  9.372332743207e-03  ,5.623808986891e-02  ,5.318988725359e+01  ,6.761643075315e-04  
  9.372413829366e-03  ,4.608639384123e-03  ,5.330915782285e+01  ,5.978931217183e-04  
  9.372510126630e-03  ,-7.862894111578e-03  ,5.345014760776e+01  ,5.761277112316e-04  
  9.372702721158e-03  ,-5.376246972773e-03  ,5.373000548239e+01  ,5.725927511130e-04  
  9.372993401090e-03  ,4.389430685771e-03  ,5.414702649599e+01  ,5.761272182527e-04  
  9.373574760953e-03  ,-2.538165949373e-05  ,5.496158770511e+01  ,5.484977222955e-04  
  9.374478081265e-03  ,1.129836929203e-03  ,5.617517393585e+01  ,5.178384816036e-04  
  9.375733879605e-03  ,1.471826907693e-03  ,5.775578858957e+01  ,4.748141293142e-04  
  9.378245476285e-03  ,1.202980047595e-03  ,6.054019850553e+01  ,3.921754140020e-04  
  9.382000000020e-03  ,8.926355635344e-04  ,6.375395169803e+01  ,2.766405573340e-04  
  9.382001000018e-03  ,5.775380478786e-01  ,6.375478825316e+01  ,-1.013330011809e-03  
  9.382001884868e-03  ,1.095178375793e+00  ,6.375553197336e+01  ,-2.187844400983e-03  
  9.382003654567e-03  ,2.160224178029e+00  ,6.375701656697e+01  ,-4.505278262736e-03  
  9.382007193965e-03  ,4.412586904001e+00  ,6.375996883965e+01  ,-8.959729121002e-03  
  9.382010000020e-03  ,6.311252672147e+00  ,6.376229394004e+01  ,-1.232638212046e-02  
  9.382010707900e-03  ,6.403560492419e+00  ,6.376278528672e+01  ,-1.224683054313e-02  
  9.382012123696e-03  ,6.584299482923e+00  ,6.376375740371e+01  ,-1.198664133350e-02  
  9.382014955289e-03  ,6.936696487200e+00  ,6.376570177817e+01  ,-1.147340294787e-02  
  9.382020618476e-03  ,7.600857788371e+00  ,6.376959397353e+01  ,-1.050561384699e-02  
  9.382031944848e-03  ,8.774024732499e+00  ,6.377739082423e+01  ,-8.796561673632e-03  
  9.382043354667e-03  ,9.771511063121e+00  ,6.378525864670e+01  ,-7.343400180505e-03  
  9.382051392354e-03  ,9.973404055951e+00  ,4.109998626109e+01  ,9.860368132669e+00  
  9.382059064962e-03  ,1.000019778915e+01  ,1.073466100468e+01  ,9.860538870281e+00  
  9.382063384808e-03  ,1.018789156065e+01  ,3.400952419133e+00  ,9.861455150043e+00  
  9.382067481138e-03  ,1.046833155652e+01  ,2.662855608172e+00  ,9.862535268014e+00  
  9.382069801621e-03  ,1.062564019093e+01  ,2.744957685488e+00  ,9.863184196811e+00  
  9.382072730072e-03  ,1.081620951866e+01  ,2.800523195523e+00  ,9.864006939642e+00  
  9.382078586973e-03  ,1.117231492030e+01  ,2.810246541769e+00  ,9.865654224046e+00  
  9.382090300776e-03  ,1.179678685010e+01  ,2.799688435413e+00  ,9.868956702790e+00  
  9.382102504827e-03  ,1.234241520190e+01  ,2.803921805005e+00  ,9.872397815144e+00  
  9.382126912929e-03  ,1.317263094521e+01  ,2.806147711992e+00  ,9.879279694104e+00  
  9.382175729133e-03  ,1.416010976129e+01  ,2.808521202059e+00  ,9.893042261311e+00  
  9.382273361541e-03  ,1.497360697394e+01  ,2.816392553886e+00  ,9.920562143733e+00  
  9.382401583053e-03  ,1.499968555716e+01  ,2.826663057161e+00  ,9.956693007386e+00  
  9.382625982620e-03  ,1.500015141409e+01  ,2.844581705305e+00  ,1.001989374687e+01  
  9.382864973403e-03  ,1.500013353477e+01  ,2.863690514136e+00  ,1.008715975963e+01  
  9.383342954971e-03  ,1.500024026835e+01  ,2.901845616795e+00  ,1.022155496783e+01  
  9.384298918105e-03  ,1.500030036898e+01  ,2.978000598993e+00  ,1.048979912481e+01  
  9.386210844375e-03  ,1.500041288518e+01  ,3.129692102620e+00  ,1.102410897799e+01  
  9.390034696914e-03  ,1.499972010893e+01  ,3.430618668175e+00  ,1.208407496058e+01  
  9.392010000020e-03  ,1.500000656103e+01  ,3.584794835818e+00  ,1.262713727540e+01  
  9.392011000018e-03  ,1.442270404952e+01  ,3.584725471527e+00  ,1.262741141955e+01  
  9.392013000126e-03  ,1.321499387628e+01  ,3.584494309220e+00  ,1.262795966258e+01  
  9.392017000343e-03  ,1.067365190192e+01  ,3.584050314561e+00  ,1.262905646041e+01  
  9.392020000020e-03  ,8.648721539202e+00  ,3.583777690953e+00  ,1.262987885391e+01  
  9.392020800063e-03  ,8.545030229609e+00  ,3.583832187957e+00  ,1.263009815378e+01  
  9.392022400076e-03  ,8.340144349588e+00  ,3.584027985837e+00  ,1.263053685328e+01  
  9.392025600100e-03  ,7.944937473313e+00  ,3.584553863480e+00  ,1.263141422192e+01  
  9.392032000149e-03  ,7.209407397257e+00  ,3.585648284838e+00  ,1.263316872808e+01  
  9.392044800246e-03  ,5.933608867951e+00  ,3.588602042204e+00  ,1.263667760110e+01  
  9.392058726871e-03  ,4.792680655465e+00  ,3.598454595192e+00  ,1.264049424276e+01  
  9.392067645216e-03  ,4.356511285313e+00  ,1.398196709543e+01  ,1.264229666781e+01  
  9.392076016689e-03  ,4.341968163330e+00  ,4.351322869236e+01  ,1.264235746237e+01  
  9.392082293803e-03  ,4.134631739591e+00  ,5.281525303442e+01  ,3.865402236939e-02  
  9.392085564608e-03  ,3.936779023751e+00  ,5.284455992020e+01  ,-2.059907130013e-01  
  9.392087134073e-03  ,3.843911822747e+00  ,5.282624327925e+01  ,-4.139307546532e-03  
  9.392090273002e-03  ,3.665304506320e+00  ,5.282941794866e+01  ,1.013967581730e-02  
  9.392096550861e-03  ,3.332186883114e+00  ,5.283919669617e+01  ,5.649107632479e-03  
  9.392109106580e-03  ,2.753087943511e+00  ,5.285803450135e+01  ,4.426895548924e-03  
  9.392134218017e-03  ,1.872810677153e+00  ,5.289552316409e+01  ,3.517021976608e-03  
  9.392173515359e-03  ,9.863417100186e-01  ,5.295410926364e+01  ,2.038254123517e-03  
  9.392218123475e-03  ,4.424102819763e-01  ,5.302039015795e+01  ,1.243087743292e-03  
  9.392263625661e-03  ,1.762390973791e-01  ,5.308780690116e+01  ,8.536194237731e-04  
  9.392332743207e-03  ,5.623808221282e-02  ,5.318987579441e+01  ,6.761620240368e-04  
  9.392413829366e-03  ,4.608632086853e-03  ,5.330914587217e+01  ,5.978908486371e-04  
  9.392510126630e-03  ,-7.862901308286e-03  ,5.345013507468e+01  ,5.761254499266e-04  
  9.392702721158e-03  ,-5.376254150952e-03  ,5.372999178875e+01  ,5.725905129706e-04  
  9.392993401090e-03  ,4.389423496218e-03  ,5.414701106154e+01  ,5.761250141847e-04  
  9.393574760953e-03  ,-2.538870947863e-05  ,5.496156882904e+01  ,5.484955851771e-04  
  9.394478081265e-03  ,1.129830049369e-03  ,5.617514982190e+01  ,5.178364442494e-04  
  9.395733879605e-03  ,1.471820285669e-03  ,5.775575742570e+01  ,4.748122210605e-04  
  9.398245476285e-03  ,1.202973988036e-03  ,6.054015410131e+01  ,3.921737339001e-04  
  9.402000000020e-03  ,8.926329728473e-04  ,6.375388982779e+01  ,2.766391782348e-04  
  9.402001000018e-03  ,5.775380452892e-01  ,6.375472637866e+01  ,-1.013331372205e-03  
  9.402001884868e-03  ,1.095178373205e+00  ,6.375547009510e+01  ,-2.187845758448e-03  
  9.402003654567e-03  ,2.160224175443e+00  ,6.375695468118e+01  ,-4.505279621265e-03  
  9.402007193965e-03  ,4.412586901419e+00  ,6.375990693879e+01  ,-8.959730480782e-03  
  9.402010000020e-03  ,6.311252668366e+00  ,6.376223202723e+01  ,-1.232638347904e-02  
  9.402010707900e-03  ,6.403560488623e+00  ,6.376272337090e+01  ,-1.224683192858e-02  
  9.402012123696e-03  ,6.584299479099e+00  ,6.376369548185e+01  ,-1.198664272179e-02  
  9.402014955289e-03  ,6.936696483322e+00  ,6.376563984423e+01  ,-1.147340433612e-02  
  9.402020618476e-03  ,7.600857784390e+00  ,6.376953201544e+01  ,-1.050561523442e-02  
  9.402031944848e-03  ,8.774024728339e+00  ,6.377732881786e+01  ,-8.796563060194e-03  
  9.402043354667e-03  ,9.771511058808e+00  ,6.378519659172e+01  ,-7.343401565949e-03  
  9.402051392354e-03  ,9.973403930650e+00  ,4.109991390203e+01  ,9.860340618928e+00  
  9.402059064962e-03  ,1.000019771297e+01  ,1.073459139701e+01  ,9.860511361186e+00  
  9.402063384808e-03  ,1.018789253223e+01  ,3.400940146778e+00  ,9.861427640358e+00  
  9.402067481138e-03  ,1.046833252775e+01  ,2.662848365109e+00  ,9.862507760873e+00  
  9.402069801993e-03  ,1.062566579009e+01  ,2.744949991332e+00  ,9.863156791882e+00  
  9.402072730444e-03  ,1.081623399310e+01  ,2.800513585270e+00  ,9.863979534858e+00  
  9.402078587346e-03  ,1.117233733052e+01  ,2.810238236309e+00  ,9.865626819644e+00  
  9.402090301148e-03  ,1.179680561214e+01  ,2.799680982395e+00  ,9.868929299331e+00  
  9.402102506689e-03  ,1.234249200025e+01  ,2.803914109850e+00  ,9.872370832771e+00  
  9.402126917772e-03  ,1.317276928380e+01  ,2.806140146927e+00  ,9.879253553867e+00  
  9.402175739936e-03  ,1.416026133287e+01  ,2.808514218211e+00  ,9.893017805042e+00  
  9.402273384265e-03  ,1.497369435326e+01  ,2.816386530671e+00  ,9.920541054011e+00  
  9.402401605777e-03  ,1.499968677964e+01  ,2.826657068919e+00  ,9.956671925365e+00  
  9.402626029186e-03  ,1.500015111484e+01  ,2.844577632236e+00  ,1.001987939106e+01  
  9.402865019969e-03  ,1.500013327601e+01  ,2.863686441392e+00  ,1.008714541354e+01  
  9.403343001537e-03  ,1.500023964942e+01  ,2.901841549706e+00  ,1.022154064120e+01  
  9.404298964672e-03  ,1.500029954459e+01  ,2.977996543033e+00  ,1.048978483701e+01  
  9.406210890941e-03  ,1.500041167834e+01  ,3.129688068792e+00  ,1.102409476753e+01  
  9.410034743480e-03  ,1.499972123533e+01  ,3.430614676825e+00  ,1.208406090355e+01  
  9.412010000020e-03  ,1.500000662222e+01  ,3.584787242840e+00  ,1.262711053042e+01  
  9.412011000018e-03  ,1.442270635507e+01  ,3.584717877877e+00  ,1.262738467464e+01  
  9.412013000126e-03  ,1.321499611395e+01  ,3.584486715341e+00  ,1.262793291782e+01  
  9.412017000343e-03  ,1.067365400858e+01  ,3.584042720529e+00  ,1.262902971595e+01  
  9.412020000020e-03  ,8.648723552141e+00  ,3.583770096762e+00  ,1.262985210968e+01  
  9.412020800063e-03  ,8.545032218411e+00  ,3.583824593637e+00  ,1.263007140961e+01  
  9.412022400076e-03  ,8.340146290700e+00  ,3.584020391279e+00  ,1.263051010924e+01  
  9.412025600100e-03  ,7.944939322434e+00  ,3.584546268519e+00  ,1.263138747812e+01  
  9.412032000149e-03  ,7.209409075165e+00  ,3.585640688772e+00  ,1.263314198477e+01  
  9.412044800246e-03  ,5.933610248832e+00  ,3.588594440904e+00  ,1.263665085876e+01  
  9.412058726871e-03  ,4.792681770072e+00  ,3.598446949920e+00  ,1.264046750148e+01  
  9.412067645216e-03  ,4.356511197109e+00  ,1.398189630457e+01  ,1.264226993284e+01  
  9.412076016689e-03  ,4.341967953227e+00  ,4.351314787303e+01  ,1.264233073213e+01  
  9.412082293803e-03  ,4.134631968931e+00  ,5.281520168100e+01  ,3.865603211462e-02  
  9.412085564608e-03  ,3.936779248870e+00  ,5.284450883568e+01  ,-2.059914515196e-01  
  9.412087134073e-03  ,3.843912041228e+00  ,5.282619211667e+01  ,-4.139354568066e-03  
  9.412090273002e-03  ,3.665304714400e+00  ,5.282936676637e+01  ,1.013968979141e-02  
  9.412096550861e-03  ,3.332187071941e+00  ,5.283914548831e+01  ,5.649107365962e-03  
  9.412109106580e-03  ,2.753088098606e+00  ,5.285798323941e+01  ,4.426893579465e-03  
  9.412134218017e-03  ,1.872810780964e+00  ,5.289547179357e+01  ,3.517021569688e-03  
  9.412173515359e-03  ,9.863417621949e-01  ,5.295405772379e+01  ,2.038252833904e-03  
  9.412218123475e-03  ,4.424103024734e-01  ,5.302033842615e+01  ,1.243086407383e-03  
  9.412263625661e-03  ,1.762391023797e-01  ,5.308775497394e+01  ,8.536180699954e-04  
  9.412332743207e-03  ,5.623808023854e-02  ,5.318982357114e+01  ,6.761606665300e-04  
  9.412413829366e-03  ,4.608627124004e-03  ,5.330909330277e+01  ,5.978894944063e-04  
  9.412510126630e-03  ,-7.862906974625e-03  ,5.345008209589e+01  ,5.761241037328e-04  
  9.412702721158e-03  ,-5.376259626036e-03  ,5.372993799664e+01  ,5.725891849002e-04  
  9.412993401090e-03  ,4.389418660468e-03  ,5.414695605574e+01  ,5.761237135666e-04  
  9.413574760953e-03  ,-2.539366040113e-05  ,5.496151144626e+01  ,5.484943362343e-04  
  9.414478081265e-03  ,1.129825389587e-03  ,5.617508888088e+01  ,5.178352734092e-04  
  9.415733879605e-03  ,1.471815962589e-03  ,5.775569181551e+01  ,4.748111519901e-04  
  9.418245476285e-03  ,1.202970298281e-03  ,6.054008014050e+01  ,3.921728476442e-04  
  9.422000000020e-03  ,8.926277073254e-04  ,6.375380589519e+01  ,2.766385356657e-04  
  9.422001000018e-03  ,5.775380410476e-01  ,6.375464244381e+01  ,-1.013331984281e-03  
  9.422001884868e-03  ,1.095178368986e+00  ,6.375538615827e+01  ,-2.187846369998e-03  
  9.422003654567e-03  ,2.160224171266e+00  ,6.375687074037e+01  ,-4.505280233501e-03  
  9.422007193965e-03  ,4.412586897321e+00  ,6.375982299004e+01  ,-8.959731094535e-03  
  9.422010000020e-03  ,6.311252664327e+00  ,6.376214807219e+01  ,-1.232638409378e-02  
  9.422010707900e-03  ,6.403560484599e+00  ,6.376263941426e+01  ,-1.224683257776e-02  
  9.422012123696e-03  ,6.584299475102e+00  ,6.376361152203e+01  ,-1.198664337460e-02  
  9.422014955289e-03  ,6.936696479379e+00  ,6.376555587804e+01  ,-1.147340498887e-02  
  9.422020618476e-03  ,7.600857780550e+00  ,6.376944803652e+01  ,-1.050561588593e-02  
  9.422031944848e-03  ,8.774024724681e+00  ,6.377724481349e+01  ,-8.796563710329e-03  
  9.422043354667e-03  ,9.771511055304e+00  ,6.378511256175e+01  ,-7.343402214560e-03  
  9.422051392354e-03  ,9.973403857833e+00  ,4.109982358264e+01  ,9.860320792028e+00  
  9.422059064962e-03  ,1.000019771101e+01  ,1.073450564660e+01  ,9.860491540454e+00  
  9.422063384808e-03  ,1.018789387990e+01  ,3.400928498994e+00  ,9.861407818703e+00  
  9.422067481138e-03  ,1.046833387175e+01  ,2.662843451045e+00  ,9.862487942300e+00  
  9.422069801993e-03  ,1.062566708538e+01  ,2.744944712058e+00  ,9.863136973405e+00  
  9.422072730444e-03  ,1.081623522947e+01  ,2.800507982842e+00  ,9.863959716532e+00  
  9.422078587346e-03  ,1.117233846157e+01  ,2.810232573496e+00  ,9.865607001663e+00  
  9.422090301148e-03  ,1.179680655919e+01  ,2.799675373711e+00  ,9.868909482010e+00  
  9.422102506689e-03  ,1.234249278583e+01  ,2.803908482947e+00  ,9.872351016138e+00  
  9.422126917772e-03  ,1.317276982394e+01  ,2.806134517843e+00  ,9.879233738607e+00  
  9.422175739936e-03  ,1.416026158115e+01  ,2.808508594798e+00  ,9.892997992529e+00  
  9.422273384265e-03  ,1.497369436107e+01  ,2.816380907444e+00  ,9.920521246990e+00  
  9.422401605777e-03  ,1.499968677976e+01  ,2.826651447675e+00  ,9.956652125553e+00  
  9.422626029186e-03  ,1.500015111483e+01  ,2.844572014649e+00  ,1.001985960386e+01  
  9.422865019969e-03  ,1.500013327599e+01  ,2.863680827577e+00  ,1.008712563976e+01  
  9.423343001537e-03  ,1.500023964938e+01  ,2.901835943505e+00  ,1.022152089424e+01  
  9.424298964672e-03  ,1.500029954453e+01  ,2.977990952027e+00  ,1.048976514356e+01  
  9.426210890941e-03  ,1.500033401985e+01  ,3.129682926626e+00  ,1.102407649128e+01  
  9.430034743480e-03  ,1.499979371647e+01  ,3.430609498552e+00  ,1.208404282462e+01  
  9.432010000020e-03  ,1.500001057061e+01  ,3.584782136992e+00  ,1.262709255262e+01  
  9.432011000018e-03  ,1.442285415136e+01  ,3.584712724707e+00  ,1.262736669690e+01  
  9.432013000126e-03  ,1.321513955838e+01  ,3.584481544687e+00  ,1.262791494015e+01  
  9.432017000343e-03  ,1.067378905531e+01  ,3.584037543662e+00  ,1.262901173851e+01  
  9.432020000020e-03  ,8.648852591134e+00  ,3.583764920115e+00  ,1.262983413240e+01  
  9.432020800063e-03  ,8.545159710287e+00  ,3.583819415235e+00  ,1.263005343237e+01  
  9.432022400076e-03  ,8.340270725579e+00  ,3.584015209774e+00  ,1.263049213208e+01  
  9.432025600100e-03  ,7.945057860599e+00  ,3.584541080417e+00  ,1.263136950112e+01  
  9.432032000149e-03  ,7.209516638648e+00  ,3.585635479735e+00  ,1.263312400811e+01  
  9.432044800246e-03  ,5.933698774885e+00  ,3.588589111137e+00  ,1.263663288277e+01  
  9.432058726871e-03  ,4.792753246459e+00  ,3.598440067967e+00  ,1.264044952638e+01  
  9.432067645216e-03  ,4.356516053127e+00  ,1.397847287267e+01  ,1.264225223175e+01  
  9.432076016689e-03  ,4.341964900118e+00  ,4.350916325475e+01  ,1.264231327482e+01  
  9.432082294548e-03  ,4.134645300063e+00  ,5.281487897006e+01  ,3.880861167994e-02  
  9.432085565725e-03  ,3.936770588644e+00  ,5.284420799745e+01  ,-2.060483184435e-01  
  9.432087135376e-03  ,3.843892660062e+00  ,5.282588597853e+01  ,-4.141651082972e-03  
  9.432090274679e-03  ,3.665265544652e+00  ,5.282906088583e+01  ,1.014032836325e-02  
  9.432096553283e-03  ,3.332113690423e+00  ,5.283884080497e+01  ,5.649017445029e-03  
  9.432109110491e-03  ,2.752964727082e+00  ,5.285768082237e+01  ,4.426702306921e-03  
  9.432134224908e-03  ,1.864020691515e+00  ,5.289519415452e+01  ,3.316512244645e-03  
  9.432175864713e-03  ,9.348920878627e-01  ,5.295724718678e+01  ,1.962650580930e-03  
  9.432222123878e-03  ,3.971995729066e-01  ,5.302596663578e+01  ,1.177169080478e-03  
  9.432268436687e-03  ,1.916333510680e-01  ,5.309456049047e+01  ,8.758753541206e-04  
  9.432330640094e-03  ,5.756957743773e-02  ,5.318641586531e+01  ,6.781802358055e-04  
  9.432396753566e-03  ,2.029813010297e-02  ,5.328371004145e+01  ,6.213980963854e-04  
  9.432528980510e-03  ,1.731055172760e-03  ,5.347729524463e+01  ,5.894047481962e-04  
  9.432669099109e-03  ,-1.046038369682e-03  ,5.368097958799e+01  ,5.801517783608e-04  
  9.432949336307e-03  ,3.095880849812e-04  ,5.408384834843e+01  ,5.717721115693e-04  
  9.433395941989e-03  ,1.567278826289e-03  ,5.471342626317e+01  ,5.572692188152e-04  
  9.434289153354e-03  ,1.675588211873e-03  ,5.592627894856e+01  ,5.254965192536e-04  
  9.436075576084e-03  ,1.354440572025e-03  ,5.816401389902e+01  ,4.631441667738e-04  
  9.439648421543e-03  ,1.145319988182e-03  ,6.187388072864e+01  ,3.473544664010e-04  
  9.442000000020e-03  ,8.844636842248e-04  ,6.375355897359e+01  ,2.762527250433e-04  
  9.442001000018e-03  ,5.775300509669e-01  ,6.375439581603e+01  ,-1.012285101988e-03  
  9.442001884868e-03  ,1.095170494949e+00  ,6.375514004868e+01  ,-2.188047019410e-03  
  9.442003654567e-03  ,2.160216518973e+00  ,6.375662538089e+01  ,-4.505185670645e-03  
  9.442007193965e-03  ,4.412579672574e+00  ,6.375957918605e+01  ,-8.959584518780e-03  
  9.442010000020e-03  ,6.311245762771e+00  ,6.376190550228e+01  ,-1.232624021855e-02  
  9.442010707900e-03  ,6.403553661987e+00  ,6.376239715711e+01  ,-1.224669038811e-02  
  9.442012123696e-03  ,6.584292807085e+00  ,6.376336989142e+01  ,-1.198649894283e-02  
  9.442014955289e-03  ,6.936690112687e+00  ,6.376531549498e+01  ,-1.147326030652e-02  
  9.442020618476e-03  ,7.600851981818e+00  ,6.376921015251e+01  ,-1.050547120843e-02  
  9.442031944848e-03  ,8.774019929174e+00  ,6.377701192640e+01  ,-8.796417596425e-03  
  9.442043354667e-03  ,9.771507112782e+00  ,6.378488470702e+01  ,-7.343254264702e-03  
  9.442051392354e-03  ,9.973415781025e+00  ,4.110076246380e+01  ,9.862478592339e+00  
  9.442059064962e-03  ,1.000021030767e+01  ,1.073555895399e+01  ,9.862649334095e+00  
  9.442063384808e-03  ,1.018789792934e+01  ,3.401543896621e+00  ,9.863565590905e+00  
  9.442067481138e-03  ,1.046833752297e+01  ,2.663449313878e+00  ,9.864645669882e+00  
  9.442069801621e-03  ,1.062564604307e+01  ,2.745561000622e+00  ,9.865294585672e+00  
  9.442072730072e-03  ,1.081621510168e+01  ,2.801125440691e+00  ,9.866117310315e+00  
  9.442078586973e-03  ,1.117231999683e+01  ,2.810846042837e+00  ,9.867764559481e+00  
  9.442090300776e-03  ,1.179679109732e+01  ,2.800288040348e+00  ,9.871066967979e+00  
  9.442102506317e-03  ,1.234247995748e+01  ,2.804521250431e+00  ,9.874508427319e+00  
  9.442126917399e-03  ,1.317276100083e+01  ,2.806747081437e+00  ,9.881391000231e+00  
  9.442175739564e-03  ,1.416025752470e+01  ,2.809121017907e+00  ,9.895154955119e+00  
  9.442273383893e-03  ,1.497369423181e+01  ,2.816993106108e+00  ,9.922677611689e+00  
  9.442401605405e-03  ,1.499968677674e+01  ,2.827263419751e+00  ,9.958807705426e+00  
  9.442626028813e-03  ,1.500015111410e+01  ,2.845183599427e+00  ,1.002201381076e+01  
  9.442865019597e-03  ,1.500013327516e+01  ,2.864291996276e+00  ,1.008927838553e+01  
  9.443343001164e-03  ,1.500023964908e+01  ,2.902446283346e+00  ,1.022367072071e+01  
  9.444298964299e-03  ,1.500029954452e+01  ,2.978599637574e+00  ,1.049190914332e+01  
  9.446210890569e-03  ,1.500041167880e+01  ,3.130287898463e+00  ,1.102620757432e+01  
  9.450034743108e-03  ,1.499972123261e+01  ,3.431208029735e+00  ,1.208615089757e+01  
  9.452010000020e-03  ,1.500000662097e+01  ,3.585377306533e+00  ,1.262918893897e+01  
  9.452011000018e-03  ,1.442270635094e+01  ,3.585307936434e+00  ,1.262946307729e+01  
  9.452013000126e-03  ,1.321499610993e+01  ,3.585076770461e+00  ,1.263001130866e+01  
  9.452017000343e-03  ,1.067365400494e+01  ,3.584632780120e+00  ,1.263110808320e+01  
  9.452020000020e-03  ,8.648723548928e+00  ,3.584360169047e+00  ,1.263193045923e+01  
  9.452020800063e-03  ,8.545032215365e+00  ,3.584414673889e+00  ,1.263214975443e+01  
  9.452022400076e-03  ,8.340146287978e+00  ,3.584610486498e+00  ,1.263258844462e+01  
  9.452025600100e-03  ,7.944939320297e+00  ,3.585136387272e+00  ,1.263346579463e+01  
  9.452032000149e-03  ,7.209409074379e+00  ,3.586230868652e+00  ,1.263522026350e+01  
  9.452044800246e-03  ,5.933610252727e+00  ,3.589184883917e+00  ,1.263872906192e+01  
  9.452058726871e-03  ,4.792681798587e+00  ,3.599038944414e+00  ,1.264254562228e+01  
  9.452067645216e-03  ,4.356524072604e+00  ,1.398326185134e+01  ,1.264434789262e+01  
  9.452076016689e-03  ,4.341980713476e+00  ,4.351461355926e+01  ,1.264440860423e+01  
  9.452082293803e-03  ,4.134619570667e+00  ,5.281499489541e+01  ,3.852857418353e-02  
  9.452085564608e-03  ,3.936767047553e+00  ,5.284428674479e+01  ,-2.059571926178e-01  
  9.452087134259e-03  ,3.843889364196e+00  ,5.282597420277e+01  ,-4.136338130159e-03  
  9.452090273561e-03  ,3.665262416524e+00  ,5.282915113513e+01  ,1.013869925919e-02  
  9.452096552165e-03  ,3.332110868428e+00  ,5.283893351647e+01  ,5.649088568462e-03  
  9.452109109374e-03  ,2.751366394532e+00  ,5.285773016354e+01  ,4.594165565705e-03  
  9.452134223791e-03  ,1.861681446253e+00  ,5.289524618375e+01  ,3.314172147985e-03  
  9.452175368877e-03  ,9.415111382950e-01  ,5.295656470007e+01  ,1.972292240655e-03  
  9.452221359821e-03  ,4.554965401036e-01  ,5.302490109320e+01  ,1.262294608691e-03  
  9.452269448848e-03  ,1.918544483333e-01  ,5.309615207454e+01  ,8.763204680922e-04  
  9.452324356647e-03  ,8.009011888232e-02  ,5.317726745033e+01  ,7.113973298801e-04  
  9.452413048359e-03  ,6.893513570206e-03  ,5.330779491118e+01  ,6.014128952947e-04  
  9.452507843586e-03  ,2.597429758016e-03  ,5.344663501948e+01  ,5.916206703345e-04  
  9.452697434040e-03  ,7.909511429900e-04  ,5.372226142377e+01  ,5.819342696011e-04  
  9.452919020267e-03  ,1.963033489473e-03  ,5.404092607035e+01  ,5.754871122233e-04  
  9.453362192722e-03  ,1.918270049634e-03  ,5.466694374943e+01  ,5.591644907067e-04  
  9.454248537632e-03  ,1.422284462781e-03  ,5.587339461002e+01  ,5.267010528519e-04  
  9.456021227451e-03  ,1.582100889271e-03  ,5.810127590702e+01  ,4.654480009347e-04  
  9.459566607090e-03  ,9.475594380648e-04  ,6.180333092052e+01  ,3.496996041728e-04  
  9.462000000020e-03  ,1.006728087678e-03  ,6.375703112167e+01  ,2.788426043735e-04  
  9.462001000018e-03  ,5.776504851177e-01  ,6.375786795953e+01  ,-1.012191810000e-03  
  9.462001884774e-03  ,1.095234200277e+00  ,6.375861188567e+01  ,-2.187854450074e-03  
  9.462003654287e-03  ,2.160160477662e+00  ,6.376009660071e+01  ,-4.504755211723e-03  
  9.462007193313e-03  ,4.412259261376e+00  ,6.376304917587e+01  ,-8.958724096342e-03  
  9.462010000020e-03  ,6.312133778306e+00  ,6.376537520185e+01  ,-1.232503269517e-02  
  9.462010707825e-03  ,6.404422629537e+00  ,6.376586662277e+01  ,-1.224551952540e-02  
  9.462012123435e-03  ,6.587039544808e+00  ,6.376683899693e+01  ,-1.198555518778e-02  
  9.462014954656e-03  ,6.940805666123e+00  ,6.376878319513e+01  ,-1.146736355707e-02  
  9.462020617097e-03  ,7.604544815421e+00  ,6.377267590054e+01  ,-1.050025663987e-02  
  9.462031941980e-03  ,8.776984569291e+00  ,6.378047375844e+01  ,-8.792169536898e-03  
  9.462043351799e-03  ,9.773995787500e+00  ,6.378834363111e+01  ,-7.339723674883e-03  
  9.462051390975e-03  ,9.973512055698e+00  ,4.097294743299e+01  ,9.861556160182e+00  
  9.462059066564e-03  ,1.000036337087e+01  ,1.059930674446e+01  ,9.861732426338e+00  
  9.462063370764e-03  ,1.018923231943e+01  ,3.393171496151e+00  ,9.862648589166e+00  
  9.462067442506e-03  ,1.046803222620e+01  ,2.665010815772e+00  ,9.863725526423e+00  
  9.462069764852e-03  ,1.062546287909e+01  ,2.745821077683e+00  ,9.864374930150e+00  
  9.462072702616e-03  ,1.081662653686e+01  ,2.800881723352e+00  ,9.865200253137e+00  
  9.462078578144e-03  ,1.117378116661e+01  ,2.810514438682e+00  ,9.866852773961e+00  
  9.462090329200e-03  ,1.179983817474e+01  ,2.800079823086e+00  ,9.870165720192e+00  
  9.462102628618e-03  ,1.234887088328e+01  ,2.804273820568e+00  ,9.873633678659e+00  
  9.462127227455e-03  ,1.318252417686e+01  ,2.806499730548e+00  ,9.880569248278e+00  
  9.462176425129e-03  ,1.417024654206e+01  ,2.808919154875e+00  ,9.894439177805e+00  
  9.462274820477e-03  ,1.497915449734e+01  ,2.816847910322e+00  ,9.922173695167e+00  
  9.462403185039e-03  ,1.499977481762e+01  ,2.827131556649e+00  ,9.958344275484e+00  
  9.462629205852e-03  ,1.500012917059e+01  ,2.845180060942e+00  ,1.002200042375e+01  
  9.462868959576e-03  ,1.500011469815e+01  ,2.864349150283e+00  ,1.008947966542e+01  
  9.463348467022e-03  ,1.500019527877e+01  ,2.902625086835e+00  ,1.022430046087e+01  
  9.464307481914e-03  ,1.500024050425e+01  ,2.979020739657e+00  ,1.049339231580e+01  
  9.466225511700e-03  ,1.500032527946e+01  ,3.131189650182e+00  ,1.102938372184e+01  
  9.470061571270e-03  ,1.500034313204e+01  ,3.433055117324e+00  ,1.209265801928e+01  
  9.472010000020e-03  ,1.499977289708e+01  ,3.585124656993e+00  ,1.262829881582e+01  
  9.472011000018e-03  ,1.442096270038e+01  ,3.585055823933e+00  ,1.262857295698e+01  
  9.472013000126e-03  ,1.321330380100e+01  ,3.584824857198e+00  ,1.262912119152e+01  
  9.472017000343e-03  ,1.067206076927e+01  ,3.584380934066e+00  ,1.263021797767e+01  
  9.472020000020e-03  ,8.647201190313e+00  ,3.584108315931e+00  ,1.263104036125e+01  
  9.472020800063e-03  ,8.543528109059e+00  ,3.584162836807e+00  ,1.263125965843e+01  
  9.472022400076e-03  ,8.338678246950e+00  ,3.584358677745e+00  ,1.263169835269e+01  
  9.472025600100e-03  ,7.943540846483e+00  ,3.584884644027e+00  ,1.263257571081e+01  
  9.472032000149e-03  ,7.208140075602e+00  ,3.585979340104e+00  ,1.263433019573e+01  
  9.472044800246e-03  ,5.932565848942e+00  ,3.588934641549e+00  ,1.263783902627e+01  
  9.472058725381e-03  ,4.791949479296e+00  ,3.598803349660e+00  ,1.264165521176e+01  
  9.472067642236e-03  ,4.356473874561e+00  ,1.401206955690e+01  ,1.264345490121e+01  
  9.472076012218e-03  ,4.342002828059e+00  ,4.354307472130e+01  ,1.264351376858e+01  
  9.472082286352e-03  ,4.134414776624e+00  ,5.281910887449e+01  ,3.710354345364e-02  
  9.472085556785e-03  ,3.936588850682e+00  ,5.284821373679e+01  ,-2.055641730488e-01  
  9.472088120157e-03  ,3.786382469166e+00  ,5.283111073446e+01  ,-1.701721789009e-03  
  9.472090896243e-03  ,3.630365427098e+00  ,5.283423100755e+01  ,7.836447187789e-03  
  9.472096448416e-03  ,3.337053029638e+00  ,5.284270094500e+01  ,5.599921293847e-03  
  9.472107552761e-03  ,2.818939324060e+00  ,5.285935743591e+01  ,4.578720935408e-03  
  9.472129761452e-03  ,2.006765094876e+00  ,5.289253244553e+01  ,3.656939200797e-03  
  9.472174178833e-03  ,9.669027189803e-01  ,5.295876185606e+01  ,2.009766075675e-03  
  9.472217463726e-03  ,4.395886490243e-01  ,5.302308332949e+01  ,1.239087929197e-03  
  9.472265063995e-03  ,1.635957957374e-01  ,5.309361433998e+01  ,8.351805093789e-04  
  9.472331237072e-03  ,5.544838745752e-02  ,5.319134460063e+01  ,6.751072864306e-04  
  9.472415184254e-03  ,1.368373933230e-02  ,5.331483502845e+01  ,6.111045463217e-04  
  9.472508477444e-03  ,-3.617988587686e-04  ,5.345144164508e+01  ,5.871562035744e-04  
  9.472695063824e-03  ,-3.206318759216e-03  ,5.372266337168e+01  ,5.760746413272e-04  
  9.473065137142e-03  ,6.372185948167e-05  ,5.425272366810e+01  ,5.671809789075e-04  
  9.473717736477e-03  ,2.738898272328e-03  ,5.516177993917e+01  ,5.474495960358e-04  
  9.475022935146e-03  ,6.339282791775e-04  ,5.688038286073e+01  ,4.981723777958e-04  
  9.477633332485e-03  ,2.080716280883e-03  ,5.991249569480e+01  ,4.126430450499e-04  
  9.482000000020e-03  ,1.229624881643e-04  ,6.375920607039e+01  ,2.754065694803e-04  
  9.482001000018e-03  ,5.767798481524e-01  ,6.376004307723e+01  ,-1.014971149917e-03  
  9.482001885520e-03  ,1.094816137923e+00  ,6.376078761192e+01  ,-2.189411729978e-03  
  9.482003656523e-03  ,2.160697950327e+00  ,6.376227404007e+01  ,-4.508696018628e-03  
  9.482007198529e-03  ,4.414907073131e+00  ,6.376522991694e+01  ,-8.966193928126e-03  
  9.482010000020e-03  ,6.310595332792e+00  ,6.376755238229e+01  ,-1.232720819263e-02  
  9.482010708421e-03  ,6.402977432265e+00  ,6.376804437518e+01  ,-1.224754230979e-02  
  9.482012125149e-03  ,6.585379911082e+00  ,6.376901777340e+01  ,-1.198693242469e-02  
  9.482014958605e-03  ,6.939180357558e+00  ,6.377096430010e+01  ,-1.146965804692e-02  
  9.482020625517e-03  ,7.603706624958e+00  ,6.377486138039e+01  ,-1.050145240331e-02  
  9.482031959340e-03  ,8.777254651415e+00  ,6.378266802605e+01  ,-8.791704903989e-03  
  9.482044029280e-03  ,9.827352071022e+00  ,6.379099646466e+01  ,-7.261911222667e-03  
  9.482052575096e-03  ,9.976946006952e+00  ,3.611544082121e+01  ,9.862980097986e+00  
  9.482060717091e-03  ,1.001093754604e+01  ,4.302593427102e+00  ,9.863954796452e+00  
  9.482064603314e-03  ,1.027499124803e+01  ,2.810360142756e+00  ,9.864514101566e+00  
  9.482066678673e-03  ,1.042034655772e+01  ,2.761748705676e+00  ,9.865089115763e+00  
  9.482069312453e-03  ,1.059978295386e+01  ,2.791137975093e+00  ,9.865822834592e+00  
  9.482074580013e-03  ,1.093797774316e+01  ,2.807426621806e+00  ,9.867300495801e+00  
  9.482084192753e-03  ,1.149089759521e+01  ,2.806307348961e+00  ,9.870005036602e+00  
  9.482103418231e-03  ,1.238393341982e+01  ,2.804189153630e+00  ,9.875422279356e+00  
  9.482141869187e-03  ,1.356522200172e+01  ,2.808400167934e+00  ,9.886266356271e+00  
  9.482218771100e-03  ,1.471189684363e+01  ,2.812969241271e+00  ,9.907944752604e+00  
  9.482330923199e-03  ,1.516183602339e+01  ,2.821710444634e+00  ,9.939552060381e+00  
  9.482477669835e-03  ,1.515487721669e+01  ,2.833454572392e+00  ,9.980894008434e+00  
  9.482718615651e-03  ,1.495475350584e+01  ,2.852802364189e+00  ,1.004873679186e+01  
  9.483114533543e-03  ,1.502272076634e+01  ,2.884392374876e+00  ,1.016011400783e+01  
  9.483575396657e-03  ,1.500913281690e+01  ,2.921160836155e+00  ,1.028960375448e+01  
  9.484497122884e-03  ,1.499324976222e+01  ,2.994548556670e+00  ,1.054807561777e+01  
  9.486340575337e-03  ,1.500595163174e+01  ,3.140729502480e+00  ,1.106299541150e+01  
  9.490027480244e-03  ,1.500051901712e+01  ,3.430824384239e+00  ,1.208480082021e+01  
  9.492010000020e-03  ,1.499961834307e+01  ,3.585559798443e+00  ,1.262983134897e+01  
  9.492011000018e-03  ,1.442096618837e+01  ,3.585490924777e+00  ,1.263010548518e+01  
  9.492013000126e-03  ,1.321330718615e+01  ,3.585259941391e+00  ,1.263065371438e+01  
  9.492017000343e-03  ,1.067206395630e+01  ,3.584816017841e+00  ,1.263175048035e+01  
  9.492020000020e-03  ,8.647204235761e+00  ,3.584543409495e+00  ,1.263257285088e+01  
  9.492020800063e-03  ,8.543531118088e+00  ,3.584597936121e+00  ,1.263279214458e+01  
  9.492022400076e-03  ,8.338681184013e+00  ,3.584793787964e+00  ,1.263323083188e+01  
  9.492025600100e-03  ,7.943543644701e+00  ,3.585319771479e+00  ,1.263410817608e+01  
  9.492032000149e-03  ,7.208142615603e+00  ,3.586414512170e+00  ,1.263586263314e+01  
  9.492044800246e-03  ,5.932567942746e+00  ,3.589370005036e+00  ,1.263937140797e+01  
  9.492058725381e-03  ,4.791951188632e+00  ,3.599239822975e+00  ,1.264318753274e+01  
  9.492067642236e-03  ,4.356483486397e+00  ,1.401299592033e+01  ,1.264498711078e+01  
  9.492076012218e-03  ,4.342012163561e+00  ,4.354406136790e+01  ,1.264504592692e+01  
  9.492082286352e-03  ,4.134441701922e+00  ,5.282098531716e+01  ,3.719575143074e-02  
  9.492085556785e-03  ,3.936614805808e+00  ,5.285010194067e+01  ,-2.055798000642e-01  
  9.492088120157e-03  ,3.786407431645e+00  ,5.283299815381e+01  ,-1.702583636309e-03  
  9.492090895871e-03  ,3.630409878959e+00  ,5.283611852684e+01  ,7.836536962540e-03  
  9.492096447298e-03  ,3.337131729621e+00  ,5.284458883731e+01  ,5.600154213903e-03  
  9.492107550153e-03  ,2.817954089715e+00  ,5.286120395978e+01  ,4.700230037669e-03  
  9.492129755864e-03  ,2.006157743372e+00  ,5.289440547162e+01  ,3.534284378634e-03  
  9.492174167285e-03  ,9.667223100650e-01  ,5.296062562430e+01  ,2.009064477953e-03  
  9.492216730962e-03  ,4.465879986120e-01  ,5.302388821524e+01  ,1.249468035018e-03  
  9.492264510045e-03  ,2.099730710831e-01  ,5.309469419939e+01  ,9.028834282285e-04  
  9.492334497819e-03  ,6.559178611536e-02  ,5.319807388376e+01  ,6.898519546714e-04  
  9.492398000607e-03  ,2.409864083633e-02  ,5.329154151474e+01  ,6.270235994970e-04  
  9.492525006184e-03  ,-3.280076455388e-03  ,5.347755031512e+01  ,5.823778565319e-04  
  9.492684174428e-03  ,-5.035989979372e-03  ,5.370892530305e+01  ,5.739042072820e-04  
  9.493002510915e-03  ,-3.830917655774e-04  ,5.416586441192e+01  ,5.689269511124e-04  
  9.493550873646e-03  ,2.947309886461e-03  ,5.493472546507e+01  ,5.538542408234e-04  
  9.494647599110e-03  ,5.523594715414e-04  ,5.640238306428e+01  ,5.112536774766e-04  
  9.496841050038e-03  ,2.245916097712e-03  ,5.905287862698e+01  ,4.389716381870e-04  
  9.501227951894e-03  ,8.512131243209e-05  ,6.319500732716e+01  ,2.977372383828e-04  
  9.502000000020e-03  ,1.475287960323e-03  ,6.376308653225e+01  ,2.806899882565e-04  
  9.502001000018e-03  ,5.781120801314e-01  ,6.376392373334e+01  ,-1.010829176770e-03  
  9.502001884495e-03  ,1.095524297571e+00  ,6.376466778695e+01  ,-2.186949834934e-03  
  9.502003653449e-03  ,2.160088759959e+00  ,6.376615257159e+01  ,-4.502962653824e-03  
  9.502007191357e-03  ,4.411389498113e+00  ,6.376910533241e+01  ,-8.955617824853e-03  
  9.502010000020e-03  ,6.311751218305e+00  ,6.377143396626e+01  ,-1.232550453430e-02  
  9.502010707602e-03  ,6.404015301332e+00  ,6.377192545440e+01  ,-1.224601477963e-02  
  9.502012122839e-03  ,6.584674910777e+00  ,6.377289788232e+01  ,-1.198593868324e-02  
  9.502014953315e-03  ,6.936920633522e+00  ,6.377484286873e+01  ,-1.147292097350e-02  
  9.502020614266e-03  ,7.600812185401e+00  ,6.377873629127e+01  ,-1.050552658260e-02  
  9.502031936168e-03  ,8.773558142185e+00  ,6.378653558362e+01  ,-8.797087620506e-03  
  9.502043340027e-03  ,9.770634629800e+00  ,6.379440484409e+01  ,-7.344522406529e-03  
  9.502051373243e-03  ,9.973372995428e+00  ,4.117365105349e+01  ,9.863729532995e+00  
  9.502059041381e-03  ,1.000010810963e+01  ,1.082298092745e+01  ,9.863895869379e+00  
  9.502063368678e-03  ,1.018685976933e+01  ,3.407430450873e+00  ,9.864812689287e+00  
  9.502067479163e-03  ,1.046824858120e+01  ,2.662604539461e+00  ,9.865894160031e+00  
  9.502069797784e-03  ,1.062544432301e+01  ,2.745548684216e+00  ,9.866542583244e+00  
  9.502072718411e-03  ,1.081552860269e+01  ,2.801456506607e+00  ,9.867363123088e+00  
  9.502078559667e-03  ,1.117078035908e+01  ,2.811250807532e+00  ,9.869005941809e+00  
  9.502090242177e-03  ,1.179396848270e+01  ,2.800606797281e+00  ,9.872299483429e+00  
  9.502102380663e-03  ,1.233736967115e+01  ,2.804865808916e+00  ,9.875721994652e+00  
  9.502126657635e-03  ,1.316538775791e+01  ,2.807091234257e+00  ,9.882566672635e+00  
  9.502175211578e-03  ,1.415288767935e+01  ,2.809432463627e+00  ,9.896254851124e+00  
  9.502272319466e-03  ,1.496971507193e+01  ,2.817263917822e+00  ,9.923626017813e+00  
  9.502400421768e-03  ,1.499961699935e+01  ,2.827523256982e+00  ,9.959722181030e+00  
  9.502623676926e-03  ,1.500016817249e+01  ,2.845349485044e+00  ,1.002259878711e+01  
  9.502862095505e-03  ,1.500014798913e+01  ,2.864412245404e+00  ,1.008970197247e+01  
  9.503338932663e-03  ,1.500027493849e+01  ,2.902475073435e+00  ,1.022377218282e+01  
  9.504292606979e-03  ,1.500034657314e+01  ,2.978446259429e+00  ,1.049136896783e+01  
  9.506199955612e-03  ,1.500048054441e+01  ,3.129773139050e+00  ,1.102439452464e+01  
  9.510014652878e-03  ,1.499965702738e+01  ,3.429982278771e+00  ,1.208183327218e+01  
  9.512010000020e-03  ,1.500000319516e+01  ,3.585722081487e+00  ,1.263040334854e+01  
  9.512011000018e-03  ,1.442256995431e+01  ,3.585652751938e+00  ,1.263067748342e+01  
  9.512013000126e-03  ,1.321486372948e+01  ,3.585421600055e+00  ,1.263122570786e+01  
  9.512017000343e-03  ,1.067352937457e+01  ,3.584977617985e+00  ,1.263232246863e+01  
  9.512020000020e-03  ,8.648604463047e+00  ,3.584705014059e+00  ,1.263314483432e+01  
  9.512020800063e-03  ,8.544914557343e+00  ,3.584759525107e+00  ,1.263336412676e+01  
  9.512022400076e-03  ,8.340031451302e+00  ,3.584955349199e+00  ,1.263380281144e+01  
  9.512025600100e-03  ,7.944829925757e+00  ,3.585481269628e+00  ,1.263468015041e+01  
  9.512032000149e-03  ,7.209309808638e+00  ,3.586575805563e+00  ,1.263643459720e+01  
  9.512044800246e-03  ,5.933528558435e+00  ,3.589530083941e+00  ,1.263994335146e+01  
  9.512058725381e-03  ,4.792726821449e+00  ,3.599383599238e+00  ,1.264375945542e+01  
  9.512067643726e-03  ,4.356534585495e+00  ,1.398185081803e+01  ,1.264556182179e+01  
  9.512076013708e-03  ,4.341987209296e+00  ,4.350755148975e+01  ,1.264562288203e+01  
  9.512082293058e-03  ,4.134743809021e+00  ,5.282269554572e+01  ,3.933665978044e-02  
  9.512085564235e-03  ,3.936866304070e+00  ,5.285209094980e+01  ,-2.061573074440e-01  
  9.512087133700e-03  ,3.843996813424e+00  ,5.283375916661e+01  ,-4.149088483043e-03  
  9.512090272630e-03  ,3.665385611317e+00  ,5.283693406549e+01  ,1.014298453137e-02  
  9.512096550489e-03  ,3.332260729269e+00  ,5.284671624169e+01  ,5.649514547221e-03  
  9.512109106207e-03  ,2.753149054316e+00  ,5.286556037202e+01  ,4.426988003078e-03  
  9.512134217644e-03  ,1.872852427266e+00  ,5.290306158267e+01  ,3.517378938577e-03  
  9.512173514986e-03  ,9.863639639034e-01  ,5.296166734623e+01  ,2.038436817688e-03  
  9.512218117142e-03  ,4.424779518752e-01  ,5.302796164897e+01  ,1.243335769582e-03  
  9.512263625288e-03  ,1.762466758891e-01  ,5.309540988720e+01  ,8.537792373333e-04  
  9.512332742834e-03  ,5.624085770768e-02  ,5.319751308043e+01  ,6.763140668825e-04  
  9.512413828993e-03  ,4.609339720021e-03  ,5.331682323991e+01  ,5.980389746005e-04  
  9.512510138178e-03  ,-7.863988496999e-03  ,5.345787723754e+01  ,5.762694448757e-04  
  9.512702756548e-03  ,-5.376241082677e-03  ,5.373786229427e+01  ,5.727330998768e-04  
  9.512993484164e-03  ,4.390706722147e-03  ,5.415508877336e+01  ,5.762645631710e-04  
  9.513574939394e-03  ,-2.543059987062e-05  ,5.497004789011e+01  ,5.486236188126e-04  
  9.514478450442e-03  ,1.130248654958e-03  ,5.618427319327e+01  ,5.179492652493e-04  
  9.515734439516e-03  ,1.472263715738e-03  ,5.776560477761e+01  ,4.749069115254e-04  
  9.518246417666e-03  ,1.203281419164e-03  ,6.055120502254e+01  ,3.922355252706e-04  
  9.522000000020e-03  ,8.929218085147e-04  ,6.376506206658e+01  ,2.767026509341e-04  
  9.522001000018e-03  ,5.775383340122e-01  ,6.376589885031e+01  ,-1.013272399829e-03  
  9.522001884961e-03  ,1.095233786018e+00  ,6.376664285076e+01  ,-2.187911312519e-03  
  9.522003654846e-03  ,2.160396183083e+00  ,6.376812800365e+01  ,-4.505582135154e-03  
  9.522007194617e-03  ,4.413017220279e+00  ,6.377108139133e+01  ,-8.960470566599e-03  
  9.522010000020e-03  ,6.312036699787e+00  ,6.377340648783e+01  ,-1.232516826114e-02  
  9.522010707974e-03  ,6.404345805781e+00  ,6.377389804958e+01  ,-1.224562459237e-02  
  9.522012123957e-03  ,6.585091568983e+00  ,6.377487062049e+01  ,-1.198542552503e-02  
  9.522014955923e-03  ,6.937500613206e+00  ,6.377681590274e+01  ,-1.147216960727e-02  
  9.522020619854e-03  ,7.601679480297e+00  ,6.378070991342e+01  ,-1.050435507644e-02  
  9.522031947717e-03  ,8.774858947615e+00  ,6.378851039287e+01  ,-8.795284829960e-03  
  9.522043359026e-03  ,9.772333078245e+00  ,6.379638186145e+01  ,-7.342141242933e-03  
  9.522051398203e-03  ,9.973448155391e+00  ,4.106425885442e+01  ,9.862652164140e+00  
  9.522059073791e-03  ,1.000026560756e+01  ,1.068818004858e+01  ,9.862824641596e+00  
  9.522063389167e-03  ,1.018843268507e+01  ,3.398620137196e+00  ,9.863740927629e+00  
  9.522067478046e-03  ,1.046837403902e+01  ,2.664118884164e+00  ,9.864820283486e+00  
  9.522069800019e-03  ,1.062577616736e+01  ,2.745805123466e+00  ,9.865469592975e+00  
  9.522072732195e-03  ,1.081657438193e+01  ,2.801185061374e+00  ,9.866293350758e+00  
  9.522078596547e-03  ,1.117308261819e+01  ,2.810869256904e+00  ,9.867942697697e+00  
  9.522090325251e-03  ,1.179815922369e+01  ,2.800356860070e+00  ,9.871249303124e+00  
  9.522102566555e-03  ,1.234508814327e+01  ,2.804576040873e+00  ,9.874700839100e+00  
  9.522127049163e-03  ,1.317660407637e+01  ,2.806802058503e+00  ,9.881603564605e+00  
  9.522176014378e-03  ,1.416412927667e+01  ,2.809193248523e+00  ,9.895407817543e+00  
  9.522273944810e-03  ,1.497578983988e+01  ,2.817086946505e+00  ,9.923011036601e+00  
  9.522402214005e-03  ,1.499972060482e+01  ,2.827361747251e+00  ,9.959154443344e+00  
  9.522627257302e-03  ,1.500014275656e+01  ,2.845331624698e+00  ,1.002253485563e+01  
  9.522866534188e-03  ,1.500012613777e+01  ,2.864462678585e+00  ,1.008987957328e+01  
  9.523345087960e-03  ,1.500022257150e+01  ,2.902662381778e+00  ,1.022443186773e+01  
  9.524302195504e-03  ,1.500027680524e+01  ,2.978906194213e+00  ,1.049298890499e+01  
  9.526216410592e-03  ,1.500037839291e+01  ,3.130773893919e+00  ,1.102791937345e+01  
  9.530044840768e-03  ,1.500040003020e+01  ,3.432046729876e+00  ,1.208910622583e+01  
  9.532010000020e-03  ,1.499972285393e+01  ,3.585424067115e+00  ,1.262935335597e+01  
  9.532011000018e-03  ,1.442045831752e+01  ,3.585355381173e+00  ,1.262962749451e+01  
  9.532013000126e-03  ,1.321281426964e+01  ,3.585124467890e+00  ,1.263017572093e+01  
  9.532017000343e-03  ,1.067159989673e+01  ,3.584680565829e+00  ,1.263127249685e+01  
  9.532020000020e-03  ,8.646760820438e+00  ,3.584407954671e+00  ,1.263209487144e+01  
  9.532020800063e-03  ,8.543093019076e+00  ,3.584462485013e+00  ,1.263231416621e+01  
  9.532022400076e-03  ,8.338253589658e+00  ,3.584658343447e+00  ,1.263275285569e+01  
  9.532025600100e-03  ,7.943136313049e+00  ,3.585184343609e+00  ,1.263363020424e+01  
  9.532032000149e-03  ,7.207772995855e+00  ,3.586279140438e+00  ,1.263538466995e+01  
  9.532044800246e-03  ,5.932263740040e+00  ,3.589234980640e+00  ,1.263889346208e+01  
  9.532058725381e-03  ,4.791705561880e+00  ,3.599109750477e+00  ,1.264270960520e+01  
  9.532067643726e-03  ,4.356457170390e+00  ,1.402991005636e+01  ,1.264450816092e+01  
  9.532076013708e-03  ,4.342022721515e+00  ,4.356355540943e+01  ,1.264456578340e+01  
  9.532082286352e-03  ,4.134296689560e+00  ,5.282579410295e+01  ,3.630779071254e-02  
  9.532085556785e-03  ,3.936473520083e+00  ,5.285479391832e+01  ,-2.053300549113e-01  
  9.532087127367e-03  ,3.843549553997e+00  ,5.283654209143e+01  ,-4.093898335139e-03  
  9.532090268532e-03  ,3.664834840723e+00  ,5.283972701687e+01  ,1.012357783341e-02  
  9.532096550861e-03  ,3.331533049778e+00  ,5.284951234873e+01  ,5.647268101380e-03  
  9.532109115520e-03  ,2.750572701896e+00  ,5.286831759581e+01  ,4.592943991663e-03  
  9.532134244839e-03  ,1.860689608980e+00  ,5.290585097552e+01  ,3.312593948765e-03  
  9.532175360123e-03  ,9.414995618904e-01  ,5.296711709832e+01  ,1.972140964489e-03  
  9.532221357027e-03  ,4.554441336317e-01  ,5.303545347618e+01  ,1.262083940842e-03  
  9.532269446054e-03  ,1.918278458789e-01  ,5.310669513246e+01  ,8.761474084549e-04  
  9.532324371735e-03  ,8.005332933061e-02  ,5.318782618774e+01  ,7.112088921445e-04  
  9.532413075367e-03  ,6.878408547492e-03  ,5.331835364526e+01  ,6.012557631499e-04  
  9.532507894436e-03  ,2.594131483148e-03  ,5.345720964039e+01  ,5.914800654213e-04  
  9.532697532574e-03  ,7.931977089296e-04  ,5.373286632700e+01  ,5.818003108419e-04  
  9.532919190327e-03  ,1.962282046086e-03  ,5.405158641915e+01  ,5.753465731196e-04  
  9.533362505833e-03  ,1.917353482552e-03  ,5.467770519574e+01  ,5.590193194462e-04  
  9.534249136845e-03  ,1.422409267545e-03  ,5.588431899532e+01  ,5.265488778457e-04  
  9.536022398869e-03  ,1.581303483129e-03  ,5.811236896816e+01  ,4.652782203620e-04  
  9.539568922916e-03  ,9.473280450031e-04  ,6.181414103899e+01  ,3.495013106912e-04  
  9.542000000020e-03  ,1.006010609863e-03  ,6.376499658033e+01  ,2.787173193808e-04  
  9.542001000018e-03  ,5.776497726141e-01  ,6.376583309469e+01  ,-1.012320551157e-03  
  9.542001884868e-03  ,1.095288615034e+00  ,6.376657681270e+01  ,-2.188108212387e-03  
  9.542003654567e-03  ,2.160331494701e+00  ,6.376806111021e+01  ,-4.505245788247e-03  
  9.542007193965e-03  ,4.412688601483e+00  ,6.377101284678e+01  ,-8.959652271105e-03  
  9.542010000020e-03  ,6.311350122454e+00  ,6.377333752318e+01  ,-1.232631452274e-02  
  9.542010707900e-03  ,6.403656905611e+00  ,6.377382876339e+01  ,-1.224676201275e-02  
  9.542012123696e-03  ,6.584393865469e+00  ,6.377480066911e+01  ,-1.198657343022e-02  
  9.542014955289e-03  ,6.936786910393e+00  ,6.377674461591e+01  ,-1.147334097550e-02  
  9.542020618476e-03  ,7.600940749434e+00  ,6.378063595934e+01  ,-1.050556357352e-02  
  9.542031944848e-03  ,8.774094512510e+00  ,6.378843110386e+01  ,-8.796530682690e-03  
  9.542043354667e-03  ,9.771569635901e+00  ,6.379629720492e+01  ,-7.343385007028e-03  
  9.542051392354e-03  ,9.973403695798e+00  ,4.110796174915e+01  ,9.860767957124e+00  
  9.542059064962e-03  ,1.000018851455e+01  ,1.074199824229e+01  ,9.860938007368e+00  
  9.542063385553e-03  ,1.018781254966e+01  ,3.401502240603e+00  ,9.861854532051e+00  
  9.542067483373e-03  ,1.046835243423e+01  ,2.662857840725e+00  ,9.862934851469e+00  
  9.542069803856e-03  ,1.062566110580e+01  ,2.745042126910e+00  ,9.863583778986e+00  
  9.542072731934e-03  ,1.081620614607e+01  ,2.800637042414e+00  ,9.864406414882e+00  
  9.542078588091e-03  ,1.117226843020e+01  ,2.810363959365e+00  ,9.866053481982e+00  
  9.542090300403e-03  ,1.179667490422e+01  ,2.799798892638e+00  ,9.869355527104e+00  
  9.542102499984e-03  ,1.234213816872e+01  ,2.804034595717e+00  ,9.872795365259e+00  
  9.542126899145e-03  ,1.318214183576e+01  ,2.805867680009e+00  ,9.879674655600e+00  
  9.542175697468e-03  ,1.416422444346e+01  ,2.808997986350e+00  ,9.893432151089e+00  
  9.542273294113e-03  ,1.497348988215e+01  ,2.816509517582e+00  ,9.920941837722e+00  
  9.542397224091e-03  ,1.499923188156e+01  ,2.826418791964e+00  ,9.955863490999e+00  
  9.542626415871e-03  ,1.500027741920e+01  ,2.844738232853e+00  ,1.002041414178e+01  
  9.542860471390e-03  ,1.499999341127e+01  ,2.863447109685e+00  ,1.008629107954e+01  
  9.543328582428e-03  ,1.500046289137e+01  ,2.900811817224e+00  ,1.021791396004e+01  
  9.544264804505e-03  ,1.500059431127e+01  ,2.975398968961e+00  ,1.048063576559e+01  
  9.546137248657e-03  ,1.500067060099e+01  ,3.123980451203e+00  ,1.100399094900e+01  
  9.549882136963e-03  ,1.499948044469e+01  ,3.418786231582e+00  ,1.204239667204e+01  
  9.552010000020e-03  ,1.499999419781e+01  ,3.584905392391e+00  ,1.262752666310e+01  
  9.552011000018e-03  ,1.442215313322e+01  ,3.584836202658e+00  ,1.262780080621e+01  
  9.552013000126e-03  ,1.321445918168e+01  ,3.584605104577e+00  ,1.262834904665e+01  
  9.552017000343e-03  ,1.067314851013e+01  ,3.584161133480e+00  ,1.262944584035e+01  
  9.552020000020e-03  ,8.648240541497e+00  ,3.583888511292e+00  ,1.263026823053e+01  
  9.552020800063e-03  ,8.544554998865e+00  ,3.583943016022e+00  ,1.263048752950e+01  
  9.552022400076e-03  ,8.339680513950e+00  ,3.584138827747e+00  ,1.263092622724e+01  
  9.552025600100e-03  ,7.944495617966e+00  ,3.584664733649e+00  ,1.263180359236e+01  
  9.552032000149e-03  ,7.209006450618e+00  ,3.585759242539e+00  ,1.263355809140e+01  
  9.552044800246e-03  ,5.933278884707e+00  ,3.588713490906e+00  ,1.263706695018e+01  
  9.552058725381e-03  ,4.792525193239e+00  ,3.598569200817e+00  ,1.264088316765e+01  
  9.552067643726e-03  ,4.356502757657e+00  ,1.398958291105e+01  ,1.264268498815e+01  
  9.552076013708e-03  ,4.341977844280e+00  ,4.351672489429e+01  ,1.264274548460e+01  
  9.552082291568e-03  ,4.134688238077e+00  ,5.282397005397e+01  ,3.897091862426e-02  
  9.552085562373e-03  ,3.936833897480e+00  ,5.285331437072e+01  ,-2.060445212011e-01  
  9.552087131837e-03  ,3.843965327145e+00  ,5.283499242135e+01  ,-4.142718692585e-03  
  9.552090270767e-03  ,3.665355536510e+00  ,5.283816632370e+01  ,1.014047948111e-02  
  9.552096548626e-03  ,3.332233287005e+00  ,5.284794448279e+01  ,5.649120308218e-03  
  9.552109104345e-03  ,2.753126256626e+00  ,5.286678096637e+01  ,4.426824032268e-03  
  9.552134215781e-03  ,1.872836691069e+00  ,5.290426695607e+01  ,3.517004612312e-03  
  9.552173513124e-03  ,9.863553382580e-01  ,5.296284886724e+01  ,2.038182962508e-03  
  9.552218115279e-03  ,4.424736891467e-01  ,5.302911612976e+01  ,1.243089317934e-03  
  9.552263623426e-03  ,1.762445490769e-01  ,5.309653680002e+01  ,8.535363715074e-04  
  9.552332740972e-03  ,5.623969424587e-02  ,5.319859816459e+01  ,6.760734211904e-04  
  9.552413827131e-03  ,4.608591341807e-03  ,5.331785931634e+01  ,5.977998860788e-04  
  9.552510136316e-03  ,-7.864635679652e-03  ,5.345885519616e+01  ,5.760316254159e-04  
  9.552702754686e-03  ,-5.376905884689e-03  ,5.373872431621e+01  ,5.724974795248e-04  
  9.552993482301e-03  ,4.389967188521e-03  ,5.415577657313e+01  ,5.760321109118e-04  
  9.553574937532e-03  ,-2.612720793328e-05  ,5.497039010992e+01  ,5.483976393362e-04  
  9.554478448579e-03  ,1.129555187447e-03  ,5.618408644861e+01  ,5.177328341483e-04  
  9.555734437654e-03  ,1.471586204223e-03  ,5.776470006365e+01  ,4.747027962640e-04  
  9.558246415803e-03  ,1.202648145563e-03  ,6.054893079606e+01  ,3.920530417325e-04  
  9.562000000020e-03  ,8.923639232776e-04  ,6.376093062146e+01  ,2.765485253989e-04  
  9.562001000018e-03  ,5.775377761612e-01  ,6.376176694241e+01  ,-1.013425610450e-03  
  9.562001884961e-03  ,1.095233228202e+00  ,6.376251053341e+01  ,-2.188064201925e-03  
  9.562003654846e-03  ,2.160395625337e+00  ,6.376399486749e+01  ,-4.505735124104e-03  
  9.562007194617e-03  ,4.413016662669e+00  ,6.376694661759e+01  ,-8.960623644828e-03  
  9.562010000020e-03  ,6.312036142280e+00  ,6.376927041627e+01  ,-1.232532138814e-02  
  9.562010707974e-03  ,6.404345248291e+00  ,6.376976165006e+01  ,-1.224577961404e-02  
  9.562012123957e-03  ,6.585091011520e+00  ,6.377073356462e+01  ,-1.198558074103e-02  
  9.562014955923e-03  ,6.937500055794e+00  ,6.377267753421e+01  ,-1.147232481664e-02  
  9.562020619854e-03  ,7.601678922992e+00  ,6.377656892001e+01  ,-1.050451019400e-02  
  9.562031947717e-03  ,8.774858390528e+00  ,6.378436415161e+01  ,-8.795439855649e-03  
  9.562043359026e-03  ,9.772332521388e+00  ,6.379223033638e+01  ,-7.342296149554e-03  
  9.562051398203e-03  ,9.973434875661e+00  ,4.105903847001e+01  ,9.859930885093e+00  
  9.562059073791e-03  ,1.000025540783e+01  ,1.068310203943e+01  ,9.860103679046e+00  
  9.562063389167e-03  ,1.018849592685e+01  ,3.397547495157e+00  ,9.861019929196e+00  
  9.562067477300e-03  ,1.046838710493e+01  ,2.663427946149e+00  ,9.862099285382e+00  
  9.562069799274e-03  ,1.062578818780e+01  ,2.745050692905e+00  ,9.862748609746e+00  
  9.562072732195e-03  ,1.081663299719e+01  ,2.800411939752e+00  ,9.863572598270e+00  
  9.562078598037e-03  ,1.117322303741e+01  ,2.810093069355e+00  ,9.865222409958e+00  
  9.562090329721e-03  ,1.179842263364e+01  ,2.799585910138e+00  ,9.868529946524e+00  
  9.562102574005e-03  ,1.234542981978e+01  ,2.803803892690e+00  ,9.871982417334e+00  
  9.562127062574e-03  ,1.317700945041e+01  ,2.806030118705e+00  ,9.878887012398e+00  
  9.562176039710e-03  ,1.416449038680e+01  ,2.808423082820e+00  ,9.892695003739e+00  
  9.562273993984e-03  ,1.497596481652e+01  ,2.816318825321e+00  ,9.920305696543e+00  
  9.562402287021e-03  ,1.499972526003e+01  ,2.826595872517e+00  ,9.956456805396e+00  
  9.562627378002e-03  ,1.500014157572e+01  ,2.844570069169e+00  ,1.001985236623e+01  
  9.562866702571e-03  ,1.500012515875e+01  ,2.863705441259e+00  ,1.008721232193e+01  
  9.563345351711e-03  ,1.500022023775e+01  ,2.901913780698e+00  ,1.022179503416e+01  
  9.564302649989e-03  ,1.500027370349e+01  ,2.978174798866e+00  ,1.049041267422e+01  
  9.566217246547e-03  ,1.500037385546e+01  ,3.130076646824e+00  ,1.102546342137e+01  
  9.570046439662e-03  ,1.500039516960e+01  ,3.431416735934e+00  ,1.208688716112e+01  
  9.572010000020e-03  ,1.499972713945e+01  ,3.584673127048e+00  ,1.262670829265e+01  
  9.572011000018e-03  ,1.442050205596e+01  ,3.584604434572e+00  ,1.262698243869e+01  
  9.572013000126e-03  ,1.321285672021e+01  ,3.584373520865e+00  ,1.262753068025e+01  
  9.572017000343e-03  ,1.067163986193e+01  ,3.583929611456e+00  ,1.262862748610e+01  
  9.572020000020e-03  ,8.646799007400e+00  ,3.583656984120e+00  ,1.262944988322e+01  
  9.572020800063e-03  ,8.543130748030e+00  ,3.583711503840e+00  ,1.262966918400e+01  
  9.572022400076e-03  ,8.338290413629e+00  ,3.583907342351e+00  ,1.263010788549e+01  
  9.572025600100e-03  ,7.943171391429e+00  ,3.584433310637e+00  ,1.263098525806e+01  
  9.572032000149e-03  ,7.207804825088e+00  ,3.585528023551e+00  ,1.263273977186e+01  
  9.572044800246e-03  ,5.932289930109e+00  ,3.588483493331e+00  ,1.263624866015e+01  
  9.572058725381e-03  ,4.791726676023e+00  ,3.598355826093e+00  ,1.264006490813e+01  
  9.572067643726e-03  ,4.356442249327e+00  ,1.402716229607e+01  ,1.264186374754e+01  
  9.572076013708e-03  ,4.342005625130e+00  ,4.356051571449e+01  ,1.264192154039e+01  
  9.572082286352e-03  ,4.134268244547e+00  ,5.282235931535e+01  ,3.624186339777e-02  
  9.572085556785e-03  ,3.936446201768e+00  ,5.285135091447e+01  ,-2.053280560890e-01  
  9.572087127367e-03  ,3.843522868219e+00  ,5.283309850324e+01  ,-4.093951163217e-03  
  9.572090268532e-03  ,3.664809365859e+00  ,5.283628199259e+01  ,1.012345077359e-02  
  9.572096550861e-03  ,3.331509838727e+00  ,5.284606444200e+01  ,5.647081177334e-03  
  9.572109115520e-03  ,2.750553440934e+00  ,5.286486389827e+01  ,4.592756811708e-03  
  9.572134244839e-03  ,1.860676401895e+00  ,5.290238569283e+01  ,3.312416431616e-03  
  9.572175366083e-03  ,9.413882236252e-01  ,5.296364174225e+01  ,1.971820636523e-03  
  9.572221357027e-03  ,4.554367898393e-01  ,5.303194809386e+01  ,1.261915809858e-03  
  9.572269452015e-03  ,1.918035457133e-01  ,5.310317648197e+01  ,8.759548104523e-04  
  9.572324371735e-03  ,8.005155884520e-02  ,5.318427354719e+01  ,7.110498773398e-04  
  9.572413075367e-03  ,6.879766118551e-03  ,5.331476045461e+01  ,6.011021675451e-04  
  9.572507894436e-03  ,2.593895944116e-03  ,5.345357325112e+01  ,5.913250564402e-04  
  9.572697532574e-03  ,7.923006429537e-04  ,5.372914399687e+01  ,5.816461550843e-04  
  9.572919190327e-03  ,1.961833215834e-03  ,5.404776441231e+01  ,5.751951447381e-04  
  9.573362505833e-03  ,1.916912288933e-03  ,5.467368637174e+01  ,5.588720170750e-04  
  9.574249136845e-03  ,1.421832906835e-03  ,5.587991683045e+01  ,5.264092018697e-04  
  9.576022398869e-03  ,1.580887687923e-03  ,5.810724256165e+01  ,4.651534142710e-04  
  9.579568922916e-03  ,9.468849295139e-04  ,6.180774390375e+01  ,3.494020530938e-04  
  9.582000000020e-03  ,1.005725048972e-03  ,6.375786998934e+01  ,2.786325258547e-04  
  9.582001000018e-03  ,5.776494874101e-01  ,6.375870622830e+01  ,-1.012401922693e-03  
  9.582001884774e-03  ,1.095233206321e+00  ,6.375944962475e+01  ,-2.188066170539e-03  
  9.582003654287e-03  ,2.160159491060e+00  ,6.376093328003e+01  ,-4.504966527363e-03  
  9.582007193313e-03  ,4.412258288916e+00  ,6.376388373570e+01  ,-8.958935302929e-03  
  9.582010000020e-03  ,6.312132815328e+00  ,6.376620808074e+01  ,-1.232524387611e-02  
  9.582010707825e-03  ,6.404421669142e+00  ,6.376669907707e+01  ,-1.224573070537e-02  
  9.582012123435e-03  ,6.587038589521e+00  ,6.376767060197e+01  ,-1.198576633366e-02  
  9.582014954656e-03  ,6.940804720734e+00  ,6.376961310172e+01  ,-1.146757469247e-02  
  9.582020617097e-03  ,7.604543888608e+00  ,6.377350241055e+01  ,-1.050046768355e-02  
  9.582031941980e-03  ,8.776983675311e+00  ,6.378129347651e+01  ,-8.792380482997e-03  
  9.582043351799e-03  ,9.773994921470e+00  ,6.378915650809e+01  ,-7.339934494621e-03  
  9.582051390975e-03  ,9.973495663202e+00  ,4.097249436478e+01  ,9.858675144926e+00  
  9.582059066564e-03  ,1.000034552204e+01  ,1.059866030726e+01  ,9.858851370557e+00  
  9.582063370764e-03  ,1.018921320970e+01  ,3.392409689480e+00  ,9.859767564684e+00  
  9.582067442506e-03  ,1.046801370743e+01  ,2.664195348767e+00  ,9.860844534953e+00  
  9.582069764852e-03  ,1.062544488649e+01  ,2.744994597897e+00  ,9.861493956705e+00  
  9.582072702616e-03  ,1.081660936951e+01  ,2.800059190822e+00  ,9.862319304725e+00  
  9.582078578144e-03  ,1.117376551027e+01  ,2.809696277656e+00  ,9.863971873704e+00  
  9.582090329200e-03  ,1.179982507786e+01  ,2.799261118083e+00  ,9.867284916123e+00  
  9.582102627128e-03  ,1.234879893575e+01  ,2.803455507106e+00  ,9.870752555080e+00  
  9.582127222985e-03  ,1.318238973350e+01  ,2.805681625054e+00  ,9.877687485682e+00  
  9.582176414698e-03  ,1.417009800171e+01  ,2.808100586729e+00  ,9.891556137370e+00  
  9.582274798125e-03  ,1.497906898146e+01  ,2.816028715494e+00  ,9.919288100217e+00  
  9.582403162688e-03  ,1.499977367052e+01  ,2.826312634504e+00  ,9.955459731915e+00  
  9.582629159659e-03  ,1.500012946057e+01  ,2.844359747977e+00  ,1.001911101770e+01  
  9.582868913382e-03  ,1.500011494291e+01  ,2.863529400334e+00  ,1.008659222543e+01  
  9.583348420828e-03  ,1.500019585913e+01  ,2.901806452047e+00  ,1.022141694897e+01  
  9.584307435721e-03  ,1.500024127527e+01  ,2.978204330712e+00  ,1.049051664406e+01  
  9.586225465506e-03  ,1.500032640651e+01  ,3.130377674776e+00  ,1.102652366654e+01  
  9.590061525076e-03  ,1.500028070035e+01  ,3.432254671894e+00  ,1.208983836458e+01  
  9.592010000020e-03  ,1.499982741648e+01  ,3.584332107360e+00  ,1.262550737972e+01  
  9.592011000018e-03  ,1.442085799821e+01  ,3.584263353397e+00  ,1.262578152881e+01  
  9.592013000126e-03  ,1.321320218196e+01  ,3.584032418807e+00  ,1.262632977916e+01  
  9.592017000343e-03  ,1.067196509919e+01  ,3.583588499181e+00  ,1.262742659704e+01  
  9.592020000020e-03  ,8.647109775873e+00  ,3.583315861635e+00  ,1.262824900439e+01  
  9.592020800063e-03  ,8.543437790468e+00  ,3.583370373442e+00  ,1.262846830791e+01  
  9.592022400076e-03  ,8.338590093679e+00  ,3.583566196712e+00  ,1.262890701485e+01  
  9.592025600100e-03  ,7.943456869999e+00  ,3.584092135801e+00  ,1.262978439832e+01  
  9.592032000149e-03  ,7.208063872401e+00  ,3.585186764252e+00  ,1.263153893397e+01  
  9.592044800246e-03  ,5.932503126651e+00  ,3.588141795951e+00  ,1.263504786598e+01  
  9.592058725381e-03  ,4.791898801587e+00  ,3.598009509997e+00  ,1.263886416196e+01  
  9.592067642236e-03  ,4.356453063945e+00  ,1.401265271233e+01  ,1.264066387380e+01  
  9.592076012218e-03  ,4.341987776715e+00  ,4.354392037769e+01  ,1.264072268085e+01  
  9.592082286352e-03  ,4.134362962009e+00  ,5.281800737888e+01  ,3.692090610766e-02  
  9.592085557157e-03  ,3.936516918808e+00  ,5.284709002252e+01  ,-2.055396329430e-01  
  9.592088120902e-03  ,3.786291931268e+00  ,5.282998835640e+01  ,-1.699229532409e-03  
  9.592090896988e-03  ,3.630278583638e+00  ,5.283310748279e+01  ,7.835545429968e-03  
  9.592096449161e-03  ,3.336973137655e+00  ,5.284157437528e+01  ,5.599559483620e-03  
  9.592107553506e-03  ,2.818871741960e+00  ,5.285822485760e+01  ,4.578462649399e-03  
  9.592129762197e-03  ,2.006716809801e+00  ,5.289138788131e+01  ,3.656624777003e-03  
  9.592174179578e-03  ,9.668791406268e-01  ,5.295759332043e+01  ,2.009530040308e-03  
  9.592217458511e-03  ,4.396358214255e-01  ,5.302188262244e+01  ,1.238955884927e-03  
  9.592265058780e-03  ,1.636224695476e-01  ,5.309238803354e+01  ,8.350190859896e-04  
  9.592331219936e-03  ,5.546978007890e-02  ,5.319006518791e+01  ,6.749393308306e-04  
  9.592415179038e-03  ,1.368436378331e-02  ,5.331352818656e+01  ,6.109067882494e-04  
  9.592508460307e-03  ,-3.630609825430e-04  ,5.345006750299e+01  ,5.869571447763e-04  
  9.592695022846e-03  ,-3.208142855640e-03  ,5.372115550310e+01  ,5.758776361822e-04  
  9.593065048480e-03  ,6.255965725492e-05  ,5.425095348760e+01  ,5.669905585021e-04  
  9.593717552448e-03  ,2.738583048633e-03  ,5.515954324930e+01  ,5.472703224443e-04  
  9.595022560382e-03  ,6.331562230548e-04  ,5.687726181178e+01  ,4.980113159565e-04  
  9.597632576251e-03  ,2.080420906277e-03  ,5.990780851677e+01  ,4.125164565827e-04  
  9.602000000020e-03  ,1.223381061417e-04  ,6.375351199894e+01  ,2.752851939273e-04  
  9.602001000018e-03  ,5.767792263728e-01  ,6.375434863327e+01  ,-1.015090790141e-03  
  9.602001885426e-03  ,1.094760393444e+00  ,6.375509275988e+01  ,-2.189406616299e-03  
  9.602003656243e-03  ,2.160525607818e+00  ,6.375657837310e+01  ,-4.508453942109e-03  
  9.602007197877e-03  ,4.414476397208e+00  ,6.375953262357e+01  ,-8.965514214097e-03  
  9.602010000020e-03  ,6.310594151965e+00  ,6.376185458789e+01  ,-1.232732766084e-02  
  9.602010708347e-03  ,6.402966646205e+00  ,6.376234626559e+01  ,-1.224767790829e-02  
  9.602012125075e-03  ,6.583834520417e+00  ,6.376331906530e+01  ,-1.198730721463e-02  
  9.602014958530e-03  ,6.936476989436e+00  ,6.376526483017e+01  ,-1.147371048355e-02  
  9.602020625442e-03  ,7.600254862818e+00  ,6.376915985624e+01  ,-1.050655072949e-02  
  9.602031959265e-03  ,8.773582852744e+00  ,6.377696227925e+01  ,-8.797190873957e-03  
  9.602044029206e-03  ,9.824004779649e+00  ,6.378528614019e+01  ,-7.266910157796e-03  
  9.602052573532e-03  ,9.976787196123e+00  ,3.628529376204e+01  ,9.860532252780e+00  
  9.602060714036e-03  ,1.001057847184e+01  ,4.463720170904e+00  ,9.861598087829e+00  
  9.602064623356e-03  ,1.027359267297e+01  ,2.829698657736e+00  ,9.862057848523e+00  
  9.602066732987e-03  ,1.042115616679e+01  ,2.762096647073e+00  ,9.862640852971e+00  
  9.602069399178e-03  ,1.060268910469e+01  ,2.788769054144e+00  ,9.863383707460e+00  
  9.602074668228e-03  ,1.094089499504e+01  ,2.817933131630e+00  ,9.864834232874e+00  
  9.602083804130e-03  ,1.146766969997e+01  ,2.807401444850e+00  ,9.867445695726e+00  
  9.602102075934e-03  ,1.233268031040e+01  ,2.804269854839e+00  ,9.872597374993e+00  
  9.602138619542e-03  ,1.349031785527e+01  ,2.806710744165e+00  ,9.882900676394e+00  
  9.602211706757e-03  ,1.464955530295e+01  ,2.811712962525e+00  ,9.903504524567e+00  
  9.602321140885e-03  ,1.514733576797e+01  ,2.820241882691e+00  ,9.934347316486e+00  
  9.602481882691e-03  ,1.516616242758e+01  ,2.833091991879e+00  ,9.979633494412e+00  
  9.602704041123e-03  ,1.495768713195e+01  ,2.850941992086e+00  ,1.004218879434e+01  
  9.603118841767e-03  ,1.502198429404e+01  ,2.884043174471e+00  ,1.015888257323e+01  
  9.603521483063e-03  ,1.500840728893e+01  ,2.916170334504e+00  ,1.027202435055e+01  
  9.604326765656e-03  ,1.499405348161e+01  ,2.980309015356e+00  ,1.049792036996e+01  
  9.605937330842e-03  ,1.500514820879e+01  ,3.108129731316e+00  ,1.094816644016e+01  
  9.609158461213e-03  ,1.500051521985e+01  ,3.362039335939e+00  ,1.184251614371e+01  
  9.612010000020e-03  ,1.499960470460e+01  ,3.584882648038e+00  ,1.262744608617e+01  
  9.612011000018e-03  ,1.441979283862e+01  ,3.584814146779e+00  ,1.262772022974e+01  
  9.612013000126e-03  ,1.321216838561e+01  ,3.584583302636e+00  ,1.262826846918e+01  
  9.612017000343e-03  ,1.067099182471e+01  ,3.584139420567e+00  ,1.262936526493e+01  
  9.612020000020e-03  ,8.646179799060e+00  ,3.583866797181e+00  ,1.263018765576e+01  
  9.612020800063e-03  ,8.542518963753e+00  ,3.583921327628e+00  ,1.263040695484e+01  
  9.612022400076e-03  ,8.337693298774e+00  ,3.584117185584e+00  ,1.263084565300e+01  
  9.612025600100e-03  ,7.942602572767e+00  ,3.584643193014e+00  ,1.263172301888e+01  
  9.612032000149e-03  ,7.207288670032e+00  ,3.585738025730e+00  ,1.263347751921e+01  
  9.612044800246e-03  ,5.931865129680e+00  ,3.588694158837e+00  ,1.263698638058e+01  
  9.612058725381e-03  ,4.791383690639e+00  ,3.598574465642e+00  ,1.264080259850e+01  
  9.612067642236e-03  ,4.356429331158e+00  ,1.403851872154e+01  ,1.264260019791e+01  
  9.612076010728e-03  ,4.342021583013e+00  ,4.356853267409e+01  ,1.264265736868e+01  
  9.612082281137e-03  ,4.134196593848e+00  ,5.281708132938e+01  ,3.554096792989e-02  
  9.612085551197e-03  ,3.936397385618e+00  ,5.284598408351e+01  ,-2.051562473029e-01  
  9.612088115687e-03  ,3.786134709594e+00  ,5.282892146390e+01  ,-1.677354098746e-03  
  9.612090892145e-03  ,3.630107281764e+00  ,5.283204491685e+01  ,7.831485944335e-03  
  9.612096445063e-03  ,3.336777793820e+00  ,5.284051482634e+01  ,5.599084789775e-03  
  9.612107550899e-03  ,2.817525936059e+00  ,5.285712993847e+01  ,4.699497336095e-03  
  9.612129762569e-03  ,1.998509172424e+00  ,5.289030959555e+01  ,3.513704165366e-03  
  9.612174185911e-03  ,9.570875906230e-01  ,5.295651015726e+01  ,1.994867343148e-03  
  9.612219574848e-03  ,4.678280409993e-01  ,5.302394071589e+01  ,1.280179955893e-03  
  9.612268343369e-03  ,2.161663424867e-01  ,5.309618281705e+01  ,9.116412578467e-04  
  9.612322410742e-03  ,9.147531463033e-02  ,5.317604374674e+01  ,7.278915065787e-04  
  9.612414082685e-03  ,1.789408843344e-02  ,5.331092459823e+01  ,6.172576691258e-04  
  9.612525626818e-03  ,-5.697676020780e-03  ,5.347417473148e+01  ,5.787066467747e-04  
  9.612711998621e-03  ,-6.517690024262e-03  ,5.374481963684e+01  ,5.705884086762e-04  
  9.613028952280e-03  ,-5.132045602589e-04  ,5.419899377292e+01  ,5.676451537463e-04  
  9.613597342173e-03  ,3.045114919982e-03  ,5.499412304982e+01  ,5.522027057303e-04  
  9.614734121958e-03  ,4.538425796123e-04  ,5.650906427743e+01  ,5.079702633997e-04  
  9.617007681528e-03  ,2.313408954872e-03  ,5.923269356785e+01  ,4.334667315458e-04  
  9.621554800669e-03  ,-2.776609039898e-05  ,6.343451953169e+01  ,2.877824738699e-04  
  9.622000000020e-03  ,1.378471803150e-03  ,6.375615974348e+01  ,2.806345983382e-04  
  9.622001000018e-03  ,5.780167099433e-01  ,6.375699687334e+01  ,-1.010941617968e-03  
  9.622001884495e-03  ,1.095430194123e+00  ,6.375774086411e+01  ,-2.187114085482e-03  
  9.622003653449e-03  ,2.159997143183e+00  ,6.375922551082e+01  ,-4.503110656601e-03  
  9.622007191357e-03  ,4.411302663527e+00  ,6.376217799829e+01  ,-8.955756774305e-03  
  9.622010000020e-03  ,6.311668003150e+00  ,6.376450641513e+01  ,-1.232563844004e-02  
  9.622010707602e-03  ,6.403932968805e+00  ,6.376499784872e+01  ,-1.224615035896e-02  
  9.622012122839e-03  ,6.584594306494e+00  ,6.376597016708e+01  ,-1.198607185577e-02  
  9.622014953315e-03  ,6.936843398919e+00  ,6.376791493394e+01  ,-1.147304925226e-02  
  9.622020614266e-03  ,7.600741301779e+00  ,6.377180791813e+01  ,-1.050564558846e-02  
  9.622031936168e-03  ,8.773498477421e+00  ,6.377960633554e+01  ,-8.797190202331e-03  
  9.622043340027e-03  ,9.770584503422e+00  ,6.378747471702e+01  ,-7.344610949808e-03  
  9.622051371753e-03  ,9.973364217042e+00  ,4.117530115045e+01  ,9.862628858504e+00  
  9.622059039890e-03  ,1.000010011494e+01  ,1.082465482569e+01  ,9.862795228867e+00  
  9.622063367188e-03  ,1.018681961063e+01  ,3.407291011742e+00  ,9.863711962301e+00  
  9.622067477673e-03  ,1.046820872764e+01  ,2.662276690591e+00  ,9.864793380668e+00  
  9.622069795921e-03  ,1.062538117252e+01  ,2.745223444940e+00  ,9.865441709897e+00  
  9.622072716549e-03  ,1.081546828487e+01  ,2.801142703913e+00  ,9.866262260007e+00  
  9.622078557804e-03  ,1.117072517079e+01  ,2.810939485495e+00  ,9.867905096806e+00  
  9.622090240314e-03  ,1.179392225473e+01  ,2.800293082932e+00  ,9.871198674880e+00  
  9.622102377310e-03  ,1.233726994427e+01  ,2.804553004236e+00  ,9.874620803945e+00  
  9.622126651302e-03  ,1.316523319949e+01  ,2.806778576347e+00  ,9.881464717600e+00  
  9.622175199285e-03  ,1.415272769834e+01  ,2.809119113183e+00  ,9.895151367680e+00  
  9.622272295251e-03  ,1.496962609119e+01  ,2.816949802214e+00  ,9.922519478862e+00  
  9.622400397554e-03  ,1.499961571375e+01  ,2.827209228500e+00  ,9.958616044412e+00  
  9.622623628869e-03  ,1.500016848218e+01  ,2.845033738575e+00  ,1.002148663869e+01  
  9.622862023607e-03  ,1.500014825966e+01  ,2.864094813352e+00  ,1.008858386847e+01  
  9.623338813081e-03  ,1.500027559063e+01  ,2.902154266981e+00  ,1.022264219332e+01  
  9.624292392030e-03  ,1.500034744359e+01  ,2.978118733358e+00  ,1.049021530980e+01  
  9.626199549928e-03  ,1.500048181982e+01  ,3.129432289622e+00  ,1.102319393755e+01  
  9.630013865724e-03  ,1.499965584131e+01  ,3.429615242524e+00  ,1.208054044171e+01  
  9.632010000020e-03  ,1.500000313408e+01  ,3.585418384313e+00  ,1.262933362183e+01  
  9.632011000018e-03  ,1.442256730084e+01  ,3.585349058249e+00  ,1.262960775975e+01  
  9.632013000126e-03  ,1.321486115415e+01  ,3.585117908447e+00  ,1.263015599026e+01  
  9.632017000343e-03  ,1.067352694993e+01  ,3.584673924184e+00  ,1.263125276318e+01  
  9.632020000020e-03  ,8.648602146137e+00  ,3.584401313720e+00  ,1.263207513797e+01  
  9.632020800063e-03  ,8.544912268146e+00  ,3.584455820697e+00  ,1.263229443284e+01  
  9.632022400076e-03  ,8.340029216865e+00  ,3.584651637140e+00  ,1.263273312238e+01  
  9.632025600100e-03  ,7.944827796971e+00  ,3.585177545570e+00  ,1.263361047107e+01  
  9.632032000149e-03  ,7.209307876349e+00  ,3.586272050409e+00  ,1.263536493730e+01  
  9.632044800246e-03  ,5.933526965799e+00  ,3.589226195473e+00  ,1.263887373045e+01  
  9.632058725381e-03  ,4.792725522457e+00  ,3.599078940002e+00  ,1.264268987680e+01  
  9.632067643726e-03  ,4.356527869750e+00  ,1.398120931389e+01  ,1.264449231944e+01  
  9.632076013708e-03  ,4.341980694512e+00  ,4.350686849026e+01  ,1.264455339781e+01  
  9.632082292313e-03  ,4.134695556363e+00  ,5.281703748639e+01  ,3.903780875562e-02  
  9.632085563490e-03  ,3.936819300823e+00  ,5.284639651265e+01  ,-2.061021019033e-01  
  9.632087132955e-03  ,3.843950987561e+00  ,5.282806983141e+01  ,-4.145600614208e-03  
  9.632090271885e-03  ,3.665341891526e+00  ,5.283124488590e+01  ,1.014200489844e-02  
  9.632096549744e-03  ,3.332220948731e+00  ,5.284102637286e+01  ,5.649407651641e-03  
  9.632109105462e-03  ,2.753116170667e+00  ,5.285986928568e+01  ,4.426979724455e-03  
  9.632134216899e-03  ,1.872830028072e+00  ,5.289736809489e+01  ,3.517298141296e-03  
  9.632173514241e-03  ,9.863521228020e-01  ,5.295597009981e+01  ,2.038415133643e-03  
  9.632218116397e-03  ,4.424725888383e-01  ,5.302226016737e+01  ,1.243323786942e-03  
  9.632263618583e-03  ,1.762726964716e-01  ,5.308969529010e+01  ,8.538133102038e-04  
  9.632332736129e-03  ,5.624890412686e-02  ,5.319179205057e+01  ,6.763221429062e-04  
  9.632413810367e-03  ,4.615051581937e-03  ,5.331107724147e+01  ,5.980443262106e-04  
  9.632510119552e-03  ,-7.863831143049e-03  ,5.345212257329e+01  ,5.762669773398e-04  
  9.632702737922e-03  ,-5.377864333584e-03  ,5.373209067271e+01  ,5.727285869889e-04  
  9.632993417853e-03  ,4.390679992252e-03  ,5.414922460779e+01  ,5.762649545916e-04  
  9.633574777717e-03  ,-2.541982889954e-05  ,5.496400845872e+01  ,5.486290997168e-04  
  9.634477907294e-03  ,1.130164803112e-03  ,5.617768236824e+01  ,5.179705127010e-04  
  9.635733705634e-03  ,1.472284177414e-03  ,5.775876661836e+01  ,4.749373906671e-04  
  9.638245302314e-03  ,1.203361374559e-03  ,6.054404995192e+01  ,3.922826816612e-04  
  9.642000000020e-03  ,8.929619521895e-04  ,6.375905704924e+01  ,2.767218153934e-04  
  9.642001000018e-03  ,5.775383740051e-01  ,6.375989386259e+01  ,-1.013250588604e-03  
  9.642001884868e-03  ,1.095178701699e+00  ,6.376063781108e+01  ,-2.187764846975e-03  
  9.642003654567e-03  ,2.160224503504e+00  ,6.376212286126e+01  ,-4.505198707435e-03  
  9.642007193965e-03  ,4.412587228645e+00  ,6.376507604702e+01  ,-8.959649475160e-03  
  9.642010000020e-03  ,6.311252996162e+00  ,6.376740187125e+01  ,-1.232630240946e-02  
  9.642010707900e-03  ,6.403560816283e+00  ,6.376789340073e+01  ,-1.224674866709e-02  
  9.642012123696e-03  ,6.584299806500e+00  ,6.376886588377e+01  ,-1.198655923060e-02  
  9.642014955289e-03  ,6.936696810219e+00  ,6.377081099031e+01  ,-1.147332084878e-02  
  9.642020618476e-03  ,7.600858110332e+00  ,6.377470464944e+01  ,-1.050553182770e-02  
  9.642031944848e-03  ,8.774025052564e+00  ,6.378250442605e+01  ,-8.796479736859e-03  
  9.642043354667e-03  ,9.771511381535e+00  ,6.379037519372e+01  ,-7.343318344164e-03  
  9.642051392354e-03  ,9.973411829253e+00  ,4.110574870129e+01  ,9.862176208338e+00  
  9.642059064962e-03  ,1.000020139904e+01  ,1.074017441802e+01  ,9.862346566183e+00  
  9.642063385553e-03  ,1.018786204146e+01  ,3.401706679329e+00  ,9.863262964238e+00  
  9.642067482628e-03  ,1.046835102903e+01  ,2.663315932983e+00  ,9.864343152642e+00  
  9.642069803111e-03  ,1.062565936070e+01  ,2.745460598312e+00  ,9.864992070219e+00  
  9.642072731189e-03  ,1.081620430076e+01  ,2.801037728709e+00  ,9.865814693292e+00  
  9.642078587346e-03  ,1.117226671803e+01  ,2.810761983980e+00  ,9.867461737275e+00  
  9.642090299658e-03  ,1.179825192247e+01  ,2.805732451474e+00  ,9.870760389261e+00  
  9.642110082440e-03  ,1.263361452208e+01  ,2.804364003518e+00  ,9.876338089479e+00  
  9.642149648003e-03  ,1.372598709940e+01  ,2.808499929676e+00  ,9.887493074586e+00  
  9.642228779129e-03  ,1.476740479641e+01  ,2.813465557580e+00  ,9.909799603696e+00  
  9.642346224121e-03  ,1.516337199569e+01  ,2.822660384733e+00  ,9.942897751949e+00  
  9.642518815331e-03  ,1.497820619886e+01  ,2.836550706976e+00  ,9.991517376623e+00  
  9.642675289444e-03  ,1.497093888556e+01  ,2.849058760050e+00  ,1.003557610429e+01  
  9.642988237671e-03  ,1.501190913623e+01  ,2.874040732730e+00  ,1.012363490205e+01  
  9.643614134125e-03  ,1.499232694139e+01  ,2.923982999481e+00  ,1.029951813217e+01  
  9.644711431794e-03  ,1.499816721718e+01  ,3.011308254938e+00  ,1.060711664436e+01  
  9.646906027131e-03  ,1.500018752179e+01  ,3.185149771480e+00  ,1.121944961079e+01  
  9.651295217804e-03  ,1.499992904251e+01  ,3.529604333632e+00  ,1.243273703973e+01  
  9.652010000020e-03  ,1.500001335666e+01  ,3.585293154432e+00  ,1.262889260971e+01  
  9.652011000018e-03  ,1.442322996671e+01  ,3.585223628562e+00  ,1.262916674806e+01  
  9.652013000126e-03  ,1.321550430789e+01  ,3.584992405431e+00  ,1.262971498569e+01  
  9.652017000343e-03  ,1.067413245133e+01  ,3.584548395595e+00  ,1.263081175984e+01  
  9.652020000020e-03  ,8.649180710937e+00  ,3.584275781147e+00  ,1.263163413840e+01  
  9.652020800063e-03  ,8.545483896204e+00  ,3.584330279445e+00  ,1.263185343429e+01  
  9.652022400076e-03  ,8.340587138404e+00  ,3.584526079820e+00  ,1.263229212582e+01  
  9.652025600100e-03  ,7.945359279672e+00  ,3.585051954462e+00  ,1.263316947850e+01  
  9.652032000149e-03  ,7.209790152304e+00  ,3.586146354903e+00  ,1.263492395280e+01  
  9.652044800246e-03  ,5.933923883977e+00  ,3.589099912935e+00  ,1.263843276208e+01  
  9.652058726871e-03  ,4.792935023240e+00  ,3.598948301902e+00  ,1.264224933478e+01  
  9.652067645216e-03  ,4.356539837786e+00  ,1.397098057393e+01  ,1.264405259547e+01  
  9.652076016689e-03  ,4.341968467171e+00  ,4.350033261996e+01  ,1.264411420110e+01  
  9.652082296038e-03  ,4.134781256894e+00  ,5.281908686309e+01  ,3.962178224791e-02  
  9.652085567215e-03  ,3.936902931817e+00  ,5.284851942230e+01  ,-2.062416375647e-01  
  9.652087136308e-03  ,3.844054099559e+00  ,5.283017880128e+01  ,-4.155921840268e-03  
  9.652090274492e-03  ,3.665481621717e+00  ,5.283335093003e+01  ,1.014561010356e-02  
  9.652096550861e-03  ,3.332423589647e+00  ,5.284312970277e+01  ,5.649854062536e-03  
  9.652109103600e-03  ,2.753409065351e+00  ,5.286196653488e+01  ,4.427132195184e-03  
  9.652134209076e-03  ,1.873204704008e+00  ,5.289945308193e+01  ,3.517990299351e-03  
  9.652173518339e-03  ,9.863455618452e-01  ,5.295806767551e+01  ,2.038343114946e-03  
  9.652218120495e-03  ,4.424531205142e-01  ,5.302435180100e+01  ,1.243232066208e-03  
  9.652263628641e-03  ,1.762280572170e-01  ,5.309178967812e+01  ,8.536848687203e-04  
  9.652332734266e-03  ,5.624843731460e-02  ,5.319385960717e+01  ,6.762586731770e-04  
  9.652413820425e-03  ,4.613312796153e-03  ,5.331315151038e+01  ,5.979787414119e-04  
  9.652510117689e-03  ,-7.861558915205e-03  ,5.345416651486e+01  ,5.762078983853e-04  
  9.652702712217e-03  ,-5.376534489267e-03  ,5.373407444906e+01  ,5.726694437050e-04  
  9.652993439833e-03  ,4.390459334775e-03  ,5.415123794664e+01  ,5.762023998186e-04  
  9.653574895063e-03  ,-2.568797870442e-05  ,5.496607422326e+01  ,5.485642613627e-04  
  9.654478215376e-03  ,1.130026802760e-03  ,5.617986745487e+01  ,5.179009677413e-04  
  9.655734204451e-03  ,1.472077470517e-03  ,5.776098123925e+01  ,4.748638840197e-04  
  9.658246182600e-03  ,1.203108586624e-03  ,6.054620638976e+01  ,3.922019782472e-04  
  9.662000000020e-03  ,8.928072555479e-04  ,6.375981951142e+01  ,2.766750826333e-04  
  9.662001000018e-03  ,5.775382193042e-01  ,6.376065619130e+01  ,-1.013297991356e-03  
  9.662001884961e-03  ,1.095233671181e+00  ,6.376140010000e+01  ,-2.187936479337e-03  
  9.662003654846e-03  ,2.160396067995e+00  ,6.376288506952e+01  ,-4.505607438408e-03  
  9.662007194617e-03  ,4.413017104709e+00  ,6.376583809051e+01  ,-8.960495989368e-03  
  9.662010000020e-03  ,6.312036583854e+00  ,6.376816289646e+01  ,-1.232519375093e-02  
  9.662010707974e-03  ,6.404345689759e+00  ,6.376865438486e+01  ,-1.224565221544e-02  
  9.662012123957e-03  ,6.585091452779e+00  ,6.376962680866e+01  ,-1.198545337643e-02  
  9.662014955923e-03  ,6.937500496647e+00  ,6.377157179669e+01  ,-1.147219745847e-02  
  9.662020619854e-03  ,7.601679363075e+00  ,6.377546521922e+01  ,-1.050438286597e-02  
  9.662031947717e-03  ,8.774858829243e+00  ,6.378326452369e+01  ,-8.795312556313e-03  
  9.662043359026e-03  ,9.772332958925e+00  ,6.379113481043e+01  ,-7.342168895262e-03  
  9.662051398203e-03  ,9.973444619426e+00  ,4.105869503139e+01  ,9.861594968830e+00  
  9.662059073791e-03  ,1.000026655842e+01  ,1.068291159281e+01  ,9.861767830389e+00  
  9.662063388422e-03  ,1.018846580885e+01  ,3.398068780641e+00  ,9.862683989368e+00  
  9.662067476555e-03  ,1.046835804102e+01  ,2.663870530879e+00  ,9.863763264852e+00  
  9.662069798529e-03  ,1.062576038419e+01  ,2.745517369690e+00  ,9.864412580921e+00  
  9.662072731077e-03  ,1.081658282922e+01  ,2.800884874231e+00  ,9.865236451977e+00  
  9.662078596174e-03  ,1.117313375357e+01  ,2.810567076302e+00  ,9.866886026839e+00  
  9.662090326369e-03  ,1.179827497871e+01  ,2.800057940793e+00  ,9.870193087722e+00  
  9.662102570653e-03  ,1.234530693226e+01  ,2.804276272299e+00  ,9.873645500686e+00  
  9.662127059221e-03  ,1.317692505714e+01  ,2.806502479161e+00  ,9.880549980079e+00  
  9.662176036358e-03  ,1.416445170398e+01  ,2.808895105077e+00  ,9.894357740148e+00  
  9.662273990631e-03  ,1.497596369968e+01  ,2.816790748037e+00  ,9.921967970581e+00  
  9.662402259826e-03  ,1.499972300544e+01  ,2.827065718922e+00  ,9.958111757146e+00  
  9.662627350807e-03  ,1.500014216340e+01  ,2.845039611406e+00  ,1.002150626074e+01  
  9.662866675377e-03  ,1.500012563384e+01  ,2.864174665974e+00  ,1.008886509309e+01  
  9.663345324516e-03  ,1.500022136236e+01  ,2.902382367902e+00  ,1.022344556090e+01  
  9.664302622795e-03  ,1.500027519455e+01  ,2.978642114040e+00  ,1.049205872127e+01  
  9.666217219352e-03  ,1.500037603440e+01  ,3.130541428301e+00  ,1.102710054548e+01  
  9.670046412468e-03  ,1.500039750213e+01  ,3.431876491771e+00  ,1.208850658407e+01  
  9.672010000020e-03  ,1.499972509820e+01  ,3.585132445744e+00  ,1.262832616852e+01  
  9.672011000018e-03  ,1.442048229226e+01  ,3.585063755159e+00  ,1.262860030995e+01  
  9.672013000126e-03  ,1.321283753844e+01  ,3.584832840934e+00  ,1.262914854234e+01  
  9.672017000343e-03  ,1.067162180324e+01  ,3.584388935773e+00  ,1.263024532981e+01  
  9.672020000020e-03  ,8.646781752273e+00  ,3.584116318301e+00  ,1.263106771315e+01  
  9.672020800063e-03  ,8.543113699885e+00  ,3.584170844448e+00  ,1.263128701025e+01  
  9.672022400076e-03  ,8.338273774459e+00  ,3.584366695012e+00  ,1.263172570440e+01  
  9.672025600100e-03  ,7.943155541109e+00  ,3.584892682490e+00  ,1.263260306228e+01  
  9.672032000149e-03  ,7.207790443145e+00  ,3.585987445765e+00  ,1.263435754666e+01  
  9.672044800246e-03  ,5.932278097130e+00  ,3.588943136499e+00  ,1.263786637613e+01  
  9.672058725381e-03  ,4.791717141580e+00  ,3.598816886778e+00  ,1.264168255999e+01  
  9.672067643726e-03  ,4.356451610549e+00  ,1.402868162560e+01  ,1.264348123786e+01  
  9.672076013708e-03  ,4.342015943802e+00  ,4.356218717936e+01  ,1.264353892644e+01  
  9.672082286352e-03  ,4.134238405059e+00  ,5.282151149717e+01  ,3.603831527496e-02  
  9.672085557157e-03  ,3.936395186550e+00  ,5.285048020171e+01  ,-2.052931475005e-01  
  9.672087127926e-03  ,3.843462275795e+00  ,5.283223183771e+01  ,-4.090352258459e-03  
  9.672090269463e-03  ,3.664730909180e+00  ,5.283541742407e+01  ,1.012243794865e-02  
  9.672096552538e-03  ,3.331400762477e+00  ,5.284520304367e+01  ,5.646983536104e-03  
  9.672109118687e-03  ,2.751999403324e+00  ,5.286405764137e+01  ,4.426288324091e-03  
  9.672134250985e-03  ,1.871456474658e+00  ,5.290158037609e+01  ,3.514093109910e-03  
  9.672173518525e-03  ,9.861292627954e-01  ,5.296012620708e+01  ,2.037948612650e-03  
  9.672218120681e-03  ,4.424092112116e-01  ,5.302640315085e+01  ,1.243095130377e-03  
  9.672263628827e-03  ,1.762383576454e-01  ,5.309383371570e+01  ,8.536264595631e-04  
  9.672332758294e-03  ,5.622436237114e-02  ,5.319592769548e+01  ,6.761494951966e-04  
  9.672413856374e-03  ,4.598809354845e-03  ,5.331522392379e+01  ,5.978832828511e-04  
  9.672510177480e-03  ,-7.867413050560e-03  ,5.345625801255e+01  ,5.761244222190e-04  
  9.672702819692e-03  ,-5.375155770814e-03  ,5.373620304644e+01  ,5.725952806712e-04  
  9.672993547307e-03  ,4.389661741533e-03  ,5.415331736966e+01  ,5.761258919729e-04  
  9.673575002538e-03  ,3.330926261401e-03  ,5.496803739907e+01  ,5.533286803621e-04  
  9.674737912999e-03  ,2.218491717539e-04  ,5.651870277703e+01  ,5.075806010314e-04  
  9.676939374791e-03  ,2.521799930761e-03  ,5.916174725669e+01  ,4.359811876945e-04  
  9.681342298375e-03  ,-1.955475661161e-04  ,6.328008145672e+01  ,2.939280300561e-04  
  9.682000000020e-03  ,1.618373629752e-03  ,6.376082295372e+01  ,2.807620563510e-04  
  9.682001000018e-03  ,5.782530246096e-01  ,6.376165992519e+01  ,-1.010682632919e-03  
  9.682001884402e-03  ,1.095608243215e+00  ,6.376240370641e+01  ,-2.186701563701e-03  
  9.682003653170e-03  ,2.160052431524e+00  ,6.376388794284e+01  ,-4.502478026813e-03  
  9.682007190705e-03  ,4.411087794137e+00  ,6.376683961149e+01  ,-8.954704905794e-03  
  9.682010000020e-03  ,6.311873564800e+00  ,6.376916816467e+01  ,-1.232539873885e-02  
  9.682010707527e-03  ,6.404126734023e+00  ,6.376965944458e+01  ,-1.224592564172e-02  
  9.682012122579e-03  ,6.584760718832e+00  ,6.377063143025e+01  ,-1.198588722375e-02  
  9.682014952682e-03  ,6.936957643108e+00  ,6.377257553179e+01  ,-1.147294060018e-02  
  9.682020612888e-03  ,7.600762345639e+00  ,6.377646718397e+01  ,-1.050567280093e-02  
  9.682031933300e-03  ,8.773373382408e+00  ,6.378426293358e+01  ,-8.797430281316e-03  
  9.682043335668e-03  ,9.770357980383e+00  ,6.379212863083e+01  ,-7.344998888296e-03  
  9.682051367394e-03  ,9.973351963300e+00  ,4.119113584082e+01  ,9.862395309248e+00  
  9.682059034042e-03  ,1.000007218247e+01  ,1.084561545781e+01  ,9.862560622388e+00  
  9.682063362829e-03  ,1.018654460279e+01  ,3.408611008479e+00  ,9.863477472673e+00  
  9.682067476295e-03  ,1.046813419218e+01  ,2.661930919608e+00  ,9.864559101201e+00  
  9.682069793798e-03  ,1.062526152118e+01  ,2.745063945143e+00  ,9.865207234604e+00  
  9.682072712190e-03  ,1.081521266166e+01  ,2.801067598279e+00  ,9.866027165616e+00  
  9.682078548975e-03  ,1.117023075548e+01  ,2.810885741992e+00  ,9.867668747196e+00  
  9.682090222545e-03  ,1.179463458197e+01  ,2.805807231533e+00  ,9.870956467224e+00  
  9.682109868236e-03  ,1.262589662188e+01  ,2.804405014616e+00  ,9.876495502884e+00  
  9.682149159617e-03  ,1.371598092203e+01  ,2.808538486048e+00  ,9.887573171307e+00  
  9.682227742381e-03  ,1.475982638204e+01  ,2.813448331868e+00  ,9.909725115934e+00  
  9.682345163531e-03  ,1.516285474547e+01  ,2.822637479457e+00  ,9.942816568424e+00  
  9.682516801066e-03  ,1.497871852163e+01  ,2.836451267966e+00  ,9.991167644278e+00  
  9.682673012919e-03  ,1.497110079807e+01  ,2.848938483361e+00  ,1.003515269835e+01  
  9.682985436626e-03  ,1.501182295259e+01  ,2.873878787756e+00  ,1.012306434480e+01  
  9.683610284038e-03  ,1.499238880904e+01  ,2.923737659740e+00  ,1.029865405677e+01  
  9.684703767009e-03  ,1.499817891047e+01  ,3.010760576881e+00  ,1.060518755239e+01  
  9.686890732951e-03  ,1.500018660411e+01  ,3.184003001522e+00  ,1.121541029081e+01  
  9.691264664836e-03  ,1.499992993944e+01  ,3.527281627269e+00  ,1.242455566649e+01  
  9.692010000020e-03  ,1.500001375279e+01  ,3.585353244854e+00  ,1.262910426814e+01  
  9.692011000018e-03  ,1.442322903784e+01  ,3.585283718608e+00  ,1.262937840591e+01  
  9.692013000126e-03  ,1.321550340637e+01  ,3.585052495179e+00  ,1.262992664224e+01  
  9.692017000343e-03  ,1.067413160260e+01  ,3.584608485784e+00  ,1.263102341406e+01  
  9.692020000020e-03  ,8.649179899991e+00  ,3.584335872681e+00  ,1.263184579082e+01  
  9.692020800063e-03  ,8.545483094993e+00  ,3.584390371789e+00  ,1.263206508623e+01  
  9.692022400076e-03  ,8.340586356431e+00  ,3.584586173698e+00  ,1.263250377680e+01  
  9.692025600100e-03  ,7.945358534801e+00  ,3.585112050779e+00  ,1.263338112756e+01  
  9.692032000149e-03  ,7.209789476513e+00  ,3.586206457570e+00  ,1.263513559801e+01  
  9.692044800246e-03  ,5.933923328255e+00  ,3.589160043136e+00  ,1.263864439960e+01  
  9.692058726871e-03  ,4.792934577127e+00  ,3.599008599651e+00  ,1.264246096391e+01  
  9.692067645216e-03  ,4.356541117689e+00  ,1.397114106191e+01  ,1.264426420690e+01  
  9.692076016689e-03  ,4.341969785358e+00  ,4.350050684840e+01  ,1.264432580776e+01  
  9.692082296038e-03  ,4.134804211680e+00  ,5.282051068501e+01  ,3.973373705036e-02  
  9.692085567215e-03  ,3.936925156641e+00  ,5.284995711103e+01  ,-2.062652633780e-01  
  9.692087136494e-03  ,3.844064934230e+00  ,5.283161444164e+01  ,-4.156623298078e-03  
  9.692090275051e-03  ,3.665471259938e+00  ,5.283478709205e+01  ,1.014553466228e-02  
  9.692096552165e-03  ,3.332376385983e+00  ,5.284456704784e+01  ,5.649762330609e-03  
  9.692109106393e-03  ,2.751712277177e+00  ,5.286335759730e+01  ,4.594554712858e-03  
  9.692134214850e-03  ,1.862097419967e+00  ,5.290086134462e+01  ,3.314692898533e-03  
  9.692175371857e-03  ,9.415252817453e-01  ,5.296219206855e+01  ,1.972228273798e-03  
  9.692221362801e-03  ,4.555032841575e-01  ,5.303052219289e+01  ,1.262219876700e-03  
  9.692269457789e-03  ,1.918317585857e-01  ,5.310177541826e+01  ,8.762027620766e-04  
  9.692324365588e-03  ,8.008067314268e-02  ,5.318288323630e+01  ,7.112990094984e-04  
  9.692413057299e-03  ,6.892740482954e-03  ,5.331339843683e+01  ,6.013273787898e-04  
  9.692507864447e-03  ,2.596849111458e-03  ,5.345224278425e+01  ,5.915351296736e-04  
  9.692697478743e-03  ,7.907606443958e-04  ,5.372787692483e+01  ,5.818487378212e-04  
  9.692919088813e-03  ,1.962909926946e-03  ,5.404654360770e+01  ,5.754011577616e-04  
  9.693362308951e-03  ,1.918086426886e-03  ,5.467256171640e+01  ,5.590774199392e-04  
  9.694248749228e-03  ,1.422075430070e-03  ,5.587899889520e+01  ,5.266118983418e-04  
  9.696021629782e-03  ,1.581872980004e-03  ,5.810679515289e+01  ,4.653548288253e-04  
  9.699567390891e-03  ,9.472517069494e-04  ,6.180845650397e+01  ,3.495988232319e-04  
  9.702000000020e-03  ,1.006497880037e-03  ,6.376098458545e+01  ,2.787677599608e-04  
  9.702001000018e-03  ,5.776502548820e-01  ,6.376182122685e+01  ,-1.012268231368e-03  
  9.702001884868e-03  ,1.095289092950e+00  ,6.376256505731e+01  ,-2.188054639197e-03  
  9.702003654567e-03  ,2.160331964080e+00  ,6.376404958002e+01  ,-4.505192558156e-03  
  9.702007193965e-03  ,4.412689054446e+00  ,6.376700176701e+01  ,-8.959599194762e-03  
  9.702010000020e-03  ,6.311350561806e+00  ,6.376932680055e+01  ,-1.232626151406e-02  
  9.702010707900e-03  ,6.403657341922e+00  ,6.376981813107e+01  ,-1.224671052262e-02  
  9.702012123696e-03  ,6.584394295821e+00  ,6.377079021715e+01  ,-1.198652211679e-02  
  9.702014955289e-03  ,6.936787329126e+00  ,6.377273452463e+01  ,-1.147328968152e-02  
  9.702020618476e-03  ,7.600941146271e+00  ,6.377662658956e+01  ,-1.050551228592e-02  
  9.702031944848e-03  ,8.774094870680e+00  ,6.378442317759e+01  ,-8.796479423767e-03  
  9.702043354667e-03  ,9.771569961205e+00  ,6.379229073346e+01  ,-7.343333770736e-03  
  9.702051392354e-03  ,9.973406682201e+00  ,4.110414849989e+01  ,9.860982465988e+00  
  9.702059064962e-03  ,1.000019517103e+01  ,1.073845923071e+01  ,9.861152802759e+00  
  9.702063384808e-03  ,1.018782781433e+01  ,3.401402585865e+00  ,9.862069208933e+00  
  9.702067481883e-03  ,1.046831843305e+01  ,2.662956931246e+00  ,9.863149381380e+00  
  9.702069802366e-03  ,1.062562801777e+01  ,2.745111806225e+00  ,9.863798308019e+00  
  9.702072730444e-03  ,1.081617441415e+01  ,2.800697122158e+00  ,9.864620942341e+00  
  9.702078586600e-03  ,1.117223940842e+01  ,2.810423785503e+00  ,9.866268006594e+00  
  9.702090298913e-03  ,1.179822908242e+01  ,2.805393652162e+00  ,9.869566698570e+00  
  9.702110078715e-03  ,1.263348820391e+01  ,2.804024695055e+00  ,9.875143625569e+00  
  9.702149638317e-03  ,1.372579250297e+01  ,2.808160643054e+00  ,9.886297064440e+00  
  9.702228757523e-03  ,1.476724522710e+01  ,2.813125208198e+00  ,9.908600502064e+00  
  9.702346202515e-03  ,1.516335925862e+01  ,2.822320078355e+00  ,9.941699050024e+00  
  9.702518769882e-03  ,1.497821898207e+01  ,2.836208649061e+00  ,9.990312547121e+00  
  9.702675243996e-03  ,1.497094234236e+01  ,2.848716856334e+00  ,1.003437180990e+01  
  9.702988192223e-03  ,1.501190772987e+01  ,2.873699135743e+00  ,1.012243167715e+01  
  9.703614088677e-03  ,1.499232785941e+01  ,2.923642007526e+00  ,1.029831704349e+01  
  9.704711386345e-03  ,1.499816744194e+01  ,3.010968324095e+00  ,1.060591929149e+01  
  9.706905981682e-03  ,1.500018750670e+01  ,3.184811952227e+00  ,1.121825969488e+01  
  9.711295172356e-03  ,1.499992905801e+01  ,3.529270697974e+00  ,1.243156185954e+01  
  9.712010000020e-03  ,1.500001335928e+01  ,3.584963732528e+00  ,1.262773227176e+01  
  9.712011000018e-03  ,1.442322998392e+01  ,3.584894209534e+00  ,1.262800641341e+01  
  9.712013000126e-03  ,1.321550432460e+01  ,3.584662988323e+00  ,1.262855465763e+01  
  9.712017000343e-03  ,1.067413246698e+01  ,3.584218975991e+00  ,1.262965144495e+01  
  9.712020000020e-03  ,8.649180725747e+00  ,3.583946354457e+00  ,1.263047383339e+01  
  9.712020800063e-03  ,8.545483910764e+00  ,3.584000848308e+00  ,1.263069313192e+01  
  9.712022400076e-03  ,8.340587152474e+00  ,3.584196640328e+00  ,1.263113182872e+01  
  9.712025600100e-03  ,7.945359292822e+00  ,3.584722501833e+00  ,1.263200919195e+01  
  9.712032000149e-03  ,7.209790163592e+00  ,3.585816868154e+00  ,1.263376368733e+01  
  9.712044800246e-03  ,5.933923890733e+00  ,3.588770279315e+00  ,1.263727253879e+01  
  9.712058726871e-03  ,4.792935014540e+00  ,3.598617802569e+00  ,1.264108915748e+01  
  9.712067645216e-03  ,4.356532650456e+00  ,1.397021789515e+01  ,1.264289250858e+01  
  9.712076016689e-03  ,4.341961341883e+00  ,4.349951387674e+01  ,1.264295416862e+01  
  9.712082296038e-03  ,4.134812236491e+00  ,5.282061404740e+01  ,3.981703542146e-02  
  9.712085567215e-03  ,3.936933056499e+00  ,5.285007048396e+01  ,-2.062877831729e-01  
  9.712087136308e-03  ,3.844083434373e+00  ,5.283172500276e+01  ,-4.158862552747e-03  
  9.712090274492e-03  ,3.665509583606e+00  ,5.283489592033e+01  ,1.014635815073e-02  
  9.712096550861e-03  ,3.332448993297e+00  ,5.284467310281e+01  ,5.649821226150e-03  
  9.712109103600e-03  ,2.753429997207e+00  ,5.286350659424e+01  ,4.427009083866e-03  
  9.712134209076e-03  ,1.873218837474e+00  ,5.290098643495e+01  ,3.517940410939e-03  
  9.712173518339e-03  ,9.863528458662e-01  ,5.295959054811e+01  ,2.038242254191e-03  
  9.712218120495e-03  ,4.424562039275e-01  ,5.302586278142e+01  ,1.243125135077e-03  
  9.712263628641e-03  ,1.762290845994e-01  ,5.309328852957e+01  ,8.535751981219e-04  
  9.712332734266e-03  ,5.624853828750e-02  ,5.319534005024e+01  ,6.761479968914e-04  
  9.712413820425e-03  ,4.613015270998e-03  ,5.331461036944e+01  ,5.978678908763e-04  
  9.712510117689e-03  ,-7.861952418810e-03  ,5.345559976346e+01  ,5.760973843695e-04  
  9.712702712217e-03  ,-5.376908039791e-03  ,5.373545655222e+01  ,5.725599019946e-04  
  9.712993439833e-03  ,4.390162408118e-03  ,5.415254304037e+01  ,5.760943575214e-04  
  9.713574895063e-03  ,-2.601649136295e-05  ,5.496722605454e+01  ,5.484588857644e-04  
  9.714478215376e-03  ,1.129711512231e-03  ,5.618078340435e+01  ,5.177996423597e-04  
  9.715734395185e-03  ,1.471761005501e-03  ,5.776180479051e+01  ,4.747611368704e-04  
  9.718246754805e-03  ,1.202753944792e-03  ,6.054675052712e+01  ,3.920964583137e-04  
  9.722000000020e-03  ,8.925449397716e-04  ,6.375891546191e+01  ,2.766004333873e-04  
  9.722001000018e-03  ,5.775379569276e-01  ,6.375975192080e+01  ,-1.013372885013e-03  
  9.722001884868e-03  ,1.095178284514e+00  ,6.376049555576e+01  ,-2.187888797877e-03  
  9.722003654567e-03  ,2.160224086100e+00  ,6.376197997849e+01  ,-4.505322264565e-03  
  9.722007193965e-03  ,4.412586810820e+00  ,6.376493190941e+01  ,-8.959772964196e-03  
  9.722010000020e-03  ,6.311252578020e+00  ,6.376725673878e+01  ,-1.232642590164e-02  
  9.722010707900e-03  ,6.403560398057e+00  ,6.376774801690e+01  ,-1.224687241659e-02  
  9.722012123696e-03  ,6.584299388106e+00  ,6.376871999711e+01  ,-1.198668299768e-02  
  9.722014955289e-03  ,6.936696391500e+00  ,6.377066409802e+01  ,-1.147344461105e-02  
  9.722020618476e-03  ,7.600857691001e+00  ,6.377455574610e+01  ,-1.050565555103e-02  
  9.722031944848e-03  ,8.774024632169e+00  ,6.378235150146e+01  ,-8.796603422624e-03  
  9.722043354667e-03  ,9.771510960256e+00  ,6.379021821949e+01  ,-7.343441973884e-03  
  9.722051392354e-03  ,9.973402046891e+00  ,4.110482640761e+01  ,9.860404487103e+00  
  9.722059064962e-03  ,1.000019131495e+01  ,1.073917650101e+01  ,9.860574868394e+00  
  9.722063385553e-03  ,1.018786121376e+01  ,3.401190962876e+00  ,9.861491277113e+00  
  9.722067482628e-03  ,1.046835051097e+01  ,2.662819620962e+00  ,9.862571506827e+00  
  9.722069803484e-03  ,1.062568344261e+01  ,2.744955224569e+00  ,9.863220537312e+00  
  9.722072731562e-03  ,1.081622732959e+01  ,2.800530519915e+00  ,9.864043175515e+00  
  9.722078587718e-03  ,1.117228783092e+01  ,2.810258141823e+00  ,9.865690249033e+00  
  9.722090300031e-03  ,1.179826959874e+01  ,2.805229442344e+00  ,9.868988959980e+00  
  9.722110082812e-03  ,1.263362758518e+01  ,2.803860747095e+00  ,9.874566759725e+00  
  9.722149648376e-03  ,1.372599413758e+01  ,2.807997228462e+00  ,9.885721943844e+00  
  9.722228779502e-03  ,1.476740608304e+01  ,2.812962842188e+00  ,9.908028870839e+00  
  9.722346224494e-03  ,1.516337109542e+01  ,2.822157842768e+00  ,9.941127609425e+00  
  9.722518815703e-03  ,1.497820632039e+01  ,2.836048406339e+00  ,9.989748101233e+00  
  9.722675289817e-03  ,1.497093904722e+01  ,2.848556681341e+00  ,1.003380761469e+01  
  9.722988238044e-03  ,1.501190907182e+01  ,2.873539101434e+00  ,1.012186798300e+01  
  9.723614134498e-03  ,1.499232698502e+01  ,2.923482258094e+00  ,1.029775435007e+01  
  9.724711432166e-03  ,1.499816722858e+01  ,3.010809071348e+00  ,1.060535834830e+01  
  9.726906027503e-03  ,1.500018752204e+01  ,3.184653688589e+00  ,1.121770223580e+01  
  9.731295218177e-03  ,1.499992904417e+01  ,3.529114394309e+00  ,1.243101130394e+01  
  9.732010000020e-03  ,1.500001335769e+01  ,3.584804179351e+00  ,1.262717027025e+01  
  9.732011000018e-03  ,1.442322996856e+01  ,3.584734657758e+00  ,1.262744441350e+01  
  9.732013000126e-03  ,1.321550430970e+01  ,3.584503437479e+00  ,1.262799266091e+01  
  9.732017000343e-03  ,1.067413245291e+01  ,3.584059423939e+00  ,1.262908945461e+01  
  9.732020000020e-03  ,8.649180712230e+00  ,3.583786798973e+00  ,1.262991184784e+01  
  9.732020800063e-03  ,8.545483897375e+00  ,3.583841290670e+00  ,1.263013114765e+01  
  9.732022400076e-03  ,8.340587139338e+00  ,3.584037078644e+00  ,1.263056984700e+01  
  9.732025600100e-03  ,7.945359280185e+00  ,3.584562933787e+00  ,1.263144721533e+01  
  9.732032000149e-03  ,7.209790151814e+00  ,3.585657283586e+00  ,1.263320172093e+01  
  9.732044800246e-03  ,5.933923879811e+00  ,3.588610623630e+00  ,1.263671059282e+01  
  9.732058726871e-03  ,4.792934998866e+00  ,3.598457727836e+00  ,1.264052723378e+01  
  9.732067645216e-03  ,4.356529168441e+00  ,1.396984903885e+01  ,1.264233062792e+01  
  9.732076016689e-03  ,4.341957891121e+00  ,4.349911795012e+01  ,1.264239230472e+01  
  9.732082296038e-03  ,4.134785792842e+00  ,5.281892144374e+01  ,3.969777648280e-02  
  9.732085567215e-03  ,3.936907482135e+00  ,5.284836302568e+01  ,-2.062635746744e-01  
  9.732087136308e-03  ,3.844058498031e+00  ,5.283001973054e+01  ,-4.157403913139e-03  
  9.732090274492e-03  ,3.665485797776e+00  ,5.283319060101e+01  ,1.014590476057e-02  
  9.732096550861e-03  ,3.332427353703e+00  ,5.284296725995e+01  ,5.649749393485e-03  
  9.732109103600e-03  ,2.753412103283e+00  ,5.286179977306e+01  ,4.426982753272e-03  
  9.732134209076e-03  ,1.873206637897e+00  ,5.289927767185e+01  ,3.517882742167e-03  
  9.732173518339e-03  ,9.863463836261e-01  ,5.295787874294e+01  ,2.038212713681e-03  
  9.732218120495e-03  ,4.424532604177e-01  ,5.302414753662e+01  ,1.243100873791e-03  
  9.732263628641e-03  ,1.762278635716e-01  ,5.309156978594e+01  ,8.535535164821e-04  
  9.732332734266e-03  ,5.624809379770e-02  ,5.319361601382e+01  ,6.761275723190e-04  
  9.732413820425e-03  ,4.612905259722e-03  ,5.331288015372e+01  ,5.978481011043e-04  
  9.732510105768e-03  ,-7.860687695979e-03  ,5.345384484387e+01  ,5.760802175036e-04  
  9.732702676455e-03  ,-5.376664466140e-03  ,5.373365289241e+01  ,5.725424774344e-04  
  9.732993356386e-03  ,4.389456659844e-03  ,5.415065085125e+01  ,5.760778016004e-04  
  9.733574716249e-03  ,-2.555796513947e-05  ,5.496516453149e+01  ,5.484484406228e-04  
  9.734477941195e-03  ,1.129719568458e-03  ,5.617854855500e+01  ,5.177932822206e-04  
  9.735733930269e-03  ,1.471719703993e-03  ,5.775928854087e+01  ,4.747629065622e-04  
  9.738245908419e-03  ,1.202793661717e-03  ,6.054381196766e+01  ,3.921130886218e-04  
  9.742000000020e-03  ,8.925034596731e-04  ,6.375669390986e+01  ,2.765939909687e-04  
  9.742001000018e-03  ,5.775379155965e-01  ,6.375753034241e+01  ,-1.013378288945e-03  
  9.742001884868e-03  ,1.095178243347e+00  ,6.375827395404e+01  ,-2.187893041464e-03  
  9.742003654567e-03  ,2.160224045258e+00  ,6.375975833041e+01  ,-4.505326797137e-03  
  9.742007193965e-03  ,4.412586770606e+00  ,6.376271016857e+01  ,-8.959777586713e-03  
  9.742010000020e-03  ,6.311252537076e+00  ,6.376503492444e+01  ,-1.232643054797e-02  
  9.742010707900e-03  ,6.403560357215e+00  ,6.376552618402e+01  ,-1.224687795502e-02  
  9.742012123696e-03  ,6.584299347459e+00  ,6.376649812699e+01  ,-1.198668863308e-02  
  9.742014955289e-03  ,6.936696351233e+00  ,6.376844215341e+01  ,-1.147345024578e-02  
  9.742020618476e-03  ,7.600857651453e+00  ,6.377233365264e+01  ,-1.050566115955e-02  
  9.742031944848e-03  ,8.774024593899e+00  ,6.378012911081e+01  ,-8.796609003692e-03  
  9.742043354667e-03  ,9.771510923084e+00  ,6.378799553016e+01  ,-7.343447524660e-03  
  9.742051392354e-03  ,9.973401034066e+00  ,4.110250783649e+01  ,9.860044166458e+00  
  9.742059064962e-03  ,1.000019221698e+01  ,1.073698672268e+01  ,9.860214709798e+00  
  9.742063384808e-03  ,1.018784577716e+01  ,3.401055721402e+00  ,9.861131026495e+00  
  9.742067481883e-03  ,1.046833639781e+01  ,2.662702287511e+00  ,9.862211254245e+00  
  9.742069802738e-03  ,1.062566996514e+01  ,2.744848857263e+00  ,9.862860288555e+00  
  9.742072730817e-03  ,1.081621449697e+01  ,2.800428329702e+00  ,9.863682930654e+00  
  9.742078586973e-03  ,1.117227610800e+01  ,2.810156361065e+00  ,9.865330010695e+00  
  9.742090299286e-03  ,1.179825979985e+01  ,2.805127207395e+00  ,9.868628734026e+00  
  9.742110079087e-03  ,1.263351090866e+01  ,2.803758268741e+00  ,9.874205713724e+00  
  9.742149638690e-03  ,1.372580473012e+01  ,2.807894402643e+00  ,9.885359257956e+00  
  9.742228757895e-03  ,1.476724746189e+01  ,2.812859020035e+00  ,9.907662906232e+00  
  9.742346202887e-03  ,1.516335769261e+01  ,2.822053985119e+00  ,9.940761766772e+00  
  9.742518770255e-03  ,1.497821919204e+01  ,2.835942682619e+00  ,9.989375722950e+00  
  9.742675244368e-03  ,1.497094262216e+01  ,2.848451007598e+00  ,1.003343540180e+01  
  9.742988192595e-03  ,1.501190761671e+01  ,2.873433524035e+00  ,1.012149610066e+01  
  9.743614089049e-03  ,1.499232793406e+01  ,2.923376866959e+00  ,1.029738312799e+01  
  9.744711386718e-03  ,1.499816746057e+01  ,3.010704008395e+00  ,1.060498828083e+01  
  9.746905982055e-03  ,1.500018750594e+01  ,3.184549278341e+00  ,1.121733446688e+01  
  9.751295172728e-03  ,1.499992905973e+01  ,3.529011277082e+00  ,1.243064808941e+01  
  9.752010000020e-03  ,1.500001335990e+01  ,3.584704808589e+00  ,1.262682025204e+01  
  9.752011000018e-03  ,1.442322998601e+01  ,3.584635287859e+00  ,1.262709439628e+01  
  9.752013000126e-03  ,1.321550432663e+01  ,3.584404068158e+00  ,1.262764264568e+01  
  9.752017000343e-03  ,1.067413246883e+01  ,3.583960053865e+00  ,1.262873944336e+01  
  9.752020000020e-03  ,8.649180727399e+00  ,3.583687426762e+00  ,1.262956183957e+01  
  9.752020800063e-03  ,8.545483912340e+00  ,3.583741917117e+00  ,1.262978114017e+01  
  9.752022400076e-03  ,8.340587153902e+00  ,3.583937702570e+00  ,1.263021984111e+01  
  9.752025600100e-03  ,7.945359293982e+00  ,3.584463553751e+00  ,1.263109721262e+01  
  9.752032000149e-03  ,7.209790164139e+00  ,3.585557893255e+00  ,1.263285172458e+01  
  9.752044800246e-03  ,5.933923889191e+00  ,3.588511188986e+00  ,1.263636060920e+01  
  9.752058726871e-03  ,4.792935002170e+00  ,3.598358031927e+00  ,1.264017726403e+01  
  9.752067645216e-03  ,4.356527000700e+00  ,1.396961868746e+01  ,1.264198068481e+01  
  9.752076016689e-03  ,4.341955741377e+00  ,4.349887063484e+01  ,1.264204236911e+01  
  9.752082296038e-03  ,4.134756464062e+00  ,5.281711178851e+01  ,3.955715738834e-02  
  9.752085567215e-03  ,3.936879092918e+00  ,5.284653592218e+01  ,-2.062340551642e-01  
  9.752087136494e-03  ,3.844019992918e+00  ,5.282819558741e+01  ,-4.154854589414e-03  
  9.752090275051e-03  ,3.665428378781e+00  ,5.283136726969e+01  ,1.014487004073e-02  
  9.752096552165e-03  ,3.332337350001e+00  ,5.284114474553e+01  ,5.649551470678e-03  
  9.752109106393e-03  ,2.751679957442e+00  ,5.285993041244e+01  ,4.594378463460e-03  
  9.752134214850e-03  ,1.862075398595e+00  ,5.289742439864e+01  ,3.314530375929e-03  
  9.752175371857e-03  ,9.415139227285e-01  ,5.295873913759e+01  ,1.972081560203e-03  
  9.752221362801e-03  ,4.554975591882e-01  ,5.302705142637e+01  ,1.262081743702e-03  
  9.752269457789e-03  ,1.918290905352e-01  ,5.309828603474e+01  ,8.760694763321e-04  
  9.752324359627e-03  ,8.008786625475e-02  ,5.317936385228e+01  ,7.111807681133e-04  
  9.752413051339e-03  ,6.894765401758e-03  ,5.330984492871e+01  ,6.012023384076e-04  
  9.752507846566e-03  ,2.597110142347e-03  ,5.344863552067e+01  ,5.914087377048e-04  
  9.752697437020e-03  ,7.899770202258e-04  ,5.372416308006e+01  ,5.817232542437e-04  
  9.752919047089e-03  ,1.962544207492e-03  ,5.404274659572e+01  ,5.752780340782e-04  
  9.753362267228e-03  ,1.917727614639e-03  ,5.466860066550e+01  ,5.589577991595e-04  
  9.754248707505e-03  ,1.421589994553e-03  ,5.587471906449e+01  ,5.264987336864e-04  
  9.756021588059e-03  ,1.581535967491e-03  ,5.810191593434e+01  ,4.652543159323e-04  
  9.759567349167e-03  ,9.468857945109e-04  ,6.180253719632e+01  ,3.495200577006e-04  
  9.762000000020e-03  ,1.006269750876e-03  ,6.375450685930e+01  ,2.787001751146e-04  
  9.762001000018e-03  ,5.776500271463e-01  ,6.375534327745e+01  ,-1.012332756671e-03  
  9.762001884774e-03  ,1.095233741739e+00  ,6.375608683243e+01  ,-2.187995749373e-03  
  9.762003654287e-03  ,2.160160018006e+00  ,6.375757080510e+01  ,-4.504896444804e-03  
  9.762007193313e-03  ,4.412258799569e+00  ,6.376052189554e+01  ,-8.958865362284e-03  
  9.762010000020e-03  ,6.312133313668e+00  ,6.376284674404e+01  ,-1.232517399311e-02  
  9.762010707825e-03  ,6.404422164481e+00  ,6.376333786760e+01  ,-1.224566205843e-02  
  9.762012123435e-03  ,6.587039078916e+00  ,6.376430964675e+01  ,-1.198569796548e-02  
  9.762014954656e-03  ,6.940805198612e+00  ,6.376625265494e+01  ,-1.146750621065e-02  
  9.762020617097e-03  ,7.604544344881e+00  ,6.377014298074e+01  ,-1.050039923073e-02  
  9.762031941980e-03  ,8.776984093425e+00  ,6.377793608091e+01  ,-8.792312059537e-03  
  9.762043351799e-03  ,9.773995307140e+00  ,6.378580116228e+01  ,-7.339866110875e-03  
  9.762051390975e-03  ,9.973500175540e+00  ,4.096945646426e+01  ,9.859215186967e+00  
  9.762059066564e-03  ,1.000035322668e+01  ,1.059587166936e+01  ,9.859391650795e+00  
  9.762063370764e-03  ,1.018926975539e+01  ,3.392321008286e+00  ,9.860307793909e+00  
  9.762067442506e-03  ,1.046806990160e+01  ,2.664373159144e+00  ,9.861384864364e+00  
  9.762069765225e-03  ,1.062552377241e+01  ,2.745164166063e+00  ,9.862034383818e+00  
  9.762072703734e-03  ,1.081673201188e+01  ,2.800217183485e+00  ,9.862859934706e+00  
  9.762078580752e-03  ,1.117396443249e+01  ,2.809847452607e+00  ,9.864512913712e+00  
  9.762090334788e-03  ,1.180013728423e+01  ,2.799415853141e+00  ,9.867826778506e+00  
  9.762102637186e-03  ,1.234924179619e+01  ,2.803609572133e+00  ,9.871295659005e+00  
  9.762127241984e-03  ,1.318294866937e+01  ,2.805835889478e+00  ,9.878233072530e+00  
  9.762176451578e-03  ,1.417061460070e+01  ,2.808256873003e+00  ,9.892106689139e+00  
  9.762274870768e-03  ,1.497932722920e+01  ,2.816187734215e+00  ,9.919848577631e+00  
  9.762403235331e-03  ,1.499977713921e+01  ,2.826471684883e+00  ,9.956020005184e+00  
  9.762629327669e-03  ,1.500012860245e+01  ,2.844526342721e+00  ,1.001969778278e+01  
  9.762869129076e-03  ,1.500011421080e+01  ,2.863699680091e+00  ,1.008719200767e+01  
  9.763348731890e-03  ,1.500019410795e+01  ,2.901984108017e+00  ,1.022204271165e+01  
  9.764307937517e-03  ,1.500023894375e+01  ,2.978396677675e+00  ,1.049119415248e+01  
  9.766226348772e-03  ,1.500026464876e+01  ,3.130599574168e+00  ,1.102730513396e+01  
  9.770063171282e-03  ,1.500027784741e+01  ,3.432534145002e+00  ,1.209082276058e+01  
  9.772010000020e-03  ,1.499982993036e+01  ,3.584481906077e+00  ,1.262603502706e+01  
  9.772011000018e-03  ,1.442089211467e+01  ,3.584413140435e+00  ,1.262630917463e+01  
  9.772013000126e-03  ,1.321323529386e+01  ,3.584182201140e+00  ,1.262685742213e+01  
  9.772017000343e-03  ,1.067199627266e+01  ,3.583738281346e+00  ,1.262795423390e+01  
  9.772020000020e-03  ,8.647139562611e+00  ,3.583465646999e+00  ,1.262877663676e+01  
  9.772020800063e-03  ,8.543467220110e+00  ,3.583520160461e+00  ,1.262899593908e+01  
  9.772022400076e-03  ,8.338618817722e+00  ,3.583715986861e+00  ,1.262943464362e+01  
  9.772025600100e-03  ,7.943484232986e+00  ,3.584241930447e+00  ,1.263031202230e+01  
  9.772032000149e-03  ,7.208088702321e+00  ,3.585336569715e+00  ,1.263206654836e+01  
  9.772044800246e-03  ,5.932523563138e+00  ,3.588291640893e+00  ,1.263557546119e+01  
  9.772058725381e-03  ,4.791915308979e+00  ,3.598159393205e+00  ,1.263939173630e+01  
  9.772067642236e-03  ,4.356457478699e+00  ,1.401221176418e+01  ,1.264119146932e+01  
  9.772076012218e-03  ,4.341990337177e+00  ,4.354337557491e+01  ,1.264125029817e+01  
  9.772082285607e-03  ,4.134365953698e+00  ,5.281483074223e+01  ,3.683741738191e-02  
  9.772085556040e-03  ,3.936541386217e+00  ,5.284390223125e+01  ,-2.055133443326e-01  
  9.772087126249e-03  ,3.843637177726e+00  ,5.282563171418e+01  ,-4.106904794455e-03  
  9.772090266669e-03  ,3.664959762790e+00  ,5.282881236990e+01  ,1.012826549786e-02  
  9.772096547509e-03  ,3.331722169529e+00  ,5.283859318004e+01  ,5.647720107287e-03  
  9.772109109187e-03  ,2.752453024524e+00  ,5.285743711181e+01  ,4.426513979595e-03  
  9.772134232545e-03  ,1.872027894083e+00  ,5.289493835361e+01  ,3.515185595303e-03  
  9.772173512006e-03  ,9.862306679382e-01  ,5.295348939343e+01  ,2.038011750235e-03  
  9.772218120122e-03  ,4.423828477190e-01  ,5.301976087669e+01  ,1.242970385301e-03  
  9.772263622308e-03  ,1.762398277217e-01  ,5.308716803981e+01  ,8.535430023622e-04  
  9.772332751775e-03  ,5.622455799740e-02  ,5.318923997839e+01  ,6.760646898453e-04  
  9.772413837934e-03  ,4.603852973786e-03  ,5.330849297723e+01  ,5.978065989507e-04  
  9.772510159040e-03  ,-7.866187156443e-03  ,5.344949676133e+01  ,5.760428944580e-04  
  9.772702801252e-03  ,-5.376056530531e-03  ,5.372938174900e+01  ,5.725120819165e-04  
  9.772993528867e-03  ,4.389493814825e-03  ,5.414640687826e+01  ,5.760458804630e-04  
  9.773574984098e-03  ,-2.599365650559e-05  ,5.496097143075e+01  ,5.484144282270e-04  
  9.774478685880e-03  ,1.129525875782e-03  ,5.617485490856e+01  ,5.177458526571e-04  
  9.775734674955e-03  ,1.471510109574e-03  ,5.775539051081e+01  ,4.747204382644e-04  
  9.778246653104e-03  ,1.202659519886e-03  ,6.053955830915e+01  ,3.920796861233e-04  
  9.782000000020e-03  ,8.924533873111e-04  ,6.375151594679e+01  ,2.765942881245e-04  
  9.782001000018e-03  ,5.775378658731e-01  ,6.375235235390e+01  ,-1.013375452029e-03  
  9.782001884774e-03  ,1.095123070781e+00  ,6.375309586517e+01  ,-2.187768330688e-03  
  9.782003654287e-03  ,2.160052279074e+00  ,6.375458004138e+01  ,-4.504964458787e-03  
  9.782007193313e-03  ,4.412156698041e+00  ,6.375753148281e+01  ,-8.958977445187e-03  
  9.782010000020e-03  ,6.312035473057e+00  ,6.375985660815e+01  ,-1.232527309679e-02  
  9.782010707825e-03  ,6.404325364359e+00  ,6.376034780130e+01  ,-1.224576235203e-02  
  9.782012123435e-03  ,6.586944337639e+00  ,6.376131971804e+01  ,-1.198579948951e-02  
  9.782014954656e-03  ,6.940714445811e+00  ,6.376326300587e+01  ,-1.146759967761e-02  
  9.782020617097e-03  ,7.604461075249e+00  ,6.376715388763e+01  ,-1.050048117285e-02  
  9.782031941980e-03  ,8.776914042191e+00  ,6.377494810053e+01  ,-8.792374617077e-03  
  9.782043351799e-03  ,9.773936496471e+00  ,6.378281430363e+01  ,-7.339912906420e-03  
  9.782051390975e-03  ,9.973500142747e+00  ,4.096957333450e+01  ,9.859391662653e+00  
  9.782059066564e-03  ,1.000035498441e+01  ,1.059612449246e+01  ,9.859568223543e+00  
  9.782063370764e-03  ,1.018926827235e+01  ,3.392385261695e+00  ,9.860484294127e+00  
  9.782067442506e-03  ,1.046806832863e+01  ,2.664421380021e+00  ,9.861561355080e+00  
  9.782069765225e-03  ,1.062552226471e+01  ,2.745213714742e+00  ,9.862210873686e+00  
  9.782072703361e-03  ,1.081670691651e+01  ,2.800265678544e+00  ,9.863036318947e+00  
  9.782078579634e-03  ,1.117389810148e+01  ,2.809897943491e+00  ,9.864689085674e+00  
  9.782090332180e-03  ,1.180000890481e+01  ,2.799465941156e+00  ,9.868002524401e+00  
  9.782102633089e-03  ,1.234907388330e+01  ,2.803659483956e+00  ,9.871470978593e+00  
  9.782127234906e-03  ,1.318274845786e+01  ,2.805885628490e+00  ,9.878407539580e+00  
  9.782176438540e-03  ,1.417043607958e+01  ,2.808305966448e+00  ,9.892279451440e+00  
  9.782274845808e-03  ,1.497924101937e+01  ,2.816235849275e+00  ,9.920017931864e+00  
  9.782403210371e-03  ,1.499977598106e+01  ,2.826519750588e+00  ,9.956189297687e+00  
  9.782629278868e-03  ,1.500012889348e+01  ,2.844572465766e+00  ,1.001986025387e+01  
  9.782869080275e-03  ,1.500011445582e+01  ,2.863745774427e+00  ,1.008735436820e+01  
  9.783348683089e-03  ,1.500019469113e+01  ,2.902030139508e+00  ,1.022220485125e+01  
  9.784307888716e-03  ,1.500023971901e+01  ,2.978442583881e+00  ,1.049135585115e+01  
  9.786226299971e-03  ,1.500032412782e+01  ,3.130644817158e+00  ,1.102746463027e+01  
  9.790063122481e-03  ,1.500034189650e+01  ,3.432575898815e+00  ,1.209097004386e+01  
  9.792010000020e-03  ,1.499977400610e+01  ,3.584527344845e+00  ,1.262619487778e+01  
  9.792011000018e-03  ,1.442097520487e+01  ,3.584458513202e+00  ,1.262646902491e+01  
  9.792013000126e-03  ,1.321331593732e+01  ,3.584227548564e+00  ,1.262701727145e+01  
  9.792017000343e-03  ,1.067207219494e+01  ,3.583783620438e+00  ,1.262811408144e+01  
  9.792020000020e-03  ,8.647212107431e+00  ,3.583510989430e+00  ,1.262893648294e+01  
  9.792020800063e-03  ,8.543538895157e+00  ,3.583565502104e+00  ,1.262915578490e+01  
  9.792022400076e-03  ,8.338688774164e+00  ,3.583761327638e+00  ,1.262959448872e+01  
  9.792025600100e-03  ,7.943550874373e+00  ,3.584287269538e+00  ,1.263047186595e+01  
  9.792032000149e-03  ,7.208149173907e+00  ,3.585381901964e+00  ,1.263222638910e+01  
  9.792044800246e-03  ,5.932573332358e+00  ,3.588336926748e+00  ,1.263573529613e+01  
  9.792058725381e-03  ,4.791955495863e+00  ,3.598203930631e+00  ,1.263955156501e+01  
  9.792067642236e-03  ,4.356461258934e+00  ,1.401039853137e+01  ,1.264135143876e+01  
  9.792076012218e-03  ,4.341989667512e+00  ,4.354125545695e+01  ,1.264141039732e+01  
  9.792082285607e-03  ,4.134396353492e+00  ,5.281456066344e+01  ,3.698981058900e-02  
  9.792085556040e-03  ,3.936570848006e+00  ,5.284365196326e+01  ,-2.055538593993e-01  
  9.792087126249e-03  ,3.843665880979e+00  ,5.282537762684e+01  ,-4.109379938237e-03  
  9.792090266669e-03  ,3.664987136371e+00  ,5.282855806612e+01  ,1.012907099824e-02  
  9.792096547509e-03  ,3.331747067008e+00  ,5.283833918533e+01  ,5.647812660195e-03  
  9.792109109187e-03  ,2.752473598919e+00  ,5.285718359944e+01  ,4.426520326284e-03  
  9.792134232545e-03  ,1.872041897414e+00  ,5.289468578119e+01  ,3.515261391551e-03  
  9.792173512006e-03  ,9.862380603852e-01  ,5.295323830634e+01  ,2.038038660937e-03  
  9.792218120122e-03  ,4.423861812724e-01  ,5.301951147099e+01  ,1.242991166037e-03  
  9.792263622308e-03  ,1.762411749804e-01  ,5.308692034828e+01  ,8.535608804494e-04  
  9.792332751775e-03  ,5.622500956694e-02  ,5.318899488973e+01  ,6.760812129474e-04  
  9.792413837934e-03  ,4.603919308324e-03  ,5.330825093976e+01  ,5.978225046230e-04  
  9.792510159040e-03  ,-7.866213858601e-03  ,5.344925834569e+01  ,5.760585981222e-04  
  9.792702801252e-03  ,-5.376064588122e-03  ,5.372915056834e+01  ,5.725276806027e-04  
  9.792993528867e-03  ,4.389558725750e-03  ,5.414618659361e+01  ,5.760613913097e-04  
  9.793574984098e-03  ,-2.596154734220e-05  ,5.496077284928e+01  ,5.484295117807e-04  
  9.794478685880e-03  ,1.129566798836e-03  ,5.617468979133e+01  ,5.177603851261e-04  
  9.795734674955e-03  ,1.471553755331e-03  ,5.775527128208e+01  ,4.747342522280e-04  
  9.798246653104e-03  ,1.202701182370e-03  ,6.053952825996e+01  ,3.920922420237e-04  
  9.802000000020e-03  ,8.924892597286e-04  ,6.375161095887e+01  ,2.766052022992e-04  
  9.802001000018e-03  ,5.775379017419e-01  ,6.375244739781e+01  ,-1.013364518500e-03  
  9.802001884774e-03  ,1.095123106646e+00  ,6.375319093724e+01  ,-2.187757420104e-03  
  9.802003654287e-03  ,2.160052314932e+00  ,6.375467516976e+01  ,-4.504953542422e-03  
  9.802007193313e-03  ,4.412156733884e+00  ,6.375762672381e+01  ,-8.958966526356e-03  
  9.802010000020e-03  ,6.312035510094e+00  ,6.375995193848e+01  ,-1.232526217920e-02  
  9.802010707825e-03  ,6.404325401409e+00  ,6.376044315419e+01  ,-1.224575137892e-02  
  9.802012123435e-03  ,6.586944374714e+00  ,6.376141511606e+01  ,-1.198578850569e-02  
  9.802014954656e-03  ,6.940714482936e+00  ,6.376335849416e+01  ,-1.146758869952e-02  
  9.802020617097e-03  ,7.604461112467e+00  ,6.376724955642e+01  ,-1.050047019903e-02  
  9.802031941980e-03  ,8.776914079571e+00  ,6.377504413023e+01  ,-8.792363647559e-03  
  9.802043351799e-03  ,9.773936533987e+00  ,6.378291069681e+01  ,-7.339901942686e-03  
  9.802051390975e-03  ,9.973501031540e+00  ,4.096973990864e+01  ,9.859559234917e+00  
  9.802059066564e-03  ,1.000035582689e+01  ,1.059629275365e+01  ,9.859735787815e+00  
  9.802063370764e-03  ,1.018926700565e+01  ,3.392439966779e+00  ,9.860651858606e+00  
  9.802067442506e-03  ,1.046806703835e+01  ,2.664467690688e+00  ,9.861728912859e+00  
  9.802069765225e-03  ,1.062552102800e+01  ,2.745261121974e+00  ,9.862378430461e+00  
  9.802072703361e-03  ,1.081670573606e+01  ,2.800313424620e+00  ,9.863203874301e+00  
  9.802078579634e-03  ,1.117389701984e+01  ,2.809945583355e+00  ,9.864856638203e+00  
  9.802090332180e-03  ,1.180000799943e+01  ,2.799513519269e+00  ,9.868170071332e+00  
  9.802102633089e-03  ,1.234907313324e+01  ,2.803707070072e+00  ,9.871638519671e+00  
  9.802127234906e-03  ,1.318274794348e+01  ,2.805933198997e+00  ,9.878575068953e+00  
  9.802176438540e-03  ,1.417043584464e+01  ,2.808353526044e+00  ,9.892446957409e+00  
  9.802274845808e-03  ,1.497924101332e+01  ,2.816283391435e+00  ,9.920185391039e+00  
  9.802403210371e-03  ,1.499977598089e+01  ,2.826567275156e+00  ,9.956356695846e+00  
  9.802629278868e-03  ,1.500012889340e+01  ,2.844619960031e+00  ,1.002002754462e+01  
  9.802869080275e-03  ,1.500011445574e+01  ,2.863793236274e+00  ,1.008752154510e+01  
  9.803348683089e-03  ,1.500019469108e+01  ,2.902077536770e+00  ,1.022237180068e+01  
  9.804307888716e-03  ,1.500023971897e+01  ,2.978489852240e+00  ,1.049152234656e+01  
  9.806226299971e-03  ,1.500026553563e+01  ,3.130692242548e+00  ,1.102763154541e+01  
  9.810063122481e-03  ,1.500027879478e+01  ,3.432625809360e+00  ,1.209114563574e+01  
  9.812010000020e-03  ,1.499982910215e+01  ,3.584576864415e+00  ,1.262636950177e+01  
  9.812011000018e-03  ,1.442088148587e+01  ,3.584508101185e+00  ,1.262664364840e+01  
  9.812013000126e-03  ,1.321322497803e+01  ,3.584277162529e+00  ,1.262719189395e+01  
  9.812017000343e-03  ,1.067198656077e+01  ,3.583833243860e+00  ,1.262828870195e+01  
  9.812020000020e-03  ,8.647130282807e+00  ,3.583560611566e+00  ,1.262911110197e+01  
  9.812020800063e-03  ,8.543458051588e+00  ,3.583615126425e+00  ,1.262933040353e+01  
  9.812022400076e-03  ,8.338609869083e+00  ,3.583810955444e+00  ,1.262976910655e+01  
  9.812025600100e-03  ,7.943475708477e+00  ,3.584336903282e+00  ,1.263064648219e+01  
  9.812032000149e-03  ,7.208080967226e+00  ,3.585431553863e+00  ,1.263240100217e+01  
  9.812044800246e-03  ,5.932517197791e+00  ,3.588386675963e+00  ,1.263590990284e+01  
  9.812058725381e-03  ,4.791910173527e+00  ,3.598254789503e+00  ,1.263972616469e+01  
  9.812067642236e-03  ,4.356459194232e+00  ,1.401267690989e+01  ,1.264152585158e+01  
  9.812076012218e-03  ,4.341992600965e+00  ,4.354389698701e+01  ,1.264158463957e+01  
  9.812082285607e-03  ,4.134320205354e+00  ,5.281249732824e+01  ,3.659095237123e-02  
  9.812085556040e-03  ,3.936497021139e+00  ,5.284153831285e+01  ,-2.054576056782e-01  
  9.812087126436e-03  ,3.843583120765e+00  ,5.282327351502e+01  ,-4.102686878951e-03  
  9.812090267228e-03  ,3.664887525071e+00  ,5.282645566463e+01  ,1.012679804454e-02  
  9.812096548812e-03  ,3.331618716007e+00  ,5.283623818140e+01  ,5.647538950704e-03  
  9.812109111981e-03  ,2.752304855713e+00  ,5.285508579316e+01  ,4.426444519807e-03  
  9.812134238319e-03  ,1.871839477242e+00  ,5.289259443519e+01  ,3.514882627291e-03  
  9.812173517780e-03  ,9.861272084391e-01  ,5.295115004604e+01  ,2.037919050407e-03  
  9.812218125896e-03  ,4.423343617820e-01  ,5.301742674007e+01  ,1.242958154336e-03  
  9.812263628082e-03  ,1.762195297203e-01  ,5.308483922674e+01  ,8.535717053988e-04  
  9.812332757549e-03  ,5.621831957219e-02  ,5.318691926576e+01  ,6.761137491394e-04  
  9.812413843708e-03  ,4.603661411961e-03  ,5.330618178100e+01  ,5.978643151754e-04  
  9.812510164814e-03  ,-7.864918590857e-03  ,5.344719688903e+01  ,5.761025582317e-04  
  9.812702807026e-03  ,-5.375081250400e-03  ,5.372710458509e+01  ,5.725709628660e-04  
  9.812993534641e-03  ,4.389322642930e-03  ,5.414416413342e+01  ,5.761025715184e-04  
  9.813574989872e-03  ,-2.565245328835e-05  ,5.495879803058e+01  ,5.484708538432e-04  
  9.814478691654e-03  ,1.129723740931e-03  ,5.617279049265e+01  ,5.178005772418e-04  
  9.815734680729e-03  ,1.471656203647e-03  ,5.775347965573e+01  ,4.747732098785e-04  
  9.818246658878e-03  ,1.202811679793e-03  ,6.053795995715e+01  ,3.921293197904e-04  
  9.822000000020e-03  ,8.926037662907e-04  ,6.375038566658e+01  ,2.766400817467e-04  
  9.822001000018e-03  ,5.775380162751e-01  ,6.375122219991e+01  ,-1.013328920344e-03  
  9.822001884774e-03  ,1.095123221199e+00  ,6.375196582293e+01  ,-2.187721912117e-03  
  9.822003654287e-03  ,2.160052429522e+00  ,6.375345022261e+01  ,-4.504918022813e-03  
  9.822007193313e-03  ,4.412156848546e+00  ,6.375640211101e+01  ,-8.958931027712e-03  
  9.822010000020e-03  ,6.312035623607e+00  ,6.375872759086e+01  ,-1.232522669608e-02  
  9.822010707825e-03  ,6.404325514923e+00  ,6.375921887358e+01  ,-1.224571632767e-02  
  9.822012123435e-03  ,6.586944488228e+00  ,6.376019096938e+01  ,-1.198575354856e-02  
  9.822014954656e-03  ,6.940714596451e+00  ,6.376213461534e+01  ,-1.146755369742e-02  
  9.822020617097e-03  ,7.604461225983e+00  ,6.376602621332e+01  ,-1.050043519986e-02  
  9.822031941980e-03  ,8.776914193090e+00  ,6.377382185860e+01  ,-8.792328641845e-03  
  9.822043351799e-03  ,9.773936647509e+00  ,6.378168950471e+01  ,-7.339866938498e-03  
  9.822051390975e-03  ,9.973503475369e+00  ,4.096870012740e+01  ,9.859900349497e+00  
  9.822059066564e-03  ,1.000035946747e+01  ,1.059535061033e+01  ,9.860076988041e+00  
  9.822063370764e-03  ,1.018928781155e+01  ,3.392449122042e+00  ,9.860993039215e+00  
  9.822067442506e-03  ,1.046808768999e+01  ,2.664572979604e+00  ,9.862070126828e+00  
  9.822069765225e-03  ,1.062554096100e+01  ,2.745364157870e+00  ,9.862719641944e+00  
  9.822072703734e-03  ,1.081674841722e+01  ,2.800413288262e+00  ,9.863545186753e+00  
  9.822078580752e-03  ,1.117397942322e+01  ,2.810041762962e+00  ,9.865198154444e+00  
  9.822090334788e-03  ,1.180014982669e+01  ,2.799610782536e+00  ,9.868511996361e+00  
  9.822102637186e-03  ,1.234925218371e+01  ,2.803804213832e+00  ,9.871980852917e+00  
  9.822127241984e-03  ,1.318295578848e+01  ,2.806030392886e+00  ,9.878918218567e+00  
  9.822176451578e-03  ,1.417061785041e+01  ,2.808451413321e+00  ,9.892791739453e+00  
  9.822274870768e-03  ,1.497932730980e+01  ,2.816382168596e+00  ,9.920533436549e+00  
  9.822403235331e-03  ,1.499977713990e+01  ,2.826666045509e+00  ,9.956704614565e+00  
  9.822629327669e-03  ,1.500012860179e+01  ,2.844720581239e+00  ,1.002038195286e+01  
  9.822869129076e-03  ,1.500011421019e+01  ,2.863893785119e+00  ,1.008787571213e+01  
  9.823348731890e-03  ,1.500019410703e+01  ,2.902177948904e+00  ,1.022272548581e+01  
  9.824307937517e-03  ,1.500023894265e+01  ,2.978589991389e+00  ,1.049187506984e+01  
  9.826226348772e-03  ,1.500032299238e+01  ,3.130791424157e+00  ,1.102798102876e+01  
  9.830063171282e-03  ,1.500034068060e+01  ,3.432720917496e+00  ,1.209148084777e+01  
  9.832010000020e-03  ,1.499977506809e+01  ,3.584667764731e+00  ,1.262668948700e+01  
  9.832011000018e-03  ,1.442098544463e+01  ,3.584598928849e+00  ,1.262696363271e+01  
  9.832013000126e-03  ,1.321332587556e+01  ,3.584367962277e+00  ,1.262751187650e+01  
  9.832017000343e-03  ,1.067208155140e+01  ,3.583924034837e+00  ,1.262860868083e+01  
  9.832020000020e-03  ,8.647221047719e+00  ,3.583651406838e+00  ,1.262943107812e+01  
  9.832020800063e-03  ,8.543547728285e+00  ,3.583705921299e+00  ,1.262965037896e+01  
  9.832022400076e-03  ,8.338697395552e+00  ,3.583901750197e+00  ,1.263008908053e+01  
  9.832025600100e-03  ,7.943559087320e+00  ,3.584427697255e+00  ,1.263096645326e+01  
  9.832032000149e-03  ,7.208156626746e+00  ,3.585522342824e+00  ,1.263272096743e+01  
  9.832044800246e-03  ,5.932579467219e+00  ,3.588477422066e+00  ,1.263622985648e+01  
  9.832058725381e-03  ,4.791960455355e+00  ,3.598344688913e+00  ,1.264004610577e+01  
  9.832067642236e-03  ,4.356464667290e+00  ,1.401048710586e+01  ,1.264184595990e+01  
  9.832076012218e-03  ,4.341992499596e+00  ,4.354132898513e+01  ,1.264190491107e+01  
  9.832082285607e-03  ,4.134383251059e+00  ,5.281365746025e+01  ,3.690709063345e-02  
  9.832085556040e-03  ,3.936558108606e+00  ,5.284273876095e+01  ,-2.055352559272e-01  
  9.832087126249e-03  ,3.843653474372e+00  ,5.282446640224e+01  ,-4.108189146451e-03  
  9.832090266669e-03  ,3.664975310959e+00  ,5.282764736537e+01  ,1.012878161425e-02  
  9.832096547509e-03  ,3.331736324928e+00  ,5.283742919885e+01  ,5.647831863492e-03  
  9.832109109187e-03  ,2.752464750297e+00  ,5.285627510513e+01  ,4.426574879411e-03  
  9.832134232545e-03  ,1.872035926829e+00  ,5.289378028108e+01  ,3.515287768787e-03  
  9.832173512006e-03  ,9.862349852685e-01  ,5.295233748012e+01  ,2.038085206600e-03  
  9.832218120122e-03  ,4.423848838705e-01  ,5.301861595356e+01  ,1.243040267761e-03  
  9.832263622308e-03  ,1.762407475137e-01  ,5.308603024481e+01  ,8.536111383439e-04  
  9.832332751775e-03  ,5.622497433690e-02  ,5.318811300881e+01  ,6.761318910897e-04  
  9.832413837934e-03  ,4.604052726617e-03  ,5.330737869924e+01  ,5.978732503075e-04  
  9.832510159040e-03  ,-7.866039790390e-03  ,5.344839755061e+01  ,5.761091942048e-04  
  9.832702801252e-03  ,-5.375898893393e-03  ,5.372831264275e+01  ,5.725778510579e-04  
  9.832993528867e-03  ,4.389692126586e-03  ,5.414538312515e+01  ,5.761109071599e-04  
  9.833574984098e-03  ,-2.581452431690e-05  ,5.496003806837e+01  ,5.484778601154e-04  
  9.834478685880e-03  ,1.129708606662e-03  ,5.617406106255e+01  ,5.178069625502e-04  
  9.835734674955e-03  ,1.471692100702e-03  ,5.775478826353e+01  ,4.747785678168e-04  
  9.838246653104e-03  ,1.202834575339e-03  ,6.053932938631e+01  ,3.921326374601e-04  
  9.842000000020e-03  ,8.926125147792e-04  ,6.375181289860e+01  ,2.766404858220e-04  
  9.842001000018e-03  ,5.775380260179e-01  ,6.375264943992e+01  ,-1.013329128787e-03  
  9.842001884774e-03  ,1.095123230940e+00  ,6.375339306995e+01  ,-2.187722105976e-03  
  9.842003654287e-03  ,2.160052439259e+00  ,6.375487748364e+01  ,-4.504918210139e-03  
  9.842007193313e-03  ,4.412156858272e+00  ,6.375782940004e+01  ,-8.958931187938e-03  
  9.842010000020e-03  ,6.312035633323e+00  ,6.376015490208e+01  ,-1.232522683728e-02  
  9.842010707825e-03  ,6.404325524636e+00  ,6.376064619037e+01  ,-1.224571589951e-02  
  9.842012123435e-03  ,6.586944497938e+00  ,6.376161829744e+01  ,-1.198575300067e-02  
  9.842014954656e-03  ,6.940714606154e+00  ,6.376356196593e+01  ,-1.146755320873e-02  
  9.842020617097e-03  ,7.604461235672e+00  ,6.376745360892e+01  ,-1.050043472196e-02  
  9.842031941980e-03  ,8.776914202750e+00  ,6.377524934387e+01  ,-8.792328183593e-03  
  9.842043351799e-03  ,9.773936657137e+00  ,6.378311707992e+01  ,-7.339866496884e-03  
  9.842051390975e-03  ,9.973503877712e+00  ,4.097017011410e+01  ,9.860087602272e+00  
  9.842059066564e-03  ,1.000035861593e+01  ,1.059673476509e+01  ,9.860264136985e+00  
  9.842063370764e-03  ,1.018926462304e+01  ,3.392605412629e+00  ,9.861180207050e+00  
  9.842067442506e-03  ,1.046806457410e+01  ,2.664614470788e+00  ,9.862257243418e+00  
  9.842069765225e-03  ,1.062551867560e+01  ,2.745411050555e+00  ,9.862906757825e+00  
  9.842072703361e-03  ,1.081670349042e+01  ,2.800464036405e+00  ,9.863732197158e+00  
  9.842078579634e-03  ,1.117389495926e+01  ,2.810095759956e+00  ,9.865384952170e+00  
  9.842090332180e-03  ,1.180000627429e+01  ,2.799663564452e+00  ,9.868698367650e+00  
  9.842102633089e-03  ,1.234907170381e+01  ,2.803857117133e+00  ,9.872166797533e+00  
  9.842127234906e-03  ,1.318274696290e+01  ,2.806083191397e+00  ,9.879103309907e+00  
  9.842176438540e-03  ,1.417043539668e+01  ,2.808503489955e+00  ,9.892975124568e+00  
  9.842274845808e-03  ,1.497924100161e+01  ,2.816433297843e+00  ,9.920713410652e+00  
  9.842403210371e-03  ,1.499977598043e+01  ,2.826717125966e+00  ,9.956884523068e+00  
  9.842629278868e-03  ,1.500012889315e+01  ,2.844769715425e+00  ,1.002055503319e+01  
  9.842869080275e-03  ,1.500011445548e+01  ,2.863942889382e+00  ,1.008804867467e+01  
  9.843348683089e-03  ,1.500019469086e+01  ,2.902226986233e+00  ,1.022289821300e+01  
  9.844307888716e-03  ,1.500023971878e+01  ,2.978638895256e+00  ,1.049204732730e+01  
  9.846226299971e-03  ,1.500032412766e+01  ,3.130840062202e+00  ,1.102815235059e+01  
  9.850063122481e-03  ,1.500034189636e+01  ,3.432769028545e+00  ,1.209165031356e+01  
  9.852010000020e-03  ,1.499977400550e+01  ,3.584719410039e+00  ,1.262687139783e+01  
  9.852011000018e-03  ,1.442097520249e+01  ,3.584650576739e+00  ,1.262714554304e+01  
  9.852013000126e-03  ,1.321331593500e+01  ,3.584419610983e+00  ,1.262769378574e+01  
  9.852017000343e-03  ,1.067207219280e+01  ,3.583975684312e+00  ,1.262879058805e+01  
  9.852020000020e-03  ,8.647212105475e+00  ,3.583703057439e+00  ,1.262961298379e+01  
  9.852020800063e-03  ,8.543538893266e+00  ,3.583757572707e+00  ,1.262983228421e+01  
  9.852022400076e-03  ,8.338688772400e+00  ,3.583953403116e+00  ,1.263027098496e+01  
  9.852025600100e-03  ,7.943550872842e+00  ,3.584479352681e+00  ,1.263114835604e+01  
  9.852032000149e-03  ,7.208149172893e+00  ,3.585574005018e+00  ,1.263290286690e+01  
  9.852044800246e-03  ,5.932573333004e+00  ,3.588529115536e+00  ,1.263641174934e+01  
  9.852058725381e-03  ,4.791955504659e+00  ,3.598396625423e+00  ,1.264022799141e+01  
  9.852067642236e-03  ,4.356465450481e+00  ,1.401084308165e+01  ,1.264202781294e+01  
  9.852076012218e-03  ,4.341993819523e+00  ,4.354173246122e+01  ,1.264208674411e+01  
  9.852082285607e-03  ,4.134397901713e+00  ,5.281482111153e+01  ,3.697713869920e-02  
  9.852085556040e-03  ,3.936572287511e+00  ,5.284391099019e+01  ,-2.055489847901e-01  
  9.852087126249e-03  ,3.843667298110e+00  ,5.282563733932e+01  ,-4.109029541238e-03  
  9.852090266669e-03  ,3.664988494969e+00  ,5.282881822975e+01  ,1.012902086134e-02  
  9.852096547509e-03  ,3.331748315396e+00  ,5.283860016000e+01  ,5.647858275477e-03  
  9.852109109187e-03  ,2.752474657492e+00  ,5.285744622035e+01  ,4.426576344352e-03  
  9.852134232545e-03  ,1.872042667530e+00  ,5.289495169642e+01  ,3.515306339177e-03  
  9.852173512006e-03  ,9.862385401923e-01  ,5.295350936572e+01  ,2.038088331527e-03  
  9.852218120122e-03  ,4.423864827684e-01  ,5.301978836687e+01  ,1.243040486939e-03  
  9.852263622308e-03  ,1.762413891239e-01  ,5.308720319093e+01  ,8.536099504367e-04  
  9.852332751775e-03  ,5.622518412863e-02  ,5.318928675392e+01  ,6.761300438645e-04  
  9.852413837934e-03  ,4.604076641505e-03  ,5.330855336559e+01  ,5.978710968912e-04  
  9.852510159040e-03  ,-7.866060992930e-03  ,5.344957328896e+01  ,5.761069324694e-04  
  9.852702801252e-03  ,-5.375911679441e-03  ,5.372949045262e+01  ,5.725755164011e-04  
  9.852993528867e-03  ,4.389713651030e-03  ,5.414656387862e+01  ,5.761084946168e-04  
  9.853574984098e-03  ,-2.581048854547e-05  ,5.496122405352e+01  ,5.484751698118e-04  
  9.854478685880e-03  ,1.129714331722e-03  ,5.617525346188e+01  ,5.178038905504e-04  
  9.855734674955e-03  ,1.471695701766e-03  ,5.775598615987e+01  ,4.747749730787e-04  
  9.858246653104e-03  ,1.202830788019e-03  ,6.054052668173e+01  ,3.921280369231e-04  
  9.862000000020e-03  ,8.926012803006e-04  ,6.375298216932e+01  ,2.766344971863e-04  
  9.862001000018e-03  ,5.775380137542e-01  ,6.375381869901e+01  ,-1.013335648539e-03  
  9.862001884868e-03  ,1.095178341756e+00  ,6.375456239693e+01  ,-2.187851726545e-03  
  9.862003654567e-03  ,2.160224144155e+00  ,6.375604694557e+01  ,-4.505285195356e-03  
  9.862007193965e-03  ,4.412586870441e+00  ,6.375899912841e+01  ,-8.959736002238e-03  
  9.862010000020e-03  ,6.311252637622e+00  ,6.376132415758e+01  ,-1.232638901634e-02  
  9.862010707900e-03  ,6.403560457937e+00  ,6.376181548629e+01  ,-1.224683783927e-02  
  9.862012123696e-03  ,6.584299448523e+00  ,6.376278756725e+01  ,-1.198664866945e-02  
  9.862014955289e-03  ,6.936696452962e+00  ,6.376473186965e+01  ,-1.147341028352e-02  
  9.862020618476e-03  ,7.600857754438e+00  ,6.376862392095e+01  ,-1.050562117100e-02  
  9.862031944848e-03  ,8.774024699111e+00  ,6.377642048378e+01  ,-8.796568984111e-03  
  9.862043354667e-03  ,9.771511030201e+00  ,6.378428801661e+01  ,-7.343407474617e-03  
  9.862051392354e-03  ,9.973403229912e+00  ,4.109894379186e+01  ,9.860141772763e+00  
  9.862059064962e-03  ,1.000019778232e+01  ,1.073367145096e+01  ,9.860312581612e+00  
  9.862063384808e-03  ,1.018790713863e+01  ,3.400818605219e+00  ,9.861228850682e+00  
  9.862067481138e-03  ,1.046834709177e+01  ,2.662799595912e+00  ,9.862309004231e+00  
  9.862069801993e-03  ,1.062567982688e+01  ,2.744897346334e+00  ,9.862958036183e+00  
  9.862072730444e-03  ,1.081624739137e+01  ,2.800457440903e+00  ,9.863780780649e+00  
  9.862078587346e-03  ,1.117234958727e+01  ,2.810181419487e+00  ,9.865428068904e+00  
  9.862090301148e-03  ,1.179681587494e+01  ,2.799624751160e+00  ,9.868730555224e+00  
  9.862102506689e-03  ,1.234250051327e+01  ,2.803857680154e+00  ,9.872172095551e+00  
  9.862126917772e-03  ,1.317277513704e+01  ,2.806083691661e+00  ,9.879054830424e+00  
  9.862175739936e-03  ,1.416026402341e+01  ,2.808457823839e+00  ,9.892819109147e+00  
  9.862273384265e-03  ,1.497369443790e+01  ,2.816330136449e+00  ,9.920342413194e+00  
  9.862401605777e-03  ,1.499968678093e+01  ,2.826600694496e+00  ,9.956473356844e+00  
  9.862626029186e-03  ,1.500015111465e+01  ,2.844521294581e+00  ,1.001968094902e+01  
  9.862865019969e-03  ,1.500013327587e+01  ,2.863630141526e+00  ,1.008694710610e+01  
  9.863343001537e-03  ,1.500023964894e+01  ,2.901785326190e+00  ,1.022134260268e+01  
  9.864298964672e-03  ,1.500029954391e+01  ,2.977940471908e+00  ,1.048958733523e+01  
  9.866210890941e-03  ,1.500041167730e+01  ,3.129632301210e+00  ,1.102389833488e+01  
  9.870034743480e-03  ,1.499972123651e+01  ,3.430559511402e+00  ,1.208386659186e+01  
  9.872010000020e-03  ,1.500000662238e+01  ,3.584732385920e+00  ,1.262691730536e+01  
  9.872011000018e-03  ,1.442270635734e+01  ,3.584663021434e+00  ,1.262719145013e+01  
  9.872013000126e-03  ,1.321499611615e+01  ,3.584431859217e+00  ,1.262773969441e+01  
  9.872017000343e-03  ,1.067365401064e+01  ,3.583987863989e+00  ,1.262883649473e+01  
  9.872020000020e-03  ,8.648723554085e+00  ,3.583715239042e+00  ,1.262965889011e+01  
  9.872020800063e-03  ,8.545032220321e+00  ,3.583769735177e+00  ,1.262987819048e+01  
  9.872022400076e-03  ,8.340146292540e+00  ,3.583965531426e+00  ,1.263031689098e+01  
  9.872025600100e-03  ,7.944939324145e+00  ,3.584491406479e+00  ,1.263119426162e+01  
  9.872032000149e-03  ,7.209409076610e+00  ,3.585585821049e+00  ,1.263294877178e+01  
  9.872044800246e-03  ,5.933610249600e+00  ,3.588539548716e+00  ,1.263645765279e+01  
  9.872058726871e-03  ,4.792681768333e+00  ,3.598391913478e+00  ,1.264027430317e+01  
  9.872067645216e-03  ,4.356510000128e+00  ,1.398176930688e+01  ,1.264207674928e+01  
  9.872076016689e-03  ,4.341966766837e+00  ,4.351301155642e+01  ,1.264213755374e+01  
  9.872082293803e-03  ,4.134620173100e+00  ,5.281446083962e+01  ,3.860105969159e-02  
  9.872085564608e-03  ,3.936767835529e+00  ,5.284376116083e+01  ,-2.059800846156e-01  
  9.872087134073e-03  ,3.843900913909e+00  ,5.282544549019e+01  ,-4.138664400994e-03  
  9.872090273002e-03  ,3.665294101209e+00  ,5.282862015896e+01  ,1.013948057759e-02  
  9.872096550861e-03  ,3.332177417726e+00  ,5.283839871698e+01  ,5.649079015611e-03  
  9.872109106580e-03  ,2.753080118192e+00  ,5.285723617344e+01  ,4.426886711120e-03  
  9.872134218017e-03  ,1.872805344987e+00  ,5.289472414514e+01  ,3.516999553065e-03  
  9.872173515359e-03  ,9.863388885158e-01  ,5.295330916259e+01  ,2.038243940338e-03  
  9.872218123475e-03  ,4.424090010599e-01  ,5.301958883380e+01  ,1.243079865418e-03  
  9.872263625661e-03  ,1.762385703999e-01  ,5.308700433398e+01  ,8.536126696633e-04  
  9.872332743207e-03  ,5.623789525509e-02  ,5.318907134787e+01  ,6.761558122553e-04  
  9.872413817445e-03  ,4.613987650130e-03  ,5.330832173696e+01  ,5.978932146288e-04  
  9.872510126630e-03  ,-7.862491585319e-03  ,5.344932585294e+01  ,5.761202276805e-04  
  9.872702745000e-03  ,-5.377003591665e-03  ,5.372921192912e+01  ,5.725828466014e-04  
  9.872993424931e-03  ,4.389659279008e-03  ,5.414622311906e+01  ,5.761189934824e-04  
  9.873574784795e-03  ,-2.558985506869e-05  ,5.496076527135e+01  ,5.484893160348e-04  
  9.874478009740e-03  ,1.129764254312e-03  ,5.617419871846e+01  ,5.178343699271e-04  
  9.875733808080e-03  ,1.471811437228e-03  ,5.775478703942e+01  ,4.748108655454e-04  
  9.878245404759e-03  ,1.202956493957e-03  ,6.053915567259e+01  ,3.921735484476e-04  
  9.882000000020e-03  ,8.926296973009e-04  ,6.375292537233e+01  ,2.766386156056e-04  
  9.882001000018e-03  ,5.775380419115e-01  ,6.375376191706e+01  ,-1.013331571098e-03  
  9.882001884868e-03  ,1.095178369740e+00  ,6.375450562810e+01  ,-2.187845842529e-03  
  9.882003654567e-03  ,2.160224171808e+00  ,6.375599020340e+01  ,-4.505279739527e-03  
  9.882007193965e-03  ,4.412586897456e+00  ,6.375894243946e+01  ,-8.959730623001e-03  
  9.882010000020e-03  ,6.311252665358e+00  ,6.376126751084e+01  ,-1.232638363618e-02  
  9.882010707900e-03  ,6.403560485570e+00  ,6.376175885021e+01  ,-1.224683247078e-02  
  9.882012123696e-03  ,6.584299475955e+00  ,6.376273095249e+01  ,-1.198664330555e-02  
  9.882014955289e-03  ,6.936696480002e+00  ,6.376467529755e+01  ,-1.147340492025e-02  
  9.882020618476e-03  ,7.600857780740e+00  ,6.376856743414e+01  ,-1.050561580893e-02  
  9.882031944848e-03  ,8.774024724109e+00  ,6.377636416754e+01  ,-8.796563624950e-03  
  9.882043354667e-03  ,9.771511054089e+00  ,6.378423187216e+01  ,-7.343402119601e-03  
  9.882051392354e-03  ,9.973403636875e+00  ,4.109891868430e+01  ,9.860210407834e+00  
  9.882059064962e-03  ,1.000019825721e+01  ,1.073365337555e+01  ,9.860381220255e+00  
  9.882063384808e-03  ,1.018790820275e+01  ,3.400834114130e+00  ,9.861297488127e+00  
  9.882067481138e-03  ,1.046834813848e+01  ,2.662819309509e+00  ,9.862377642069e+00  
  9.882069801993e-03  ,1.062568083954e+01  ,2.744917204618e+00  ,9.863026673581e+00  
  9.882072730444e-03  ,1.081624835784e+01  ,2.800477060659e+00  ,9.863849417444e+00  
  9.882078587346e-03  ,1.117235047023e+01  ,2.810200897277e+00  ,9.865496704561e+00  
  9.882090301148e-03  ,1.179681661413e+01  ,2.799644266000e+00  ,9.868799188597e+00  
  9.882102506689e-03  ,1.234250112635e+01  ,2.803877175333e+00  ,9.872240726545e+00  
  9.882126917772e-03  ,1.317277555845e+01  ,2.806103175035e+00  ,9.879123456660e+00  
  9.882175739936e-03  ,1.416026421708e+01  ,2.808477308622e+00  ,9.892887725871e+00  
  9.882273384265e-03  ,1.497369444392e+01  ,2.816349611614e+00  ,9.920411010898e+00  
  9.882401605777e-03  ,1.499968678098e+01  ,2.826620162323e+00  ,9.956541929582e+00  
  9.882626029186e-03  ,1.500015111459e+01  ,2.844540750220e+00  ,1.001974947808e+01  
  9.882865019969e-03  ,1.500013327581e+01  ,2.863649583864e+00  ,1.008701558868e+01  
  9.883343001537e-03  ,1.500023964886e+01  ,2.901804742159e+00  ,1.022141099239e+01  
  9.884298964672e-03  ,1.500029954382e+01  ,2.977959835252e+00  ,1.048965553958e+01  
  9.886210890941e-03  ,1.500041167718e+01  ,3.129651559730e+00  ,1.102396617003e+01  
  9.890034743480e-03  ,1.499972123655e+01  ,3.430578561974e+00  ,1.208393369456e+01  
  9.892010000020e-03  ,1.500000662235e+01  ,3.584751329955e+00  ,1.262698403281e+01  
  9.892011000018e-03  ,1.442270635747e+01  ,3.584681965305e+00  ,1.262725817739e+01  
  9.892013000126e-03  ,1.321499611627e+01  ,3.584450802978e+00  ,1.262780642129e+01  
  9.892017000343e-03  ,1.067365401076e+01  ,3.584006807893e+00  ,1.262890322086e+01  
  9.892020000020e-03  ,8.648723554208e+00  ,3.583734183353e+00  ,1.262972561566e+01  
  9.892020800063e-03  ,8.545032220446e+00  ,3.583788679744e+00  ,1.262994491588e+01  
  9.892022400076e-03  ,8.340146292670e+00  ,3.583984476474e+00  ,1.263038361608e+01  
  9.892025600100e-03  ,7.944939324283e+00  ,3.584510352282e+00  ,1.263126098611e+01  
  9.892032000149e-03  ,7.209409076773e+00  ,3.585604768814e+00  ,1.263301549506e+01  
  9.892044800246e-03  ,5.933610249879e+00  ,3.588558504930e+00  ,1.263652437365e+01  
  9.892058726871e-03  ,4.792681769373e+00  ,3.598410919498e+00  ,1.264034102138e+01  
  9.892067645216e-03  ,4.356510413518e+00  ,1.398181314269e+01  ,1.264214346232e+01  
  9.892076016689e-03  ,4.341967176515e+00  ,4.351305860642e+01  ,1.264220426381e+01  
  9.892082293803e-03  ,4.134619138017e+00  ,5.281441680327e+01  ,3.859368005445e-02  
  9.892085564608e-03  ,3.936766826488e+00  ,5.284371622690e+01  ,-2.059782687892e-01  
  9.892087134259e-03  ,3.843889102373e+00  ,5.282540094470e+01  ,-4.137801568569e-03  
  9.892090273561e-03  ,3.665262143264e+00  ,5.282857634699e+01  ,1.013895363196e-02  
  9.892096552165e-03  ,3.332110577335e+00  ,5.283835605848e+01  ,5.648946141695e-03  
  9.892109109374e-03  ,2.751366066520e+00  ,5.285714727561e+01  ,4.593999385164e-03  
  9.892134223791e-03  ,1.861681058553e+00  ,5.289465242723e+01  ,3.314007710732e-03  
  9.892175368877e-03  ,9.415106870721e-01  ,5.295595314594e+01  ,1.972128131775e-03  
  9.892221365781e-03  ,4.554493557523e-01  ,5.302427850332e+01  ,1.262062567305e-03  
  9.892269454809e-03  ,1.918298672128e-01  ,5.309550869932e+01  ,8.761217863663e-04  
  9.892324368568e-03  ,8.007112195938e-02  ,5.317660916328e+01  ,7.112070342521e-04  
  9.892413060280e-03  ,6.889800542804e-03  ,5.330709836608e+01  ,6.012456424828e-04  
  9.892507867427e-03  ,2.596076026882e-03  ,5.344591508781e+01  ,5.914572179891e-04  
  9.892697481723e-03  ,7.908950352532e-04  ,5.372149448702e+01  ,5.817734459032e-04  
  9.892919091793e-03  ,1.962447254890e-03  ,5.404009805371e+01  ,5.753264967561e-04  
  9.893362311931e-03  ,1.917635858740e-03  ,5.466599272689e+01  ,5.590057473262e-04  
  9.894248752208e-03  ,1.421853936154e-03  ,5.587219426527e+01  ,5.265462576411e-04  
  9.896021632763e-03  ,1.581526960594e-03  ,5.809956445935e+01  ,4.652997478265e-04  
  9.899567393871e-03  ,9.471352645927e-04  ,6.180055518286e+01  ,3.495631751880e-04  
  9.902000000020e-03  ,1.006302546631e-03  ,6.375276052912e+01  ,2.787432748486e-04  
  9.902001000018e-03  ,5.776500605332e-01  ,6.375359706225e+01  ,-1.012289060822e-03  
  9.902001884774e-03  ,1.095233776515e+00  ,6.375434071903e+01  ,-2.187952116372e-03  
  9.902003654287e-03  ,2.160160055513e+00  ,6.375582489527e+01  ,-4.504852807439e-03  
  9.902007193313e-03  ,4.412258842331e+00  ,6.375877639289e+01  ,-8.958821749122e-03  
  9.902010000020e-03  ,6.312133360404e+00  ,6.376110156434e+01  ,-1.232513039885e-02  
  9.902010707825e-03  ,6.404422212189e+00  ,6.376159276951e+01  ,-1.224561908921e-02  
  9.902012123435e-03  ,6.587039128548e+00  ,6.376256471176e+01  ,-1.198565512944e-02  
  9.902014954656e-03  ,6.940805251970e+00  ,6.376450804613e+01  ,-1.146746330407e-02  
  9.902020617097e-03  ,7.604544405231e+00  ,6.376839902433e+01  ,-1.050035631558e-02  
  9.902031941980e-03  ,8.776984166126e+00  ,6.377619342938e+01  ,-8.792269115091e-03  
  9.902043351799e-03  ,9.773995390345e+00  ,6.378405982549e+01  ,-7.339823150282e-03  
  9.902051390975e-03  ,9.973503116689e+00  ,4.096793428513e+01  ,9.859604243924e+00  
  9.902059066564e-03  ,1.000035784935e+01  ,1.059448395006e+01  ,9.859780830395e+00  
  9.902063370764e-03  ,1.018929918712e+01  ,3.392306532595e+00  ,9.860696946158e+00  
  9.902067441761e-03  ,1.046804879502e+01  ,2.664536832892e+00  ,9.861773875638e+00  
  9.902069764480e-03  ,1.062550298103e+01  ,2.745286955435e+00  ,9.862423391573e+00  
  9.902072702989e-03  ,1.081671198877e+01  ,2.800326434605e+00  ,9.863248938603e+00  
  9.902078580007e-03  ,1.117394611414e+01  ,2.809956310375e+00  ,9.864901911312e+00  
  9.902090334043e-03  ,1.180171539725e+01  ,2.804988733196e+00  ,9.868212420040e+00  
  9.902110280737e-03  ,1.264218035629e+01  ,2.803657396729e+00  ,9.873836480612e+00  
  9.902150174126e-03  ,1.373752222511e+01  ,2.807798476660e+00  ,9.885084171800e+00  
  9.902229960903e-03  ,1.477626812886e+01  ,2.812829729367e+00  ,9.907576053992e+00  
  9.902347417816e-03  ,1.516397702210e+01  ,2.822030115323e+00  ,9.940678305632e+00  
  9.902521129593e-03  ,1.497760455739e+01  ,2.836010688247e+00  ,9.989614615001e+00  
  9.902677913651e-03  ,1.497074942415e+01  ,2.848543655431e+00  ,1.003376144138e+01  
  9.902991481766e-03  ,1.501201045051e+01  ,2.873575459622e+00  ,1.012199620336e+01  
  9.903618617996e-03  ,1.499225409235e+01  ,2.923617449286e+00  ,1.029823042763e+01  
  9.904720493301e-03  ,1.499815352042e+01  ,3.011307561478e+00  ,1.060711418032e+01  
  9.906924243912e-03  ,1.500018859198e+01  ,3.185872043815e+00  ,1.122199370389e+01  
  9.911331745133e-03  ,1.499992799767e+01  ,3.531745663435e+00  ,1.244027954161e+01  
  9.912010000020e-03  ,1.500001284414e+01  ,3.584587233838e+00  ,1.262640611399e+01  
  9.912011000018e-03  ,1.442323112942e+01  ,3.584517713931e+00  ,1.262668025938e+01  
  9.912013000126e-03  ,1.321550543639e+01  ,3.584286494843e+00  ,1.262722851126e+01  
  9.912017000343e-03  ,1.067413351358e+01  ,3.583842479672e+00  ,1.262832531353e+01  
  9.912020000020e-03  ,8.649181725624e+00  ,3.583569849979e+00  ,1.262914771327e+01  
  9.912020800063e-03  ,8.545484898572e+00  ,3.583624338747e+00  ,1.262936701481e+01  
  9.912022400076e-03  ,8.340588116436e+00  ,3.583820121206e+00  ,1.262980571763e+01  
  9.912025600100e-03  ,7.945360210813e+00  ,3.584345967645e+00  ,1.263068309290e+01  
  9.912032000149e-03  ,7.209790995857e+00  ,3.585440294817e+00  ,1.263243761239e+01  
  9.912044800246e-03  ,5.933924572800e+00  ,3.588393537216e+00  ,1.263594651206e+01  
  9.912058726871e-03  ,4.792935549070e+00  ,3.598240059356e+00  ,1.263976318331e+01  
  9.912067645216e-03  ,4.356524473572e+00  ,1.396932022003e+01  ,1.264156663737e+01  
  9.912076016689e-03  ,4.341953175391e+00  ,4.349854783448e+01  ,1.264162832815e+01  
  9.912082295293e-03  ,4.134748230812e+00  ,5.281387128682e+01  ,3.944482485941e-02  
  9.912085566470e-03  ,3.936870812007e+00  ,5.284328227134e+01  ,-2.062177743468e-01  
  9.912087135749e-03  ,3.844011918402e+00  ,5.282494345033e+01  ,-4.153729115345e-03  
  9.912090274306e-03  ,3.665420666069e+00  ,5.282811522670e+01  ,1.014461046311e-02  
  9.912096551420e-03  ,3.332330323203e+00  ,5.283789258306e+01  ,5.649542631476e-03  
  9.912109105648e-03  ,2.751674142284e+00  ,5.285667805968e+01  ,4.594383525033e-03  
  9.912134214105e-03  ,1.862071450773e+00  ,5.289417167002e+01  ,3.314537514747e-03  
  9.912175371112e-03  ,9.415119142847e-01  ,5.295548580153e+01  ,1.972091521037e-03  
  9.912221362056e-03  ,4.554965805047e-01  ,5.302379742489e+01  ,1.262093232691e-03  
  9.912269451084e-03  ,1.918540900856e-01  ,5.309502253669e+01  ,8.761190795941e-04  
  9.912324352922e-03  ,8.009815829753e-02  ,5.317609962386e+01  ,7.112089838452e-04  
  9.912413044633e-03  ,6.895424751059e-03  ,5.330657956233e+01  ,6.012165917059e-04  
  9.912507839860e-03  ,2.597205703865e-03  ,5.344536899642e+01  ,5.914222517829e-04  
  9.912697430314e-03  ,7.898385431682e-04  ,5.372089442439e+01  ,5.817365907715e-04  
  9.912919016542e-03  ,1.962518868616e-03  ,5.403944168748e+01  ,5.752926067049e-04  
  9.913362188997e-03  ,1.917761028354e-03  ,5.466522669224e+01  ,5.589745671094e-04  
  9.914248533906e-03  ,1.421585009504e-03  ,5.587122078807e+01  ,5.265195096236e-04  
  9.916021223726e-03  ,1.581597939747e-03  ,5.809822476167e+01  ,4.652828801806e-04  
  9.919566603364e-03  ,9.469839530685e-04  ,6.179868268211e+01  ,3.495623494604e-04  
  9.922000000020e-03  ,1.006342395735e-03  ,6.375141905385e+01  ,2.787206767094e-04  
  9.922001000018e-03  ,5.776500985197e-01  ,6.375225551757e+01  ,-1.012310818557e-03  
  9.922001884681e-03  ,1.095178690064e+00  ,6.375299903472e+01  ,-2.187850022509e-03  
  9.922003654008e-03  ,2.159988372992e+00  ,6.375448293272e+01  ,-4.504513556682e-03  
  9.922007192661e-03  ,4.411828850056e+00  ,6.375743387728e+01  ,-8.958044697985e-03  
  9.922010000020e-03  ,6.312133002237e+00  ,6.375975939584e+01  ,-1.232515227228e-02  
  9.922010707751e-03  ,6.404412245442e+00  ,6.376025050075e+01  ,-1.224565521170e-02  
  9.922012123175e-03  ,6.587005598422e+00  ,6.376122221688e+01  ,-1.198572626639e-02  
  9.922014954023e-03  ,6.940727545594e+00  ,6.376316509865e+01  ,-1.146759845740e-02  
  9.922020615719e-03  ,7.604389351616e+00  ,6.376705517085e+01  ,-1.050060426263e-02  
  9.922031939111e-03  ,8.776710976954e+00  ,6.377484776162e+01  ,-8.792689031053e-03  
  9.922043345950e-03  ,9.773524239078e+00  ,6.378271130668e+01  ,-7.340531483520e-03  
  9.922051382147e-03  ,9.973474979228e+00  ,4.100286760383e+01  ,9.859121648606e+00  
  9.922059054754e-03  ,1.000029816833e+01  ,1.063965386259e+01  ,9.859295983043e+00  
  9.922063361935e-03  ,1.018869170487e+01  ,3.395253807148e+00  ,9.860212437202e+00  
  9.922067440383e-03  ,1.046794239022e+01  ,2.663730549128e+00  ,9.861289979063e+00  
  9.922069761611e-03  ,1.062530570897e+01  ,2.744935966152e+00  ,9.861939106102e+00  
  9.922072695650e-03  ,1.081624137792e+01  ,2.800174681235e+00  ,9.862763416037e+00  
  9.922078563727e-03  ,1.117299507617e+01  ,2.809847811423e+00  ,9.864413877972e+00  
  9.922090299882e-03  ,1.179845101615e+01  ,2.799369685846e+00  ,9.867722702705e+00  
  9.922102563537e-03  ,1.234624977334e+01  ,2.803577058833e+00  ,9.871180663184e+00  
  9.922127090849e-03  ,1.317868146457e+01  ,2.805802817463e+00  ,9.878096237490e+00  
  9.922176145471e-03  ,1.416639438990e+01  ,2.808205265628e+00  ,9.891926183539e+00  
  9.922274254717e-03  ,1.497708668619e+01  ,2.816112580124e+00  ,9.919580767532e+00  
  9.922402547754e-03  ,1.499974064284e+01  ,2.826390077437e+00  ,9.955732140691e+00  
  9.922627972521e-03  ,1.500013777620e+01  ,2.844391203436e+00  ,1.001922214407e+01  
  9.922867440141e-03  ,1.500012191274e+01  ,2.863538070261e+00  ,1.008662277729e+01  
  9.923346375383e-03  ,1.500021247173e+01  ,2.901769461267e+00  ,1.022128667989e+01  
  9.924304245867e-03  ,1.500026336294e+01  ,2.978076394310e+00  ,1.049006604310e+01  
  9.926219986833e-03  ,1.500035871890e+01  ,3.130069328417e+00  ,1.102543761809e+01  
  9.930051468767e-03  ,1.500037895116e+01  ,3.431588642485e+00  ,1.208749264812e+01  
  9.932010000020e-03  ,1.499974141799e+01  ,3.584452631707e+00  ,1.262593165627e+01  
  9.932011000018e-03  ,1.442064691689e+01  ,3.584383898107e+00  ,1.262620580438e+01  
  9.932013000126e-03  ,1.321299731573e+01  ,3.584152969815e+00  ,1.262675405111e+01  
  9.932017000343e-03  ,1.067177222648e+01  ,3.583709053380e+00  ,1.262785086516e+01  
  9.932020000020e-03  ,8.646925483432e+00  ,3.583436421077e+00  ,1.262867326889e+01  
  9.932020800063e-03  ,8.543255707628e+00  ,3.583490936275e+00  ,1.262889257144e+01  
  9.932022400076e-03  ,8.338412376858e+00  ,3.583686766358e+00  ,1.262933127646e+01  
  9.932025600100e-03  ,7.943287574904e+00  ,3.584212719542e+00  ,1.263020865608e+01  
  9.932032000149e-03  ,7.207910251465e+00  ,3.585307389578e+00  ,1.263196318400e+01  
  9.932044800246e-03  ,5.932376695633e+00  ,3.588262644581e+00  ,1.263547210055e+01  
  9.932058725381e-03  ,4.791796723182e+00  ,3.598132881761e+00  ,1.263928837948e+01  
  9.932067643726e-03  ,4.356442298147e+00  ,1.402330749860e+01  ,1.264108754349e+01  
  9.932076013708e-03  ,4.341997985102e+00  ,4.355607579177e+01  ,1.264114557814e+01  
  9.932082286352e-03  ,4.134201180837e+00  ,5.281457710852e+01  ,3.591982824802e-02  
  9.932085556785e-03  ,3.936381312300e+00  ,5.284353039517e+01  ,-2.052739286576e-01  
  9.932087127553e-03  ,3.843448762415e+00  ,5.282528335322e+01  ,-4.089868944957e-03  
  9.932090269091e-03  ,3.664718001181e+00  ,5.282846796854e+01  ,1.012211750036e-02  
  9.932096552165e-03  ,3.331388986114e+00  ,5.283825145875e+01  ,5.646876870892e-03  
  9.932109118314e-03  ,2.751989605833e+00  ,5.285710182121e+01  ,4.426183285115e-03  
  9.932134250613e-03  ,1.871449684724e+00  ,5.289461609462e+01  ,3.513993654112e-03  
  9.932173518153e-03  ,9.861254970912e-01  ,5.295314873254e+01  ,2.037853390788e-03  
  9.932218126269e-03  ,4.423499442454e-01  ,5.301941957324e+01  ,1.242919063771e-03  
  9.932263628455e-03  ,1.762342214106e-01  ,5.308682608926e+01  ,8.535313145366e-04  
  9.932332757922e-03  ,5.622279659337e-02  ,5.318889705339e+01  ,6.760586330943e-04  
  9.932413844081e-03  ,4.603745242952e-03  ,5.330814891562e+01  ,5.978029767314e-04  
  9.932510165187e-03  ,-7.865895542675e-03  ,5.344915135821e+01  ,5.760398858246e-04  
  9.932702807398e-03  ,-5.375845030693e-03  ,5.372903369051e+01  ,5.725090218378e-04  
  9.932993535014e-03  ,4.389391939798e-03  ,5.414605488205e+01  ,5.760424602229e-04  
  9.933574990245e-03  ,-2.595509597265e-05  ,5.496061181089e+01  ,5.484114018738e-04  
  9.934478692027e-03  ,1.129525794738e-03  ,5.617448410888e+01  ,5.177430545045e-04  
  9.935734681101e-03  ,1.471496773178e-03  ,5.775500552846e+01  ,4.747179947690e-04  
  9.938246659251e-03  ,1.202650070040e-03  ,6.053914969093e+01  ,3.920779302475e-04  
  9.942000000020e-03  ,8.924456079468e-04  ,6.375107930974e+01  ,2.765936379929e-04  
  9.942001000018e-03  ,5.775378591254e-01  ,6.375191571288e+01  ,-1.013375920002e-03  
  9.942001884774e-03  ,1.095123064062e+00  ,6.375265922066e+01  ,-2.187768808598e-03  
  9.942003654287e-03  ,2.160052272410e+00  ,6.375414338988e+01  ,-4.504964937310e-03  
  9.942007193313e-03  ,4.412156691478e+00  ,6.375709481735e+01  ,-8.958977931563e-03  
  9.942010000020e-03  ,6.312035466571e+00  ,6.375941993162e+01  ,-1.232527358893e-02  
  9.942010707825e-03  ,6.404325357892e+00  ,6.375991112198e+01  ,-1.224576301914e-02  
  9.942012123435e-03  ,6.586944331208e+00  ,6.376088303311e+01  ,-1.198580019332e-02  
  9.942014954656e-03  ,6.940714439450e+00  ,6.376282630972e+01  ,-1.146760036315e-02  
  9.942020617097e-03  ,7.604461069021e+00  ,6.376671716907e+01  ,-1.050048185473e-02  
  9.942031941980e-03  ,8.776914036198e+00  ,6.377451133723e+01  ,-8.792375292424e-03  
  9.942043351799e-03  ,9.773936490681e+00  ,6.378237749539e+01  ,-7.339913576199e-03  
  9.942051390975e-03  ,9.973499977593e+00  ,4.096912032002e+01  ,9.859326815823e+00  
  9.942059066564e-03  ,1.000035520104e+01  ,1.059569737497e+01  ,9.859503408530e+00  
  9.942063370764e-03  ,1.018927535207e+01  ,3.392335291978e+00  ,9.860419473384e+00  
  9.942067442506e-03  ,1.046807538752e+01  ,2.664406563374e+00  ,9.861496550174e+00  
  9.942069765225e-03  ,1.062552906965e+01  ,2.745197209962e+00  ,9.862146069043e+00  
  9.942072703734e-03  ,1.081673706972e+01  ,2.800249195139e+00  ,9.862971618961e+00  
  9.942078580752e-03  ,1.117396905616e+01  ,2.809879078456e+00  ,9.864624596156e+00  
  9.942090334788e-03  ,1.180014115267e+01  ,2.799447649795e+00  ,9.867938457218e+00  
  9.942102637186e-03  ,1.234924500018e+01  ,2.803641297133e+00  ,9.871407333817e+00  
  9.942127241984e-03  ,1.318295086540e+01  ,2.805867586333e+00  ,9.878344739540e+00  
  9.942176451578e-03  ,1.417061560316e+01  ,2.808288582457e+00  ,9.892218340548e+00  
  9.942274870768e-03  ,1.497932725415e+01  ,2.816219423742e+00  ,9.919960197846e+00  
  9.942403235331e-03  ,1.499977713948e+01  ,2.826503362246e+00  ,9.956131584729e+00  
  9.942629327669e-03  ,1.500012860230e+01  ,2.844558000329e+00  ,1.001980929072e+01  
  9.942869129076e-03  ,1.500011421067e+01  ,2.863731315870e+00  ,1.008730343973e+01  
  9.943348731890e-03  ,1.500019410772e+01  ,2.902015700745e+00  ,1.022215399208e+01  
  9.944307937517e-03  ,1.500023894347e+01  ,2.978428184482e+00  ,1.049130513029e+01  
  9.946226348772e-03  ,1.500032299342e+01  ,3.130630496160e+00  ,1.102741418490e+01  
  9.950063171282e-03  ,1.500034068168e+01  ,3.432561733016e+00  ,1.209092014499e+01  
  9.952010000020e-03  ,1.499977506774e+01  ,3.584509457658e+00  ,1.262613187472e+01  
  9.952011000018e-03  ,1.442098543843e+01  ,3.584440623146e+00  ,1.262640602202e+01  
  9.952013000126e-03  ,1.321332586955e+01  ,3.584209657496e+00  ,1.262695426898e+01  
  9.952017000343e-03  ,1.067208154570e+01  ,3.583765728856e+00  ,1.262805107964e+01  
  9.952020000020e-03  ,8.647221042206e+00  ,3.583493097450e+00  ,1.262887348168e+01  
  9.952020800063e-03  ,8.543547722805e+00  ,3.583547609773e+00  ,1.262909278378e+01  
  9.952022400076e-03  ,8.338697390135e+00  ,3.583743434653e+00  ,1.262953148788e+01  
  9.952025600100e-03  ,7.943559082038e+00  ,3.584269375394e+00  ,1.263040886568e+01  
  9.952032000149e-03  ,7.208156621643e+00  ,3.585364004552e+00  ,1.263216338999e+01  
  9.952044800246e-03  ,5.932579461800e+00  ,3.588319013136e+00  ,1.263567229931e+01  
  9.952058725381e-03  ,4.791960444159e+00  ,3.598185863008e+00  ,1.263948857069e+01  
  9.952067642236e-03  ,4.356461212183e+00  ,1.401012087949e+01  ,1.264128846807e+01  
  9.952076012218e-03  ,4.341989077514e+00  ,4.354093604003e+01  ,1.264134744480e+01  
  9.952082285607e-03  ,4.134394921129e+00  ,5.281420285349e+01  ,3.698437888070e-02  
  9.952085556040e-03  ,3.936569467714e+00  ,5.284329358514e+01  ,-2.055538354207e-01  
  9.952087126249e-03  ,3.843664532897e+00  ,5.282501924152e+01  ,-4.109380080735e-03  
  9.952090266669e-03  ,3.664985850276e+00  ,5.282819966401e+01  ,1.012907805134e-02  
  9.952096547509e-03  ,3.331745897019e+00  ,5.283798075186e+01  ,5.647811747528e-03  
  9.952109109187e-03  ,2.752472631383e+00  ,5.285682510120e+01  ,4.426518277556e-03  
  9.952134232545e-03  ,1.872041237584e+00  ,5.289432715337e+01  ,3.515261196031e-03  
  9.952173512006e-03  ,9.862377101556e-01  ,5.295287947729e+01  ,2.038038228568e-03  
  9.952218120122e-03  ,4.423860211454e-01  ,5.301915241490e+01  ,1.242991010468e-03  
  9.952263622308e-03  ,1.762411079068e-01  ,5.308656106231e+01  ,8.535608680824e-04  
  9.952332751775e-03  ,5.622498450196e-02  ,5.318863525783e+01  ,6.760812727998e-04  
  9.952413837934e-03  ,4.603912361576e-03  ,5.330789090715e+01  ,5.978226041471e-04  
  9.952510159040e-03  ,-7.866216354492e-03  ,5.344889784419e+01  ,5.760587199470e-04  
  9.952702801252e-03  ,-5.376067768621e-03  ,5.372878915212e+01  ,5.725278329435e-04  
  9.952993528867e-03  ,4.389552411907e-03  ,5.414582385514e+01  ,5.760615863922e-04  
  9.953574984098e-03  ,-2.596576196043e-05  ,5.496040767538e+01  ,5.484298029713e-04  
  9.954478685880e-03  ,1.129563036761e-03  ,5.617432138118e+01  ,5.177608182404e-04  
  9.955734674955e-03  ,1.471551045759e-03  ,5.775489946999e+01  ,4.747348764759e-04  
  9.958246653104e-03  ,1.202700836640e-03  ,6.053915337991e+01  ,3.920932280724e-04  
  9.962000000020e-03  ,8.924947439614e-04  ,6.375124031220e+01  ,2.766066841283e-04  
  9.962001000018e-03  ,5.775379072287e-01  ,6.375207675362e+01  ,-1.013362869838e-03  
  9.962001884774e-03  ,1.095123112135e+00  ,6.375282029527e+01  ,-2.187755776133e-03  
  9.962003654287e-03  ,2.160052320424e+00  ,6.375430453223e+01  ,-4.504951900032e-03  
  9.962007193313e-03  ,4.412156739382e+00  ,6.375725609517e+01  ,-8.958964891001e-03  
  9.962010000020e-03  ,6.312035514393e+00  ,6.375958131688e+01  ,-1.232526054673e-02  
  9.962010707825e-03  ,6.404325405695e+00  ,6.376007253438e+01  ,-1.224574989180e-02  
  9.962012123435e-03  ,6.586944378972e+00  ,6.376104449979e+01  ,-1.198578704925e-02  
  9.962014954656e-03  ,6.940714487142e+00  ,6.376298788499e+01  ,-1.146758722809e-02  
  9.962020617097e-03  ,7.604461116574e+00  ,6.376687896145e+01  ,-1.050046872550e-02  
  9.962031941980e-03  ,8.776914083506e+00  ,6.377467356374e+01  ,-8.792362169667e-03  
  9.962043351799e-03  ,9.773936537776e+00  ,6.378254015911e+01  ,-7.339900461414e-03  
  9.962051390975e-03  ,9.973501052807e+00  ,4.096936813497e+01  ,9.859533228155e+00  
  9.962059066564e-03  ,1.000035617922e+01  ,1.059594435047e+01  ,9.859709807861e+00  
  9.962063370764e-03  ,1.018927306881e+01  ,3.392405836528e+00  ,9.860625873594e+00  
  9.962067442506e-03  ,1.046807307850e+01  ,2.664463267381e+00  ,9.861702940677e+00  
  9.962069765225e-03  ,1.062552685219e+01  ,2.745255403318e+00  ,9.862352458323e+00  
  9.962072703734e-03  ,1.081673495329e+01  ,2.800307978689e+00  ,9.863178006500e+00  
  9.962078580752e-03  ,1.117396711822e+01  ,2.809937776161e+00  ,9.864830980208e+00  
  9.962090334788e-03  ,1.180013953071e+01  ,2.799506243056e+00  ,9.868144834374e+00  
  9.962102637186e-03  ,1.234924365660e+01  ,2.803699910726e+00  ,9.871613703762e+00  
  9.962127241984e-03  ,1.318294994416e+01  ,2.805926183142e+00  ,9.878551095066e+00  
  9.962176451578e-03  ,1.417061518249e+01  ,2.808347163171e+00  ,9.892424667242e+00  
  9.962274870768e-03  ,1.497932724345e+01  ,2.816277984110e+00  ,9.920166466894e+00  
  9.962403235331e-03  ,1.499977713922e+01  ,2.826561901007e+00  ,9.956337778620e+00  
  9.962629327669e-03  ,1.500012860222e+01  ,2.844616501699e+00  ,1.002001535231e+01  
  9.962869129076e-03  ,1.500011421059e+01  ,2.863789777338e+00  ,1.008750936107e+01  
  9.963348731890e-03  ,1.500019410768e+01  ,2.902074082660e+00  ,1.022235963323e+01  
  9.964307937517e-03  ,1.500023894345e+01  ,2.978486407621e+00  ,1.049151021220e+01  
  9.966226348772e-03  ,1.500032299344e+01  ,3.130688403040e+00  ,1.102761815289e+01  
  9.970063171282e-03  ,1.500034068172e+01  ,3.432619012524e+00  ,1.209112190322e+01  
  9.972010000020e-03  ,1.499977506749e+01  ,3.584566421449e+00  ,1.262633252090e+01  
  9.972011000018e-03  ,1.442098543710e+01  ,3.584497586444e+00  ,1.262660666763e+01  
  9.972013000126e-03  ,1.321332586825e+01  ,3.584266620463e+00  ,1.262715491344e+01  
  9.972017000343e-03  ,1.067208154449e+01  ,3.583822692255e+00  ,1.262825172183e+01  
  9.972020000020e-03  ,8.647221041076e+00  ,3.583550062075e+00  ,1.262907412216e+01  
  9.972020800063e-03  ,8.543547721700e+00  ,3.583604575167e+00  ,1.262929342380e+01  
  9.972022400076e-03  ,8.338697389081e+00  ,3.583800401493e+00  ,1.262973212699e+01  
  9.972025600100e-03  ,7.943559081078e+00  ,3.584326344507e+00  ,1.263060950297e+01  
  9.972032000149e-03  ,7.208156620883e+00  ,3.585420979571e+00  ,1.263236402363e+01  
  9.972044800246e-03  ,5.932579461614e+00  ,3.588376013583e+00  ,1.263587292565e+01  
  9.972058725381e-03  ,4.791960446463e+00  ,3.598243013532e+00  ,1.263968918909e+01  
  9.972067642236e-03  ,4.356462455324e+00  ,1.401025274183e+01  ,1.264148907100e+01  
  9.972076012218e-03  ,4.341990308971e+00  ,4.354107753080e+01  ,1.264154803984e+01  
  9.972082285607e-03  ,4.134396386459e+00  ,5.281433916941e+01  ,3.698581544464e-02  
  9.972085556040e-03  ,3.936570869670e+00  ,5.284343012147e+01  ,-2.055535213447e-01  
  9.972087126249e-03  ,3.843665903422e+00  ,5.282515587082e+01  ,-4.109346265803e-03  
  9.972090266669e-03  ,3.664987159341e+00  ,5.282833641400e+01  ,1.012908300728e-02  
  9.972096547509e-03  ,3.331747091166e+00  ,5.283811773640e+01  ,5.647826635066e-03  
  9.972109109187e-03  ,2.752473625653e+00  ,5.285696255845e+01  ,4.426534081279e-03  
  9.972134232545e-03  ,1.872041928062e+00  ,5.289446555592e+01  ,3.515275340983e-03  
  9.972173512006e-03  ,9.862380949678e-01  ,5.295301935615e+01  ,2.038052491022e-03  
  9.972218120122e-03  ,4.423862182647e-01  ,5.301929396843e+01  ,1.243004969671e-03  
  9.972263622308e-03  ,1.762412131453e-01  ,5.308670432188e+01  ,8.535746580338e-04  
  9.972332751775e-03  ,5.622504824654e-02  ,5.318878110503e+01  ,6.760949495127e-04  
  9.972413837934e-03  ,4.603958193902e-03  ,5.330803978297e+01  ,5.978361926313e-04  
  9.972510159040e-03  ,-7.866174946663e-03  ,5.344905030838e+01  ,5.760722287345e-04  
  9.972702801252e-03  ,-5.376025747719e-03  ,5.372894876267e+01  ,5.725411974931e-04  
  9.972993528867e-03  ,4.389597426384e-03  ,5.414599417332e+01  ,5.760747409142e-04  
  9.973574984098e-03  ,-2.592303744909e-05  ,5.496059912453e+01  ,5.484425344771e-04  
  9.974478685880e-03  ,1.129604930160e-03  ,5.617454489693e+01  ,5.177729221273e-04  
  9.975734674955e-03  ,1.471591275334e-03  ,5.775516592896e+01  ,4.747461666940e-04  
  9.978246653104e-03  ,1.202737184193e-03  ,6.053949977561e+01  ,3.921030745589e-04  
  9.982000000020e-03  ,8.925223271950e-04  ,6.375169033037e+01  ,2.766146223925e-04  
  9.982001000018e-03  ,5.775379348082e-01  ,6.375252679676e+01  ,-1.013355079821e-03  
  9.982001884774e-03  ,1.095123139711e+00  ,6.375327036049e+01  ,-2.187748002253e-03  
  9.982003654287e-03  ,2.160052347994e+00  ,6.375475464159e+01  ,-4.504944119479e-03  
  9.982007193313e-03  ,4.412156766940e+00  ,6.375770629281e+01  ,-8.958957101223e-03  
  9.982010000020e-03  ,6.312035543145e+00  ,6.376003158453e+01  ,-1.232525275336e-02  
  9.982010707825e-03  ,6.404325434460e+00  ,6.376052281971e+01  ,-1.224574190626e-02  
  9.982012123435e-03  ,6.586944407764e+00  ,6.376149482051e+01  ,-1.198577902401e-02  
  9.982014954656e-03  ,6.940714515984e+00  ,6.376343827648e+01  ,-1.146757922268e-02  
  9.982020617097e-03  ,7.604461145511e+00  ,6.376732949447e+01  ,-1.050046072609e-02  
  9.982031941980e-03  ,8.776914112607e+00  ,6.377512437965e+01  ,-8.792354178401e-03  
  9.982043351799e-03  ,9.773936567014e+00  ,6.378299125982e+01  ,-7.339892478715e-03  
  9.982051390975e-03  ,9.973501798020e+00  ,4.096988093968e+01  ,9.859703535568e+00  
  9.982059066564e-03  ,1.000035655572e+01  ,1.059643540073e+01  ,9.859880081760e+00  
  9.982063370764e-03  ,1.018926595574e+01  ,3.392486895884e+00  ,9.860796152694e+00  
  9.982067442506e-03  ,1.046806596796e+01  ,2.664507589227e+00  ,9.861873201260e+00  
  9.982069765225e-03  ,1.062552000229e+01  ,2.745301956952e+00  ,9.862522717998e+00  
  9.982072703361e-03  ,1.081670475701e+01  ,2.800354541606e+00  ,9.863348160612e+00  
  9.982078579634e-03  ,1.117389612267e+01  ,2.809986606332e+00  ,9.865000922083e+00  
  9.982090332180e-03  ,1.180000724844e+01  ,2.799554490677e+00  ,9.868314350391e+00  
  9.982102633089e-03  ,1.234907251107e+01  ,2.803748047779e+00  ,9.871782793690e+00  
  9.982127234906e-03  ,1.318274751680e+01  ,2.805974163124e+00  ,9.878719332892e+00  
  9.982176438540e-03  ,1.417043564976e+01  ,2.808394480925e+00  ,9.892591201195e+00  
  9.982274845808e-03  ,1.497924100831e+01  ,2.816324331237e+00  ,9.920329594529e+00  
  9.982403210371e-03  ,1.499977598074e+01  ,2.826608199808e+00  ,9.956500846794e+00  
  9.982629278868e-03  ,1.500012889334e+01  ,2.844660858591e+00  ,1.002017160308e+01  
  9.982869080275e-03  ,1.500011445568e+01  ,2.863834106916e+00  ,1.008766550552e+01  
  9.983348683089e-03  ,1.500019469103e+01  ,2.902118351796e+00  ,1.022251556522e+01  
  9.984307888716e-03  ,1.500023971894e+01  ,2.978530556264e+00  ,1.049166572013e+01  
  9.986226299971e-03  ,1.500032412779e+01  ,3.130732311690e+00  ,1.102777281616e+01  
  9.990063122481e-03  ,1.500034189648e+01  ,3.432662445418e+00  ,1.209127489093e+01  
  9.992010000020e-03  ,1.499977400579e+01  ,3.584613414401e+00  ,1.262649804453e+01  
  9.992011000018e-03  ,1.442097520344e+01  ,3.584544582015e+00  ,1.262677219079e+01  
  9.992013000126e-03  ,1.321331593593e+01  ,3.584313616876e+00  ,1.262732043562e+01  
  9.992017000343e-03  ,1.067207219365e+01  ,3.583869689402e+00  ,1.262841724217e+01  
  9.992020000020e-03  ,8.647212106239e+00  ,3.583597060248e+00  ,1.262923964109e+01  
  9.992020800063e-03  ,8.543538893998e+00  ,3.583651574084e+00  ,1.262945894236e+01  
  9.992022400076e-03  ,8.338688773070e+00  ,3.583847401802e+00  ,1.262989764480e+01  
  9.992025600100e-03  ,7.943550873398e+00  ,3.584373347137e+00  ,1.263077501927e+01  
  9.992032000149e-03  ,7.208149173190e+00  ,3.585467988486e+00  ,1.263252953692e+01  
  9.992044800246e-03  ,5.932573332431e+00  ,3.588423051690e+00  ,1.263603843292e+01  
  9.992058725381e-03  ,4.791955499630e+00  ,3.598290282329e+00  ,1.263985468979e+01  
  9.992067642236e-03  ,4.356463137276e+00  ,1.401059775515e+01  ,1.264165454015e+01  
  9.992076012218e-03  ,4.341991528158e+00  ,4.354146922583e+01  ,1.264171348657e+01  
  9.992082285607e-03  ,4.134397617222e+00  ,5.281471083772e+01  ,3.698707456613e-02  
  9.992085556040e-03  ,3.936572045382e+00  ,5.284380186429e+01  ,-2.055523159788e-01  
  9.992087126249e-03  ,3.843667054284e+00  ,5.282552777257e+01  ,-4.109262628034e-03  
  9.992090266669e-03  ,3.664988258465e+00  ,5.282870840659e+01  ,1.012905976079e-02  
  9.992096547509e-03  ,3.331748093135e+00  ,5.283848988586e+01  ,5.647833871226e-03  
  9.992109109187e-03  ,2.752474458654e+00  ,5.285733502889e+01  ,4.426544970412e-03  
  9.992134232545e-03  ,1.872042504263e+00  ,5.289483866893e+01  ,3.515281994932e-03  
  9.992173512006e-03  ,9.862384127674e-01  ,5.295339347135e+01  ,2.038060653924e-03  
  9.992218120122e-03  ,4.423863773870e-01  ,5.301966921957e+01  ,1.243012889310e-03  
  9.992263622308e-03  ,1.762412945797e-01  ,5.308708072908e+01  ,8.535824375440e-04  
  9.992332751775e-03  ,5.622509457424e-02  ,5.318915926347e+01  ,6.761026389229e-04  
  9.992413837934e-03  ,4.603989343129e-03  ,5.330841998764e+01  ,5.978438138084e-04  
  9.992510159040e-03  ,-7.866147581504e-03  ,5.344943293267e+01  ,5.760797898964e-04  
  9.992702801252e-03  ,-5.375997951704e-03  ,5.372933618999e+01  ,5.725486509791e-04  
  9.992993528867e-03  ,4.389627622769e-03  ,5.414638875751e+01  ,5.760820375724e-04  
  9.993574984098e-03  ,-2.589503057013e-05  ,5.496100768950e+01  ,5.484495135317e-04  
  9.994478685880e-03  ,1.129631857125e-03  ,5.617497430039e+01  ,5.177794283610e-04  
  9.995734674955e-03  ,1.471616306237e-03  ,5.775562247339e+01  ,4.747520545475e-04  
  9.998246653104e-03  ,1.202758077334e-03  ,6.054000415943e+01  ,3.921078466366e-04  
  1.000000000000e-02  ,1.056281845757e-03  ,6.218232345071e+01  ,3.378183713134e-04  
